x y z dist_scaled dist_frac flux_norm sig_norm wavelength redshift
0.02414 0.32923 0.37852 0.50225 0.00000 0.623 0.046 1574.216 0.01681
0.02418 0.32970 0.37906 0.50296 0.00181 0.664 0.047 1574.253 0.01683
0.02421 0.33017 0.37960 0.50368 0.00362 0.562 0.043 1574.289 0.01685
0.02425 0.33064 0.38015 0.50440 0.00543 0.640 0.046 1574.326 0.01688
0.02428 0.33111 0.38069 0.50512 0.00724 0.562 0.043 1574.363 0.01690
0.02432 0.33158 0.38123 0.50584 0.00906 0.677 0.047 1574.399 0.01693
0.02435 0.33205 0.38177 0.50655 0.01087 0.599 0.045 1574.436 0.01695
0.02439 0.33252 0.38231 0.50727 0.01268 0.650 0.046 1574.473 0.01697
0.02442 0.33299 0.38285 0.50799 0.01449 0.758 0.050 1574.510 0.01700
0.02446 0.33346 0.38339 0.50871 0.01630 0.880 0.054 1574.546 0.01702
0.02449 0.33393 0.38393 0.50942 0.01811 0.937 0.056 1574.583 0.01704
0.02452 0.33440 0.38447 0.51014 0.01992 1.001 0.058 1574.620 0.01707
0.02456 0.33487 0.38501 0.51086 0.02174 0.947 0.056 1574.656 0.01709
0.02459 0.33534 0.38555 0.51158 0.02355 0.984 0.057 1574.693 0.01712
0.02463 0.33581 0.38610 0.51230 0.02536 0.957 0.056 1574.730 0.01714
0.02466 0.33628 0.38664 0.51301 0.02717 0.916 0.055 1574.767 0.01716
0.02470 0.33675 0.38718 0.51373 0.02898 0.923 0.055 1574.803 0.01719
0.02473 0.33722 0.38772 0.51445 0.03080 1.015 0.058 1574.840 0.01721
0.02477 0.33770 0.38826 0.51517 0.03261 0.981 0.057 1574.877 0.01723
0.02480 0.33817 0.38880 0.51589 0.03442 1.008 0.058 1574.913 0.01726
0.02483 0.33864 0.38934 0.51660 0.03623 0.981 0.057 1574.950 0.01728
0.02487 0.33911 0.38988 0.51732 0.03804 0.974 0.057 1574.987 0.01731
0.02490 0.33958 0.39042 0.51804 0.03986 0.977 0.057 1575.024 0.01733
0.02494 0.34005 0.39097 0.51876 0.04167 1.058 0.059 1575.060 0.01735
0.02497 0.34052 0.39151 0.51948 0.04348 1.038 0.059 1575.097 0.01738
0.02501 0.34099 0.39205 0.52019 0.04529 1.109 0.061 1575.134 0.01740
0.02504 0.34146 0.39259 0.52091 0.04711 1.136 0.061 1575.170 0.01742
0.02508 0.34193 0.39313 0.52163 0.04892 0.987 0.057 1575.207 0.01745
0.02511 0.34240 0.39367 0.52235 0.05073 0.987 0.057 1575.244 0.01747
0.02515 0.34287 0.39421 0.52307 0.05254 0.986 0.057 1575.281 0.01749
0.02518 0.34334 0.39475 0.52379 0.05436 1.000 0.058 1575.317 0.01752
0.02521 0.34382 0.39530 0.52450 0.05617 0.998 0.058 1575.354 0.01754
0.02525 0.34429 0.39584 0.52522 0.05798 1.048 0.059 1575.391 0.01757
0.02528 0.34476 0.39638 0.52594 0.05980 0.940 0.056 1575.427 0.01759
0.02532 0.34523 0.39692 0.52666 0.06161 0.923 0.055 1575.464 0.01761
0.02535 0.34570 0.39746 0.52738 0.06342 0.888 0.054 1575.501 0.01764
0.02539 0.34617 0.39800 0.52810 0.06524 0.749 0.050 1575.537 0.01766
0.02542 0.34664 0.39854 0.52881 0.06705 0.766 0.050 1575.574 0.01768
0.02546 0.34711 0.39909 0.52953 0.06886 0.658 0.047 1575.611 0.01771
0.02549 0.34758 0.39963 0.53025 0.07068 0.670 0.047 1575.648 0.01773
0.02553 0.34805 0.40017 0.53097 0.07249 0.726 0.049 1575.684 0.01776
0.02556 0.34852 0.40071 0.53169 0.07430 0.741 0.050 1575.721 0.01778
0.02559 0.34900 0.40125 0.53241 0.07612 0.819 0.052 1575.758 0.01780
0.02563 0.34947 0.40179 0.53313 0.07793 0.798 0.052 1575.794 0.01783
0.02566 0.34994 0.40234 0.53384 0.07974 0.847 0.053 1575.831 0.01785
0.02570 0.35041 0.40288 0.53456 0.08156 0.927 0.056 1575.868 0.01787
0.02573 0.35088 0.40342 0.53528 0.08337 0.819 0.052 1575.905 0.01790
0.02577 0.35135 0.40396 0.53600 0.08518 0.957 0.056 1575.941 0.01792
0.02580 0.35182 0.40450 0.53672 0.08700 0.883 0.054 1575.978 0.01795
0.02584 0.35229 0.40504 0.53744 0.08881 0.849 0.053 1576.015 0.01797
0.02587 0.35276 0.40559 0.53816 0.09063 0.873 0.054 1576.051 0.01799
0.02591 0.35324 0.40613 0.53887 0.09244 0.998 0.058 1576.088 0.01802
0.02594 0.35371 0.40667 0.53959 0.09426 1.012 0.058 1576.125 0.01804
0.02597 0.35418 0.40721 0.54031 0.09607 0.900 0.055 1576.162 0.01806
0.02601 0.35465 0.40775 0.54103 0.09788 1.100 0.061 1576.198 0.01809
0.02604 0.35512 0.40829 0.54175 0.09970 1.056 0.059 1576.235 0.01811
0.02608 0.35559 0.40884 0.54247 0.10151 0.985 0.057 1576.272 0.01814
0.02611 0.35606 0.40938 0.54319 0.10333 1.039 0.059 1576.308 0.01816
0.02615 0.35653 0.40992 0.54391 0.10514 0.975 0.057 1576.345 0.01818
0.02618 0.35701 0.41046 0.54463 0.10696 1.002 0.058 1576.382 0.01821
0.02622 0.35748 0.41100 0.54535 0.10877 0.965 0.057 1576.419 0.01823
0.02625 0.35795 0.41155 0.54606 0.11059 0.982 0.057 1576.455 0.01825
0.02629 0.35842 0.41209 0.54678 0.11240 0.907 0.055 1576.492 0.01828
0.02632 0.35889 0.41263 0.54750 0.11422 0.914 0.055 1576.529 0.01830
0.02635 0.35936 0.41317 0.54822 0.11603 1.006 0.058 1576.565 0.01832
0.02639 0.35983 0.41371 0.54894 0.11785 0.865 0.054 1576.602 0.01835
0.02642 0.36031 0.41426 0.54966 0.11966 0.860 0.053 1576.639 0.01837
0.02646 0.36078 0.41480 0.55038 0.12148 0.898 0.055 1576.676 0.01840
0.02649 0.36125 0.41534 0.55110 0.12329 0.938 0.056 1576.712 0.01842
0.02653 0.36172 0.41588 0.55182 0.12511 0.908 0.055 1576.749 0.01844
0.02656 0.36219 0.41642 0.55254 0.12692 0.989 0.057 1576.786 0.01847
0.02660 0.36266 0.41697 0.55326 0.12874 0.901 0.055 1576.822 0.01849
0.02663 0.36313 0.41751 0.55398 0.13055 0.891 0.054 1576.859 0.01851
0.02667 0.36361 0.41805 0.55470 0.13237 0.824 0.052 1576.896 0.01854
0.02670 0.36408 0.41859 0.55541 0.13418 0.966 0.057 1576.933 0.01856
0.02674 0.36455 0.41913 0.55613 0.13600 0.891 0.054 1576.969 0.01859
0.02677 0.36502 0.41968 0.55685 0.13782 0.912 0.055 1577.006 0.01861
0.02680 0.36549 0.42022 0.55757 0.13963 0.827 0.052 1577.043 0.01863
0.02684 0.36596 0.42076 0.55829 0.14145 0.949 0.056 1577.079 0.01866
0.02687 0.36644 0.42130 0.55901 0.14326 1.081 0.060 1577.116 0.01868
0.02691 0.36691 0.42185 0.55973 0.14508 1.004 0.058 1577.153 0.01870
0.02694 0.36738 0.42239 0.56045 0.14689 1.027 0.058 1577.190 0.01873
0.02698 0.36785 0.42293 0.56117 0.14871 0.926 0.056 1577.226 0.01875
0.02701 0.36832 0.42347 0.56189 0.15053 1.004 0.058 1577.263 0.01878
0.02705 0.36879 0.42402 0.56261 0.15234 1.055 0.059 1577.300 0.01880
0.02708 0.36927 0.42456 0.56333 0.15416 1.055 0.059 1577.336 0.01882
0.02712 0.36974 0.42510 0.56405 0.15598 1.004 0.058 1577.373 0.01885
0.02715 0.37021 0.42564 0.56477 0.15779 1.058 0.059 1577.410 0.01887
0.02718 0.37068 0.42619 0.56549 0.15961 1.132 0.061 1577.447 0.01889
0.02722 0.37115 0.42673 0.56621 0.16143 0.994 0.058 1577.483 0.01892
0.02725 0.37163 0.42727 0.56693 0.16324 0.926 0.056 1577.520 0.01894
0.02729 0.37210 0.42781 0.56765 0.16506 0.956 0.056 1577.557 0.01897
0.02732 0.37257 0.42836 0.56837 0.16688 0.990 0.057 1577.593 0.01899
0.02736 0.37304 0.42890 0.56909 0.16869 0.967 0.057 1577.630 0.01901
0.02739 0.37351 0.42944 0.56981 0.17051 1.055 0.059 1577.667 0.01904
0.02743 0.37398 0.42998 0.57053 0.17233 1.018 0.058 1577.704 0.01906
0.02746 0.37446 0.43053 0.57125 0.17414 0.983 0.057 1577.740 0.01908
0.02750 0.37493 0.43107 0.57197 0.17596 1.045 0.059 1577.777 0.01911
0.02753 0.37540 0.43161 0.57269 0.17778 1.068 0.060 1577.814 0.01913
0.02757 0.37587 0.43215 0.57341 0.17959 0.950 0.056 1577.850 0.01915
0.02760 0.37634 0.43270 0.57413 0.18141 1.024 0.058 1577.887 0.01918
0.02763 0.37682 0.43324 0.57485 0.18323 1.028 0.059 1577.924 0.01920
0.02767 0.37729 0.43378 0.57557 0.18505 1.048 0.059 1577.961 0.01923
0.02770 0.37776 0.43432 0.57629 0.18686 0.957 0.056 1577.997 0.01925
0.02774 0.37823 0.43487 0.57701 0.18868 0.967 0.057 1578.034 0.01927
0.02777 0.37870 0.43541 0.57773 0.19050 1.150 0.062 1578.071 0.01930
0.02781 0.37918 0.43595 0.57845 0.19232 1.038 0.059 1578.107 0.01932
0.02784 0.37965 0.43650 0.57917 0.19413 1.082 0.060 1578.144 0.01934
0.02788 0.38012 0.43704 0.57989 0.19595 1.089 0.060 1578.181 0.01937
0.02791 0.38059 0.43758 0.58061 0.19777 1.048 0.059 1578.218 0.01939
0.02795 0.38107 0.43812 0.58133 0.19959 0.943 0.056 1578.254 0.01942
0.02798 0.38154 0.43867 0.58205 0.20141 1.123 0.061 1578.291 0.01944
0.02802 0.38201 0.43921 0.58277 0.20322 1.023 0.058 1578.328 0.01946
0.02805 0.38248 0.43975 0.58349 0.20504 1.007 0.058 1578.364 0.01949
0.02808 0.38295 0.44030 0.58421 0.20686 1.205 0.063 1578.401 0.01951
0.02812 0.38343 0.44084 0.58493 0.20868 1.073 0.060 1578.438 0.01953
0.02815 0.38390 0.44138 0.58565 0.21050 0.986 0.057 1578.475 0.01956
0.02819 0.38437 0.44192 0.58637 0.21231 0.842 0.053 1578.511 0.01958
0.02822 0.38484 0.44247 0.58709 0.21413 1.036 0.064 1578.548 0.01961
0.02826 0.38532 0.44301 0.58781 0.21595 0.898 0.055 1578.585 0.01963
0.02829 0.38579 0.44355 0.58853 0.21777 1.077 0.060 1578.621 0.01965
0.02833 0.38626 0.44410 0.58925 0.21959 1.028 0.059 1578.658 0.01968
0.02836 0.38673 0.44464 0.58997 0.22141 0.850 0.053 1578.695 0.01970
0.02840 0.38720 0.44518 0.59070 0.22323 0.844 0.053 1578.732 0.01972
0.02843 0.38768 0.44573 0.59142 0.22504 0.935 0.056 1578.768 0.01975
0.02847 0.38815 0.44627 0.59214 0.22686 1.002 0.058 1578.805 0.01977
0.02850 0.38862 0.44681 0.59286 0.22868 1.036 0.059 1578.842 0.01980
0.02854 0.38909 0.44735 0.59358 0.23050 1.002 0.058 1578.878 0.01982
0.02857 0.38957 0.44790 0.59430 0.23232 0.903 0.055 1578.915 0.01984
0.02860 0.39004 0.44844 0.59502 0.23414 1.015 0.058 1578.952 0.01987
0.02864 0.39051 0.44898 0.59574 0.23596 0.991 0.057 1578.989 0.01989
0.02867 0.39098 0.44953 0.59646 0.23778 1.035 0.059 1579.025 0.01991
0.02871 0.39146 0.45007 0.59718 0.23960 1.025 0.058 1579.062 0.01994
0.02874 0.39193 0.45061 0.59790 0.24142 1.113 0.061 1579.099 0.01996
0.02878 0.39240 0.45116 0.59862 0.24324 1.045 0.059 1579.135 0.01998
0.02881 0.39287 0.45170 0.59934 0.24505 1.008 0.058 1579.172 0.02001
0.02885 0.39335 0.45224 0.60007 0.24687 1.032 0.059 1579.209 0.02003
0.02888 0.39382 0.45279 0.60079 0.24869 0.941 0.056 1579.246 0.02006
0.02892 0.39429 0.45333 0.60151 0.25051 0.963 0.057 1579.282 0.02008
0.02895 0.39476 0.45387 0.60223 0.25233 0.971 0.057 1579.319 0.02010
0.02899 0.39524 0.45442 0.60295 0.25415 0.905 0.055 1579.356 0.02013
0.02902 0.39571 0.45496 0.60367 0.25597 1.008 0.058 1579.392 0.02015
0.02906 0.39618 0.45550 0.60439 0.25779 1.021 0.058 1579.429 0.02017
0.02909 0.39666 0.45605 0.60511 0.25961 1.038 0.059 1579.466 0.02020
0.02912 0.39713 0.45659 0.60583 0.26143 1.038 0.059 1579.503 0.02022
0.02916 0.39760 0.45714 0.60656 0.26325 1.040 0.059 1579.539 0.02025
0.02919 0.39807 0.45768 0.60728 0.26507 1.017 0.058 1579.576 0.02027
0.02923 0.39855 0.45822 0.60800 0.26689 0.957 0.056 1579.613 0.02029
0.02926 0.39902 0.45877 0.60872 0.26871 1.040 0.059 1579.649 0.02032
0.02930 0.39949 0.45931 0.60944 0.27053 1.006 0.058 1579.686 0.02034
0.02933 0.39996 0.45985 0.61016 0.27235 0.898 0.055 1579.723 0.02036
0.02937 0.40044 0.46040 0.61088 0.27417 0.886 0.054 1579.760 0.02039
0.02940 0.40091 0.46094 0.61160 0.27599 0.956 0.056 1579.796 0.02041
0.02944 0.40138 0.46148 0.61233 0.27782 0.983 0.057 1579.833 0.02044
0.02947 0.40186 0.46203 0.61305 0.27964 0.883 0.054 1579.870 0.02046
0.02951 0.40233 0.46257 0.61377 0.28146 0.911 0.055 1579.906 0.02048
0.02954 0.40280 0.46312 0.61449 0.28328 1.053 0.059 1579.943 0.02051
0.02958 0.40327 0.46366 0.61521 0.28510 0.921 0.055 1579.980 0.02053
0.02961 0.40375 0.46420 0.61593 0.28692 1.001 0.058 1580.017 0.02055
0.02964 0.40422 0.46475 0.61665 0.28874 0.998 0.058 1580.053 0.02058
0.02968 0.40469 0.46529 0.61738 0.29056 1.009 0.058 1580.090 0.02060
0.02971 0.40517 0.46583 0.61810 0.29238 0.996 0.058 1580.127 0.02063
0.02975 0.40564 0.46638 0.61882 0.29420 0.914 0.055 1580.163 0.02065
0.02978 0.40611 0.46692 0.61954 0.29602 0.935 0.056 1580.200 0.02067
0.02982 0.40659 0.46747 0.62026 0.29785 0.952 0.056 1580.237 0.02070
0.02985 0.40706 0.46801 0.62098 0.29967 0.972 0.057 1580.274 0.02072
0.02989 0.40753 0.46855 0.62171 0.30149 0.894 0.055 1580.310 0.02074
0.02992 0.40801 0.46910 0.62243 0.30331 0.931 0.056 1580.347 0.02077
0.02996 0.40848 0.46964 0.62315 0.30513 0.941 0.056 1580.384 0.02079
0.02999 0.40895 0.47019 0.62387 0.30695 1.016 0.058 1580.420 0.02081
0.03003 0.40942 0.47073 0.62459 0.30877 0.931 0.056 1580.457 0.02084
0.03006 0.40990 0.47127 0.62531 0.31060 0.969 0.057 1580.494 0.02086
0.03010 0.41037 0.47182 0.62604 0.31242 0.932 0.056 1580.531 0.02089
0.03013 0.41084 0.47236 0.62676 0.31424 0.962 0.057 1580.567 0.02091
0.03016 0.41132 0.47291 0.62748 0.31606 0.935 0.056 1580.604 0.02093
0.03020 0.41179 0.47345 0.62820 0.31788 0.993 0.058 1580.641 0.02096
0.03023 0.41226 0.47399 0.62892 0.31971 0.972 0.057 1580.677 0.02098
0.03027 0.41274 0.47454 0.62965 0.32153 0.925 0.056 1580.714 0.02100
0.03030 0.41321 0.47508 0.63037 0.32335 0.942 0.056 1580.751 0.02103
0.03034 0.41368 0.47563 0.63109 0.32517 0.966 0.057 1580.788 0.02105
0.03037 0.41416 0.47617 0.63181 0.32699 0.969 0.057 1580.824 0.02108
0.03041 0.41463 0.47671 0.63253 0.32882 0.986 0.057 1580.861 0.02110
0.03044 0.41510 0.47726 0.63326 0.33064 0.884 0.054 1580.898 0.02112
0.03048 0.41558 0.47780 0.63398 0.33246 1.057 0.059 1580.934 0.02115
0.03051 0.41605 0.47835 0.63470 0.33428 0.884 0.054 1580.971 0.02117
0.03055 0.41652 0.47889 0.63542 0.33611 0.967 0.057 1581.008 0.02119
0.03058 0.41700 0.47944 0.63614 0.33793 1.027 0.059 1581.044 0.02122
0.03062 0.41747 0.47998 0.63687 0.33975 1.035 0.059 1581.081 0.02124
0.03065 0.41794 0.48052 0.63759 0.34158 0.984 0.057 1581.118 0.02127
0.03069 0.41842 0.48107 0.63831 0.34340 0.940 0.056 1581.155 0.02129
0.03072 0.41889 0.48161 0.63903 0.34522 0.970 0.057 1581.191 0.02131
0.03076 0.41936 0.48216 0.63976 0.34704 1.041 0.064 1581.228 0.02134
0.03079 0.41984 0.48270 0.64048 0.34887 0.934 0.068 1581.265 0.02136
0.03082 0.42031 0.48325 0.64120 0.35069 0.976 0.070 1581.301 0.02138
0.03086 0.42078 0.48379 0.64192 0.35251 0.913 0.068 1581.338 0.02141
0.03089 0.42126 0.48433 0.64265 0.35434 0.914 0.068 1581.375 0.02143
0.03093 0.42173 0.48488 0.64337 0.35616 0.921 0.068 1581.412 0.02146
0.03096 0.42221 0.48542 0.64409 0.35798 0.923 0.068 1581.448 0.02148
0.03100 0.42268 0.48597 0.64481 0.35981 0.972 0.070 1581.485 0.02150
0.03103 0.42315 0.48651 0.64554 0.36163 0.953 0.069 1581.522 0.02153
0.03107 0.42363 0.48706 0.64626 0.36345 0.850 0.065 1581.558 0.02155
0.03110 0.42410 0.48760 0.64698 0.36528 0.993 0.071 1581.595 0.02157
0.03114 0.42457 0.48815 0.64770 0.36710 0.799 0.063 1581.632 0.02160
0.03117 0.42505 0.48869 0.64843 0.36892 0.901 0.067 1581.669 0.02162
0.03121 0.42552 0.48924 0.64915 0.37075 1.044 0.072 1581.705 0.02164
0.03124 0.42599 0.48978 0.64987 0.37257 0.998 0.071 1581.742 0.02167
0.03128 0.42647 0.49032 0.65059 0.37440 1.008 0.071 1581.779 0.02169
0.03131 0.42694 0.49087 0.65132 0.37622 0.983 0.070 1581.815 0.02172
0.03135 0.42742 0.49141 0.65204 0.37804 1.003 0.071 1581.852 0.02174
0.03138 0.42789 0.49196 0.65276 0.37987 0.972 0.070 1581.889 0.02176
0.03142 0.42836 0.49250 0.65348 0.38169 0.911 0.068 1581.926 0.02179
0.03145 0.42884 0.49305 0.65421 0.38352 0.895 0.067 1581.962 0.02181
0.03148 0.42931 0.49359 0.65493 0.38534 0.768 0.062 1581.999 0.02183
0.03152 0.42978 0.49414 0.65565 0.38716 0.915 0.068 1582.036 0.02186
0.03155 0.43026 0.49468 0.65638 0.38899 0.941 0.069 1582.072 0.02188
0.03159 0.43073 0.49523 0.65710 0.39081 0.946 0.069 1582.109 0.02191
0.03162 0.43121 0.49577 0.65782 0.39264 0.808 0.064 1582.146 0.02193
0.03166 0.43168 0.49632 0.65854 0.39446 0.962 0.069 1582.183 0.02195
0.03169 0.43215 0.49686 0.65927 0.39629 0.890 0.067 1582.219 0.02198
0.03173 0.43263 0.49741 0.65999 0.39811 0.895 0.067 1582.256 0.02200
0.03176 0.43310 0.49795 0.66071 0.39994 0.906 0.067 1582.293 0.02202
0.03180 0.43358 0.49850 0.66144 0.40176 0.916 0.068 1582.329 0.02205
0.03183 0.43405 0.49904 0.66216 0.40359 1.008 0.071 1582.366 0.02207
0.03187 0.43452 0.49959 0.66288 0.40541 1.049 0.072 1582.403 0.02210
0.03190 0.43500 0.50013 0.66361 0.40724 0.916 0.068 1582.440 0.02212
0.03194 0.43547 0.50068 0.66433 0.40906 0.942 0.069 1582.476 0.02214
0.03197 0.43595 0.50122 0.66505 0.41089 1.009 0.071 1582.513 0.02217
0.03201 0.43642 0.50177 0.66578 0.41271 1.077 0.073 1582.550 0.02219
0.03204 0.43689 0.50231 0.66650 0.41454 1.160 0.076 1582.586 0.02221
0.03208 0.43737 0.50286 0.66722 0.41636 1.119 0.075 1582.623 0.02224
0.03211 0.43784 0.50340 0.66795 0.41819 1.090 0.074 1582.660 0.02226
0.03214 0.43832 0.50395 0.66867 0.42001 0.974 0.070 1582.697 0.02229
0.03218 0.43879 0.50449 0.66939 0.42184 1.189 0.077 1582.733 0.02231
0.03221 0.43926 0.50504 0.67012 0.42367 0.931 0.068 1582.770 0.02233
0.03225 0.43974 0.50558 0.67084 0.42549 0.993 0.071 1582.807 0.02236
0.03228 0.44021 0.50613 0.67156 0.42732 0.957 0.069 1582.843 0.02238
0.03232 0.44069 0.50667 0.67229 0.42914 1.001 0.071 1582.880 0.02240
0.03235 0.44116 0.50722 0.67301 0.43097 0.986 0.070 1582.917 0.02243
0.03239 0.44164 0.50776 0.67373 0.43279 1.067 0.073 1582.954 0.02245
0.03242 0.44211 0.50831 0.67446 0.43462 0.930 0.068 1582.990 0.02247
0.03246 0.44258 0.50885 0.67518 0.43645 0.809 0.064 1583.027 0.02250
0.03249 0.44306 0.50940 0.67590 0.43827 0.810 0.064 1583.064 0.02252
0.03253 0.44353 0.50995 0.67663 0.44010 1.029 0.072 1583.100 0.02255
0.03256 0.44401 0.51049 0.67735 0.44192 0.884 0.067 1583.137 0.02257
0.03260 0.44448 0.51104 0.67807 0.44375 0.918 0.068 1583.174 0.02259
0.03263 0.44496 0.51158 0.67880 0.44558 0.939 0.069 1583.211 0.02262
0.03267 0.44543 0.51213 0.67952 0.44740 0.980 0.070 1583.247 0.02264
0.03270 0.44590 0.51267 0.68024 0.44923 1.052 0.073 1583.284 0.02266
0.03274 0.44638 0.51322 0.68097 0.45106 0.867 0.066 1583.321 0.02269
0.03277 0.44685 0.51376 0.68169 0.45288 0.990 0.070 1583.357 0.02271
0.03281 0.44733 0.51431 0.68242 0.45471 1.026 0.072 1583.394 0.02274
0.03284 0.44780 0.51485 0.68314 0.45654 0.862 0.066 1583.431 0.02276
0.03288 0.44828 0.51540 0.68386 0.45836 0.868 0.066 1583.468 0.02278
0.03291 0.44875 0.51594 0.68459 0.46019 0.919 0.068 1583.504 0.02281
0.03295 0.44923 0.51649 0.68531 0.46202 0.904 0.067 1583.541 0.02283
0.03298 0.44970 0.51704 0.68604 0.46384 1.016 0.071 1583.578 0.02285
0.03301 0.45018 0.51758 0.68676 0.46567 0.975 0.070 1583.614 0.02288
0.03305 0.45065 0.51813 0.68748 0.46750 0.888 0.067 1583.651 0.02290
0.03308 0.45112 0.51867 0.68821 0.46933 0.980 0.070 1583.688 0.02293
0.03312 0.45160 0.51922 0.68893 0.47115 0.888 0.067 1583.725 0.02295
0.03315 0.45207 0.51976 0.68966 0.47298 0.939 0.069 1583.761 0.02297
0.03319 0.45255 0.52031 0.69038 0.47481 1.108 0.075 1583.798 0.02300
0.03322 0.45302 0.52086 0.69110 0.47663 1.082 0.074 1583.835 0.02302
0.03326 0.45350 0.52140 0.69183 0.47846 0.949 0.069 1583.871 0.02304
0.03329 0.45397 0.52195 0.69255 0.48029 1.092 0.074 1583.908 0.02307
0.03333 0.45445 0.52249 0.69328 0.48212 1.046 0.072 1583.945 0.02309
0.03336 0.45492 0.52304 0.69400 0.48395 0.959 0.069 1583.982 0.02312
0.03340 0.45540 0.52358 0.69472 0.48577 0.872 0.066 1584.018 0.02314
0.03343 0.45587 0.52413 0.69545 0.48760 0.903 0.067 1584.055 0.02316
0.03347 0.45635 0.52468 0.69617 0.48943 0.831 0.065 1584.092 0.02319
0.03350 0.45682 0.52522 0.69690 0.49126 0.893 0.067 1584.128 0.02321
0.03354 0.45730 0.52577 0.69762 0.49308 0.938 0.069 1584.165 0.02323
0.03357 0.45777 0.52631 0.69835 0.49491 0.826 0.064 1584.202 0.02326
0.03361 0.45824 0.52686 0.69907 0.49674 0.846 0.065 1584.239 0.02328
0.03364 0.45872 0.52741 0.69979 0.49857 0.867 0.066 1584.275 0.02330
0.03368 0.45919 0.52795 0.70052 0.50040 0.688 0.059 1584.312 0.02333
0.03371 0.45967 0.52850 0.70124 0.50223 0.836 0.065 1584.349 0.02335
0.03375 0.46014 0.52904 0.70197 0.50405 0.780 0.063 1584.385 0.02338
0.03378 0.46062 0.52959 0.70269 0.50588 0.877 0.066 1584.422 0.02340
0.03382 0.46109 0.53014 0.70342 0.50771 0.856 0.066 1584.459 0.02342
0.03385 0.46157 0.53068 0.70414 0.50954 0.877 0.066 1584.496 0.02345
0.03389 0.46204 0.53123 0.70487 0.51137 0.836 0.065 1584.532 0.02347
0.03392 0.46252 0.53177 0.70559 0.51320 0.923 0.068 1584.569 0.02349
0.03395 0.46299 0.53232 0.70631 0.51503 0.871 0.066 1584.606 0.02352
0.03399 0.46347 0.53287 0.70704 0.51685 0.759 0.062 1584.642 0.02354
0.03402 0.46394 0.53341 0.70776 0.51868 0.830 0.065 1584.679 0.02357
0.03406 0.46442 0.53396 0.70849 0.52051 0.856 0.066 1584.716 0.02359
0.03409 0.46489 0.53450 0.70921 0.52234 0.932 0.068 1584.753 0.02361
0.03413 0.46537 0.53505 0.70994 0.52417 0.963 0.070 1584.789 0.02364
0.03416 0.46584 0.53560 0.71066 0.52600 0.933 0.068 1584.826 0.02366
0.03420 0.46632 0.53614 0.71139 0.52783 0.784 0.063 1584.863 0.02368
0.03423 0.46679 0.53669 0.71211 0.52966 0.897 0.067 1584.899 0.02371
0.03427 0.46727 0.53724 0.71284 0.53149 0.851 0.065 1584.936 0.02373
0.03430 0.46774 0.53778 0.71356 0.53332 1.030 0.072 1584.973 0.02376
0.03434 0.46822 0.53833 0.71429 0.53515 0.892 0.067 1585.010 0.02378
0.03437 0.46869 0.53887 0.71501 0.53697 0.979 0.070 1585.046 0.02380
0.03441 0.46917 0.53942 0.71574 0.53880 1.036 0.072 1585.083 0.02383
0.03444 0.46965 0.53997 0.71646 0.54063 0.974 0.070 1585.120 0.02385
0.03448 0.47012 0.54051 0.71719 0.54246 0.862 0.066 1585.156 0.02387
0.03451 0.47060 0.54106 0.71791 0.54429 1.010 0.071 1585.193 0.02390
0.03455 0.47107 0.54161 0.71864 0.54612 1.164 0.076 1585.230 0.02392
0.03458 0.47155 0.54215 0.71936 0.54795 0.933 0.068 1585.267 0.02394
0.03462 0.47202 0.54270 0.72009 0.54978 0.995 0.071 1585.303 0.02397
0.03465 0.47250 0.54325 0.72081 0.55161 0.862 0.066 1585.340 0.02399
0.03469 0.47297 0.54379 0.72154 0.55344 0.826 0.064 1585.377 0.02402
0.03472 0.47345 0.54434 0.72226 0.55527 0.888 0.067 1585.413 0.02404
0.03476 0.47392 0.54489 0.72299 0.55710 0.944 0.069 1585.450 0.02406
0.03479 0.47440 0.54543 0.72371 0.55893 0.714 0.060 1585.487 0.02409
0.03483 0.47487 0.54598 0.72444 0.56076 0.760 0.062 1585.524 0.02411
0.03486 0.47535 0.54652 0.72516 0.56259 0.663 0.058 1585.560 0.02413
0.03490 0.47582 0.54707 0.72589 0.56442 0.612 0.055 1585.597 0.02416
0.03493 0.47630 0.54762 0.72661 0.56626 0.494 0.050 1585.634 0.02418
0.03497 0.47678 0.54816 0.72734 0.56809 0.407 0.051 1585.670 0.02421
0.03500 0.47725 0.54871 0.72806 0.56992 0.423 0.052 1585.707 0.02423
0.03504 0.47773 0.54926 0.72879 0.57175 0.490 0.053 1585.744 0.02425
0.03507 0.47820 0.54980 0.72952 0.57358 0.490 0.053 1585.781 0.02428
0.03510 0.47868 0.55035 0.73024 0.57541 0.567 0.053 1585.817 0.02430
0.03514 0.47915 0.55090 0.73097 0.57724 0.639 0.057 1585.854 0.02432
0.03517 0.47963 0.55144 0.73169 0.57907 0.864 0.066 1585.891 0.02435
0.03521 0.48010 0.55199 0.73242 0.58090 0.905 0.067 1585.927 0.02437
0.03524 0.48058 0.55254 0.73314 0.58273 0.869 0.066 1585.964 0.02440
0.03528 0.48106 0.55309 0.73387 0.58456 0.992 0.071 1586.001 0.02442
0.03531 0.48153 0.55363 0.73459 0.58639 0.904 0.067 1586.038 0.02444
0.03535 0.48201 0.55418 0.73532 0.58823 0.924 0.068 1586.074 0.02447
0.03538 0.48248 0.55473 0.73604 0.59006 0.940 0.069 1586.111 0.02449
0.03542 0.48296 0.55527 0.73677 0.59189 0.950 0.069 1586.148 0.02451
0.03545 0.48343 0.55582 0.73750 0.59372 1.012 0.071 1586.184 0.02454
0.03549 0.48391 0.55637 0.73822 0.59555 1.038 0.072 1586.221 0.02456
0.03552 0.48438 0.55691 0.73895 0.59738 0.853 0.065 1586.258 0.02459
0.03556 0.48486 0.55746 0.73967 0.59921 0.863 0.066 1586.294 0.02461
0.03559 0.48534 0.55801 0.74040 0.60105 0.832 0.065 1586.331 0.02463
0.03563 0.48581 0.55855 0.74112 0.60288 0.817 0.064 1586.368 0.02466
0.03566 0.48629 0.55910 0.74185 0.60471 1.001 0.071 1586.405 0.02468
0.03570 0.48676 0.55965 0.74258 0.60654 0.837 0.065 1586.441 0.02470
0.03573 0.48724 0.56020 0.74330 0.60837 0.976 0.070 1586.478 0.02473
0.03577 0.48772 0.56074 0.74403 0.61021 1.058 0.073 1586.515 0.02475
0.03580 0.48819 0.56129 0.74475 0.61204 0.981 0.070 1586.551 0.02477
0.03584 0.48867 0.56184 0.74548 0.61387 0.817 0.064 1586.588 0.02480
0.03587 0.48914 0.56238 0.74621 0.61570 1.063 0.073 1586.625 0.02482
0.03591 0.48962 0.56293 0.74693 0.61753 0.966 0.070 1586.662 0.02485
0.03594 0.49009 0.56348 0.74766 0.61937 0.858 0.066 1586.698 0.02487
0.03598 0.49057 0.56403 0.74838 0.62120 1.017 0.072 1586.735 0.02489
0.03601 0.49105 0.56457 0.74911 0.62303 1.007 0.071 1586.772 0.02492
0.03605 0.49152 0.56512 0.74984 0.62486 1.078 0.074 1586.808 0.02494
0.03608 0.49200 0.56567 0.75056 0.62670 0.935 0.069 1586.845 0.02496
0.03612 0.49247 0.56621 0.75129 0.62853 1.043 0.072 1586.882 0.02499
0.03615 0.49295 0.56676 0.75201 0.63036 1.032 0.072 1586.919 0.02501
0.03619 0.49343 0.56731 0.75274 0.63219 0.899 0.067 1586.955 0.02504
0.03622 0.49390 0.56786 0.75347 0.63403 0.940 0.069 1586.992 0.02506
0.03626 0.49438 0.56840 0.75419 0.63586 1.136 0.076 1587.029 0.02508
0.03629 0.49485 0.56895 0.75492 0.63769 1.040 0.072 1587.065 0.02511
0.03633 0.49533 0.56950 0.75565 0.63953 1.076 0.074 1587.102 0.02513
0.03636 0.49581 0.57005 0.75637 0.64136 1.043 0.072 1587.139 0.02515
0.03640 0.49628 0.57059 0.75710 0.64319 0.931 0.068 1587.176 0.02518
0.03643 0.49676 0.57114 0.75782 0.64503 0.892 0.067 1587.212 0.02520
0.03647 0.49724 0.57169 0.75855 0.64686 0.994 0.071 1587.249 0.02523
0.03650 0.49771 0.57224 0.75928 0.64869 1.032 0.072 1587.286 0.02525
0.03654 0.49819 0.57278 0.76000 0.65053 0.971 0.070 1587.322 0.02527
0.03657 0.49866 0.57333 0.76073 0.65236 1.001 0.071 1587.359 0.02530
0.03661 0.49914 0.57388 0.76146 0.65419 1.018 0.072 1587.396 0.02532
0.03664 0.49962 0.57443 0.76218 0.65603 1.058 0.073 1587.433 0.02534
0.03668 0.50009 0.57497 0.76291 0.65786 1.009 0.071 1587.469 0.02537
0.03671 0.50057 0.57552 0.76364 0.65969 0.918 0.068 1587.506 0.02539
0.03675 0.50104 0.57607 0.76436 0.66153 0.883 0.067 1587.543 0.02542
0.03678 0.50152 0.57662 0.76509 0.66336 1.085 0.074 1587.579 0.02544
0.03682 0.50200 0.57716 0.76582 0.66519 1.094 0.074 1587.616 0.02546
0.03685 0.50247 0.57771 0.76654 0.66703 0.912 0.068 1587.653 0.02549
0.03689 0.50295 0.57826 0.76727 0.66886 1.100 0.074 1587.690 0.02551
0.03692 0.50343 0.57881 0.76800 0.67070 0.941 0.069 1587.726 0.02553
0.03695 0.50390 0.57935 0.76872 0.67253 0.952 0.069 1587.763 0.02556
0.03699 0.50438 0.57990 0.76945 0.67437 1.019 0.072 1587.800 0.02558
0.03702 0.50486 0.58045 0.77018 0.67620 0.952 0.069 1587.836 0.02560
0.03706 0.50533 0.58100 0.77090 0.67803 0.860 0.066 1587.873 0.02563
0.03709 0.50581 0.58155 0.77163 0.67987 1.070 0.073 1587.910 0.02565
0.03713 0.50629 0.58209 0.77236 0.68170 0.880 0.067 1587.947 0.02568
0.03716 0.50676 0.58264 0.77308 0.68354 0.896 0.067 1587.983 0.02570
0.03720 0.50724 0.58319 0.77381 0.68537 0.952 0.069 1588.020 0.02572
0.03723 0.50771 0.58374 0.77454 0.68721 0.998 0.071 1588.057 0.02575
0.03727 0.50819 0.58428 0.77526 0.68904 1.177 0.077 1588.093 0.02577
0.03730 0.50867 0.58483 0.77599 0.69088 1.018 0.072 1588.130 0.02579
0.03734 0.50914 0.58538 0.77672 0.69271 1.054 0.073 1588.167 0.02582
0.03737 0.50962 0.58593 0.77745 0.69455 0.921 0.068 1588.204 0.02584
0.03741 0.51010 0.58648 0.77817 0.69638 0.885 0.067 1588.240 0.02587
0.03744 0.51057 0.58702 0.77890 0.69822 0.879 0.067 1588.277 0.02589
0.03748 0.51105 0.58757 0.77963 0.70005 1.089 0.074 1588.314 0.02591
0.03751 0.51153 0.58812 0.78035 0.70189 0.932 0.069 1588.350 0.02594
0.03755 0.51200 0.58867 0.78108 0.70372 1.013 0.071 1588.387 0.02596
0.03758 0.51248 0.58922 0.78181 0.70556 0.829 0.065 1588.424 0.02598
0.03762 0.51296 0.58976 0.78254 0.70739 0.910 0.068 1588.461 0.02601
0.03765 0.51343 0.59031 0.78326 0.70923 1.089 0.074 1588.497 0.02603
0.03769 0.51391 0.59086 0.78399 0.71106 1.048 0.073 1588.534 0.02606
0.03772 0.51439 0.59141 0.78472 0.71290 0.946 0.069 1588.571 0.02608
0.03776 0.51486 0.59196 0.78544 0.71473 0.946 0.069 1588.607 0.02610
0.03779 0.51534 0.59250 0.78617 0.71657 0.936 0.069 1588.644 0.02613
0.03783 0.51582 0.59305 0.78690 0.71840 0.977 0.070 1588.681 0.02615
0.03786 0.51629 0.59360 0.78763 0.72024 0.972 0.070 1588.718 0.02617
0.03790 0.51677 0.59415 0.78835 0.72208 0.828 0.065 1588.754 0.02620
0.03793 0.51725 0.59470 0.78908 0.72391 0.894 0.067 1588.791 0.02622
0.03797 0.51772 0.59525 0.78981 0.72575 0.823 0.064 1588.828 0.02625
0.03800 0.51820 0.59579 0.79054 0.72758 0.982 0.070 1588.864 0.02627
0.03804 0.51868 0.59634 0.79126 0.72942 0.798 0.063 1588.901 0.02629
0.03807 0.51916 0.59689 0.79199 0.73126 1.085 0.074 1588.938 0.02632
0.03811 0.51963 0.59744 0.79272 0.73309 1.013 0.071 1588.975 0.02634
0.03814 0.52011 0.59799 0.79345 0.73493 1.054 0.073 1589.011 0.02636
0.03818 0.52059 0.59854 0.79417 0.73676 1.039 0.072 1589.048 0.02639
0.03821 0.52106 0.59908 0.79490 0.73860 0.993 0.071 1589.085 0.02641
0.03825 0.52154 0.59963 0.79563 0.74044 1.086 0.074 1589.121 0.02643
0.03828 0.52202 0.60018 0.79636 0.74227 0.916 0.068 1589.158 0.02646
0.03832 0.52249 0.60073 0.79708 0.74411 1.024 0.072 1589.195 0.02648
0.03835 0.52297 0.60128 0.79781 0.74595 0.896 0.067 1589.232 0.02651
0.03839 0.52345 0.60183 0.79854 0.74778 0.881 0.067 1589.268 0.02653
0.03842 0.52393 0.60237 0.79927 0.74962 0.937 0.069 1589.305 0.02655
0.03846 0.52440 0.60292 0.80000 0.75146 0.958 0.069 1589.342 0.02658
0.03849 0.52488 0.60347 0.80072 0.75329 1.020 0.072 1589.378 0.02660
0.03853 0.52536 0.60402 0.80145 0.75513 0.974 0.070 1589.415 0.02662
0.03856 0.52583 0.60457 0.80218 0.75697 0.983 0.070 1589.452 0.02665
0.03860 0.52631 0.60512 0.80291 0.75881 0.880 0.067 1589.489 0.02667
0.03863 0.52679 0.60567 0.80364 0.76064 1.025 0.072 1589.525 0.02670
0.03867 0.52727 0.60621 0.80436 0.76248 0.948 0.069 1589.562 0.02672
0.03870 0.52774 0.60676 0.80509 0.76432 1.169 0.077 1589.599 0.02674
0.03874 0.52822 0.60731 0.80582 0.76615 1.004 0.071 1589.635 0.02677
0.03877 0.52870 0.60786 0.80655 0.76799 0.969 0.070 1589.672 0.02679
0.03881 0.52917 0.60841 0.80728 0.76983 1.046 0.073 1589.709 0.02681
0.03884 0.52965 0.60896 0.80800 0.77167 1.051 0.073 1589.746 0.02684
0.03888 0.53013 0.60951 0.80873 0.77350 0.958 0.070 1589.782 0.02686
0.03891 0.53061 0.61006 0.80946 0.77534 1.077 0.074 1589.819 0.02689
0.03895 0.53108 0.61060 0.81019 0.77718 0.922 0.068 1589.856 0.02691
0.03898 0.53156 0.61115 0.81092 0.77902 1.010 0.071 1589.892 0.02693
0.03902 0.53204 0.61170 0.81164 0.78085 1.097 0.074 1589.929 0.02696
0.03905 0.53252 0.61225 0.81237 0.78269 1.200 0.078 1589.966 0.02698
0.03909 0.53299 0.61280 0.81310 0.78453 1.169 0.077 1590.003 0.02700
0.03912 0.53347 0.61335 0.81383 0.78637 1.128 0.075 1590.039 0.02703
0.03916 0.53395 0.61390 0.81456 0.78821 0.965 0.070 1590.076 0.02705
0.03919 0.53442 0.61445 0.81529 0.79004 1.047 0.073 1590.113 0.02708
0.03923 0.53490 0.61500 0.81601 0.79188 0.897 0.067 1590.149 0.02710
0.03926 0.53538 0.61554 0.81674 0.79372 1.042 0.073 1590.186 0.02712
0.03930 0.53586 0.61609 0.81747 0.79556 1.068 0.073 1590.223 0.02715
0.03933 0.53633 0.61664 0.81820 0.79740 1.051 0.073 1590.260 0.02717
0.03937 0.53681 0.61719 0.81893 0.79924 0.958 0.070 1590.296 0.02719
0.03940 0.53729 0.61774 0.81966 0.80107 0.985 0.071 1590.333 0.02722
0.03944 0.53777 0.61829 0.82038 0.80291 0.907 0.068 1590.370 0.02724
0.03947 0.53824 0.61884 0.82111 0.80475 0.948 0.069 1590.406 0.02726
0.03951 0.53872 0.61939 0.82184 0.80659 0.899 0.059 1590.443 0.02729
0.03954 0.53920 0.61994 0.82257 0.80843 0.854 0.054 1590.480 0.02731
0.03958 0.53968 0.62049 0.82330 0.81027 0.900 0.055 1590.517 0.02734
0.03961 0.54016 0.62103 0.82403 0.81211 0.906 0.055 1590.553 0.02736
0.03965 0.54063 0.62158 0.82476 0.81395 0.984 0.058 1590.590 0.02738
0.03968 0.54111 0.62213 0.82548 0.81579 0.966 0.057 1590.627 0.02741
0.03972 0.54159 0.62268 0.82621 0.81762 0.997 0.058 1590.663 0.02743
0.03975 0.54207 0.62323 0.82694 0.81946 0.918 0.056 1590.700 0.02745
0.03979 0.54254 0.62378 0.82767 0.82130 1.036 0.059 1590.737 0.02748
0.03982 0.54302 0.62433 0.82840 0.82314 0.997 0.058 1590.774 0.02750
0.03986 0.54350 0.62488 0.82913 0.82498 1.041 0.059 1590.810 0.02753
0.03989 0.54398 0.62543 0.82986 0.82682 0.837 0.053 1590.847 0.02755
0.03993 0.54445 0.62598 0.83059 0.82866 0.949 0.057 1590.884 0.02757
0.03996 0.54493 0.62653 0.83131 0.83050 0.945 0.057 1590.920 0.02760
0.04000 0.54541 0.62708 0.83204 0.83234 1.054 0.060 1590.957 0.02762
0.04003 0.54589 0.62763 0.83277 0.83418 0.970 0.057 1590.994 0.02764
0.04007 0.54637 0.62817 0.83350 0.83602 0.944 0.057 1591.031 0.02767
0.04010 0.54684 0.62872 0.83423 0.83786 1.009 0.059 1591.067 0.02769
0.04014 0.54732 0.62927 0.83496 0.83970 0.991 0.058 1591.104 0.02772
0.04017 0.54780 0.62982 0.83569 0.84154 0.964 0.057 1591.141 0.02774
0.04021 0.54828 0.63037 0.83642 0.84338 0.990 0.058 1591.177 0.02776
0.04024 0.54875 0.63092 0.83715 0.84522 1.110 0.061 1591.214 0.02779
0.04028 0.54923 0.63147 0.83788 0.84706 0.999 0.058 1591.251 0.02781
0.04031 0.54971 0.63202 0.83860 0.84890 0.983 0.058 1591.288 0.02783
0.04035 0.55019 0.63257 0.83933 0.85074 1.032 0.059 1591.324 0.02786
0.04038 0.55067 0.63312 0.84006 0.85258 0.940 0.056 1591.361 0.02788
0.04042 0.55114 0.63367 0.84079 0.85442 0.868 0.054 1591.398 0.02791
0.04045 0.55162 0.63422 0.84152 0.85626 0.941 0.057 1591.434 0.02793
0.04049 0.55210 0.63477 0.84225 0.85810 0.920 0.056 1591.471 0.02795
0.04052 0.55258 0.63532 0.84298 0.85994 0.995 0.058 1591.508 0.02798
0.04056 0.55306 0.63587 0.84371 0.86178 0.913 0.056 1591.544 0.02800
0.04059 0.55353 0.63642 0.84444 0.86362 0.990 0.058 1591.581 0.02802
0.04063 0.55401 0.63697 0.84517 0.86546 1.070 0.060 1591.618 0.02805
0.04066 0.55449 0.63752 0.84590 0.86730 0.885 0.055 1591.655 0.02807
0.04070 0.55497 0.63807 0.84663 0.86914 0.977 0.058 1591.691 0.02809
0.04074 0.55545 0.63862 0.84736 0.87098 0.975 0.058 1591.728 0.02812
0.04077 0.55593 0.63917 0.84809 0.87283 1.046 0.060 1591.765 0.02814
0.04081 0.55640 0.63972 0.84881 0.87467 1.059 0.060 1591.801 0.02817
0.04084 0.55688 0.64027 0.84954 0.87651 0.924 0.056 1591.838 0.02819
0.04088 0.55736 0.64082 0.85027 0.87835 0.984 0.058 1591.875 0.02821
0.04091 0.55784 0.64137 0.85100 0.88019 0.993 0.058 1591.912 0.02824
0.04095 0.55832 0.64192 0.85173 0.88203 0.951 0.057 1591.948 0.02826
0.04098 0.55879 0.64247 0.85246 0.88387 0.964 0.057 1591.985 0.02828
0.04102 0.55927 0.64301 0.85319 0.88571 0.978 0.058 1592.022 0.02831
0.04105 0.55975 0.64356 0.85392 0.88755 1.051 0.060 1592.058 0.02833
0.04109 0.56023 0.64411 0.85465 0.88940 0.947 0.057 1592.095 0.02836
0.04112 0.56071 0.64466 0.85538 0.89124 0.979 0.058 1592.132 0.02838
0.04116 0.56119 0.64521 0.85611 0.89308 0.868 0.054 1592.169 0.02840
0.04119 0.56166 0.64576 0.85684 0.89492 0.879 0.055 1592.205 0.02843
0.04123 0.56214 0.64631 0.85757 0.89676 1.055 0.060 1592.242 0.02845
0.04126 0.56262 0.64686 0.85830 0.89860 1.146 0.062 1592.279 0.02847
0.04130 0.56310 0.64741 0.85903 0.90045 0.955 0.057 1592.315 0.02850
0.04133 0.56358 0.64796 0.85976 0.90229 0.930 0.056 1592.352 0.02852
0.04137 0.56406 0.64851 0.86049 0.90413 1.050 0.060 1592.389 0.02855
0.04140 0.56453 0.64906 0.86122 0.90597 1.059 0.060 1592.426 0.02857
0.04144 0.56501 0.64961 0.86195 0.90781 0.951 0.057 1592.462 0.02859
0.04147 0.56549 0.65016 0.86268 0.90966 0.975 0.058 1592.499 0.02862
0.04151 0.56597 0.65072 0.86341 0.91150 0.950 0.057 1592.536 0.02864
0.04154 0.56645 0.65127 0.86414 0.91334 0.984 0.058 1592.572 0.02866
0.04158 0.56693 0.65182 0.86487 0.91518 0.869 0.054 1592.609 0.02869
0.04161 0.56741 0.65237 0.86560 0.91703 0.913 0.056 1592.646 0.02871
0.04165 0.56788 0.65292 0.86633 0.91887 0.831 0.053 1592.683 0.02874
0.04168 0.56836 0.65347 0.86706 0.92071 0.884 0.055 1592.719 0.02876
0.04172 0.56884 0.65402 0.86779 0.92255 0.898 0.055 1592.756 0.02878
0.04175 0.56932 0.65457 0.86852 0.92440 0.980 0.058 1592.793 0.02881
0.04179 0.56980 0.65512 0.86925 0.92624 0.924 0.056 1592.829 0.02883
0.04182 0.57028 0.65567 0.86998 0.92808 0.921 0.056 1592.866 0.02885
0.04186 0.57076 0.65622 0.87071 0.92992 0.906 0.056 1592.903 0.02888
0.04189 0.57123 0.65677 0.87144 0.93177 0.918 0.056 1592.940 0.02890
0.04193 0.57171 0.65732 0.87217 0.93361 0.801 0.052 1592.976 0.02892
0.04196 0.57219 0.65787 0.87290 0.93545 0.872 0.067 1593.013 0.02895
0.04200 0.57267 0.65842 0.87363 0.93730 0.907 0.068 1593.050 0.02897
0.04203 0.57315 0.65897 0.87436 0.93914 0.828 0.065 1593.086 0.02900
0.04207 0.57363 0.65952 0.87509 0.94098 1.019 0.072 1593.123 0.02902
0.04210 0.57411 0.66007 0.87582 0.94283 0.897 0.068 1593.160 0.02904
0.04214 0.57459 0.66062 0.87655 0.94467 0.904 0.068 1593.197 0.02907
0.04217 0.57506 0.66117 0.87728 0.94651 0.817 0.065 1593.233 0.02909
0.04221 0.57554 0.66172 0.87801 0.94836 1.027 0.073 1593.270 0.02911
0.04224 0.57602 0.66227 0.87874 0.95020 1.017 0.072 1593.307 0.02914
0.04228 0.57650 0.66282 0.87947 0.95204 0.831 0.065 1593.343 0.02916
0.04231 0.57698 0.66337 0.88020 0.95389 0.993 0.071 1593.380 0.02919
0.04235 0.57746 0.66392 0.88094 0.95573 0.983 0.071 1593.417 0.02921
0.04238 0.57794 0.66447 0.88167 0.95758 1.075 0.074 1593.454 0.02923
0.04242 0.57842 0.66502 0.88240 0.95942 0.906 0.068 1593.490 0.02926
0.04245 0.57890 0.66558 0.88313 0.96126 1.007 0.072 1593.527 0.02928
0.04249 0.57937 0.66613 0.88386 0.96311 0.953 0.070 1593.564 0.02930
0.04252 0.57985 0.66668 0.88459 0.96495 0.985 0.071 1593.600 0.02933
0.04256 0.58033 0.66723 0.88532 0.96680 1.127 0.076 1593.637 0.02935
0.04260 0.58081 0.66778 0.88605 0.96864 1.154 0.077 1593.674 0.02938
0.04263 0.58129 0.66833 0.88678 0.97048 1.143 0.077 1593.711 0.02940
0.04267 0.58177 0.66888 0.88751 0.97233 0.971 0.092 1593.747 0.02942
0.04270 0.58225 0.66943 0.88824 0.97417 0.974 0.099 1593.784 0.02945
0.04274 0.58273 0.66998 0.88897 0.97602 1.026 0.102 1593.821 0.02947
0.04277 0.58321 0.67053 0.88970 0.97786 0.943 0.104 1593.857 0.02949
0.04281 0.58369 0.67108 0.89043 0.97971 0.974 0.105 1593.894 0.02952
0.04284 0.58416 0.67163 0.89117 0.98155 0.951 0.087 1593.931 0.02954
0.04288 0.58464 0.67218 0.89190 0.98340 0.789 0.064 1593.968 0.02957
0.04291 0.58512 0.67274 0.89263 0.98524 0.923 0.069 1594.004 0.02959
0.04295 0.58560 0.67329 0.89336 0.98708 0.921 0.069 1594.041 0.02961
0.04298 0.58608 0.67384 0.89409 0.98893 0.995 0.071 1594.078 0.02964
0.04302 0.58656 0.67439 0.89482 0.99077 0.869 0.067 1594.114 0.02966
0.04305 0.58704 0.67494 0.89555 0.99262 0.986 0.071 1594.151 0.02968
0.04309 0.58752 0.67549 0.89628 0.99446 0.883 0.067 1594.188 0.02971
0.04312 0.58800 0.67604 0.89701 0.99631 0.810 0.065 1594.225 0.02973
0.04316 0.58848 0.67659 0.89774 0.99815 0.955 0.070 1594.261 0.02975
0.04319 0.58896 0.67714 0.89848 1.00000 0.815 0.065 1594.298 0.02978
