x y z dist_scaled dist_frac flux_norm
0.21240 0.06826 0.45051 0.50273 0.00000 1.032
0.21271 0.06836 0.45115 0.50344 0.00181 0.872
0.21301 0.06845 0.45180 0.50416 0.00362 1.101
0.21331 0.06855 0.45244 0.50488 0.00543 0.988
0.21362 0.06865 0.45308 0.50560 0.00724 1.022
0.21392 0.06875 0.45372 0.50631 0.00906 0.942
0.21422 0.06884 0.45437 0.50703 0.01087 0.976
0.21453 0.06894 0.45501 0.50775 0.01268 1.206
0.21483 0.06904 0.45565 0.50847 0.01449 0.880
0.21513 0.06914 0.45630 0.50918 0.01630 1.127
0.21544 0.06923 0.45694 0.50990 0.01811 0.997
0.21574 0.06933 0.45758 0.51062 0.01992 0.801
0.21604 0.06943 0.45823 0.51134 0.02174 1.031
0.21635 0.06953 0.45887 0.51206 0.02355 1.164
0.21665 0.06962 0.45951 0.51277 0.02536 0.786
0.21695 0.06972 0.46016 0.51349 0.02717 0.952
0.21726 0.06982 0.46080 0.51421 0.02898 0.953
0.21756 0.06992 0.46144 0.51493 0.03080 1.004
0.21786 0.07001 0.46209 0.51565 0.03261 1.039
0.21817 0.07011 0.46273 0.51636 0.03442 0.842
0.21847 0.07021 0.46337 0.51708 0.03623 1.027
0.21877 0.07031 0.46402 0.51780 0.03804 0.962
0.21908 0.07040 0.46466 0.51852 0.03986 0.831
0.21938 0.07050 0.46530 0.51924 0.04167 0.749
0.21968 0.07060 0.46595 0.51995 0.04348 0.884
0.21999 0.07070 0.46659 0.52067 0.04529 0.818
0.22029 0.07079 0.46724 0.52139 0.04711 1.071
0.22059 0.07089 0.46788 0.52211 0.04892 0.922
0.22090 0.07099 0.46852 0.52283 0.05073 0.923
0.22120 0.07109 0.46917 0.52355 0.05254 1.294
0.22150 0.07118 0.46981 0.52426 0.05436 0.959
0.22181 0.07128 0.47045 0.52498 0.05617 1.104
0.22211 0.07138 0.47110 0.52570 0.05798 0.910
0.22241 0.07148 0.47174 0.52642 0.05980 1.134
0.22272 0.07157 0.47239 0.52714 0.06161 1.086
0.22302 0.07167 0.47303 0.52786 0.06342 1.056
0.22332 0.07177 0.47367 0.52857 0.06524 0.830
0.22363 0.07187 0.47432 0.52929 0.06705 0.792
0.22393 0.07196 0.47496 0.53001 0.06886 1.081
0.22424 0.07206 0.47560 0.53073 0.07068 0.821
0.22454 0.07216 0.47625 0.53145 0.07249 0.963
0.22484 0.07226 0.47689 0.53217 0.07430 1.090
0.22515 0.07235 0.47754 0.53289 0.07612 1.086
0.22545 0.07245 0.47818 0.53360 0.07793 0.852
0.22575 0.07255 0.47882 0.53432 0.07974 1.007
0.22606 0.07265 0.47947 0.53504 0.08156 0.897
0.22636 0.07274 0.48011 0.53576 0.08337 1.055
0.22666 0.07284 0.48076 0.53648 0.08518 0.839
0.22697 0.07294 0.48140 0.53720 0.08700 0.983
0.22727 0.07304 0.48204 0.53792 0.08881 1.087
0.22758 0.07314 0.48269 0.53864 0.09063 0.928
0.22788 0.07323 0.48333 0.53935 0.09244 0.996
0.22818 0.07333 0.48398 0.54007 0.09426 0.893
0.22849 0.07343 0.48462 0.54079 0.09607 1.118
0.22879 0.07353 0.48527 0.54151 0.09788 0.910
0.22909 0.07362 0.48591 0.54223 0.09970 0.928
0.22940 0.07372 0.48655 0.54295 0.10151 1.067
0.22970 0.07382 0.48720 0.54367 0.10333 0.757
0.23001 0.07392 0.48784 0.54439 0.10514 1.121
0.23031 0.07401 0.48849 0.54511 0.10696 0.931
0.23061 0.07411 0.48913 0.54582 0.10877 1.036
0.23092 0.07421 0.48978 0.54654 0.11059 0.880
0.23122 0.07431 0.49042 0.54726 0.11240 1.003
0.23152 0.07440 0.49107 0.54798 0.11422 0.865
0.23183 0.07450 0.49171 0.54870 0.11603 0.761
0.23213 0.07460 0.49235 0.54942 0.11785 1.025
0.23244 0.07470 0.49300 0.55014 0.11966 0.870
0.23274 0.07479 0.49364 0.55086 0.12148 1.082
0.23304 0.07489 0.49429 0.55158 0.12329 0.855
0.23335 0.07499 0.49493 0.55230 0.12511 1.100
0.23365 0.07509 0.49558 0.55302 0.12692 0.924
0.23396 0.07519 0.49622 0.55374 0.12874 0.942
0.23426 0.07528 0.49687 0.55446 0.13055 0.995
0.23456 0.07538 0.49751 0.55517 0.13237 0.996
0.23487 0.07548 0.49816 0.55589 0.13418 0.768
0.23517 0.07558 0.49880 0.55661 0.13600 0.998
0.23548 0.07567 0.49944 0.55733 0.13782 1.016
0.23578 0.07577 0.50009 0.55805 0.13963 0.893
0.23608 0.07587 0.50073 0.55877 0.14145 1.035
0.23639 0.07597 0.50138 0.55949 0.14326 0.965
0.23669 0.07606 0.50202 0.56021 0.14508 1.160
0.23700 0.07616 0.50267 0.56093 0.14689 0.983
0.23730 0.07626 0.50331 0.56165 0.14871 0.965
0.23760 0.07636 0.50396 0.56237 0.15053 1.091
0.23791 0.07646 0.50460 0.56309 0.15234 1.036
0.23821 0.07655 0.50525 0.56381 0.15416 1.037
0.23852 0.07665 0.50589 0.56453 0.15598 0.968
0.23882 0.07675 0.50654 0.56525 0.15779 0.809
0.23912 0.07685 0.50718 0.56597 0.15961 0.916
0.23943 0.07694 0.50783 0.56669 0.16143 0.989
0.23973 0.07704 0.50847 0.56741 0.16324 0.847
0.24004 0.07714 0.50912 0.56813 0.16506 0.865
0.24034 0.07724 0.50976 0.56885 0.16688 0.902
0.24064 0.07734 0.51041 0.56957 0.16869 0.921
0.24095 0.07743 0.51105 0.57029 0.17051 0.815
0.24125 0.07753 0.51170 0.57101 0.17233 1.012
0.24156 0.07763 0.51234 0.57173 0.17414 1.226
0.24186 0.07773 0.51299 0.57245 0.17596 0.852
0.24217 0.07782 0.51363 0.57317 0.17778 1.048
0.24247 0.07792 0.51428 0.57389 0.17959 1.138
0.24277 0.07802 0.51493 0.57461 0.18141 0.943
0.24308 0.07812 0.51557 0.57533 0.18323 1.068
0.24338 0.07821 0.51622 0.57605 0.18505 1.267
0.24369 0.07831 0.51686 0.57677 0.18686 0.981
0.24399 0.07841 0.51751 0.57749 0.18868 0.982
0.24430 0.07851 0.51815 0.57821 0.19050 1.162
0.24460 0.07861 0.51880 0.57893 0.19232 0.822
0.24490 0.07870 0.51944 0.57965 0.19413 1.009
0.24521 0.07880 0.52009 0.58037 0.19595 1.197
0.24551 0.07890 0.52073 0.58109 0.19777 1.060
0.24582 0.07900 0.52138 0.58181 0.19959 0.899
0.24612 0.07910 0.52202 0.58253 0.20141 0.955
0.24643 0.07919 0.52267 0.58325 0.20322 1.150
0.24673 0.07929 0.52332 0.58397 0.20504 0.919
0.24703 0.07939 0.52396 0.58469 0.20686 1.002
0.24734 0.07949 0.52461 0.58541 0.20868 1.070
0.24764 0.07958 0.52525 0.58613 0.21050 1.024
0.24795 0.07968 0.52590 0.58685 0.21231 1.145
0.24825 0.07978 0.52654 0.58757 0.21413 0.944
0.24856 0.07988 0.52719 0.58829 0.21595 1.015
0.24886 0.07998 0.52784 0.58901 0.21777 0.919
0.24917 0.08007 0.52848 0.58973 0.21959 1.048
0.24947 0.08017 0.52913 0.59046 0.22141 1.291
0.24977 0.08027 0.52977 0.59118 0.22323 0.808
0.25008 0.08037 0.53042 0.59190 0.22504 0.729
0.25038 0.08046 0.53106 0.59262 0.22686 0.868
0.25069 0.08056 0.53171 0.59334 0.22868 1.028
0.25099 0.08066 0.53236 0.59406 0.23050 0.906
0.25130 0.08076 0.53300 0.59478 0.23232 1.182
0.25160 0.08086 0.53365 0.59550 0.23414 0.995
0.25191 0.08095 0.53429 0.59622 0.23596 1.068
0.25221 0.08105 0.53494 0.59694 0.23778 1.015
0.25251 0.08115 0.53559 0.59766 0.23960 1.215
0.25282 0.08125 0.53623 0.59838 0.24142 1.105
0.25312 0.08135 0.53688 0.59910 0.24324 0.943
0.25343 0.08144 0.53752 0.59983 0.24505 0.743
0.25373 0.08154 0.53817 0.60055 0.24687 1.068
0.25404 0.08164 0.53882 0.60127 0.24869 0.978
0.25434 0.08174 0.53946 0.60199 0.25051 1.014
0.25465 0.08184 0.54011 0.60271 0.25233 1.106
0.25495 0.08193 0.54075 0.60343 0.25415 0.798
0.25526 0.08203 0.54140 0.60415 0.25597 1.017
0.25556 0.08213 0.54205 0.60487 0.25779 0.963
0.25587 0.08223 0.54269 0.60559 0.25961 0.980
0.25617 0.08232 0.54334 0.60631 0.26143 1.106
0.25648 0.08242 0.54399 0.60704 0.26325 1.143
0.25678 0.08252 0.54463 0.60776 0.26507 0.898
0.25708 0.08262 0.54528 0.60848 0.26689 0.780
0.25739 0.08272 0.54592 0.60920 0.26871 0.965
0.25769 0.08281 0.54657 0.60992 0.27053 0.805
0.25800 0.08291 0.54722 0.61064 0.27235 1.116
0.25830 0.08301 0.54786 0.61136 0.27417 1.157
0.25861 0.08311 0.54851 0.61209 0.27599 1.093
0.25891 0.08321 0.54916 0.61281 0.27782 0.889
0.25922 0.08330 0.54980 0.61353 0.27964 1.089
0.25952 0.08340 0.55045 0.61425 0.28146 0.914
0.25983 0.08350 0.55110 0.61497 0.28328 1.029
0.26013 0.08360 0.55174 0.61569 0.28510 1.112
0.26044 0.08370 0.55239 0.61641 0.28692 1.112
0.26074 0.08379 0.55304 0.61714 0.28874 0.910
0.26105 0.08389 0.55368 0.61786 0.29056 1.350
0.26135 0.08399 0.55433 0.61858 0.29238 1.028
0.26166 0.08409 0.55498 0.61930 0.29420 0.944
0.26196 0.08419 0.55562 0.62002 0.29602 0.980
0.26227 0.08428 0.55627 0.62074 0.29785 0.797
0.26257 0.08438 0.55692 0.62146 0.29967 1.089
0.26288 0.08448 0.55756 0.62219 0.30149 1.107
0.26318 0.08458 0.55821 0.62291 0.30331 0.852
0.26349 0.08468 0.55886 0.62363 0.30513 0.906
0.26379 0.08477 0.55950 0.62435 0.30695 1.197
0.26410 0.08487 0.56015 0.62507 0.30877 0.669
0.26440 0.08497 0.56080 0.62580 0.31060 1.051
0.26471 0.08507 0.56144 0.62652 0.31242 0.924
0.26501 0.08517 0.56209 0.62724 0.31424 0.979
0.26532 0.08526 0.56274 0.62796 0.31606 1.088
0.26562 0.08536 0.56338 0.62868 0.31788 1.106
0.26593 0.08546 0.56403 0.62941 0.31971 1.199
0.26623 0.08556 0.56468 0.63013 0.32153 1.107
0.26654 0.08566 0.56532 0.63085 0.32335 0.833
0.26684 0.08575 0.56597 0.63157 0.32517 1.107
0.26715 0.08585 0.56662 0.63229 0.32699 0.850
0.26745 0.08595 0.56727 0.63302 0.32882 0.849
0.26776 0.08605 0.56791 0.63374 0.33064 0.904
0.26806 0.08615 0.56856 0.63446 0.33246 0.977
0.26837 0.08624 0.56921 0.63518 0.33428 1.232
0.26867 0.08634 0.56985 0.63590 0.33611 0.666
0.26898 0.08644 0.57050 0.63663 0.33793 0.904
0.26928 0.08654 0.57115 0.63735 0.33975 0.940
0.26959 0.08664 0.57180 0.63807 0.34158 0.886
0.26989 0.08673 0.57244 0.63879 0.34340 0.940
0.27020 0.08683 0.57309 0.63952 0.34522 0.867
0.27050 0.08693 0.57374 0.64024 0.34704 0.994
0.27081 0.08703 0.57439 0.64096 0.34887 0.849
0.27111 0.08713 0.57503 0.64168 0.35069 1.040
0.27142 0.08722 0.57568 0.64240 0.35251 0.821
0.27172 0.08732 0.57633 0.64313 0.35434 0.821
0.27203 0.08742 0.57697 0.64385 0.35616 1.178
0.27233 0.08752 0.57762 0.64457 0.35798 0.932
0.27264 0.08762 0.57827 0.64529 0.35981 0.988
0.27294 0.08772 0.57892 0.64602 0.36163 0.987
0.27325 0.08781 0.57956 0.64674 0.36345 1.289
0.27356 0.08791 0.58021 0.64746 0.36528 0.961
0.27386 0.08801 0.58086 0.64818 0.36710 0.881
0.27417 0.08811 0.58151 0.64891 0.36892 1.264
0.27447 0.08821 0.58215 0.64963 0.37075 1.126
0.27478 0.08830 0.58280 0.65035 0.37257 0.852
0.27508 0.08840 0.58345 0.65108 0.37440 1.125
0.27539 0.08850 0.58410 0.65180 0.37622 1.070
0.27569 0.08860 0.58475 0.65252 0.37804 1.152
0.27600 0.08870 0.58539 0.65324 0.37987 1.070
0.27630 0.08879 0.58604 0.65397 0.38169 1.043
0.27661 0.08889 0.58669 0.65469 0.38352 1.016
0.27691 0.08899 0.58734 0.65541 0.38534 1.099
0.27722 0.08909 0.58798 0.65613 0.38716 0.989
0.27752 0.08919 0.58863 0.65686 0.38899 1.017
0.27783 0.08929 0.58928 0.65758 0.39081 0.880
0.27814 0.08938 0.58993 0.65830 0.39264 0.934
0.27844 0.08948 0.59058 0.65903 0.39446 0.989
0.27875 0.08958 0.59122 0.65975 0.39629 0.635
0.27905 0.08968 0.59187 0.66047 0.39811 0.717
0.27936 0.08978 0.59252 0.66120 0.39994 0.990
0.27966 0.08987 0.59317 0.66192 0.40176 0.799
0.27997 0.08997 0.59382 0.66264 0.40359 0.910
0.28027 0.09007 0.59446 0.66336 0.40541 1.184
0.28058 0.09017 0.59511 0.66409 0.40724 0.883
0.28089 0.09027 0.59576 0.66481 0.40906 0.773
0.28119 0.09037 0.59641 0.66553 0.41089 1.156
0.28150 0.09046 0.59706 0.66626 0.41271 0.936
0.28180 0.09056 0.59770 0.66698 0.41454 1.236
0.28211 0.09066 0.59835 0.66770 0.41636 0.608
0.28241 0.09076 0.59900 0.66843 0.41819 0.937
0.28272 0.09086 0.59965 0.66915 0.42001 0.690
0.28302 0.09095 0.60030 0.66987 0.42184 0.688
0.28333 0.09105 0.60094 0.67060 0.42367 1.342
0.28364 0.09115 0.60159 0.67132 0.42549 1.178
0.28394 0.09125 0.60224 0.67204 0.42732 0.904
0.28425 0.09135 0.60289 0.67277 0.42914 1.150
0.28455 0.09145 0.60354 0.67349 0.43097 1.013
0.28486 0.09154 0.60419 0.67421 0.43279 1.205
0.28516 0.09164 0.60483 0.67494 0.43462 1.041
0.28547 0.09174 0.60548 0.67566 0.43645 1.042
0.28578 0.09184 0.60613 0.67639 0.43827 1.042
0.28608 0.09194 0.60678 0.67711 0.44010 1.178
0.28639 0.09204 0.60743 0.67783 0.44192 0.905
0.28669 0.09213 0.60808 0.67856 0.44375 1.041
0.28700 0.09223 0.60873 0.67928 0.44558 0.930
0.28730 0.09233 0.60937 0.68000 0.44740 1.012
0.28761 0.09243 0.61002 0.68073 0.44923 1.012
0.28792 0.09253 0.61067 0.68145 0.45106 1.121
0.28822 0.09262 0.61132 0.68217 0.45288 1.040
0.28853 0.09272 0.61197 0.68290 0.45471 0.795
0.28883 0.09282 0.61262 0.68362 0.45654 1.176
0.28914 0.09292 0.61327 0.68435 0.45836 0.957
0.28944 0.09302 0.61391 0.68507 0.46019 1.528
0.28975 0.09312 0.61456 0.68579 0.46202 1.065
0.29006 0.09321 0.61521 0.68652 0.46384 0.929
0.29036 0.09331 0.61586 0.68724 0.46567 0.983
0.29067 0.09341 0.61651 0.68797 0.46750 1.148
0.29097 0.09351 0.61716 0.68869 0.46933 1.147
0.29128 0.09361 0.61781 0.68941 0.47115 1.039
0.29159 0.09371 0.61846 0.69014 0.47298 0.903
0.29189 0.09380 0.61910 0.69086 0.47481 1.121
0.29220 0.09390 0.61975 0.69159 0.47663 1.012
0.29250 0.09400 0.62040 0.69231 0.47846 1.229
0.29281 0.09410 0.62105 0.69303 0.48029 0.685
0.29312 0.09420 0.62170 0.69376 0.48212 0.822
0.29342 0.09430 0.62235 0.69448 0.48395 0.797
0.29373 0.09439 0.62300 0.69521 0.48577 1.093
0.29403 0.09449 0.62365 0.69593 0.48760 0.991
0.29434 0.09459 0.62430 0.69666 0.48943 0.922
0.29465 0.09469 0.62495 0.69738 0.49126 1.098
0.29495 0.09479 0.62559 0.69810 0.49308 0.861
0.29526 0.09489 0.62624 0.69883 0.49491 1.220
0.29556 0.09498 0.62689 0.69955 0.49674 1.126
0.29587 0.09508 0.62754 0.70028 0.49857 1.095
0.29618 0.09518 0.62819 0.70100 0.50040 1.041
0.29648 0.09528 0.62884 0.70173 0.50223 1.154
0.29679 0.09538 0.62949 0.70245 0.50405 0.875
0.29709 0.09548 0.63014 0.70318 0.50588 0.992
0.29740 0.09557 0.63079 0.70390 0.50771 0.901
0.29771 0.09567 0.63144 0.70462 0.50954 0.883
0.29801 0.09577 0.63209 0.70535 0.51137 0.960
0.29832 0.09587 0.63274 0.70607 0.51320 1.340
0.29862 0.09597 0.63338 0.70680 0.51503 0.742
0.29893 0.09607 0.63403 0.70752 0.51685 0.851
0.29924 0.09616 0.63468 0.70825 0.51868 0.851
0.29954 0.09626 0.63533 0.70897 0.52051 0.934
0.29985 0.09636 0.63598 0.70970 0.52234 0.907
0.30016 0.09646 0.63663 0.71042 0.52417 1.206
0.30046 0.09656 0.63728 0.71115 0.52600 1.179
0.30077 0.09666 0.63793 0.71187 0.52783 0.934
0.30107 0.09676 0.63858 0.71260 0.52966 1.069
0.30138 0.09685 0.63923 0.71332 0.53149 1.070
0.30169 0.09695 0.63988 0.71405 0.53332 1.042
0.30199 0.09705 0.64053 0.71477 0.53515 1.015
0.30230 0.09715 0.64118 0.71550 0.53697 0.933
0.30261 0.09725 0.64183 0.71622 0.53880 1.150
0.30291 0.09735 0.64248 0.71695 0.54063 1.041
0.30322 0.09744 0.64313 0.71767 0.54246 0.987
0.30352 0.09754 0.64378 0.71840 0.54429 1.178
0.30383 0.09764 0.64443 0.71912 0.54612 1.123
0.30414 0.09774 0.64508 0.71985 0.54795 1.041
0.30444 0.09784 0.64573 0.72057 0.54978 0.688
0.30475 0.09794 0.64638 0.72130 0.55161 0.906
0.30506 0.09803 0.64703 0.72202 0.55344 1.123
0.30536 0.09813 0.64768 0.72275 0.55527 0.797
0.30567 0.09823 0.64833 0.72347 0.55710 0.905
0.30598 0.09833 0.64898 0.72420 0.55893 0.878
0.30628 0.09843 0.64963 0.72492 0.56076 0.796
0.30659 0.09853 0.65028 0.72565 0.56259 0.959
0.30689 0.09863 0.65093 0.72637 0.56442 1.203
0.30720 0.09872 0.65158 0.72710 0.56626 0.525
0.30751 0.09882 0.65223 0.72782 0.56809 1.394
0.30781 0.09892 0.65288 0.72855 0.56992 1.232
0.30812 0.09902 0.65353 0.72927 0.57175 1.124
0.30843 0.09912 0.65418 0.73000 0.57358 1.206
0.30873 0.09922 0.65483 0.73072 0.57541 1.232
0.30904 0.09932 0.65548 0.73145 0.57724 0.880
0.30935 0.09941 0.65613 0.73217 0.57907 1.016
0.30965 0.09951 0.65678 0.73290 0.58090 1.206
0.30996 0.09961 0.65743 0.73363 0.58273 1.234
0.31027 0.09971 0.65808 0.73435 0.58456 0.852
0.31057 0.09981 0.65873 0.73508 0.58639 0.987
0.31088 0.09991 0.65938 0.73580 0.58823 1.041
0.31119 0.10000 0.66003 0.73653 0.59006 0.824
0.31149 0.10010 0.66068 0.73725 0.59189 1.069
0.31180 0.10020 0.66133 0.73798 0.59372 1.123
0.31211 0.10030 0.66198 0.73871 0.59555 1.124
0.31241 0.10040 0.66263 0.73943 0.59738 1.070
0.31272 0.10050 0.66328 0.74016 0.59921 0.854
0.31303 0.10060 0.66393 0.74088 0.60105 0.882
0.31333 0.10069 0.66458 0.74161 0.60288 0.882
0.31364 0.10079 0.66523 0.74233 0.60471 1.208
0.31395 0.10089 0.66588 0.74306 0.60654 1.017
0.31425 0.10099 0.66653 0.74379 0.60837 0.745
0.31456 0.10109 0.66718 0.74451 0.61021 1.044
0.31487 0.10119 0.66783 0.74524 0.61204 1.370
0.31517 0.10129 0.66848 0.74596 0.61387 1.289
0.31548 0.10138 0.66913 0.74669 0.61570 0.962
0.31579 0.10148 0.66978 0.74742 0.61753 1.017
0.31609 0.10158 0.67043 0.74814 0.61937 0.991
0.31640 0.10168 0.67109 0.74887 0.62120 1.100
0.31671 0.10178 0.67174 0.74959 0.62303 0.827
0.31701 0.10188 0.67239 0.75032 0.62486 1.154
0.31732 0.10198 0.67304 0.75105 0.62670 1.127
0.31763 0.10207 0.67369 0.75177 0.62853 1.072
0.31793 0.10217 0.67434 0.75250 0.63036 1.316
0.31824 0.10227 0.67499 0.75322 0.63219 1.097
0.31855 0.10237 0.67564 0.75395 0.63403 0.825
0.31885 0.10247 0.67629 0.75468 0.63586 0.825
0.31916 0.10257 0.67694 0.75540 0.63769 0.852
0.31947 0.10267 0.67759 0.75613 0.63953 0.851
0.31977 0.10276 0.67824 0.75686 0.64136 0.878
0.32008 0.10286 0.67889 0.75758 0.64319 0.823
0.32039 0.10296 0.67955 0.75831 0.64503 1.096
0.32070 0.10306 0.68020 0.75904 0.64686 0.933
0.32100 0.10316 0.68085 0.75976 0.64869 0.961
0.32131 0.10326 0.68150 0.76049 0.65053 0.771
0.32162 0.10336 0.68215 0.76121 0.65236 1.071
0.32192 0.10346 0.68280 0.76194 0.65419 0.634
0.32223 0.10355 0.68345 0.76267 0.65603 1.071
0.32254 0.10365 0.68410 0.76339 0.65786 0.716
0.32284 0.10375 0.68475 0.76412 0.65969 1.025
0.32315 0.10385 0.68541 0.76485 0.66153 0.842
0.32346 0.10395 0.68606 0.76557 0.66336 0.636
0.32377 0.10405 0.68671 0.76630 0.66519 0.961
0.32407 0.10415 0.68736 0.76703 0.66703 1.028
0.32438 0.10424 0.68801 0.76775 0.66886 0.905
0.32469 0.10434 0.68866 0.76848 0.67070 1.191
0.32499 0.10444 0.68931 0.76921 0.67253 1.010
0.32530 0.10454 0.68996 0.76993 0.67437 0.864
0.32561 0.10464 0.69061 0.77066 0.67620 1.193
0.32591 0.10474 0.69127 0.77139 0.67803 0.946
0.32622 0.10484 0.69192 0.77211 0.67987 1.135
0.32653 0.10494 0.69257 0.77284 0.68170 0.862
0.32684 0.10503 0.69322 0.77357 0.68354 0.944
0.32714 0.10513 0.69387 0.77430 0.68537 1.260
0.32745 0.10523 0.69452 0.77502 0.68721 0.806
0.32776 0.10533 0.69517 0.77575 0.68904 1.237
0.32806 0.10543 0.69583 0.77648 0.69088 0.783
0.32837 0.10553 0.69648 0.77720 0.69271 0.593
0.32868 0.10563 0.69713 0.77793 0.69455 1.011
0.32899 0.10572 0.69778 0.77866 0.69638 0.993
0.32929 0.10582 0.69843 0.77938 0.69822 0.997
0.32960 0.10592 0.69908 0.78011 0.70005 1.031
0.32991 0.10602 0.69974 0.78084 0.70189 1.143
0.33021 0.10612 0.70039 0.78157 0.70372 0.991
0.33052 0.10622 0.70104 0.78229 0.70556 0.930
0.33083 0.10632 0.70169 0.78302 0.70739 0.835
0.33114 0.10642 0.70234 0.78375 0.70923 0.917
0.33144 0.10651 0.70299 0.78448 0.71106 1.174
0.33175 0.10661 0.70365 0.78520 0.71290 0.953
0.33206 0.10671 0.70430 0.78593 0.71473 0.855
0.33237 0.10681 0.70495 0.78666 0.71657 0.760
0.33267 0.10691 0.70560 0.78738 0.71840 1.033
0.33298 0.10701 0.70625 0.78811 0.72024 0.765
0.33329 0.10711 0.70690 0.78884 0.72208 1.028
0.33359 0.10721 0.70756 0.78957 0.72391 1.115
0.33390 0.10730 0.70821 0.79029 0.72575 0.785
0.33421 0.10740 0.70886 0.79102 0.72758 1.157
0.33452 0.10750 0.70951 0.79175 0.72942 1.107
0.33482 0.10760 0.71016 0.79248 0.73126 0.901
0.33513 0.10770 0.71082 0.79320 0.73309 0.773
0.33544 0.10780 0.71147 0.79393 0.73493 0.862
0.33575 0.10790 0.71212 0.79466 0.73676 1.008
0.33605 0.10800 0.71277 0.79539 0.73860 0.904
0.33636 0.10810 0.71342 0.79611 0.74044 1.025
0.33667 0.10819 0.71408 0.79684 0.74227 1.004
0.33698 0.10829 0.71473 0.79757 0.74411 0.877
0.33728 0.10839 0.71538 0.79830 0.74595 1.027
0.33759 0.10849 0.71603 0.79903 0.74778 0.796
0.33790 0.10859 0.71669 0.79975 0.74962 0.794
0.33821 0.10869 0.71734 0.80048 0.75146 1.029
0.33851 0.10879 0.71799 0.80121 0.75329 1.013
0.33882 0.10889 0.71864 0.80194 0.75513 0.988
0.33913 0.10898 0.71929 0.80266 0.75697 0.968
0.33944 0.10908 0.71995 0.80339 0.75881 1.113
0.33974 0.10918 0.72060 0.80412 0.76064 1.158
0.34005 0.10928 0.72125 0.80485 0.76248 1.055
0.34036 0.10938 0.72190 0.80558 0.76432 0.950
0.34067 0.10948 0.72256 0.80630 0.76615 0.991
0.34097 0.10958 0.72321 0.80703 0.76799 0.757
0.34128 0.10968 0.72386 0.80776 0.76983 0.846
0.34159 0.10978 0.72451 0.80849 0.77167 0.973
0.34190 0.10987 0.72517 0.80922 0.77350 0.888
0.34220 0.10997 0.72582 0.80995 0.77534 1.271
0.34251 0.11007 0.72647 0.81067 0.77718 1.142
0.34282 0.11017 0.72712 0.81140 0.77902 0.828
0.34313 0.11027 0.72778 0.81213 0.78086 1.086
0.34344 0.11037 0.72843 0.81286 0.78269 1.000
0.34374 0.11047 0.72908 0.81359 0.78453 1.130
0.34405 0.11057 0.72973 0.81431 0.78637 0.969
0.34436 0.11067 0.73039 0.81504 0.78821 0.937
0.34467 0.11076 0.73104 0.81577 0.79004 0.911
0.34497 0.11086 0.73169 0.81650 0.79188 0.523
0.34528 0.11096 0.73234 0.81723 0.79372 1.114
0.34559 0.11106 0.73300 0.81796 0.79556 0.970
0.34590 0.11116 0.73365 0.81868 0.79740 1.121
0.34621 0.11126 0.73430 0.81941 0.79924 0.888
0.34651 0.11136 0.73496 0.82014 0.80108 0.780
0.34682 0.11146 0.73561 0.82087 0.80291 1.151
0.34713 0.11156 0.73626 0.82160 0.80475 0.958
0.34744 0.11165 0.73691 0.82233 0.80659 0.881
0.34774 0.11175 0.73757 0.82306 0.80843 1.050
0.34805 0.11185 0.73822 0.82378 0.81027 1.111
0.34836 0.11195 0.73887 0.82451 0.81211 1.203
0.34867 0.11205 0.73953 0.82524 0.81395 0.901
0.34898 0.11215 0.74018 0.82597 0.81579 0.655
0.34928 0.11225 0.74083 0.82670 0.81762 0.892
0.34959 0.11235 0.74149 0.82743 0.81946 0.932
0.34990 0.11245 0.74214 0.82816 0.82130 1.235
0.35021 0.11254 0.74279 0.82889 0.82314 0.921
0.35052 0.11264 0.74344 0.82961 0.82498 1.101
0.35082 0.11274 0.74410 0.83034 0.82682 1.074
0.35113 0.11284 0.74475 0.83107 0.82866 1.047
0.35144 0.11294 0.74540 0.83180 0.83050 1.105
0.35175 0.11304 0.74606 0.83253 0.83234 1.019
0.35205 0.11314 0.74671 0.83326 0.83418 0.949
0.35236 0.11324 0.74736 0.83399 0.83602 0.939
0.35267 0.11334 0.74802 0.83472 0.83786 1.400
0.35298 0.11344 0.74867 0.83545 0.83970 0.918
0.35329 0.11353 0.74932 0.83617 0.84154 0.878
0.35359 0.11363 0.74998 0.83690 0.84338 0.722
0.35390 0.11373 0.75063 0.83763 0.84522 0.770
0.35421 0.11383 0.75128 0.83836 0.84706 1.101
0.35452 0.11393 0.75194 0.83909 0.84890 0.860
0.35483 0.11403 0.75259 0.83982 0.85074 1.106
0.35514 0.11413 0.75324 0.84055 0.85258 1.090
0.35544 0.11423 0.75390 0.84128 0.85442 1.070
0.35575 0.11433 0.75455 0.84201 0.85626 1.176
0.35606 0.11443 0.75520 0.84274 0.85810 1.003
0.35637 0.11452 0.75586 0.84347 0.85994 0.803
0.35668 0.11462 0.75651 0.84420 0.86178 1.031
0.35698 0.11472 0.75716 0.84492 0.86362 0.762
0.35729 0.11482 0.75782 0.84565 0.86546 0.876
0.35760 0.11492 0.75847 0.84638 0.86730 0.992
0.35791 0.11502 0.75913 0.84711 0.86914 0.812
0.35822 0.11512 0.75978 0.84784 0.87098 1.130
0.35852 0.11522 0.76043 0.84857 0.87283 1.175
0.35883 0.11532 0.76109 0.84930 0.87467 1.229
0.35914 0.11542 0.76174 0.85003 0.87651 0.953
0.35945 0.11551 0.76239 0.85076 0.87835 0.981
0.35976 0.11561 0.76305 0.85149 0.88019 0.705
0.36007 0.11571 0.76370 0.85222 0.88203 1.004
0.36037 0.11581 0.76436 0.85295 0.88387 0.843
0.36068 0.11591 0.76501 0.85368 0.88571 0.960
0.36099 0.11601 0.76566 0.85441 0.88755 1.101
0.36130 0.11611 0.76632 0.85514 0.88940 1.333
0.36161 0.11621 0.76697 0.85587 0.89124 1.010
0.36192 0.11631 0.76763 0.85660 0.89308 1.033
0.36222 0.11641 0.76828 0.85733 0.89492 0.898
0.36253 0.11651 0.76893 0.85806 0.89676 0.903
0.36284 0.11660 0.76959 0.85879 0.89860 0.950
0.36315 0.11670 0.77024 0.85952 0.90045 0.809
0.36346 0.11680 0.77090 0.86025 0.90229 0.953
0.36377 0.11690 0.77155 0.86098 0.90413 1.089
0.36407 0.11700 0.77220 0.86171 0.90597 0.883
0.36438 0.11710 0.77286 0.86244 0.90781 0.700
0.36469 0.11720 0.77351 0.86317 0.90966 0.907
0.36500 0.11730 0.77417 0.86390 0.91150 1.194
0.36531 0.11740 0.77482 0.86463 0.91334 1.076
0.36562 0.11750 0.77547 0.86536 0.91518 1.103
0.36592 0.11760 0.77613 0.86609 0.91703 1.450
0.36623 0.11769 0.77678 0.86682 0.91887 1.060
0.36654 0.11779 0.77744 0.86755 0.92071 1.058
0.36685 0.11789 0.77809 0.86828 0.92255 1.015
0.36716 0.11799 0.77875 0.86901 0.92440 0.921
0.36747 0.11809 0.77940 0.86974 0.92624 1.039
0.36778 0.11819 0.78005 0.87047 0.92808 0.754
0.36808 0.11829 0.78071 0.87120 0.92992 1.017
0.36839 0.11839 0.78136 0.87193 0.93177 0.973
0.36870 0.11849 0.78202 0.87266 0.93361 0.878
0.36901 0.11859 0.78267 0.87339 0.93545 1.070
0.36932 0.11869 0.78333 0.87412 0.93730 0.837
0.36963 0.11879 0.78398 0.87485 0.93914 0.924
0.36994 0.11888 0.78463 0.87558 0.94098 1.172
0.37024 0.11898 0.78529 0.87631 0.94283 1.192
0.37055 0.11908 0.78594 0.87704 0.94467 1.198
0.37086 0.11918 0.78660 0.87777 0.94651 1.017
0.37117 0.11928 0.78725 0.87850 0.94836 0.971
0.37148 0.11938 0.78791 0.87923 0.95020 0.895
0.37179 0.11948 0.78856 0.87996 0.95204 0.980
0.37210 0.11958 0.78922 0.88069 0.95389 1.055
0.37240 0.11968 0.78987 0.88142 0.95573 0.851
0.37271 0.11978 0.79053 0.88215 0.95758 0.993
0.37302 0.11988 0.79118 0.88288 0.95942 1.004
0.37333 0.11998 0.79184 0.88361 0.96126 0.893
0.37364 0.12008 0.79249 0.88434 0.96311 0.907
0.37395 0.12017 0.79315 0.88508 0.96495 0.918
0.37426 0.12027 0.79380 0.88581 0.96680 1.115
0.37457 0.12037 0.79446 0.88654 0.96864 0.747
0.37487 0.12047 0.79511 0.88727 0.97048 1.024
0.37518 0.12057 0.79576 0.88800 0.97233 1.073
0.37549 0.12067 0.79642 0.88873 0.97417 1.075
0.37580 0.12077 0.79707 0.88946 0.97602 1.205
0.37611 0.12087 0.79773 0.89019 0.97786 0.854
0.37642 0.12097 0.79838 0.89092 0.97971 0.983
0.37673 0.12107 0.79904 0.89165 0.98155 0.887
0.37704 0.12117 0.79969 0.89238 0.98340 1.090
0.37734 0.12127 0.80035 0.89311 0.98524 1.041
0.37765 0.12137 0.80100 0.89385 0.98708 1.249
0.37796 0.12146 0.80166 0.89458 0.98893 0.432
0.37827 0.12156 0.80231 0.89531 0.99077 0.919
0.37858 0.12166 0.80297 0.89604 0.99262 1.177
0.37889 0.12176 0.80363 0.89677 0.99446 1.050
0.37920 0.12186 0.80428 0.89750 0.99631 1.571
0.37951 0.12196 0.80494 0.89823 0.99815 0.942
0.37982 0.12206 0.80559 0.89896 1.00000 1.064
