x y z dist_scaled dist_frac flux_norm wavelength redshift
0.29880 0.25519 0.31319 0.50249 0.00000 1.107 1574.228 0.01682
0.29923 0.25556 0.31364 0.50320 0.00181 0.687 1574.265 0.01684
0.29965 0.25592 0.31408 0.50392 0.00362 0.393 1574.301 0.01686
0.30008 0.25629 0.31453 0.50464 0.00543 0.330 1574.338 0.01689
0.30051 0.25665 0.31498 0.50536 0.00724 0.205 1574.375 0.01691
0.30093 0.25701 0.31543 0.50607 0.00906 0.079 1574.412 0.01693
0.30136 0.25738 0.31587 0.50679 0.01087 0.037 1574.448 0.01696
0.30179 0.25774 0.31632 0.50751 0.01268 0.036 1574.485 0.01698
0.30221 0.25811 0.31677 0.50823 0.01449 0.037 1574.522 0.01700
0.30264 0.25847 0.31722 0.50895 0.01630 0.036 1574.558 0.01703
0.30307 0.25884 0.31766 0.50966 0.01811 -0.006 1574.595 0.01705
0.30349 0.25920 0.31811 0.51038 0.01992 0.079 1574.632 0.01708
0.30392 0.25957 0.31856 0.51110 0.02174 0.037 1574.669 0.01710
0.30435 0.25993 0.31901 0.51182 0.02355 0.016 1574.705 0.01712
0.30478 0.26030 0.31945 0.51253 0.02536 -0.005 1574.742 0.01715
0.30520 0.26066 0.31990 0.51325 0.02717 0.058 1574.779 0.01717
0.30563 0.26102 0.32035 0.51397 0.02898 0.016 1574.815 0.01719
0.30606 0.26139 0.32080 0.51469 0.03080 0.123 1574.852 0.01722
0.30648 0.26175 0.32124 0.51541 0.03261 0.207 1574.889 0.01724
0.30691 0.26212 0.32169 0.51612 0.03442 0.207 1574.926 0.01727
0.30734 0.26248 0.32214 0.51684 0.03623 0.272 1574.962 0.01729
0.30776 0.26285 0.32259 0.51756 0.03804 0.336 1574.999 0.01731
0.30819 0.26321 0.32303 0.51828 0.03986 0.550 1575.036 0.01734
0.30862 0.26358 0.32348 0.51900 0.04167 0.636 1575.072 0.01736
0.30905 0.26394 0.32393 0.51972 0.04348 0.957 1575.109 0.01738
0.30947 0.26431 0.32438 0.52043 0.04529 0.786 1575.146 0.01741
0.30990 0.26467 0.32482 0.52115 0.04711 0.937 1575.183 0.01743
0.31033 0.26504 0.32527 0.52187 0.04892 1.023 1575.219 0.01746
0.31075 0.26540 0.32572 0.52259 0.05073 1.195 1575.256 0.01748
0.31118 0.26577 0.32617 0.52331 0.05254 1.110 1575.293 0.01750
0.31161 0.26613 0.32661 0.52402 0.05436 0.895 1575.329 0.01753
0.31203 0.26650 0.32706 0.52474 0.05617 0.746 1575.366 0.01755
0.31246 0.26686 0.32751 0.52546 0.05798 1.090 1575.403 0.01757
0.31289 0.26723 0.32796 0.52618 0.05980 0.983 1575.440 0.01760
0.31332 0.26759 0.32841 0.52690 0.06161 0.833 1575.476 0.01762
0.31374 0.26796 0.32885 0.52762 0.06342 1.092 1575.513 0.01765
0.31417 0.26832 0.32930 0.52833 0.06524 1.028 1575.550 0.01767
0.31460 0.26868 0.32975 0.52905 0.06705 1.093 1575.586 0.01769
0.31503 0.26905 0.33020 0.52977 0.06886 1.051 1575.623 0.01772
0.31545 0.26941 0.33064 0.53049 0.07068 1.246 1575.660 0.01774
0.31588 0.26978 0.33109 0.53121 0.07249 0.988 1575.697 0.01776
0.31631 0.27014 0.33154 0.53193 0.07430 1.097 1575.733 0.01779
0.31673 0.27051 0.33199 0.53265 0.07612 0.968 1575.770 0.01781
0.31716 0.27087 0.33244 0.53336 0.07793 0.773 1575.807 0.01783
0.31759 0.27124 0.33288 0.53408 0.07974 0.991 1575.843 0.01786
0.31802 0.27160 0.33333 0.53480 0.08156 0.883 1575.880 0.01788
0.31844 0.27197 0.33378 0.53552 0.08337 1.188 1575.917 0.01791
0.31887 0.27233 0.33423 0.53624 0.08518 1.145 1575.954 0.01793
0.31930 0.27270 0.33468 0.53696 0.08700 0.755 1575.990 0.01795
0.31973 0.27306 0.33512 0.53768 0.08881 0.778 1576.027 0.01798
0.32015 0.27343 0.33557 0.53840 0.09063 1.040 1576.064 0.01800
0.32058 0.27379 0.33602 0.53911 0.09244 1.128 1576.100 0.01802
0.32101 0.27416 0.33647 0.53983 0.09426 0.867 1576.137 0.01805
0.32144 0.27452 0.33692 0.54055 0.09607 0.714 1576.174 0.01807
0.32186 0.27489 0.33736 0.54127 0.09788 0.802 1576.211 0.01810
0.32229 0.27525 0.33781 0.54199 0.09970 0.911 1576.247 0.01812
0.32272 0.27562 0.33826 0.54271 0.10151 1.087 1576.284 0.01814
0.32315 0.27599 0.33871 0.54343 0.10333 0.847 1576.321 0.01817
0.32357 0.27635 0.33916 0.54415 0.10514 0.891 1576.357 0.01819
0.32400 0.27672 0.33960 0.54487 0.10696 0.936 1576.394 0.01821
0.32443 0.27708 0.34005 0.54559 0.10877 1.244 1576.431 0.01824
0.32486 0.27745 0.34050 0.54630 0.11059 0.849 1576.468 0.01826
0.32528 0.27781 0.34095 0.54702 0.11240 1.289 1576.504 0.01829
0.32571 0.27818 0.34140 0.54774 0.11422 0.916 1576.541 0.01831
0.32614 0.27854 0.34185 0.54846 0.11603 1.004 1576.578 0.01833
0.32657 0.27891 0.34229 0.54918 0.11785 0.895 1576.614 0.01836
0.32699 0.27927 0.34274 0.54990 0.11966 1.138 1576.651 0.01838
0.32742 0.27964 0.34319 0.55062 0.12148 1.183 1576.688 0.01840
0.32785 0.28000 0.34364 0.55134 0.12329 1.029 1576.725 0.01843
0.32828 0.28037 0.34409 0.55206 0.12511 1.008 1576.761 0.01845
0.32871 0.28073 0.34453 0.55278 0.12692 1.207 1576.798 0.01848
0.32913 0.28110 0.34498 0.55350 0.12874 1.075 1576.835 0.01850
0.32956 0.28146 0.34543 0.55422 0.13055 0.943 1576.871 0.01852
0.32999 0.28183 0.34588 0.55494 0.13237 0.811 1576.908 0.01855
0.33042 0.28219 0.34633 0.55565 0.13418 0.900 1576.945 0.01857
0.33084 0.28256 0.34678 0.55637 0.13600 0.967 1576.982 0.01859
0.33127 0.28293 0.34723 0.55709 0.13782 1.100 1577.018 0.01862
0.33170 0.28329 0.34767 0.55781 0.13963 0.990 1577.055 0.01864
0.33213 0.28366 0.34812 0.55853 0.14145 0.702 1577.092 0.01866
0.33256 0.28402 0.34857 0.55925 0.14326 1.125 1577.128 0.01869
0.33298 0.28439 0.34902 0.55997 0.14508 1.170 1577.165 0.01871
0.33341 0.28475 0.34947 0.56069 0.14689 1.193 1577.202 0.01874
0.33384 0.28512 0.34992 0.56141 0.14871 0.837 1577.239 0.01876
0.33427 0.28548 0.35036 0.56213 0.15053 1.217 1577.275 0.01878
0.33469 0.28585 0.35081 0.56285 0.15234 0.883 1577.312 0.01881
0.33512 0.28621 0.35126 0.56357 0.15416 0.951 1577.349 0.01883
0.33555 0.28658 0.35171 0.56429 0.15598 0.996 1577.385 0.01885
0.33598 0.28695 0.35216 0.56501 0.15779 0.953 1577.422 0.01888
0.33641 0.28731 0.35261 0.56573 0.15961 1.021 1577.459 0.01890
0.33683 0.28768 0.35306 0.56645 0.16143 1.155 1577.496 0.01893
0.33726 0.28804 0.35350 0.56717 0.16324 0.933 1577.532 0.01895
0.33769 0.28841 0.35395 0.56789 0.16506 0.643 1577.569 0.01897
0.33812 0.28877 0.35440 0.56861 0.16688 1.203 1577.606 0.01900
0.33855 0.28914 0.35485 0.56933 0.16869 1.137 1577.642 0.01902
0.33897 0.28950 0.35530 0.57005 0.17051 0.667 1577.679 0.01904
0.33940 0.28987 0.35575 0.57077 0.17233 0.645 1577.716 0.01907
0.33983 0.29024 0.35620 0.57149 0.17414 1.049 1577.753 0.01909
0.34026 0.29060 0.35665 0.57221 0.17596 1.298 1577.789 0.01912
0.34069 0.29097 0.35709 0.57293 0.17778 0.939 1577.826 0.01914
0.34112 0.29133 0.35754 0.57365 0.17959 0.804 1577.863 0.01916
0.34154 0.29170 0.35799 0.57437 0.18141 1.007 1577.899 0.01919
0.34197 0.29206 0.35844 0.57509 0.18323 1.233 1577.936 0.01921
0.34240 0.29243 0.35889 0.57581 0.18505 1.054 1577.973 0.01923
0.34283 0.29280 0.35934 0.57653 0.18686 0.874 1578.010 0.01926
0.34326 0.29316 0.35979 0.57725 0.18868 0.921 1578.046 0.01928
0.34368 0.29353 0.36024 0.57797 0.19050 1.101 1578.083 0.01931
0.34411 0.29389 0.36069 0.57869 0.19232 1.170 1578.120 0.01933
0.34454 0.29426 0.36113 0.57941 0.19413 0.741 1578.156 0.01935
0.34497 0.29462 0.36158 0.58013 0.19595 1.148 1578.193 0.01938
0.34540 0.29499 0.36203 0.58085 0.19777 1.260 1578.230 0.01940
0.34583 0.29536 0.36248 0.58157 0.19959 0.853 1578.267 0.01942
0.34625 0.29572 0.36293 0.58229 0.20141 0.899 1578.303 0.01945
0.34668 0.29609 0.36338 0.58301 0.20322 0.854 1578.340 0.01947
0.34711 0.29645 0.36383 0.58373 0.20504 0.945 1578.377 0.01949
0.34754 0.29682 0.36428 0.58445 0.20686 0.810 1578.413 0.01952
0.34797 0.29718 0.36473 0.58517 0.20868 0.855 1578.450 0.01954
0.34840 0.29755 0.36517 0.58589 0.21050 1.105 1578.487 0.01957
0.34882 0.29792 0.36562 0.58661 0.21231 1.060 1578.524 0.01959
0.34925 0.29828 0.36607 0.58733 0.21413 1.220 1578.560 0.01961
0.34968 0.29865 0.36652 0.58805 0.21595 0.947 1578.597 0.01964
0.35011 0.29901 0.36697 0.58877 0.21777 0.902 1578.634 0.01966
0.35054 0.29938 0.36742 0.58949 0.21959 1.198 1578.670 0.01968
0.35097 0.29975 0.36787 0.59022 0.22141 0.994 1578.707 0.01971
0.35140 0.30011 0.36832 0.59094 0.22323 1.336 1578.744 0.01973
0.35182 0.30048 0.36877 0.59166 0.22504 0.881 1578.781 0.01976
0.35225 0.30084 0.36922 0.59238 0.22686 1.040 1578.817 0.01978
0.35268 0.30121 0.36967 0.59310 0.22868 1.109 1578.854 0.01980
0.35311 0.30158 0.37012 0.59382 0.23050 0.839 1578.891 0.01983
0.35354 0.30194 0.37056 0.59454 0.23232 0.838 1578.927 0.01985
0.35397 0.30231 0.37101 0.59526 0.23414 0.871 1578.964 0.01987
0.35440 0.30267 0.37146 0.59598 0.23596 1.192 1579.001 0.01990
0.35482 0.30304 0.37191 0.59670 0.23778 1.088 1579.038 0.01992
0.35525 0.30341 0.37236 0.59742 0.23960 1.124 1579.074 0.01995
0.35568 0.30377 0.37281 0.59814 0.24142 1.094 1579.111 0.01997
0.35611 0.30414 0.37326 0.59886 0.24324 1.230 1579.148 0.01999
0.35654 0.30451 0.37371 0.59959 0.24505 0.954 1579.184 0.02002
0.35697 0.30487 0.37416 0.60031 0.24687 1.025 1579.221 0.02004
0.35740 0.30524 0.37461 0.60103 0.24869 1.029 1579.258 0.02006
0.35783 0.30560 0.37506 0.60175 0.25051 0.902 1579.294 0.02009
0.35825 0.30597 0.37551 0.60247 0.25233 0.887 1579.331 0.02011
0.35868 0.30634 0.37596 0.60319 0.25415 0.890 1579.368 0.02014
0.35911 0.30670 0.37641 0.60391 0.25597 1.083 1579.405 0.02016
0.35954 0.30707 0.37686 0.60463 0.25779 0.767 1579.441 0.02018
0.35997 0.30743 0.37730 0.60535 0.25961 0.860 1579.478 0.02021
0.36040 0.30780 0.37775 0.60607 0.26143 0.928 1579.515 0.02023
0.36083 0.30817 0.37820 0.60680 0.26325 0.984 1579.551 0.02025
0.36126 0.30853 0.37865 0.60752 0.26507 1.004 1579.588 0.02028
0.36168 0.30890 0.37910 0.60824 0.26689 0.883 1579.625 0.02030
0.36211 0.30927 0.37955 0.60896 0.26871 1.056 1579.662 0.02032
0.36254 0.30963 0.38000 0.60968 0.27053 0.998 1579.698 0.02035
0.36297 0.31000 0.38045 0.61040 0.27235 1.020 1579.735 0.02037
0.36340 0.31036 0.38090 0.61112 0.27417 0.898 1579.772 0.02040
0.36383 0.31073 0.38135 0.61184 0.27599 1.079 1579.808 0.02042
0.36426 0.31110 0.38180 0.61257 0.27782 0.843 1579.845 0.02044
0.36469 0.31146 0.38225 0.61329 0.27964 0.875 1579.882 0.02047
0.36512 0.31183 0.38270 0.61401 0.28146 0.724 1579.919 0.02049
0.36555 0.31220 0.38315 0.61473 0.28328 0.887 1579.955 0.02051
0.36597 0.31256 0.38360 0.61545 0.28510 1.058 1579.992 0.02054
0.36640 0.31293 0.38405 0.61617 0.28692 1.070 1580.029 0.02056
0.36683 0.31330 0.38450 0.61689 0.28874 0.935 1580.065 0.02059
0.36726 0.31366 0.38495 0.61762 0.29056 1.133 1580.102 0.02061
0.36769 0.31403 0.38540 0.61834 0.29238 1.017 1580.139 0.02063
0.36812 0.31440 0.38585 0.61906 0.29420 0.969 1580.176 0.02066
0.36855 0.31476 0.38630 0.61978 0.29602 1.072 1580.212 0.02068
0.36898 0.31513 0.38675 0.62050 0.29785 0.972 1580.249 0.02070
0.36941 0.31549 0.38720 0.62122 0.29967 0.864 1580.286 0.02073
0.36984 0.31586 0.38765 0.62195 0.30149 1.133 1580.322 0.02075
0.37027 0.31623 0.38810 0.62267 0.30331 1.133 1580.359 0.02078
0.37069 0.31659 0.38855 0.62339 0.30513 1.063 1580.396 0.02080
0.37112 0.31696 0.38900 0.62411 0.30695 0.961 1580.433 0.02082
0.37155 0.31733 0.38945 0.62483 0.30877 1.006 1580.469 0.02085
0.37198 0.31769 0.38990 0.62555 0.31060 1.041 1580.506 0.02087
0.37241 0.31806 0.39035 0.62628 0.31242 1.022 1580.543 0.02089
0.37284 0.31843 0.39080 0.62700 0.31424 1.010 1580.579 0.02092
0.37327 0.31879 0.39125 0.62772 0.31606 0.792 1580.616 0.02094
0.37370 0.31916 0.39170 0.62844 0.31788 0.813 1580.653 0.02096
0.37413 0.31953 0.39215 0.62916 0.31971 0.851 1580.690 0.02099
0.37456 0.31989 0.39260 0.62989 0.32153 1.001 1580.726 0.02101
0.37499 0.32026 0.39305 0.63061 0.32335 0.990 1580.763 0.02104
0.37542 0.32063 0.39350 0.63133 0.32517 1.201 1580.800 0.02106
0.37585 0.32099 0.39395 0.63205 0.32699 1.058 1580.836 0.02108
0.37628 0.32136 0.39440 0.63277 0.32882 0.977 1580.873 0.02111
0.37670 0.32173 0.39485 0.63350 0.33064 0.965 1580.910 0.02113
0.37713 0.32209 0.39530 0.63422 0.33246 0.732 1580.947 0.02115
0.37756 0.32246 0.39575 0.63494 0.33428 1.002 1580.983 0.02118
0.37799 0.32283 0.39620 0.63566 0.33611 1.049 1581.020 0.02120
0.37842 0.32319 0.39665 0.63639 0.33793 1.082 1581.057 0.02123
0.37885 0.32356 0.39710 0.63711 0.33975 0.827 1581.093 0.02125
0.37928 0.32393 0.39755 0.63783 0.34158 1.003 1581.130 0.02127
0.37971 0.32429 0.39800 0.63855 0.34340 1.017 1581.167 0.02130
0.38014 0.32466 0.39845 0.63927 0.34522 0.912 1581.204 0.02132
0.38057 0.32503 0.39890 0.64000 0.34704 0.887 1581.240 0.02134
0.38100 0.32540 0.39935 0.64072 0.34887 0.935 1581.277 0.02137
0.38143 0.32576 0.39980 0.64144 0.35069 0.919 1581.314 0.02139
0.38186 0.32613 0.40025 0.64216 0.35251 0.958 1581.350 0.02142
0.38229 0.32650 0.40070 0.64289 0.35434 0.908 1581.387 0.02144
0.38272 0.32686 0.40115 0.64361 0.35616 0.845 1581.424 0.02146
0.38315 0.32723 0.40160 0.64433 0.35798 0.586 1581.461 0.02149
0.38358 0.32760 0.40205 0.64505 0.35981 0.854 1581.497 0.02151
0.38401 0.32796 0.40250 0.64578 0.36163 0.585 1581.534 0.02153
0.38444 0.32833 0.40295 0.64650 0.36345 0.316 1581.571 0.02156
0.38487 0.32870 0.40340 0.64722 0.36528 0.189 1581.607 0.02158
0.38530 0.32906 0.40385 0.64794 0.36710 0.049 1581.644 0.02161
0.38572 0.32943 0.40430 0.64867 0.36892 0.073 1581.681 0.02163
0.38615 0.32980 0.40475 0.64939 0.37075 0.026 1581.718 0.02165
0.38658 0.33017 0.40520 0.65011 0.37257 0.107 1581.754 0.02168
0.38701 0.33053 0.40565 0.65083 0.37440 0.096 1581.791 0.02170
0.38744 0.33090 0.40610 0.65156 0.37622 0.038 1581.828 0.02172
0.38787 0.33127 0.40655 0.65228 0.37804 0.015 1581.864 0.02175
0.38830 0.33163 0.40700 0.65300 0.37987 0.073 1581.901 0.02177
0.38873 0.33200 0.40745 0.65373 0.38169 0.003 1581.938 0.02179
0.38916 0.33237 0.40790 0.65445 0.38352 0.050 1581.975 0.02182
0.38959 0.33273 0.40836 0.65517 0.38534 0.051 1582.011 0.02184
0.39002 0.33310 0.40881 0.65589 0.38716 0.064 1582.048 0.02187
0.39045 0.33347 0.40926 0.65662 0.38899 0.134 1582.085 0.02189
0.39088 0.33384 0.40971 0.65734 0.39081 0.324 1582.121 0.02191
0.39131 0.33420 0.41016 0.65806 0.39264 0.518 1582.158 0.02194
0.39174 0.33457 0.41061 0.65879 0.39446 0.512 1582.195 0.02196
0.39217 0.33494 0.41106 0.65951 0.39629 0.773 1582.232 0.02198
0.39260 0.33530 0.41151 0.66023 0.39811 1.058 1582.268 0.02201
0.39303 0.33567 0.41196 0.66095 0.39994 0.963 1582.305 0.02203
0.39346 0.33604 0.41241 0.66168 0.40176 0.916 1582.342 0.02206
0.39389 0.33641 0.41286 0.66240 0.40359 0.873 1582.378 0.02208
0.39432 0.33677 0.41331 0.66312 0.40541 1.180 1582.415 0.02210
0.39475 0.33714 0.41376 0.66385 0.40724 0.947 1582.452 0.02213
0.39518 0.33751 0.41421 0.66457 0.40906 1.075 1582.489 0.02215
0.39561 0.33788 0.41466 0.66529 0.41089 0.944 1582.525 0.02217
0.39604 0.33824 0.41511 0.66602 0.41271 0.999 1582.562 0.02220
0.39647 0.33861 0.41557 0.66674 0.41454 1.078 1582.599 0.02222
0.39690 0.33898 0.41602 0.66746 0.41636 1.112 1582.635 0.02225
0.39733 0.33934 0.41647 0.66819 0.41819 1.055 1582.672 0.02227
0.39776 0.33971 0.41692 0.66891 0.42001 1.102 1582.709 0.02229
0.39819 0.34008 0.41737 0.66963 0.42184 0.963 1582.746 0.02232
0.39862 0.34045 0.41782 0.67036 0.42367 1.032 1582.782 0.02234
0.39905 0.34081 0.41827 0.67108 0.42549 1.138 1582.819 0.02236
0.39948 0.34118 0.41872 0.67180 0.42732 1.104 1582.856 0.02239
0.39991 0.34155 0.41917 0.67253 0.42914 1.071 1582.892 0.02241
0.40034 0.34192 0.41962 0.67325 0.43097 1.093 1582.929 0.02244
0.40077 0.34228 0.42007 0.67397 0.43279 0.963 1582.966 0.02246
0.40120 0.34265 0.42053 0.67470 0.43462 0.799 1583.003 0.02248
0.40163 0.34302 0.42098 0.67542 0.43645 0.939 1583.039 0.02251
0.40206 0.34339 0.42143 0.67614 0.43827 0.968 1583.076 0.02253
0.40249 0.34375 0.42188 0.67687 0.44010 0.813 1583.113 0.02255
0.40293 0.34412 0.42233 0.67759 0.44192 0.933 1583.149 0.02258
0.40336 0.34449 0.42278 0.67832 0.44375 0.941 1583.186 0.02260
0.40379 0.34486 0.42323 0.67904 0.44558 1.040 1583.223 0.02262
0.40422 0.34522 0.42368 0.67976 0.44740 1.030 1583.260 0.02265
0.40465 0.34559 0.42413 0.68049 0.44923 1.180 1583.296 0.02267
0.40508 0.34596 0.42458 0.68121 0.45106 0.946 1583.333 0.02270
0.40551 0.34633 0.42504 0.68193 0.45288 1.098 1583.370 0.02272
0.40594 0.34669 0.42549 0.68266 0.45471 0.995 1583.406 0.02274
0.40637 0.34706 0.42594 0.68338 0.45654 1.195 1583.443 0.02277
0.40680 0.34743 0.42639 0.68411 0.45836 1.007 1583.480 0.02279
0.40723 0.34780 0.42684 0.68483 0.46019 1.018 1583.517 0.02281
0.40766 0.34816 0.42729 0.68555 0.46202 1.043 1583.553 0.02284
0.40809 0.34853 0.42774 0.68628 0.46384 1.110 1583.590 0.02286
0.40852 0.34890 0.42819 0.68700 0.46567 0.916 1583.627 0.02289
0.40895 0.34927 0.42865 0.68772 0.46750 1.167 1583.663 0.02291
0.40938 0.34964 0.42910 0.68845 0.46933 1.180 1583.700 0.02293
0.40981 0.35000 0.42955 0.68917 0.47115 0.882 1583.737 0.02296
0.41024 0.35037 0.43000 0.68990 0.47298 1.025 1583.774 0.02298
0.41067 0.35074 0.43045 0.69062 0.47481 1.013 1583.810 0.02300
0.41110 0.35111 0.43090 0.69134 0.47663 0.989 1583.847 0.02303
0.41153 0.35147 0.43135 0.69207 0.47846 0.943 1583.884 0.02305
0.41196 0.35184 0.43180 0.69279 0.48029 1.001 1583.920 0.02308
0.41240 0.35221 0.43226 0.69352 0.48212 0.955 1583.957 0.02310
0.41283 0.35258 0.43271 0.69424 0.48395 1.111 1583.994 0.02312
0.41326 0.35294 0.43316 0.69497 0.48577 0.958 1584.031 0.02315
0.41369 0.35331 0.43361 0.69569 0.48760 1.076 1584.067 0.02317
0.41412 0.35368 0.43406 0.69641 0.48943 1.016 1584.104 0.02319
0.41455 0.35405 0.43451 0.69714 0.49126 1.077 1584.141 0.02322
0.41498 0.35442 0.43496 0.69786 0.49308 1.160 1584.177 0.02324
0.41541 0.35478 0.43542 0.69859 0.49491 1.017 1584.214 0.02327
0.41584 0.35515 0.43587 0.69931 0.49674 0.968 1584.251 0.02329
0.41627 0.35552 0.43632 0.70004 0.49857 1.017 1584.288 0.02331
0.41670 0.35589 0.43677 0.70076 0.50040 1.007 1584.324 0.02334
0.41713 0.35626 0.43722 0.70148 0.50223 1.111 1584.361 0.02336
0.41756 0.35662 0.43767 0.70221 0.50405 1.134 1584.398 0.02338
0.41799 0.35699 0.43812 0.70293 0.50588 0.972 1584.434 0.02341
0.41843 0.35736 0.43858 0.70366 0.50771 0.788 1584.471 0.02343
0.41886 0.35773 0.43903 0.70438 0.50954 0.981 1584.508 0.02345
0.41929 0.35810 0.43948 0.70511 0.51137 0.945 1584.544 0.02348
0.41972 0.35846 0.43993 0.70583 0.51320 1.005 1584.581 0.02350
0.42015 0.35883 0.44038 0.70656 0.51503 0.897 1584.618 0.02353
0.42058 0.35920 0.44083 0.70728 0.51685 0.990 1584.655 0.02355
0.42101 0.35957 0.44129 0.70801 0.51868 0.968 1584.691 0.02357
0.42144 0.35994 0.44174 0.70873 0.52051 1.173 1584.728 0.02360
0.42187 0.36030 0.44219 0.70945 0.52234 0.718 1584.765 0.02362
0.42230 0.36067 0.44264 0.71018 0.52417 1.054 1584.801 0.02364
0.42273 0.36104 0.44309 0.71090 0.52600 0.946 1584.838 0.02367
0.42317 0.36141 0.44354 0.71163 0.52783 1.055 1584.875 0.02369
0.42360 0.36178 0.44400 0.71235 0.52966 1.151 1584.912 0.02372
0.42403 0.36214 0.44445 0.71308 0.53149 1.030 1584.948 0.02374
0.42446 0.36251 0.44490 0.71380 0.53332 0.803 1584.985 0.02376
0.42489 0.36288 0.44535 0.71453 0.53515 1.160 1585.022 0.02379
0.42532 0.36325 0.44580 0.71525 0.53697 1.091 1585.058 0.02381
0.42575 0.36362 0.44626 0.71598 0.53880 0.827 1585.095 0.02383
0.42618 0.36398 0.44671 0.71670 0.54063 1.116 1585.132 0.02386
0.42661 0.36435 0.44716 0.71743 0.54246 0.922 1585.169 0.02388
0.42704 0.36472 0.44761 0.71815 0.54429 0.874 1585.205 0.02391
0.42748 0.36509 0.44806 0.71888 0.54612 0.959 1585.242 0.02393
0.42791 0.36546 0.44851 0.71960 0.54795 0.995 1585.279 0.02395
0.42834 0.36583 0.44897 0.72033 0.54978 0.923 1585.315 0.02398
0.42877 0.36619 0.44942 0.72105 0.55161 1.173 1585.352 0.02400
0.42920 0.36656 0.44987 0.72178 0.55344 0.909 1585.389 0.02402
0.42963 0.36693 0.45032 0.72250 0.55527 0.898 1585.426 0.02405
0.43006 0.36730 0.45077 0.72323 0.55710 0.993 1585.462 0.02407
0.43049 0.36767 0.45123 0.72395 0.55893 0.947 1585.499 0.02410
0.43093 0.36804 0.45168 0.72468 0.56076 1.139 1585.536 0.02412
0.43136 0.36840 0.45213 0.72540 0.56259 1.116 1585.572 0.02414
0.43179 0.36877 0.45258 0.72613 0.56442 0.911 1585.609 0.02417
0.43222 0.36914 0.45303 0.72686 0.56626 0.995 1585.646 0.02419
0.43265 0.36951 0.45349 0.72758 0.56809 1.008 1585.683 0.02421
0.43308 0.36988 0.45394 0.72831 0.56992 1.104 1585.719 0.02424
0.43351 0.37025 0.45439 0.72903 0.57175 1.031 1585.756 0.02426
0.43394 0.37061 0.45484 0.72976 0.57358 1.141 1585.793 0.02428
0.43438 0.37098 0.45530 0.73048 0.57541 0.964 1585.829 0.02431
0.43481 0.37135 0.45575 0.73121 0.57724 0.818 1585.866 0.02433
0.43524 0.37172 0.45620 0.73193 0.57907 1.021 1585.903 0.02436
0.43567 0.37209 0.45665 0.73266 0.58090 0.950 1585.940 0.02438
0.43610 0.37246 0.45710 0.73338 0.58273 0.962 1585.976 0.02440
0.43653 0.37282 0.45756 0.73411 0.58456 1.000 1586.013 0.02443
0.43696 0.37319 0.45801 0.73484 0.58639 0.843 1586.050 0.02445
0.43740 0.37356 0.45846 0.73556 0.58823 0.866 1586.086 0.02447
0.43783 0.37393 0.45891 0.73629 0.59006 1.000 1586.123 0.02450
0.43826 0.37430 0.45937 0.73701 0.59189 0.925 1586.160 0.02452
0.43869 0.37467 0.45982 0.73774 0.59372 0.914 1586.197 0.02455
0.43912 0.37504 0.46027 0.73846 0.59555 0.868 1586.233 0.02457
0.43955 0.37540 0.46072 0.73919 0.59738 0.768 1586.270 0.02459
0.43999 0.37577 0.46117 0.73992 0.59921 0.899 1586.307 0.02462
0.44042 0.37614 0.46163 0.74064 0.60105 0.700 1586.343 0.02464
0.44085 0.37651 0.46208 0.74137 0.60288 0.949 1586.380 0.02466
0.44128 0.37688 0.46253 0.74209 0.60471 0.760 1586.417 0.02469
0.44171 0.37725 0.46298 0.74282 0.60654 0.855 1586.454 0.02471
0.44214 0.37762 0.46344 0.74354 0.60837 1.034 1586.490 0.02474
0.44258 0.37798 0.46389 0.74427 0.61021 0.901 1586.527 0.02476
0.44301 0.37835 0.46434 0.74500 0.61204 1.022 1586.564 0.02478
0.44344 0.37872 0.46479 0.74572 0.61387 1.046 1586.600 0.02481
0.44387 0.37909 0.46525 0.74645 0.61570 1.085 1586.637 0.02483
0.44430 0.37946 0.46570 0.74717 0.61753 1.084 1586.674 0.02485
0.44473 0.37983 0.46615 0.74790 0.61937 0.805 1586.711 0.02488
0.44517 0.38020 0.46660 0.74863 0.62120 1.043 1586.747 0.02490
0.44560 0.38057 0.46706 0.74935 0.62303 1.251 1586.784 0.02493
0.44603 0.38093 0.46751 0.75008 0.62486 1.157 1586.821 0.02495
0.44646 0.38130 0.46796 0.75080 0.62670 1.059 1586.857 0.02497
0.44689 0.38167 0.46841 0.75153 0.62853 1.097 1586.894 0.02500
0.44732 0.38204 0.46887 0.75226 0.63036 0.965 1586.931 0.02502
0.44776 0.38241 0.46932 0.75298 0.63219 0.975 1586.968 0.02504
0.44819 0.38278 0.46977 0.75371 0.63403 1.094 1587.004 0.02507
0.44862 0.38315 0.47022 0.75444 0.63586 0.915 1587.041 0.02509
0.44905 0.38352 0.47068 0.75516 0.63769 0.962 1587.078 0.02511
0.44948 0.38388 0.47113 0.75589 0.63953 0.854 1587.114 0.02514
0.44992 0.38425 0.47158 0.75661 0.64136 0.902 1587.151 0.02516
0.45035 0.38462 0.47204 0.75734 0.64319 0.734 1587.188 0.02519
0.45078 0.38499 0.47249 0.75807 0.64503 1.145 1587.225 0.02521
0.45121 0.38536 0.47294 0.75879 0.64686 0.927 1587.261 0.02523
0.45164 0.38573 0.47339 0.75952 0.64869 0.879 1587.298 0.02526
0.45208 0.38610 0.47385 0.76025 0.65053 0.940 1587.335 0.02528
0.45251 0.38647 0.47430 0.76097 0.65236 0.927 1587.371 0.02530
0.45294 0.38684 0.47475 0.76170 0.65419 0.984 1587.408 0.02533
0.45337 0.38721 0.47520 0.76243 0.65603 1.011 1587.445 0.02535
0.45380 0.38757 0.47566 0.76315 0.65786 0.929 1587.482 0.02538
0.45424 0.38794 0.47611 0.76388 0.65969 1.048 1587.518 0.02540
0.45467 0.38831 0.47656 0.76461 0.66153 0.797 1587.555 0.02542
0.45510 0.38868 0.47702 0.76533 0.66336 0.977 1587.592 0.02545
0.45553 0.38905 0.47747 0.76606 0.66519 0.820 1587.628 0.02547
0.45596 0.38942 0.47792 0.76679 0.66703 0.962 1587.665 0.02549
0.45640 0.38979 0.47837 0.76751 0.66886 0.785 1587.702 0.02552
0.45683 0.39016 0.47883 0.76824 0.67070 0.940 1587.739 0.02554
0.45726 0.39053 0.47928 0.76897 0.67253 0.856 1587.775 0.02557
0.45769 0.39090 0.47973 0.76969 0.67437 0.761 1587.812 0.02559
0.45812 0.39126 0.48019 0.77042 0.67620 0.856 1587.849 0.02561
0.45856 0.39163 0.48064 0.77115 0.67803 1.001 1587.885 0.02564
0.45899 0.39200 0.48109 0.77187 0.67987 0.830 1587.922 0.02566
0.45942 0.39237 0.48155 0.77260 0.68170 0.989 1587.959 0.02568
0.45985 0.39274 0.48200 0.77333 0.68354 1.011 1587.996 0.02571
0.46029 0.39311 0.48245 0.77405 0.68537 0.950 1588.032 0.02573
0.46072 0.39348 0.48291 0.77478 0.68721 0.820 1588.069 0.02576
0.46115 0.39385 0.48336 0.77551 0.68904 1.144 1588.106 0.02578
0.46158 0.39422 0.48381 0.77623 0.69088 1.106 1588.142 0.02580
0.46201 0.39459 0.48426 0.77696 0.69271 0.929 1588.179 0.02583
0.46245 0.39496 0.48472 0.77769 0.69455 0.919 1588.216 0.02585
0.46288 0.39533 0.48517 0.77842 0.69638 0.952 1588.253 0.02587
0.46331 0.39569 0.48562 0.77914 0.69822 1.049 1588.289 0.02590
0.46374 0.39606 0.48608 0.77987 0.70005 1.144 1588.326 0.02592
0.46418 0.39643 0.48653 0.78060 0.70189 1.059 1588.363 0.02594
0.46461 0.39680 0.48698 0.78132 0.70372 0.889 1588.399 0.02597
0.46504 0.39717 0.48744 0.78205 0.70556 1.104 1588.436 0.02599
0.46547 0.39754 0.48789 0.78278 0.70739 0.957 1588.473 0.02602
0.46591 0.39791 0.48834 0.78351 0.70923 0.979 1588.510 0.02604
0.46634 0.39828 0.48880 0.78423 0.71106 1.060 1588.546 0.02606
0.46677 0.39865 0.48925 0.78496 0.71290 0.873 1588.583 0.02609
0.46720 0.39902 0.48970 0.78569 0.71473 0.671 1588.620 0.02611
0.46764 0.39939 0.49016 0.78641 0.71657 0.607 1588.656 0.02613
0.46807 0.39976 0.49061 0.78714 0.71840 0.599 1588.693 0.02616
0.46850 0.40013 0.49106 0.78787 0.72024 0.656 1588.730 0.02618
0.46893 0.40050 0.49152 0.78860 0.72208 0.517 1588.767 0.02621
0.46937 0.40087 0.49197 0.78932 0.72391 0.439 1588.803 0.02623
0.46980 0.40124 0.49242 0.79005 0.72575 0.373 1588.840 0.02625
0.47023 0.40160 0.49288 0.79078 0.72758 0.371 1588.877 0.02628
0.47066 0.40197 0.49333 0.79151 0.72942 0.196 1588.913 0.02630
0.47110 0.40234 0.49378 0.79223 0.73126 0.441 1588.950 0.02632
0.47153 0.40271 0.49424 0.79296 0.73309 0.383 1588.987 0.02635
0.47196 0.40308 0.49469 0.79369 0.73493 0.337 1589.024 0.02637
0.47239 0.40345 0.49514 0.79442 0.73676 0.460 1589.060 0.02640
0.47283 0.40382 0.49560 0.79514 0.73860 0.627 1589.097 0.02642
0.47326 0.40419 0.49605 0.79587 0.74044 0.578 1589.134 0.02644
0.47369 0.40456 0.49650 0.79660 0.74227 0.700 1589.170 0.02647
0.47413 0.40493 0.49696 0.79733 0.74411 0.782 1589.207 0.02649
0.47456 0.40530 0.49741 0.79806 0.74595 0.650 1589.244 0.02651
0.47499 0.40567 0.49787 0.79878 0.74778 0.854 1589.281 0.02654
0.47542 0.40604 0.49832 0.79951 0.74962 0.517 1589.317 0.02656
0.47586 0.40641 0.49877 0.80024 0.75146 0.482 1589.354 0.02659
0.47629 0.40678 0.49923 0.80097 0.75329 0.171 1589.391 0.02661
0.47672 0.40715 0.49968 0.80169 0.75513 0.172 1589.427 0.02663
0.47715 0.40752 0.50013 0.80242 0.75697 0.063 1589.464 0.02666
0.47759 0.40789 0.50059 0.80315 0.75881 0.074 1589.501 0.02668
0.47802 0.40826 0.50104 0.80388 0.76064 0.039 1589.538 0.02670
0.47845 0.40863 0.50149 0.80461 0.76248 0.110 1589.574 0.02673
0.47889 0.40900 0.50195 0.80533 0.76432 0.074 1589.611 0.02675
0.47932 0.40937 0.50240 0.80606 0.76615 0.074 1589.648 0.02677
0.47975 0.40974 0.50286 0.80679 0.76799 0.264 1589.684 0.02680
0.48019 0.41011 0.50331 0.80752 0.76983 0.299 1589.721 0.02682
0.48062 0.41048 0.50376 0.80825 0.77167 0.503 1589.758 0.02685
0.48105 0.41085 0.50422 0.80897 0.77350 0.837 1589.794 0.02687
0.48148 0.41122 0.50467 0.80970 0.77534 0.751 1589.831 0.02689
0.48192 0.41158 0.50513 0.81043 0.77718 1.013 1589.868 0.02692
0.48235 0.41195 0.50558 0.81116 0.77902 0.716 1589.905 0.02694
0.48278 0.41232 0.50603 0.81189 0.78085 1.013 1589.941 0.02696
0.48322 0.41269 0.50649 0.81262 0.78269 0.883 1589.978 0.02699
0.48365 0.41306 0.50694 0.81334 0.78453 1.063 1590.015 0.02701
0.48408 0.41343 0.50739 0.81407 0.78637 0.845 1590.051 0.02704
0.48452 0.41380 0.50785 0.81480 0.78821 1.038 1590.088 0.02706
0.48495 0.41417 0.50830 0.81553 0.79004 1.038 1590.125 0.02708
0.48538 0.41454 0.50876 0.81626 0.79188 0.881 1590.162 0.02711
0.48581 0.41491 0.50921 0.81698 0.79372 0.977 1590.198 0.02713
0.48625 0.41528 0.50966 0.81771 0.79556 0.918 1590.235 0.02715
0.48668 0.41565 0.51012 0.81844 0.79740 0.965 1590.272 0.02718
0.48711 0.41602 0.51057 0.81917 0.79924 1.128 1590.308 0.02720
0.48755 0.41639 0.51103 0.81990 0.80108 0.965 1590.345 0.02723
0.48798 0.41676 0.51148 0.82063 0.80291 1.142 1590.382 0.02725
0.48841 0.41713 0.51193 0.82136 0.80475 1.010 1590.419 0.02727
0.48885 0.41750 0.51239 0.82208 0.80659 1.045 1590.455 0.02730
0.48928 0.41787 0.51284 0.82281 0.80843 0.890 1590.492 0.02732
0.48971 0.41824 0.51330 0.82354 0.81027 0.938 1590.529 0.02734
0.49015 0.41861 0.51375 0.82427 0.81211 1.174 1590.565 0.02737
0.49058 0.41898 0.51421 0.82500 0.81395 0.784 1590.602 0.02739
0.49101 0.41935 0.51466 0.82573 0.81579 1.058 1590.639 0.02742
0.49145 0.41972 0.51511 0.82646 0.81762 0.808 1590.676 0.02744
0.49188 0.42009 0.51557 0.82718 0.81946 1.034 1590.712 0.02746
0.49231 0.42046 0.51602 0.82791 0.82130 0.794 1590.749 0.02749
0.49275 0.42083 0.51648 0.82864 0.82314 0.984 1590.786 0.02751
0.49318 0.42120 0.51693 0.82937 0.82498 1.066 1590.822 0.02753
0.49361 0.42157 0.51738 0.83010 0.82682 1.066 1590.859 0.02756
0.49405 0.42194 0.51784 0.83083 0.82866 1.043 1590.896 0.02758
0.49448 0.42231 0.51829 0.83156 0.83050 1.066 1590.933 0.02760
0.49491 0.42268 0.51875 0.83229 0.83234 0.934 1590.969 0.02763
0.49535 0.42305 0.51920 0.83302 0.83418 1.194 1591.006 0.02765
0.49578 0.42343 0.51966 0.83374 0.83602 0.934 1591.043 0.02768
0.49621 0.42380 0.52011 0.83447 0.83786 0.791 1591.079 0.02770
0.49665 0.42417 0.52057 0.83520 0.83970 0.803 1591.116 0.02772
0.49708 0.42454 0.52102 0.83593 0.84154 0.944 1591.153 0.02775
0.49751 0.42491 0.52147 0.83666 0.84338 0.885 1591.190 0.02777
0.49795 0.42528 0.52193 0.83739 0.84522 0.837 1591.226 0.02779
0.49838 0.42565 0.52238 0.83812 0.84706 0.825 1591.263 0.02782
0.49882 0.42602 0.52284 0.83885 0.84890 1.132 1591.300 0.02784
0.49925 0.42639 0.52329 0.83958 0.85074 0.931 1591.336 0.02787
0.49968 0.42676 0.52375 0.84031 0.85258 0.978 1591.373 0.02789
0.50012 0.42713 0.52420 0.84104 0.85442 1.049 1591.410 0.02791
0.50055 0.42750 0.52466 0.84176 0.85626 0.883 1591.447 0.02794
0.50098 0.42787 0.52511 0.84249 0.85810 1.212 1591.483 0.02796
0.50142 0.42824 0.52556 0.84322 0.85994 0.823 1591.520 0.02798
0.50185 0.42861 0.52602 0.84395 0.86178 1.001 1591.557 0.02801
0.50228 0.42898 0.52647 0.84468 0.86362 1.011 1591.593 0.02803
0.50272 0.42935 0.52693 0.84541 0.86546 1.025 1591.630 0.02806
0.50315 0.42972 0.52738 0.84614 0.86730 1.047 1591.667 0.02808
0.50359 0.43009 0.52784 0.84687 0.86914 0.965 1591.704 0.02810
0.50402 0.43046 0.52829 0.84760 0.87098 1.034 1591.740 0.02813
0.50445 0.43083 0.52875 0.84833 0.87283 0.833 1591.777 0.02815
0.50489 0.43120 0.52920 0.84906 0.87467 0.880 1591.814 0.02817
0.50532 0.43157 0.52966 0.84979 0.87651 0.939 1591.850 0.02820
0.50575 0.43194 0.53011 0.85052 0.87835 0.880 1591.887 0.02822
0.50619 0.43231 0.53057 0.85125 0.88019 1.019 1591.924 0.02825
0.50662 0.43268 0.53102 0.85198 0.88203 1.162 1591.961 0.02827
0.50706 0.43305 0.53147 0.85271 0.88387 0.844 1591.997 0.02829
0.50749 0.43343 0.53193 0.85344 0.88571 1.160 1592.034 0.02832
0.50792 0.43380 0.53238 0.85416 0.88755 0.962 1592.071 0.02834
0.50836 0.43417 0.53284 0.85489 0.88940 1.033 1592.107 0.02836
0.50879 0.43454 0.53329 0.85562 0.89124 0.975 1592.144 0.02839
0.50922 0.43491 0.53375 0.85635 0.89308 0.881 1592.181 0.02841
0.50966 0.43528 0.53420 0.85708 0.89492 0.929 1592.218 0.02843
0.51009 0.43565 0.53466 0.85781 0.89676 0.996 1592.254 0.02846
0.51053 0.43602 0.53511 0.85854 0.89860 0.962 1592.291 0.02848
0.51096 0.43639 0.53557 0.85927 0.90045 1.067 1592.328 0.02851
0.51139 0.43676 0.53602 0.86000 0.90229 1.006 1592.364 0.02853
0.51183 0.43713 0.53648 0.86073 0.90413 0.877 1592.401 0.02855
0.51226 0.43750 0.53693 0.86146 0.90597 0.784 1592.438 0.02858
0.51270 0.43787 0.53739 0.86219 0.90781 1.158 1592.475 0.02860
0.51313 0.43824 0.53784 0.86292 0.90966 0.878 1592.511 0.02862
0.51356 0.43861 0.53830 0.86365 0.91150 1.015 1592.548 0.02865
0.51400 0.43898 0.53875 0.86438 0.91334 1.087 1592.585 0.02867
0.51443 0.43936 0.53921 0.86511 0.91518 1.016 1592.621 0.02870
0.51487 0.43973 0.53966 0.86584 0.91703 0.945 1592.658 0.02872
0.51530 0.44010 0.54012 0.86657 0.91887 0.956 1592.695 0.02874
0.51574 0.44047 0.54057 0.86730 0.92071 1.037 1592.732 0.02877
0.51617 0.44084 0.54103 0.86803 0.92255 1.060 1592.768 0.02879
0.51660 0.44121 0.54148 0.86876 0.92440 0.873 1592.805 0.02881
0.51704 0.44158 0.54194 0.86949 0.92624 0.942 1592.842 0.02884
0.51747 0.44195 0.54239 0.87022 0.92808 0.975 1592.878 0.02886
0.51791 0.44232 0.54285 0.87095 0.92992 0.732 1592.915 0.02889
0.51834 0.44269 0.54330 0.87168 0.93177 0.999 1592.952 0.02891
0.51877 0.44306 0.54376 0.87241 0.93361 0.836 1592.989 0.02893
0.51921 0.44343 0.54421 0.87314 0.93545 0.941 1593.025 0.02896
0.51964 0.44381 0.54467 0.87387 0.93730 0.987 1593.062 0.02898
0.52008 0.44418 0.54512 0.87460 0.93914 0.847 1593.099 0.02900
0.52051 0.44455 0.54558 0.87534 0.94098 0.742 1593.135 0.02903
0.52095 0.44492 0.54603 0.87607 0.94283 0.766 1593.172 0.02905
0.52138 0.44529 0.54649 0.87680 0.94467 0.999 1593.209 0.02908
0.52181 0.44566 0.54694 0.87753 0.94651 1.057 1593.246 0.02910
0.52225 0.44603 0.54740 0.87826 0.94836 0.882 1593.282 0.02912
0.52268 0.44640 0.54786 0.87899 0.95020 0.824 1593.319 0.02915
0.52312 0.44677 0.54831 0.87972 0.95204 0.938 1593.356 0.02917
0.52355 0.44714 0.54877 0.88045 0.95389 0.904 1593.392 0.02919
0.52399 0.44752 0.54922 0.88118 0.95573 0.993 1593.429 0.02922
0.52442 0.44789 0.54968 0.88191 0.95758 1.021 1593.466 0.02924
0.52486 0.44826 0.55013 0.88264 0.95942 0.874 1593.503 0.02926
0.52529 0.44863 0.55059 0.88337 0.96126 1.054 1593.539 0.02929
0.52572 0.44900 0.55104 0.88410 0.96311 1.004 1593.576 0.02931
0.52616 0.44937 0.55150 0.88483 0.96495 1.131 1593.613 0.02934
0.52659 0.44974 0.55195 0.88556 0.96680 0.815 1593.649 0.02936
0.52703 0.45011 0.55241 0.88629 0.96864 1.103 1593.686 0.02938
0.52746 0.45048 0.55286 0.88702 0.97048 1.234 1593.723 0.02941
0.52790 0.45085 0.55332 0.88775 0.97233 1.053 1593.760 0.02943
0.52833 0.45123 0.55378 0.88849 0.97417 1.036 1593.796 0.02945
0.52877 0.45160 0.55423 0.88922 0.97602 0.943 1593.833 0.02948
0.52920 0.45197 0.55469 0.88995 0.97786 0.852 1593.870 0.02950
0.52964 0.45234 0.55514 0.89068 0.97971 0.942 1593.906 0.02953
0.53007 0.45271 0.55560 0.89141 0.98155 0.716 1593.943 0.02955
0.53050 0.45308 0.55605 0.89214 0.98340 0.887 1593.980 0.02957
0.53094 0.45345 0.55651 0.89287 0.98524 1.036 1594.017 0.02960
0.53137 0.45382 0.55696 0.89360 0.98708 1.047 1594.053 0.02962
0.53181 0.45420 0.55742 0.89433 0.98893 0.921 1594.090 0.02964
0.53224 0.45457 0.55788 0.89506 0.99077 0.978 1594.127 0.02967
0.53268 0.45494 0.55833 0.89579 0.99262 0.874 1594.163 0.02969
0.53311 0.45531 0.55879 0.89653 0.99446 1.172 1594.200 0.02972
0.53355 0.45568 0.55924 0.89726 0.99631 0.840 1594.237 0.02974
0.53398 0.45605 0.55970 0.89799 0.99815 1.000 1594.274 0.02976
0.53442 0.45642 0.56015 0.89872 1.00000 1.046 1594.310 0.02979
