x y z dist_scaled dist_frac flux_norm
0.21861 0.21963 0.39525 0.50225 0.00000 0.819
0.21893 0.21994 0.39582 0.50296 0.00181 0.843
0.21924 0.22025 0.39638 0.50368 0.00362 0.950
0.21955 0.22057 0.39695 0.50440 0.00543 0.736
0.21986 0.22088 0.39751 0.50512 0.00724 0.964
0.22018 0.22120 0.39808 0.50584 0.00906 0.797
0.22049 0.22151 0.39864 0.50655 0.01087 1.096
0.22080 0.22182 0.39921 0.50727 0.01268 0.906
0.22111 0.22214 0.39977 0.50799 0.01449 1.050
0.22142 0.22245 0.40034 0.50871 0.01630 1.086
0.22174 0.22276 0.40090 0.50942 0.01811 1.014
0.22205 0.22308 0.40147 0.51014 0.01992 1.098
0.22236 0.22339 0.40203 0.51086 0.02174 1.050
0.22267 0.22371 0.40260 0.51158 0.02355 0.991
0.22299 0.22402 0.40316 0.51230 0.02536 1.027
0.22330 0.22433 0.40373 0.51301 0.02717 1.028
0.22361 0.22465 0.40429 0.51373 0.02898 0.932
0.22392 0.22496 0.40486 0.51445 0.03080 0.944
0.22424 0.22528 0.40542 0.51517 0.03261 1.089
0.22455 0.22559 0.40599 0.51589 0.03442 0.921
0.22486 0.22590 0.40655 0.51660 0.03623 0.801
0.22517 0.22622 0.40712 0.51732 0.03804 1.005
0.22549 0.22653 0.40768 0.51804 0.03986 1.029
0.22580 0.22685 0.40825 0.51876 0.04167 0.897
0.22611 0.22716 0.40881 0.51948 0.04348 0.861
0.22643 0.22747 0.40938 0.52019 0.04529 1.102
0.22674 0.22779 0.40994 0.52091 0.04711 0.946
0.22705 0.22810 0.41051 0.52163 0.04892 0.982
0.22736 0.22842 0.41107 0.52235 0.05073 1.223
0.22768 0.22873 0.41164 0.52307 0.05254 1.007
0.22799 0.22904 0.41220 0.52379 0.05436 1.393
0.22830 0.22936 0.41277 0.52450 0.05617 0.983
0.22861 0.22967 0.41333 0.52522 0.05798 1.068
0.22893 0.22999 0.41390 0.52594 0.05980 0.791
0.22924 0.23030 0.41446 0.52666 0.06161 0.864
0.22955 0.23062 0.41503 0.52738 0.06342 1.081
0.22986 0.23093 0.41559 0.52810 0.06524 0.840
0.23018 0.23124 0.41616 0.52881 0.06705 0.973
0.23049 0.23156 0.41673 0.52953 0.06886 0.817
0.23080 0.23187 0.41729 0.53025 0.07068 1.047
0.23112 0.23219 0.41786 0.53097 0.07249 0.986
0.23143 0.23250 0.41842 0.53169 0.07430 1.108
0.23174 0.23281 0.41899 0.53241 0.07612 0.950
0.23205 0.23313 0.41955 0.53313 0.07793 0.866
0.23237 0.23344 0.42012 0.53384 0.07974 1.036
0.23268 0.23376 0.42068 0.53456 0.08156 0.879
0.23299 0.23407 0.42125 0.53528 0.08337 0.940
0.23331 0.23439 0.42182 0.53600 0.08518 1.026
0.23362 0.23470 0.42238 0.53672 0.08700 0.832
0.23393 0.23501 0.42295 0.53744 0.08881 1.063
0.23424 0.23533 0.42351 0.53816 0.09063 0.906
0.23456 0.23564 0.42408 0.53887 0.09244 0.870
0.23487 0.23596 0.42464 0.53959 0.09426 0.967
0.23518 0.23627 0.42521 0.54031 0.09607 1.039
0.23550 0.23659 0.42577 0.54103 0.09788 0.871
0.23581 0.23690 0.42634 0.54175 0.09970 0.920
0.23612 0.23721 0.42691 0.54247 0.10151 0.969
0.23643 0.23753 0.42747 0.54319 0.10333 1.030
0.23675 0.23784 0.42804 0.54391 0.10514 0.897
0.23706 0.23816 0.42860 0.54463 0.10696 1.056
0.23737 0.23847 0.42917 0.54535 0.10877 0.923
0.23769 0.23879 0.42974 0.54606 0.11059 0.728
0.23800 0.23910 0.43030 0.54678 0.11240 0.825
0.23831 0.23942 0.43087 0.54750 0.11422 0.703
0.23862 0.23973 0.43143 0.54822 0.11603 0.691
0.23894 0.24004 0.43200 0.54894 0.11785 0.655
0.23925 0.24036 0.43257 0.54966 0.11966 0.911
0.23956 0.24067 0.43313 0.55038 0.12148 1.034
0.23988 0.24099 0.43370 0.55110 0.12329 0.753
0.24019 0.24130 0.43426 0.55182 0.12511 0.851
0.24050 0.24162 0.43483 0.55254 0.12692 0.778
0.24082 0.24193 0.43540 0.55326 0.12874 0.974
0.24113 0.24225 0.43596 0.55398 0.13055 0.913
0.24144 0.24256 0.43653 0.55470 0.13237 0.889
0.24176 0.24288 0.43709 0.55541 0.13418 1.000
0.24207 0.24319 0.43766 0.55613 0.13600 0.878
0.24238 0.24350 0.43823 0.55685 0.13782 1.184
0.24270 0.24382 0.43879 0.55757 0.13963 1.062
0.24301 0.24413 0.43936 0.55829 0.14145 1.135
0.24332 0.24445 0.43992 0.55901 0.14326 1.185
0.24363 0.24476 0.44049 0.55973 0.14508 0.916
0.24395 0.24508 0.44106 0.56045 0.14689 1.026
0.24426 0.24539 0.44162 0.56117 0.14871 1.014
0.24457 0.24571 0.44219 0.56189 0.15053 0.781
0.24489 0.24602 0.44276 0.56261 0.15234 0.830
0.24520 0.24634 0.44332 0.56333 0.15416 0.929
0.24551 0.24665 0.44389 0.56405 0.15598 1.273
0.24583 0.24697 0.44446 0.56477 0.15779 1.163
0.24614 0.24728 0.44502 0.56549 0.15961 1.040
0.24645 0.24760 0.44559 0.56621 0.16143 1.102
0.24677 0.24791 0.44615 0.56693 0.16324 1.004
0.24708 0.24823 0.44672 0.56765 0.16506 0.955
0.24739 0.24854 0.44729 0.56837 0.16688 0.758
0.24771 0.24885 0.44785 0.56909 0.16869 0.782
0.24802 0.24917 0.44842 0.56981 0.17051 1.103
0.24833 0.24948 0.44899 0.57053 0.17233 0.992
0.24865 0.24980 0.44955 0.57125 0.17414 1.043
0.24896 0.25011 0.45012 0.57197 0.17596 1.055
0.24927 0.25043 0.45069 0.57269 0.17778 1.192
0.24959 0.25074 0.45125 0.57341 0.17959 1.216
0.24990 0.25106 0.45182 0.57413 0.18141 0.945
0.25021 0.25137 0.45239 0.57485 0.18323 0.909
0.25053 0.25169 0.45295 0.57557 0.18505 0.921
0.25084 0.25200 0.45352 0.57629 0.18686 0.897
0.25115 0.25232 0.45409 0.57701 0.18868 0.935
0.25147 0.25263 0.45465 0.57773 0.19050 1.145
0.25178 0.25295 0.45522 0.57845 0.19232 0.960
0.25210 0.25326 0.45579 0.57917 0.19413 1.096
0.25241 0.25358 0.45635 0.57989 0.19595 0.848
0.25272 0.25389 0.45692 0.58061 0.19777 0.948
0.25304 0.25421 0.45749 0.58133 0.19959 1.048
0.25335 0.25452 0.45805 0.58205 0.20141 0.986
0.25366 0.25484 0.45862 0.58277 0.20322 0.751
0.25398 0.25515 0.45919 0.58349 0.20504 0.888
0.25429 0.25547 0.45976 0.58421 0.20686 1.248
0.25460 0.25578 0.46032 0.58493 0.20868 0.876
0.25492 0.25610 0.46089 0.58565 0.21050 1.001
0.25523 0.25641 0.46146 0.58637 0.21231 0.877
0.25554 0.25673 0.46202 0.58709 0.21413 0.741
0.25586 0.25704 0.46259 0.58781 0.21595 1.015
0.25617 0.25736 0.46316 0.58853 0.21777 1.040
0.25649 0.25767 0.46372 0.58925 0.21959 0.953
0.25680 0.25799 0.46429 0.58997 0.22141 0.816
0.25711 0.25830 0.46486 0.59070 0.22323 1.066
0.25743 0.25862 0.46543 0.59142 0.22504 0.804
0.25774 0.25893 0.46599 0.59214 0.22686 0.929
0.25805 0.25925 0.46656 0.59286 0.22868 1.067
0.25837 0.25956 0.46713 0.59358 0.23050 0.892
0.25868 0.25988 0.46769 0.59430 0.23232 0.906
0.25899 0.26019 0.46826 0.59502 0.23414 0.981
0.25931 0.26051 0.46883 0.59574 0.23596 0.906
0.25962 0.26082 0.46940 0.59646 0.23778 0.956
0.25994 0.26114 0.46996 0.59718 0.23960 0.870
0.26025 0.26146 0.47053 0.59790 0.24142 0.982
0.26056 0.26177 0.47110 0.59862 0.24324 0.995
0.26088 0.26209 0.47167 0.59934 0.24505 0.757
0.26119 0.26240 0.47223 0.60007 0.24687 0.907
0.26150 0.26272 0.47280 0.60079 0.24869 0.957
0.26182 0.26303 0.47337 0.60151 0.25051 1.071
0.26213 0.26335 0.47394 0.60223 0.25233 1.033
0.26245 0.26366 0.47450 0.60295 0.25415 0.883
0.26276 0.26398 0.47507 0.60367 0.25597 0.683
0.26307 0.26429 0.47564 0.60439 0.25779 0.897
0.26339 0.26461 0.47620 0.60511 0.25961 0.859
0.26370 0.26492 0.47677 0.60583 0.26143 0.948
0.26402 0.26524 0.47734 0.60656 0.26325 0.910
0.26433 0.26555 0.47791 0.60728 0.26507 0.772
0.26464 0.26587 0.47848 0.60800 0.26689 1.086
0.26496 0.26618 0.47904 0.60872 0.26871 1.049
0.26527 0.26650 0.47961 0.60944 0.27053 1.137
0.26559 0.26682 0.48018 0.61016 0.27235 0.773
0.26590 0.26713 0.48075 0.61088 0.27417 1.112
0.26621 0.26745 0.48131 0.61160 0.27599 0.849
0.26653 0.26776 0.48188 0.61233 0.27782 0.849
0.26684 0.26808 0.48245 0.61305 0.27964 0.875
0.26716 0.26839 0.48302 0.61377 0.28146 0.951
0.26747 0.26871 0.48358 0.61449 0.28328 1.014
0.26778 0.26902 0.48415 0.61521 0.28510 1.191
0.26810 0.26934 0.48472 0.61593 0.28692 0.940
0.26841 0.26965 0.48529 0.61665 0.28874 0.789
0.26873 0.26997 0.48586 0.61738 0.29056 0.890
0.26904 0.27029 0.48642 0.61810 0.29238 0.941
0.26935 0.27060 0.48699 0.61882 0.29420 0.928
0.26967 0.27092 0.48756 0.61954 0.29602 0.979
0.26998 0.27123 0.48813 0.62026 0.29785 0.979
0.27030 0.27155 0.48869 0.62098 0.29967 1.080
0.27061 0.27186 0.48926 0.62171 0.30149 1.093
0.27092 0.27218 0.48983 0.62243 0.30331 1.056
0.27124 0.27249 0.49040 0.62315 0.30513 0.842
0.27155 0.27281 0.49097 0.62387 0.30695 0.956
0.27187 0.27313 0.49153 0.62459 0.30877 1.095
0.27218 0.27344 0.49210 0.62531 0.31060 0.754
0.27250 0.27376 0.49267 0.62604 0.31242 0.982
0.27281 0.27407 0.49324 0.62676 0.31424 0.729
0.27312 0.27439 0.49381 0.62748 0.31606 1.097
0.27344 0.27470 0.49438 0.62820 0.31788 1.034
0.27375 0.27502 0.49494 0.62892 0.31971 0.856
0.27407 0.27534 0.49551 0.62965 0.32153 0.920
0.27438 0.27565 0.49608 0.63037 0.32335 0.959
0.27469 0.27597 0.49665 0.63109 0.32517 0.794
0.27501 0.27628 0.49722 0.63181 0.32699 0.909
0.27532 0.27660 0.49778 0.63253 0.32882 0.719
0.27564 0.27691 0.49835 0.63326 0.33064 1.037
0.27595 0.27723 0.49892 0.63398 0.33246 1.025
0.27627 0.27755 0.49949 0.63470 0.33428 1.127
0.27658 0.27786 0.50006 0.63542 0.33611 1.013
0.27690 0.27818 0.50063 0.63614 0.33793 0.874
0.27721 0.27849 0.50119 0.63687 0.33975 0.887
0.27752 0.27881 0.50176 0.63759 0.34158 0.976
0.27784 0.27913 0.50233 0.63831 0.34340 1.053
0.27815 0.27944 0.50290 0.63903 0.34522 1.002
0.27847 0.27976 0.50347 0.63976 0.34704 1.041
0.27878 0.28007 0.50404 0.64048 0.34887 0.875
0.27910 0.28039 0.50460 0.64120 0.35069 0.926
0.27941 0.28070 0.50517 0.64192 0.35251 1.014
0.27972 0.28102 0.50574 0.64265 0.35434 0.988
0.28004 0.28134 0.50631 0.64337 0.35616 1.174
0.28035 0.28165 0.50688 0.64409 0.35798 1.266
0.28067 0.28197 0.50745 0.64481 0.35981 1.016
0.28098 0.28228 0.50802 0.64554 0.36163 0.949
0.28130 0.28260 0.50858 0.64626 0.36345 0.874
0.28161 0.28292 0.50915 0.64698 0.36528 1.038
0.28193 0.28323 0.50972 0.64770 0.36710 1.056
0.28224 0.28355 0.51029 0.64843 0.36892 1.011
0.28256 0.28386 0.51086 0.64915 0.37075 0.791
0.28287 0.28418 0.51143 0.64987 0.37257 0.733
0.28318 0.28450 0.51200 0.65059 0.37440 1.037
0.28350 0.28481 0.51257 0.65132 0.37622 1.008
0.28381 0.28513 0.51313 0.65204 0.37804 0.915
0.28413 0.28544 0.51370 0.65276 0.37987 0.919
0.28444 0.28576 0.51427 0.65348 0.38169 1.188
0.28476 0.28608 0.51484 0.65421 0.38352 0.919
0.28507 0.28639 0.51541 0.65493 0.38534 0.932
0.28539 0.28671 0.51598 0.65565 0.38716 1.086
0.28570 0.28702 0.51655 0.65638 0.38899 1.047
0.28602 0.28734 0.51712 0.65710 0.39081 1.112
0.28633 0.28766 0.51768 0.65782 0.39264 0.996
0.28665 0.28797 0.51825 0.65854 0.39446 0.983
0.28696 0.28829 0.51882 0.65927 0.39629 0.932
0.28727 0.28861 0.51939 0.65999 0.39811 0.945
0.28759 0.28892 0.51996 0.66071 0.39994 1.061
0.28790 0.28924 0.52053 0.66144 0.40176 1.113
0.28822 0.28955 0.52110 0.66216 0.40359 1.049
0.28853 0.28987 0.52167 0.66288 0.40541 1.024
0.28885 0.29019 0.52224 0.66361 0.40724 0.921
0.28916 0.29050 0.52281 0.66433 0.40906 1.037
0.28948 0.29082 0.52338 0.66505 0.41089 0.857
0.28979 0.29113 0.52394 0.66578 0.41271 0.870
0.29011 0.29145 0.52451 0.66650 0.41454 1.012
0.29042 0.29177 0.52508 0.66722 0.41636 1.025
0.29074 0.29208 0.52565 0.66795 0.41819 0.935
0.29105 0.29240 0.52622 0.66867 0.42001 1.026
0.29137 0.29272 0.52679 0.66939 0.42184 1.143
0.29168 0.29303 0.52736 0.67012 0.42367 1.104
0.29200 0.29335 0.52793 0.67084 0.42549 1.066
0.29231 0.29367 0.52850 0.67156 0.42732 0.834
0.29263 0.29398 0.52907 0.67229 0.42914 1.002
0.29294 0.29430 0.52964 0.67301 0.43097 1.223
0.29326 0.29461 0.53021 0.67373 0.43279 1.115
0.29357 0.29493 0.53078 0.67446 0.43462 1.016
0.29389 0.29525 0.53135 0.67518 0.43645 0.804
0.29420 0.29556 0.53191 0.67590 0.43827 0.918
0.29452 0.29588 0.53248 0.67663 0.44010 1.057
0.29483 0.29620 0.53305 0.67735 0.44192 1.115
0.29515 0.29651 0.53362 0.67807 0.44375 1.216
0.29546 0.29683 0.53419 0.67880 0.44558 1.055
0.29578 0.29715 0.53476 0.67952 0.44740 0.921
0.29609 0.29746 0.53533 0.68024 0.44923 0.888
0.29641 0.29778 0.53590 0.68097 0.45106 0.870
0.29672 0.29810 0.53647 0.68169 0.45288 1.123
0.29704 0.29841 0.53704 0.68242 0.45471 0.937
0.29735 0.29873 0.53761 0.68314 0.45654 0.845
0.29767 0.29904 0.53818 0.68386 0.45836 1.008
0.29798 0.29936 0.53875 0.68459 0.46019 1.131
0.29830 0.29968 0.53932 0.68531 0.46202 0.866
0.29861 0.29999 0.53989 0.68604 0.46384 1.139
0.29893 0.30031 0.54046 0.68676 0.46567 0.813
0.29924 0.30063 0.54103 0.68748 0.46750 1.010
0.29956 0.30094 0.54160 0.68821 0.46933 1.036
0.29987 0.30126 0.54217 0.68893 0.47115 0.893
0.30019 0.30158 0.54274 0.68966 0.47298 0.907
0.30050 0.30189 0.54331 0.69038 0.47481 0.973
0.30082 0.30221 0.54388 0.69110 0.47663 0.986
0.30113 0.30253 0.54445 0.69183 0.47846 0.986
0.30145 0.30284 0.54502 0.69255 0.48029 1.013
0.30176 0.30316 0.54559 0.69328 0.48212 1.157
0.30208 0.30348 0.54616 0.69400 0.48395 0.948
0.30239 0.30379 0.54673 0.69472 0.48577 0.974
0.30271 0.30411 0.54730 0.69545 0.48760 0.962
0.30302 0.30443 0.54787 0.69617 0.48943 0.766
0.30334 0.30474 0.54844 0.69690 0.49126 1.095
0.30365 0.30506 0.54901 0.69762 0.49308 0.872
0.30397 0.30538 0.54958 0.69835 0.49491 1.029
0.30428 0.30569 0.55015 0.69907 0.49674 0.820
0.30460 0.30601 0.55072 0.69979 0.49857 0.977
0.30492 0.30633 0.55129 0.70052 0.50040 0.833
0.30523 0.30664 0.55186 0.70124 0.50223 1.201
0.30555 0.30696 0.55243 0.70197 0.50405 0.965
0.30586 0.30728 0.55300 0.70269 0.50588 0.939
0.30618 0.30759 0.55357 0.70342 0.50771 0.690
0.30649 0.30791 0.55414 0.70414 0.50954 0.966
0.30681 0.30823 0.55471 0.70487 0.51137 0.730
0.30712 0.30855 0.55528 0.70559 0.51320 0.954
0.30744 0.30886 0.55585 0.70631 0.51503 0.915
0.30775 0.30918 0.55642 0.70704 0.51685 1.021
0.30807 0.30950 0.55699 0.70776 0.51868 1.087
0.30838 0.30981 0.55756 0.70849 0.52051 0.850
0.30870 0.31013 0.55813 0.70921 0.52234 0.891
0.30902 0.31045 0.55870 0.70994 0.52417 1.115
0.30933 0.31076 0.55927 0.71066 0.52600 0.905
0.30965 0.31108 0.55984 0.71139 0.52783 0.879
0.30996 0.31140 0.56041 0.71211 0.52966 1.011
0.31028 0.31171 0.56098 0.71284 0.53149 0.985
0.31059 0.31203 0.56155 0.71356 0.53332 0.827
0.31091 0.31235 0.56212 0.71429 0.53515 0.827
0.31122 0.31267 0.56269 0.71501 0.53697 0.985
0.31154 0.31298 0.56326 0.71574 0.53880 1.131
0.31185 0.31330 0.56383 0.71646 0.54063 1.105
0.31217 0.31362 0.56440 0.71719 0.54246 0.934
0.31249 0.31393 0.56497 0.71791 0.54429 1.172
0.31280 0.31425 0.56554 0.71864 0.54612 0.881
0.31312 0.31457 0.56612 0.71936 0.54795 0.828
0.31343 0.31488 0.56669 0.72009 0.54978 0.974
0.31375 0.31520 0.56726 0.72081 0.55161 1.146
0.31406 0.31552 0.56783 0.72154 0.55344 0.908
0.31438 0.31584 0.56840 0.72226 0.55527 0.868
0.31470 0.31615 0.56897 0.72299 0.55710 0.816
0.31501 0.31647 0.56954 0.72371 0.55893 1.002
0.31533 0.31679 0.57011 0.72444 0.56076 1.095
0.31564 0.31710 0.57068 0.72516 0.56259 0.843
0.31596 0.31742 0.57125 0.72589 0.56442 0.977
0.31627 0.31774 0.57182 0.72661 0.56626 1.017
0.31659 0.31806 0.57239 0.72734 0.56809 0.964
0.31690 0.31837 0.57296 0.72806 0.56992 0.938
0.31722 0.31869 0.57353 0.72879 0.57175 0.952
0.31754 0.31901 0.57411 0.72952 0.57358 0.979
0.31785 0.31932 0.57468 0.73024 0.57541 1.019
0.31817 0.31964 0.57525 0.73097 0.57724 0.966
0.31848 0.31996 0.57582 0.73169 0.57907 0.966
0.31880 0.32028 0.57639 0.73242 0.58090 1.059
0.31912 0.32059 0.57696 0.73314 0.58273 0.900
0.31943 0.32091 0.57753 0.73387 0.58456 0.887
0.31975 0.32123 0.57810 0.73459 0.58639 0.914
0.32006 0.32155 0.57867 0.73532 0.58823 0.754
0.32038 0.32186 0.57924 0.73604 0.59006 0.981
0.32069 0.32218 0.57982 0.73677 0.59189 1.128
0.32101 0.32250 0.58039 0.73750 0.59372 0.888
0.32133 0.32281 0.58096 0.73822 0.59555 0.942
0.32164 0.32313 0.58153 0.73895 0.59738 1.142
0.32196 0.32345 0.58210 0.73967 0.59921 1.062
0.32227 0.32377 0.58267 0.74040 0.60105 0.996
0.32259 0.32408 0.58324 0.74112 0.60288 1.050
0.32291 0.32440 0.58381 0.74185 0.60471 1.037
0.32322 0.32472 0.58438 0.74258 0.60654 0.823
0.32354 0.32504 0.58496 0.74330 0.60837 0.958
0.32385 0.32535 0.58553 0.74403 0.61021 1.025
0.32417 0.32567 0.58610 0.74475 0.61204 1.133
0.32449 0.32599 0.58667 0.74548 0.61387 0.893
0.32480 0.32631 0.58724 0.74621 0.61570 0.947
0.32512 0.32662 0.58781 0.74693 0.61753 1.229
0.32543 0.32694 0.58838 0.74766 0.61937 0.666
0.32575 0.32726 0.58895 0.74838 0.62120 1.015
0.32607 0.32758 0.58953 0.74911 0.62303 1.203
0.32638 0.32789 0.59010 0.74984 0.62486 0.935
0.32670 0.32821 0.59067 0.75056 0.62670 0.881
0.32701 0.32853 0.59124 0.75129 0.62853 1.070
0.32733 0.32885 0.59181 0.75201 0.63036 0.868
0.32765 0.32916 0.59238 0.75274 0.63219 0.989
0.32796 0.32948 0.59295 0.75347 0.63403 1.004
0.32828 0.32980 0.59353 0.75419 0.63586 0.748
0.32859 0.33012 0.59410 0.75492 0.63769 1.098
0.32891 0.33043 0.59467 0.75565 0.63953 0.896
0.32923 0.33075 0.59524 0.75637 0.64136 0.991
0.32954 0.33107 0.59581 0.75710 0.64319 1.085
0.32986 0.33139 0.59638 0.75782 0.64503 0.951
0.33018 0.33170 0.59696 0.75855 0.64686 1.181
0.33049 0.33202 0.59753 0.75928 0.64869 1.087
0.33081 0.33234 0.59810 0.76000 0.65053 1.061
0.33112 0.33266 0.59867 0.76073 0.65236 1.142
0.33144 0.33298 0.59924 0.76146 0.65419 0.946
0.33176 0.33329 0.59981 0.76218 0.65603 0.961
0.33207 0.33361 0.60039 0.76291 0.65786 1.254
0.33239 0.33393 0.60096 0.76364 0.65969 0.986
0.33270 0.33425 0.60153 0.76436 0.66153 0.873
0.33302 0.33456 0.60210 0.76509 0.66336 1.065
0.33334 0.33488 0.60267 0.76582 0.66519 0.983
0.33365 0.33520 0.60325 0.76654 0.66703 1.037
0.33397 0.33552 0.60382 0.76727 0.66886 0.873
0.33429 0.33583 0.60439 0.76800 0.67070 1.145
0.33460 0.33615 0.60496 0.76872 0.67253 1.038
0.33492 0.33647 0.60553 0.76945 0.67437 0.973
0.33524 0.33679 0.60610 0.77018 0.67620 1.097
0.33555 0.33711 0.60668 0.77090 0.67803 1.031
0.33587 0.33742 0.60725 0.77163 0.67987 1.017
0.33618 0.33774 0.60782 0.77236 0.68170 0.869
0.33650 0.33806 0.60839 0.77308 0.68354 0.990
0.33682 0.33838 0.60896 0.77381 0.68537 0.974
0.33713 0.33870 0.60954 0.77454 0.68721 0.817
0.33745 0.33901 0.61011 0.77526 0.68904 0.865
0.33777 0.33933 0.61068 0.77599 0.69088 0.974
0.33808 0.33965 0.61125 0.77672 0.69271 0.988
0.33840 0.33997 0.61183 0.77745 0.69455 1.029
0.33872 0.34028 0.61240 0.77817 0.69638 0.825
0.33903 0.34060 0.61297 0.77890 0.69822 1.166
0.33935 0.34092 0.61354 0.77963 0.70005 1.003
0.33967 0.34124 0.61411 0.78035 0.70189 0.840
0.33998 0.34156 0.61469 0.78108 0.70372 1.046
0.34030 0.34187 0.61526 0.78181 0.70556 1.128
0.34061 0.34219 0.61583 0.78254 0.70739 1.073
0.34093 0.34251 0.61640 0.78326 0.70923 0.964
0.34125 0.34283 0.61698 0.78399 0.71106 1.128
0.34156 0.34315 0.61755 0.78472 0.71290 1.197
0.34188 0.34346 0.61812 0.78544 0.71473 0.829
0.34220 0.34378 0.61869 0.78617 0.71657 0.952
0.34251 0.34410 0.61927 0.78690 0.71840 0.829
0.34283 0.34442 0.61984 0.78763 0.72024 0.872
0.34315 0.34474 0.62041 0.78835 0.72208 0.875
0.34346 0.34506 0.62098 0.78908 0.72391 1.321
0.34378 0.34537 0.62155 0.78981 0.72575 0.774
0.34410 0.34569 0.62213 0.79054 0.72758 1.239
0.34441 0.34601 0.62270 0.79126 0.72942 0.938
0.34473 0.34633 0.62327 0.79199 0.73126 0.939
0.34505 0.34665 0.62385 0.79272 0.73309 0.774
0.34536 0.34696 0.62442 0.79345 0.73493 1.008
0.34568 0.34728 0.62499 0.79417 0.73676 0.789
0.34600 0.34760 0.62556 0.79490 0.73860 0.981
0.34631 0.34792 0.62614 0.79563 0.74044 0.995
0.34663 0.34824 0.62671 0.79636 0.74227 0.830
0.34695 0.34855 0.62728 0.79708 0.74411 1.120
0.34726 0.34887 0.62785 0.79781 0.74595 0.900
0.34758 0.34919 0.62843 0.79854 0.74778 0.996
0.34790 0.34951 0.62900 0.79927 0.74962 1.079
0.34821 0.34983 0.62957 0.80000 0.75146 1.010
0.34853 0.35015 0.63014 0.80072 0.75329 1.135
0.34885 0.35046 0.63072 0.80145 0.75513 1.066
0.34917 0.35078 0.63129 0.80218 0.75697 1.149
0.34948 0.35110 0.63186 0.80291 0.75881 0.929
0.34980 0.35142 0.63244 0.80364 0.76064 1.123
0.35012 0.35174 0.63301 0.80436 0.76248 0.916
0.35043 0.35206 0.63358 0.80509 0.76432 1.067
0.35075 0.35237 0.63415 0.80582 0.76615 0.902
0.35107 0.35269 0.63473 0.80655 0.76799 0.985
0.35138 0.35301 0.63530 0.80728 0.76983 0.943
0.35170 0.35333 0.63587 0.80800 0.77167 1.317
0.35202 0.35365 0.63645 0.80873 0.77350 0.999
0.35233 0.35397 0.63702 0.80946 0.77534 0.861
0.35265 0.35428 0.63759 0.81019 0.77718 0.765
0.35297 0.35460 0.63817 0.81092 0.77902 0.889
0.35328 0.35492 0.63874 0.81164 0.78085 0.972
0.35360 0.35524 0.63931 0.81237 0.78269 1.277
0.35392 0.35556 0.63988 0.81310 0.78453 1.070
0.35424 0.35588 0.64046 0.81383 0.78637 0.808
0.35455 0.35620 0.64103 0.81456 0.78821 0.919
0.35487 0.35651 0.64160 0.81529 0.79004 0.906
0.35519 0.35683 0.64218 0.81601 0.79188 1.253
0.35550 0.35715 0.64275 0.81674 0.79372 0.879
0.35582 0.35747 0.64332 0.81747 0.79556 0.991
0.35614 0.35779 0.64390 0.81820 0.79740 1.144
0.35646 0.35811 0.64447 0.81893 0.79924 0.979
0.35677 0.35842 0.64504 0.81966 0.80107 1.145
0.35709 0.35874 0.64562 0.82038 0.80291 1.076
0.35741 0.35906 0.64619 0.82111 0.80475 1.104
0.35772 0.35938 0.64676 0.82184 0.80659 0.925
0.35804 0.35970 0.64734 0.82257 0.80843 1.086
0.35836 0.36002 0.64791 0.82330 0.81027 1.020
0.35867 0.36034 0.64848 0.82403 0.81211 1.183
0.35899 0.36065 0.64906 0.82476 0.81395 1.031
0.35931 0.36097 0.64963 0.82548 0.81579 1.088
0.35963 0.36129 0.65020 0.82621 0.81762 1.097
0.35994 0.36161 0.65078 0.82694 0.81946 0.944
0.36026 0.36193 0.65135 0.82767 0.82130 0.805
0.36058 0.36225 0.65192 0.82840 0.82314 1.007
0.36090 0.36257 0.65250 0.82913 0.82498 0.994
0.36121 0.36289 0.65307 0.82986 0.82682 1.085
0.36153 0.36320 0.65364 0.83059 0.82866 1.095
0.36185 0.36352 0.65422 0.83131 0.83050 1.079
0.36216 0.36384 0.65479 0.83204 0.83234 0.786
0.36248 0.36416 0.65537 0.83277 0.83418 0.707
0.36280 0.36448 0.65594 0.83350 0.83602 0.915
0.36312 0.36480 0.65651 0.83423 0.83786 1.056
0.36343 0.36512 0.65709 0.83496 0.83970 0.888
0.36375 0.36544 0.65766 0.83569 0.84154 1.140
0.36407 0.36575 0.65823 0.83642 0.84338 1.071
0.36439 0.36607 0.65881 0.83715 0.84522 0.973
0.36470 0.36639 0.65938 0.83788 0.84706 0.918
0.36502 0.36671 0.65996 0.83860 0.84890 1.114
0.36534 0.36703 0.66053 0.83933 0.85074 0.918
0.36565 0.36735 0.66110 0.84006 0.85258 0.694
0.36597 0.36767 0.66168 0.84079 0.85442 0.922
0.36629 0.36799 0.66225 0.84152 0.85626 1.233
0.36661 0.36831 0.66282 0.84225 0.85810 1.091
0.36692 0.36862 0.66340 0.84298 0.85994 1.074
0.36724 0.36894 0.66397 0.84371 0.86178 0.947
0.36756 0.36926 0.66455 0.84444 0.86362 1.186
0.36788 0.36958 0.66512 0.84517 0.86546 0.864
0.36819 0.36990 0.66569 0.84590 0.86730 1.143
0.36851 0.37022 0.66627 0.84663 0.86914 0.989
0.36883 0.37054 0.66684 0.84736 0.87098 0.852
0.36915 0.37086 0.66742 0.84809 0.87283 0.907
0.36946 0.37118 0.66799 0.84881 0.87467 0.943
0.36978 0.37149 0.66856 0.84954 0.87651 1.058
0.37010 0.37181 0.66914 0.85027 0.87835 1.008
0.37042 0.37213 0.66971 0.85100 0.88019 1.054
0.37073 0.37245 0.67029 0.85173 0.88203 1.088
0.37105 0.37277 0.67086 0.85246 0.88387 0.936
0.37137 0.37309 0.67144 0.85319 0.88571 0.813
0.37169 0.37341 0.67201 0.85392 0.88755 1.017
0.37200 0.37373 0.67258 0.85465 0.88940 1.136
0.37232 0.37405 0.67316 0.85538 0.89124 1.069
0.37264 0.37437 0.67373 0.85611 0.89308 1.021
0.37296 0.37469 0.67431 0.85684 0.89492 1.010
0.37328 0.37500 0.67488 0.85757 0.89676 1.279
0.37359 0.37532 0.67546 0.85830 0.89860 0.756
0.37391 0.37564 0.67603 0.85903 0.90045 1.082
0.37423 0.37596 0.67660 0.85976 0.90229 1.012
0.37455 0.37628 0.67718 0.86049 0.90413 0.899
0.37486 0.37660 0.67775 0.86122 0.90597 0.942
0.37518 0.37692 0.67833 0.86195 0.90781 0.957
0.37550 0.37724 0.67890 0.86268 0.90966 0.971
0.37582 0.37756 0.67948 0.86341 0.91150 0.929
0.37613 0.37788 0.68005 0.86414 0.91334 1.015
0.37645 0.37820 0.68062 0.86487 0.91518 0.916
0.37677 0.37852 0.68120 0.86560 0.91703 1.228
0.37709 0.37883 0.68177 0.86633 0.91887 1.073
0.37741 0.37915 0.68235 0.86706 0.92071 0.888
0.37772 0.37947 0.68292 0.86779 0.92255 1.002
0.37804 0.37979 0.68350 0.86852 0.92440 0.860
0.37836 0.38011 0.68407 0.86925 0.92624 1.159
0.37868 0.38043 0.68465 0.86998 0.92808 1.103
0.37899 0.38075 0.68522 0.87071 0.92992 0.976
0.37931 0.38107 0.68580 0.87144 0.93177 0.905
0.37963 0.38139 0.68637 0.87217 0.93361 0.707
0.37995 0.38171 0.68695 0.87290 0.93545 0.934
0.38027 0.38203 0.68752 0.87363 0.93730 0.849
0.38058 0.38235 0.68809 0.87436 0.93914 0.891
0.38090 0.38267 0.68867 0.87509 0.94098 0.863
0.38122 0.38299 0.68924 0.87582 0.94283 0.850
0.38154 0.38330 0.68982 0.87655 0.94467 0.949
0.38186 0.38362 0.69039 0.87728 0.94651 0.950
0.38217 0.38394 0.69097 0.87801 0.94836 0.964
0.38249 0.38426 0.69154 0.87874 0.95020 0.821
0.38281 0.38458 0.69212 0.87947 0.95204 1.182
0.38313 0.38490 0.69269 0.88020 0.95389 0.848
0.38345 0.38522 0.69327 0.88094 0.95573 1.177
0.38376 0.38554 0.69384 0.88167 0.95758 0.781
0.38408 0.38586 0.69442 0.88240 0.95942 1.128
0.38440 0.38618 0.69499 0.88313 0.96126 0.980
0.38472 0.38650 0.69557 0.88386 0.96311 0.827
0.38504 0.38682 0.69614 0.88459 0.96495 1.156
0.38535 0.38714 0.69672 0.88532 0.96680 1.175
0.38567 0.38746 0.69729 0.88605 0.96864 0.960
0.38599 0.38778 0.69787 0.88678 0.97048 0.911
0.38631 0.38810 0.69844 0.88751 0.97233 1.031
0.38663 0.38842 0.69902 0.88824 0.97417 0.877
0.38694 0.38874 0.69959 0.88897 0.97602 0.711
0.38726 0.38906 0.70017 0.88970 0.97786 1.197
0.38758 0.38938 0.70074 0.89043 0.97971 1.085
0.38790 0.38969 0.70132 0.89117 0.98155 0.884
0.38822 0.39001 0.70189 0.89190 0.98340 0.942
0.38853 0.39033 0.70247 0.89263 0.98524 1.000
0.38885 0.39065 0.70304 0.89336 0.98708 1.144
0.38917 0.39097 0.70362 0.89409 0.98893 1.087
0.38949 0.39129 0.70420 0.89482 0.99077 1.288
0.38981 0.39161 0.70477 0.89555 0.99262 1.519
0.39013 0.39193 0.70535 0.89628 0.99446 0.712
0.39044 0.39225 0.70592 0.89701 0.99631 1.174
0.39076 0.39257 0.70650 0.89774 0.99815 0.684
0.39108 0.39289 0.70707 0.89848 1.00000 0.626
