x y z dist_scaled dist_frac flux_norm sig_norm wavelength redshift
0.13222 0.30265 0.37898 0.50270 0.00000 0.742 0.109 1574.239 0.01682
0.13241 0.30308 0.37952 0.50342 0.00181 0.787 0.112 1574.276 0.01685
0.13260 0.30352 0.38006 0.50413 0.00362 0.833 0.108 1574.312 0.01687
0.13279 0.30395 0.38060 0.50485 0.00543 1.079 0.115 1574.349 0.01689
0.13298 0.30438 0.38114 0.50557 0.00724 0.992 0.111 1574.386 0.01692
0.13317 0.30481 0.38168 0.50629 0.00906 0.938 0.114 1574.422 0.01694
0.13335 0.30524 0.38223 0.50700 0.01087 0.973 0.109 1574.459 0.01696
0.13354 0.30568 0.38277 0.50772 0.01268 0.797 0.114 1574.496 0.01699
0.13373 0.30611 0.38331 0.50844 0.01449 0.820 0.108 1574.533 0.01701
0.13392 0.30654 0.38385 0.50916 0.01630 0.900 0.112 1574.569 0.01704
0.13411 0.30697 0.38439 0.50988 0.01811 0.958 0.116 1574.606 0.01706
0.13430 0.30741 0.38493 0.51059 0.01992 0.915 0.121 1574.643 0.01708
0.13449 0.30784 0.38547 0.51131 0.02174 0.995 0.112 1574.680 0.01711
0.13468 0.30827 0.38601 0.51203 0.02355 0.850 0.117 1574.716 0.01713
0.13487 0.30870 0.38656 0.51275 0.02536 0.976 0.118 1574.753 0.01715
0.13505 0.30913 0.38710 0.51347 0.02717 0.751 0.112 1574.790 0.01718
0.13524 0.30957 0.38764 0.51418 0.02898 0.832 0.117 1574.826 0.01720
0.13543 0.31000 0.38818 0.51490 0.03080 0.901 0.121 1574.863 0.01723
0.13562 0.31043 0.38872 0.51562 0.03261 0.972 0.118 1574.900 0.01725
0.13581 0.31086 0.38926 0.51634 0.03442 0.882 0.113 1574.937 0.01727
0.13600 0.31130 0.38980 0.51706 0.03623 0.896 0.114 1574.973 0.01730
0.13619 0.31173 0.39035 0.51778 0.03804 0.955 0.117 1575.010 0.01732
0.13638 0.31216 0.39089 0.51849 0.03986 0.922 0.116 1575.047 0.01734
0.13657 0.31259 0.39143 0.51921 0.04167 0.751 0.113 1575.083 0.01737
0.13675 0.31303 0.39197 0.51993 0.04348 1.017 0.114 1575.120 0.01739
0.13694 0.31346 0.39251 0.52065 0.04529 0.904 0.122 1575.157 0.01742
0.13713 0.31389 0.39305 0.52137 0.04711 0.790 0.108 1575.194 0.01744
0.13732 0.31432 0.39359 0.52209 0.04892 1.162 0.115 1575.230 0.01746
0.13751 0.31476 0.39414 0.52280 0.05073 1.152 0.121 1575.267 0.01749
0.13770 0.31519 0.39468 0.52352 0.05254 1.015 0.121 1575.304 0.01751
0.13789 0.31562 0.39522 0.52424 0.05436 0.959 0.118 1575.340 0.01753
0.13808 0.31605 0.39576 0.52496 0.05617 1.022 0.122 1575.377 0.01756
0.13827 0.31649 0.39630 0.52568 0.05798 1.072 0.118 1575.414 0.01758
0.13845 0.31692 0.39684 0.52640 0.05980 0.849 0.113 1575.451 0.01760
0.13864 0.31735 0.39739 0.52711 0.06161 1.095 0.119 1575.487 0.01763
0.13883 0.31778 0.39793 0.52783 0.06342 0.926 0.117 1575.524 0.01765
0.13902 0.31822 0.39847 0.52855 0.06524 0.970 0.120 1575.561 0.01768
0.13921 0.31865 0.39901 0.52927 0.06705 0.880 0.114 1575.598 0.01770
0.13940 0.31908 0.39955 0.52999 0.06886 1.091 0.120 1575.634 0.01772
0.13959 0.31951 0.40009 0.53071 0.07068 0.884 0.116 1575.671 0.01775
0.13978 0.31995 0.40064 0.53143 0.07249 0.930 0.118 1575.708 0.01777
0.13997 0.32038 0.40118 0.53214 0.07430 0.893 0.116 1575.744 0.01779
0.14016 0.32081 0.40172 0.53286 0.07612 0.852 0.121 1575.781 0.01782
0.14035 0.32125 0.40226 0.53358 0.07793 0.937 0.126 1575.818 0.01784
0.14053 0.32168 0.40280 0.53430 0.07974 0.772 0.116 1575.855 0.01787
0.14072 0.32211 0.40335 0.53502 0.08156 1.068 0.119 1575.891 0.01789
0.14091 0.32254 0.40389 0.53574 0.08337 1.014 0.123 1575.928 0.01791
0.14110 0.32298 0.40443 0.53646 0.08518 0.823 0.121 1575.965 0.01794
0.14129 0.32341 0.40497 0.53718 0.08700 1.067 0.120 1576.001 0.01796
0.14148 0.32384 0.40551 0.53790 0.08881 0.892 0.124 1576.038 0.01798
0.14167 0.32427 0.40606 0.53861 0.09063 0.825 0.113 1576.075 0.01801
0.14186 0.32471 0.40660 0.53933 0.09244 0.885 0.117 1576.112 0.01803
0.14205 0.32514 0.40714 0.54005 0.09426 0.923 0.119 1576.148 0.01806
0.14224 0.32557 0.40768 0.54077 0.09607 0.936 0.120 1576.185 0.01808
0.14243 0.32601 0.40822 0.54149 0.09788 0.853 0.123 1576.222 0.01810
0.14261 0.32644 0.40877 0.54221 0.09970 1.061 0.120 1576.259 0.01813
0.14280 0.32687 0.40931 0.54293 0.10151 0.892 0.125 1576.295 0.01815
0.14299 0.32731 0.40985 0.54365 0.10333 0.967 0.122 1576.332 0.01817
0.14318 0.32774 0.41039 0.54437 0.10514 1.042 0.125 1576.369 0.01820
0.14337 0.32817 0.41093 0.54509 0.10696 1.239 0.122 1576.405 0.01822
0.14356 0.32860 0.41148 0.54581 0.10877 0.960 0.122 1576.442 0.01825
0.14375 0.32904 0.41202 0.54652 0.11059 1.182 0.127 1576.479 0.01827
0.14394 0.32947 0.41256 0.54724 0.11240 0.877 0.125 1576.516 0.01829
0.14413 0.32990 0.41310 0.54796 0.11422 0.730 0.116 1576.552 0.01832
0.14432 0.33034 0.41365 0.54868 0.11603 0.941 0.129 1576.589 0.01834
0.14451 0.33077 0.41419 0.54940 0.11785 0.794 0.120 1576.626 0.01836
0.14470 0.33120 0.41473 0.55012 0.11966 0.969 0.116 1576.662 0.01839
0.14488 0.33164 0.41527 0.55084 0.12148 1.009 0.125 1576.699 0.01841
0.14507 0.33207 0.41582 0.55156 0.12329 0.931 0.130 1576.736 0.01843
0.14526 0.33250 0.41636 0.55228 0.12511 0.936 0.129 1576.773 0.01846
0.14545 0.33294 0.41690 0.55300 0.12692 0.975 0.131 1576.809 0.01848
0.14564 0.33337 0.41744 0.55372 0.12874 1.139 0.132 1576.846 0.01851
0.14583 0.33380 0.41798 0.55444 0.13055 0.966 0.124 1576.883 0.01853
0.14602 0.33423 0.41853 0.55516 0.13237 0.817 0.123 1576.919 0.01855
0.14621 0.33467 0.41907 0.55588 0.13418 0.881 0.127 1576.956 0.01858
0.14640 0.33510 0.41961 0.55660 0.13600 0.845 0.125 1576.993 0.01860
0.14659 0.33553 0.42015 0.55732 0.13782 0.859 0.126 1577.030 0.01862
0.14678 0.33597 0.42070 0.55804 0.13963 0.822 0.124 1577.066 0.01865
0.14697 0.33640 0.42124 0.55876 0.14145 1.001 0.125 1577.103 0.01867
0.14716 0.33683 0.42178 0.55948 0.14326 1.090 0.131 1577.140 0.01870
0.14734 0.33727 0.42232 0.56019 0.14508 0.890 0.128 1577.177 0.01872
0.14753 0.33770 0.42287 0.56091 0.14689 0.954 0.132 1577.213 0.01874
0.14772 0.33813 0.42341 0.56163 0.14871 1.133 0.134 1577.250 0.01877
0.14791 0.33857 0.42395 0.56235 0.15053 1.059 0.130 1577.287 0.01879
0.14810 0.33900 0.42450 0.56307 0.15234 0.882 0.128 1577.323 0.01881
0.14829 0.33943 0.42504 0.56379 0.15416 0.781 0.122 1577.360 0.01884
0.14848 0.33987 0.42558 0.56451 0.15598 1.088 0.132 1577.397 0.01886
0.14867 0.34030 0.42612 0.56523 0.15779 1.141 0.128 1577.434 0.01889
0.14886 0.34073 0.42667 0.56595 0.15961 0.912 0.130 1577.470 0.01891
0.14905 0.34117 0.42721 0.56667 0.16143 1.003 0.119 1577.507 0.01893
0.14924 0.34160 0.42775 0.56739 0.16324 1.069 0.131 1577.544 0.01896
0.14943 0.34203 0.42829 0.56811 0.16506 1.071 0.131 1577.580 0.01898
0.14962 0.34247 0.42884 0.56883 0.16688 0.930 0.124 1577.617 0.01900
0.14981 0.34290 0.42938 0.56955 0.16869 0.777 0.123 1577.654 0.01903
0.15000 0.34334 0.42992 0.57027 0.17051 0.881 0.129 1577.691 0.01905
0.15019 0.34377 0.43047 0.57099 0.17233 0.986 0.127 1577.727 0.01908
0.15037 0.34420 0.43101 0.57171 0.17414 0.975 0.126 1577.764 0.01910
0.15056 0.34464 0.43155 0.57243 0.17596 1.002 0.136 1577.801 0.01912
0.15075 0.34507 0.43209 0.57315 0.17778 0.912 0.131 1577.837 0.01915
0.15094 0.34550 0.43264 0.57387 0.17959 1.030 0.138 1577.874 0.01917
0.15113 0.34594 0.43318 0.57459 0.18141 1.045 0.131 1577.911 0.01919
0.15132 0.34637 0.43372 0.57531 0.18323 1.021 0.130 1577.948 0.01922
0.15151 0.34680 0.43427 0.57603 0.18505 1.114 0.135 1577.984 0.01924
0.15170 0.34724 0.43481 0.57675 0.18686 1.116 0.135 1578.021 0.01927
0.15189 0.34767 0.43535 0.57748 0.18868 1.052 0.140 1578.058 0.01929
0.15208 0.34810 0.43590 0.57820 0.19050 0.935 0.125 1578.095 0.01931
0.15227 0.34854 0.43644 0.57892 0.19232 1.147 0.138 1578.131 0.01934
0.15246 0.34897 0.43698 0.57964 0.19413 1.162 0.138 1578.168 0.01936
0.15265 0.34941 0.43752 0.58036 0.19595 1.230 0.134 1578.205 0.01938
0.15284 0.34984 0.43807 0.58108 0.19777 1.100 0.143 1578.241 0.01941
0.15303 0.35027 0.43861 0.58180 0.19959 1.022 0.131 1578.278 0.01943
0.15322 0.35071 0.43915 0.58252 0.20141 1.130 0.137 1578.315 0.01945
0.15341 0.35114 0.43970 0.58324 0.20322 1.211 0.133 1578.352 0.01948
0.15360 0.35157 0.44024 0.58396 0.20504 0.934 0.134 1578.388 0.01950
0.15378 0.35201 0.44078 0.58468 0.20686 0.998 0.130 1578.425 0.01953
0.15397 0.35244 0.44133 0.58540 0.20868 1.369 0.142 1578.462 0.01955
0.15416 0.35288 0.44187 0.58612 0.21050 1.104 0.136 1578.498 0.01957
0.15435 0.35331 0.44241 0.58684 0.21231 1.153 0.139 1578.535 0.01960
0.15454 0.35374 0.44296 0.58756 0.21413 1.298 0.139 1578.572 0.01962
0.15473 0.35418 0.44350 0.58828 0.21595 0.956 0.137 1578.609 0.01964
0.15492 0.35461 0.44404 0.58900 0.21777 0.987 0.139 1578.645 0.01967
0.15511 0.35505 0.44459 0.58972 0.21959 1.108 0.129 1578.682 0.01969
0.15530 0.35548 0.44513 0.59044 0.22141 0.972 0.138 1578.719 0.01972
0.15549 0.35591 0.44567 0.59117 0.22323 1.199 0.134 1578.755 0.01974
0.15568 0.35635 0.44622 0.59189 0.22504 0.777 0.127 1578.792 0.01976
0.15587 0.35678 0.44676 0.59261 0.22686 0.900 0.125 1578.829 0.01979
0.15606 0.35722 0.44730 0.59333 0.22868 1.092 0.136 1578.866 0.01981
0.15625 0.35765 0.44785 0.59405 0.23050 1.152 0.132 1578.902 0.01983
0.15644 0.35808 0.44839 0.59477 0.23232 1.035 0.134 1578.939 0.01986
0.15663 0.35852 0.44893 0.59549 0.23414 1.083 0.135 1578.976 0.01988
0.15682 0.35895 0.44948 0.59621 0.23596 0.972 0.138 1579.013 0.01991
0.15701 0.35939 0.45002 0.59693 0.23778 0.877 0.133 1579.049 0.01993
0.15720 0.35982 0.45056 0.59765 0.23960 0.878 0.133 1579.086 0.01995
0.15739 0.36025 0.45111 0.59837 0.24142 0.961 0.138 1579.123 0.01998
0.15758 0.36069 0.45165 0.59910 0.24323 1.440 0.139 1579.159 0.02000
0.15777 0.36112 0.45220 0.59982 0.24505 1.031 0.134 1579.196 0.02002
0.15796 0.36156 0.45274 0.60054 0.24687 1.005 0.141 1579.233 0.02005
0.15815 0.36199 0.45328 0.60126 0.24869 1.103 0.146 1579.270 0.02007
0.15834 0.36242 0.45383 0.60198 0.25051 0.733 0.124 1579.306 0.02010
0.15853 0.36286 0.45437 0.60270 0.25233 0.996 0.141 1579.343 0.02012
0.15871 0.36329 0.45491 0.60342 0.25415 1.151 0.141 1579.380 0.02014
0.15890 0.36373 0.45546 0.60414 0.25597 1.017 0.133 1579.416 0.02017
0.15909 0.36416 0.45600 0.60486 0.25779 0.947 0.138 1579.453 0.02019
0.15928 0.36460 0.45655 0.60559 0.25961 0.765 0.127 1579.490 0.02021
0.15947 0.36503 0.45709 0.60631 0.26143 0.987 0.132 1579.527 0.02024
0.15966 0.36546 0.45763 0.60703 0.26325 1.168 0.142 1579.563 0.02026
0.15985 0.36590 0.45818 0.60775 0.26507 1.046 0.144 1579.600 0.02028
0.16004 0.36633 0.45872 0.60847 0.26689 0.920 0.137 1579.637 0.02031
0.16023 0.36677 0.45926 0.60919 0.26871 0.893 0.136 1579.674 0.02033
0.16042 0.36720 0.45981 0.60991 0.27053 1.095 0.139 1579.710 0.02036
0.16061 0.36764 0.46035 0.61064 0.27235 0.828 0.133 1579.747 0.02038
0.16080 0.36807 0.46090 0.61136 0.27417 0.771 0.128 1579.784 0.02040
0.16099 0.36850 0.46144 0.61208 0.27599 1.001 0.142 1579.820 0.02043
0.16118 0.36894 0.46198 0.61280 0.27782 1.022 0.135 1579.857 0.02045
0.16137 0.36937 0.46253 0.61352 0.27964 0.840 0.133 1579.894 0.02047
0.16156 0.36981 0.46307 0.61424 0.28146 1.281 0.150 1579.931 0.02050
0.16175 0.37024 0.46362 0.61496 0.28328 1.087 0.148 1579.967 0.02052
0.16194 0.37068 0.46416 0.61569 0.28510 1.113 0.140 1580.004 0.02055
0.16213 0.37111 0.46470 0.61641 0.28692 1.115 0.141 1580.041 0.02057
0.16232 0.37155 0.46525 0.61713 0.28874 0.993 0.143 1580.077 0.02059
0.16251 0.37198 0.46579 0.61785 0.29056 0.987 0.143 1580.114 0.02062
0.16270 0.37241 0.46634 0.61857 0.29238 1.075 0.139 1580.151 0.02064
0.16289 0.37285 0.46688 0.61930 0.29420 1.150 0.135 1580.188 0.02066
0.16308 0.37328 0.46742 0.62002 0.29602 1.066 0.138 1580.224 0.02069
0.16327 0.37372 0.46797 0.62074 0.29785 1.124 0.133 1580.261 0.02071
0.16346 0.37415 0.46851 0.62146 0.29967 1.098 0.149 1580.298 0.02074
0.16365 0.37459 0.46906 0.62218 0.30149 0.801 0.132 1580.334 0.02076
0.16384 0.37502 0.46960 0.62290 0.30331 0.902 0.138 1580.371 0.02078
0.16403 0.37546 0.47015 0.62363 0.30513 1.018 0.145 1580.408 0.02081
0.16422 0.37589 0.47069 0.62435 0.30695 0.876 0.136 1580.445 0.02083
0.16441 0.37633 0.47123 0.62507 0.30877 1.177 0.137 1580.481 0.02085
0.16460 0.37676 0.47178 0.62579 0.31060 0.878 0.137 1580.518 0.02088
0.16479 0.37720 0.47232 0.62651 0.31242 1.107 0.142 1580.555 0.02090
0.16498 0.37763 0.47287 0.62724 0.31424 1.109 0.150 1580.592 0.02093
0.16517 0.37806 0.47341 0.62796 0.31606 1.254 0.150 1580.628 0.02095
0.16536 0.37850 0.47396 0.62868 0.31788 1.083 0.141 1580.665 0.02097
0.16555 0.37893 0.47450 0.62940 0.31971 1.113 0.142 1580.702 0.02100
0.16574 0.37937 0.47504 0.63012 0.32153 1.071 0.140 1580.738 0.02102
0.16593 0.37980 0.47559 0.63085 0.32335 1.028 0.146 1580.775 0.02104
0.16612 0.38024 0.47613 0.63157 0.32517 1.044 0.147 1580.812 0.02107
0.16631 0.38067 0.47668 0.63229 0.32699 0.814 0.134 1580.849 0.02109
0.16650 0.38111 0.47722 0.63301 0.32882 1.104 0.151 1580.885 0.02112
0.16669 0.38154 0.47777 0.63374 0.33064 1.047 0.139 1580.922 0.02114
0.16688 0.38198 0.47831 0.63446 0.33246 1.265 0.151 1580.959 0.02116
0.16707 0.38241 0.47886 0.63518 0.33428 1.136 0.153 1580.995 0.02119
0.16726 0.38285 0.47940 0.63590 0.33611 1.006 0.146 1581.032 0.02121
0.16745 0.38328 0.47994 0.63662 0.33793 0.774 0.131 1581.069 0.02123
0.16764 0.38372 0.48049 0.63735 0.33975 0.979 0.135 1581.106 0.02126
0.16783 0.38415 0.48103 0.63807 0.34157 0.994 0.145 1581.142 0.02128
0.16802 0.38459 0.48158 0.63879 0.34340 1.068 0.150 1581.179 0.02130
0.16821 0.38502 0.48212 0.63951 0.34522 0.951 0.134 1581.216 0.02133
0.16840 0.38546 0.48267 0.64024 0.34704 1.040 0.148 1581.252 0.02135
0.16859 0.38589 0.48321 0.64096 0.34887 0.953 0.143 1581.289 0.02138
0.16878 0.38633 0.48376 0.64168 0.35069 1.101 0.165 1581.326 0.02140
0.16897 0.38676 0.48430 0.64240 0.35251 1.058 0.225 1581.363 0.02142
0.16916 0.38720 0.48485 0.64313 0.35434 1.121 0.240 1581.399 0.02145
0.16935 0.38763 0.48539 0.64385 0.35616 0.600 0.193 1581.436 0.02147
0.16954 0.38807 0.48594 0.64457 0.35798 0.907 0.223 1581.473 0.02149
0.16973 0.38850 0.48648 0.64529 0.35981 0.631 0.197 1581.510 0.02152
0.16992 0.38894 0.48703 0.64602 0.36163 1.032 0.233 1581.546 0.02154
0.17011 0.38937 0.48757 0.64674 0.36345 0.756 0.208 1581.583 0.02157
0.17030 0.38981 0.48812 0.64746 0.36528 0.972 0.229 1581.620 0.02159
0.17049 0.39024 0.48866 0.64819 0.36710 0.819 0.215 1581.656 0.02161
0.17068 0.39068 0.48921 0.64891 0.36892 0.789 0.213 1581.693 0.02164
0.17087 0.39111 0.48975 0.64963 0.37075 0.914 0.224 1581.730 0.02166
0.17106 0.39155 0.49029 0.65035 0.37257 0.790 0.213 1581.767 0.02168
0.17125 0.39198 0.49084 0.65108 0.37440 1.224 0.249 1581.803 0.02171
0.17144 0.39242 0.49138 0.65180 0.37622 0.945 0.226 1581.840 0.02173
0.17163 0.39285 0.49193 0.65252 0.37804 0.976 0.230 1581.877 0.02176
0.17182 0.39329 0.49247 0.65325 0.37987 0.853 0.219 1581.913 0.02178
0.17201 0.39372 0.49302 0.65397 0.38169 1.071 0.238 1581.950 0.02180
0.17220 0.39416 0.49356 0.65469 0.38352 0.917 0.225 1581.987 0.02183
0.17239 0.39459 0.49411 0.65541 0.38534 0.732 0.209 1582.024 0.02185
0.17258 0.39503 0.49466 0.65614 0.38716 0.950 0.229 1582.060 0.02187
0.17277 0.39547 0.49520 0.65686 0.38899 0.919 0.226 1582.097 0.02190
0.17296 0.39590 0.49575 0.65758 0.39081 0.701 0.206 1582.134 0.02192
0.17315 0.39634 0.49629 0.65831 0.39264 1.077 0.239 1582.171 0.02195
0.17334 0.39677 0.49684 0.65903 0.39446 1.016 0.234 1582.207 0.02197
0.17353 0.39721 0.49738 0.65975 0.39629 0.392 0.172 1582.244 0.02199
0.17372 0.39764 0.49793 0.66048 0.39811 0.738 0.210 1582.281 0.02202
0.17391 0.39808 0.49847 0.66120 0.39994 0.801 0.216 1582.317 0.02204
0.17410 0.39851 0.49902 0.66192 0.40176 0.927 0.227 1582.354 0.02206
0.17429 0.39895 0.49956 0.66265 0.40359 0.709 0.207 1582.391 0.02209
0.17448 0.39938 0.50011 0.66337 0.40541 0.428 0.176 1582.428 0.02211
0.17467 0.39982 0.50065 0.66409 0.40724 0.836 0.219 1582.464 0.02213
0.17486 0.40025 0.50120 0.66482 0.40906 1.182 0.249 1582.501 0.02216
0.17505 0.40069 0.50174 0.66554 0.41089 0.774 0.214 1582.538 0.02218
0.17524 0.40113 0.50229 0.66626 0.41271 0.680 0.205 1582.574 0.02221
0.17543 0.40156 0.50283 0.66699 0.41454 0.649 0.202 1582.611 0.02223
0.17562 0.40200 0.50338 0.66771 0.41636 0.987 0.234 1582.648 0.02225
0.17581 0.40243 0.50392 0.66843 0.41819 0.613 0.199 1582.685 0.02228
0.17600 0.40287 0.50447 0.66916 0.42001 0.895 0.226 1582.721 0.02230
0.17619 0.40330 0.50501 0.66988 0.42184 0.877 0.222 1582.758 0.02232
0.17638 0.40374 0.50556 0.67060 0.42366 0.410 0.173 1582.795 0.02235
0.17658 0.40417 0.50611 0.67133 0.42549 0.903 0.229 1582.831 0.02237
0.17677 0.40461 0.50665 0.67205 0.42732 0.805 0.218 1582.868 0.02240
0.17696 0.40505 0.50720 0.67277 0.42914 0.847 0.221 1582.905 0.02242
0.17715 0.40548 0.50774 0.67350 0.43097 0.255 0.151 1582.942 0.02244
0.17734 0.40592 0.50829 0.67422 0.43279 0.516 0.190 1582.978 0.02247
0.17753 0.40635 0.50883 0.67494 0.43462 0.334 0.166 1583.015 0.02249
0.17772 0.40679 0.50938 0.67567 0.43645 0.621 0.200 1583.052 0.02251
0.17791 0.40722 0.50992 0.67639 0.43827 0.758 0.213 1583.089 0.02254
0.17810 0.40766 0.51047 0.67712 0.44010 0.261 0.157 1583.125 0.02256
0.17829 0.40810 0.51102 0.67784 0.44192 0.543 0.194 1583.162 0.02259
0.17848 0.40853 0.51156 0.67856 0.44375 0.234 0.146 1583.199 0.02261
0.17867 0.40897 0.51211 0.67929 0.44558 0.380 0.171 1583.235 0.02263
0.17886 0.40940 0.51265 0.68001 0.44740 0.210 0.148 1583.272 0.02266
0.17905 0.40984 0.51320 0.68073 0.44923 0.275 0.158 1583.309 0.02268
0.17924 0.41027 0.51374 0.68146 0.45106 0.148 0.136 1583.346 0.02270
0.17943 0.41071 0.51429 0.68218 0.45288 0.308 0.163 1583.382 0.02273
0.17962 0.41115 0.51484 0.68291 0.45471 0.212 0.148 1583.419 0.02275
0.17981 0.41158 0.51538 0.68363 0.45654 0.148 0.136 1583.456 0.02278
0.18000 0.41202 0.51593 0.68435 0.45836 0.180 0.142 1583.492 0.02280
0.18019 0.41245 0.51647 0.68508 0.46019 0.053 0.117 1583.529 0.02282
0.18038 0.41289 0.51702 0.68580 0.46202 0.053 0.117 1583.566 0.02285
0.18057 0.41333 0.51757 0.68653 0.46384 0.085 0.124 1583.603 0.02287
0.18076 0.41376 0.51811 0.68725 0.46567 0.022 0.109 1583.639 0.02289
0.18095 0.41420 0.51866 0.68797 0.46750 0.022 0.109 1583.676 0.02292
0.18114 0.41463 0.51920 0.68870 0.46933 0.054 0.118 1583.713 0.02294
0.18134 0.41507 0.51975 0.68942 0.47115 0.055 0.118 1583.749 0.02297
0.18153 0.41551 0.52029 0.69015 0.47298 0.023 0.110 1583.786 0.02299
0.18172 0.41594 0.52084 0.69087 0.47481 -0.010 0.101 1583.823 0.02301
0.18191 0.41638 0.52139 0.69160 0.47663 -0.010 0.101 1583.860 0.02304
0.18210 0.41681 0.52193 0.69232 0.47846 -0.010 0.101 1583.896 0.02306
0.18229 0.41725 0.52248 0.69304 0.48029 -0.010 0.101 1583.933 0.02308
0.18248 0.41769 0.52302 0.69377 0.48212 0.023 0.110 1583.970 0.02311
0.18267 0.41812 0.52357 0.69449 0.48394 -0.009 0.101 1584.007 0.02313
0.18286 0.41856 0.52412 0.69522 0.48577 -0.007 0.101 1584.043 0.02315
0.18305 0.41899 0.52466 0.69594 0.48760 -0.008 0.101 1584.080 0.02318
0.18324 0.41943 0.52521 0.69667 0.48943 -0.008 0.101 1584.117 0.02320
0.18343 0.41987 0.52576 0.69739 0.49126 -0.008 0.101 1584.153 0.02323
0.18362 0.42030 0.52630 0.69811 0.49308 0.025 0.110 1584.190 0.02325
0.18381 0.42074 0.52685 0.69884 0.49491 0.025 0.110 1584.227 0.02327
0.18400 0.42118 0.52739 0.69956 0.49674 -0.007 0.101 1584.264 0.02330
0.18419 0.42161 0.52794 0.70029 0.49857 -0.008 0.101 1584.300 0.02332
0.18438 0.42205 0.52849 0.70101 0.50040 0.057 0.118 1584.337 0.02334
0.18457 0.42248 0.52903 0.70174 0.50222 -0.007 0.101 1584.374 0.02337
0.18476 0.42292 0.52958 0.70246 0.50405 -0.007 0.101 1584.410 0.02339
0.18496 0.42336 0.53013 0.70319 0.50588 0.026 0.110 1584.447 0.02342
0.18515 0.42379 0.53067 0.70391 0.50771 -0.005 0.101 1584.484 0.02344
0.18534 0.42423 0.53122 0.70464 0.50954 0.027 0.110 1584.521 0.02346
0.18553 0.42467 0.53176 0.70536 0.51137 -0.005 0.101 1584.557 0.02349
0.18572 0.42510 0.53231 0.70609 0.51320 0.026 0.111 1584.594 0.02351
0.18591 0.42554 0.53286 0.70681 0.51502 0.026 0.111 1584.631 0.02353
0.18610 0.42597 0.53340 0.70754 0.51685 -0.006 0.102 1584.668 0.02356
0.18629 0.42641 0.53395 0.70826 0.51868 -0.006 0.102 1584.704 0.02358
0.18648 0.42685 0.53450 0.70898 0.52051 -0.006 0.102 1584.741 0.02361
0.18667 0.42728 0.53504 0.70971 0.52234 -0.006 0.102 1584.778 0.02363
0.18686 0.42772 0.53559 0.71043 0.52417 -0.007 0.102 1584.814 0.02365
0.18705 0.42816 0.53614 0.71116 0.52600 0.026 0.111 1584.851 0.02368
0.18724 0.42859 0.53668 0.71188 0.52783 -0.007 0.102 1584.888 0.02370
0.18743 0.42903 0.53723 0.71261 0.52966 0.025 0.111 1584.925 0.02372
0.18762 0.42947 0.53778 0.71333 0.53149 0.025 0.111 1584.961 0.02375
0.18781 0.42990 0.53832 0.71406 0.53332 -0.008 0.102 1584.998 0.02377
0.18801 0.43034 0.53887 0.71478 0.53514 0.024 0.111 1585.035 0.02380
0.18820 0.43078 0.53941 0.71551 0.53697 -0.008 0.102 1585.071 0.02382
0.18839 0.43121 0.53996 0.71623 0.53880 -0.008 0.102 1585.108 0.02384
0.18858 0.43165 0.54051 0.71696 0.54063 0.024 0.111 1585.145 0.02387
0.18877 0.43208 0.54105 0.71768 0.54246 -0.009 0.102 1585.182 0.02389
0.18896 0.43252 0.54160 0.71841 0.54429 -0.009 0.102 1585.218 0.02391
0.18915 0.43296 0.54215 0.71913 0.54612 -0.009 0.102 1585.255 0.02394
0.18934 0.43339 0.54270 0.71986 0.54795 -0.009 0.102 1585.292 0.02396
0.18953 0.43383 0.54324 0.72059 0.54978 -0.009 0.102 1585.328 0.02399
0.18972 0.43427 0.54379 0.72131 0.55161 -0.009 0.102 1585.365 0.02401
0.18991 0.43470 0.54434 0.72204 0.55344 -0.009 0.102 1585.402 0.02403
0.19010 0.43514 0.54488 0.72276 0.55527 0.023 0.111 1585.439 0.02406
0.19029 0.43558 0.54543 0.72349 0.55710 0.055 0.120 1585.475 0.02408
0.19049 0.43601 0.54598 0.72421 0.55893 -0.010 0.102 1585.512 0.02410
0.19068 0.43645 0.54652 0.72494 0.56076 -0.010 0.102 1585.549 0.02413
0.19087 0.43689 0.54707 0.72566 0.56259 -0.009 0.102 1585.586 0.02415
0.19106 0.43732 0.54762 0.72639 0.56442 0.056 0.120 1585.622 0.02417
0.19125 0.43776 0.54816 0.72711 0.56625 0.024 0.111 1585.659 0.02420
0.19144 0.43820 0.54871 0.72784 0.56809 0.056 0.119 1585.696 0.02422
0.19163 0.43864 0.54926 0.72856 0.56992 0.055 0.120 1585.732 0.02425
0.19182 0.43907 0.54980 0.72929 0.57175 0.055 0.120 1585.769 0.02427
0.19201 0.43951 0.55035 0.73002 0.57358 0.056 0.119 1585.806 0.02429
0.19220 0.43995 0.55090 0.73074 0.57541 0.187 0.146 1585.843 0.02432
0.19239 0.44038 0.55145 0.73147 0.57724 0.219 0.151 1585.879 0.02434
0.19258 0.44082 0.55199 0.73219 0.57907 0.350 0.171 1585.916 0.02436
0.19278 0.44126 0.55254 0.73292 0.58090 0.251 0.157 1585.953 0.02439
0.19297 0.44169 0.55309 0.73364 0.58273 0.610 0.202 1585.989 0.02441
0.19316 0.44213 0.55363 0.73437 0.58456 0.479 0.187 1586.026 0.02444
0.19335 0.44257 0.55418 0.73510 0.58639 0.380 0.175 1586.063 0.02446
0.19354 0.44300 0.55473 0.73582 0.58823 0.641 0.204 1586.100 0.02448
0.19373 0.44344 0.55527 0.73655 0.59006 0.250 0.155 1586.136 0.02451
0.19392 0.44388 0.55582 0.73727 0.59189 0.773 0.219 1586.173 0.02453
0.19411 0.44431 0.55637 0.73800 0.59372 0.708 0.213 1586.210 0.02455
0.19430 0.44475 0.55692 0.73872 0.59555 0.512 0.191 1586.246 0.02458
0.19449 0.44519 0.55746 0.73945 0.59738 0.872 0.228 1586.283 0.02460
0.19468 0.44563 0.55801 0.74018 0.59921 0.741 0.215 1586.320 0.02463
0.19488 0.44606 0.55856 0.74090 0.60105 0.610 0.202 1586.357 0.02465
0.19507 0.44650 0.55911 0.74163 0.60288 0.676 0.209 1586.393 0.02467
0.19526 0.44694 0.55965 0.74235 0.60471 1.036 0.242 1586.430 0.02470
0.19545 0.44737 0.56020 0.74308 0.60654 0.610 0.202 1586.467 0.02472
0.19564 0.44781 0.56075 0.74381 0.60837 0.707 0.213 1586.504 0.02474
0.19583 0.44825 0.56129 0.74453 0.61021 0.740 0.216 1586.540 0.02477
0.19602 0.44869 0.56184 0.74526 0.61204 0.543 0.194 1586.577 0.02479
0.19621 0.44912 0.56239 0.74598 0.61387 0.707 0.212 1586.614 0.02482
0.19640 0.44956 0.56294 0.74671 0.61570 0.609 0.202 1586.650 0.02484
0.19659 0.45000 0.56348 0.74744 0.61753 0.544 0.195 1586.687 0.02486
0.19678 0.45043 0.56403 0.74816 0.61937 0.936 0.233 1586.724 0.02489
0.19698 0.45087 0.56458 0.74889 0.62120 0.968 0.237 1586.761 0.02491
0.19717 0.45131 0.56513 0.74961 0.62303 0.772 0.218 1586.797 0.02493
0.19736 0.45175 0.56567 0.75034 0.62486 0.607 0.202 1586.834 0.02496
0.19755 0.45218 0.56622 0.75107 0.62670 1.031 0.242 1586.871 0.02498
0.19774 0.45262 0.56677 0.75179 0.62853 0.672 0.207 1586.907 0.02500
0.19793 0.45306 0.56732 0.75252 0.63036 0.901 0.231 1586.944 0.02503
0.19812 0.45349 0.56786 0.75325 0.63219 0.933 0.233 1586.981 0.02505
0.19831 0.45393 0.56841 0.75397 0.63403 0.802 0.222 1587.018 0.02508
0.19850 0.45437 0.56896 0.75470 0.63586 0.833 0.224 1587.054 0.02510
0.19870 0.45481 0.56951 0.75543 0.63769 0.801 0.222 1587.091 0.02512
0.19889 0.45524 0.57006 0.75615 0.63953 0.507 0.190 1587.128 0.02515
0.19908 0.45568 0.57060 0.75688 0.64136 0.540 0.195 1587.165 0.02517
0.19927 0.45612 0.57115 0.75761 0.64319 0.834 0.224 1587.201 0.02519
0.19946 0.45656 0.57170 0.75833 0.64503 0.639 0.206 1587.238 0.02522
0.19965 0.45699 0.57225 0.75906 0.64686 0.835 0.225 1587.275 0.02524
0.19984 0.45743 0.57279 0.75978 0.64869 0.445 0.183 1587.311 0.02527
0.20003 0.45787 0.57334 0.76051 0.65053 0.608 0.202 1587.348 0.02529
0.20022 0.45831 0.57389 0.76124 0.65236 0.640 0.205 1587.385 0.02531
0.20042 0.45874 0.57444 0.76196 0.65419 0.509 0.190 1587.422 0.02534
0.20061 0.45918 0.57498 0.76269 0.65603 0.900 0.230 1587.458 0.02536
0.20080 0.45962 0.57553 0.76342 0.65786 0.835 0.224 1587.495 0.02538
0.20099 0.46006 0.57608 0.76414 0.65969 0.573 0.197 1587.532 0.02541
0.20118 0.46049 0.57663 0.76487 0.66153 0.606 0.201 1587.568 0.02543
0.20137 0.46093 0.57718 0.76560 0.66336 0.606 0.201 1587.605 0.02546
0.20156 0.46137 0.57772 0.76632 0.66519 0.541 0.194 1587.642 0.02548
0.20175 0.46181 0.57827 0.76705 0.66703 0.769 0.217 1587.679 0.02550
0.20194 0.46224 0.57882 0.76778 0.66886 0.933 0.233 1587.715 0.02553
0.20214 0.46268 0.57937 0.76851 0.67070 0.900 0.230 1587.752 0.02555
0.20233 0.46312 0.57992 0.76923 0.67253 1.095 0.246 1587.789 0.02557
0.20252 0.46356 0.58046 0.76996 0.67436 1.062 0.244 1587.825 0.02560
0.20271 0.46399 0.58101 0.77069 0.67620 1.029 0.241 1587.862 0.02562
0.20290 0.46443 0.58156 0.77141 0.67803 1.062 0.243 1587.899 0.02565
0.20309 0.46487 0.58211 0.77214 0.67987 1.094 0.246 1587.936 0.02567
0.20328 0.46531 0.58266 0.77287 0.68170 0.932 0.232 1587.972 0.02569
0.20347 0.46575 0.58320 0.77359 0.68354 0.640 0.204 1588.009 0.02572
0.20367 0.46618 0.58375 0.77432 0.68537 0.706 0.209 1588.046 0.02574
0.20386 0.46662 0.58430 0.77505 0.68721 1.127 0.248 1588.083 0.02576
0.20405 0.46706 0.58485 0.77578 0.68904 0.997 0.237 1588.119 0.02579
0.20424 0.46750 0.58540 0.77650 0.69088 0.996 0.237 1588.156 0.02581
0.20443 0.46793 0.58595 0.77723 0.69271 1.060 0.243 1588.193 0.02584
0.20462 0.46837 0.58649 0.77796 0.69455 0.931 0.231 1588.229 0.02586
0.20481 0.46881 0.58704 0.77868 0.69638 1.028 0.240 1588.266 0.02588
0.20500 0.46925 0.58759 0.77941 0.69821 1.028 0.240 1588.303 0.02591
0.20520 0.46969 0.58814 0.78014 0.70005 1.027 0.239 1588.340 0.02593
0.20539 0.47012 0.58869 0.78087 0.70189 0.930 0.231 1588.376 0.02595
0.20558 0.47056 0.58924 0.78159 0.70372 1.123 0.247 1588.413 0.02598
0.20577 0.47100 0.58978 0.78232 0.70556 1.026 0.240 1588.450 0.02600
0.20596 0.47144 0.59033 0.78305 0.70739 0.961 0.234 1588.486 0.02602
0.20615 0.47187 0.59088 0.78378 0.70923 1.025 0.239 1588.523 0.02605
0.20634 0.47231 0.59143 0.78450 0.71106 1.185 0.252 1588.560 0.02607
0.20653 0.47275 0.59198 0.78523 0.71290 1.152 0.250 1588.597 0.02610
0.20673 0.47319 0.59253 0.78596 0.71473 0.991 0.236 1588.633 0.02612
0.20692 0.47363 0.59307 0.78669 0.71657 0.893 0.228 1588.670 0.02614
0.20711 0.47406 0.59362 0.78741 0.71840 1.054 0.241 1588.707 0.02617
0.20730 0.47450 0.59417 0.78814 0.72024 0.796 0.219 1588.743 0.02619
0.20749 0.47494 0.59472 0.78887 0.72208 0.892 0.227 1588.780 0.02621
0.20768 0.47538 0.59527 0.78960 0.72391 1.598 0.282 1588.817 0.02624
0.20787 0.47582 0.59582 0.79032 0.72575 0.922 0.230 1588.854 0.02626
0.20807 0.47626 0.59636 0.79105 0.72758 0.825 0.219 1588.890 0.02629
0.20826 0.47669 0.59691 0.79178 0.72942 0.792 0.218 1588.927 0.02631
0.20845 0.47713 0.59746 0.79251 0.73126 0.663 0.205 1588.964 0.02633
0.20864 0.47757 0.59801 0.79323 0.73309 0.984 0.235 1589.001 0.02636
0.20883 0.47801 0.59856 0.79396 0.73493 0.823 0.220 1589.037 0.02638
0.20902 0.47845 0.59911 0.79469 0.73676 1.079 0.243 1589.074 0.02640
0.20921 0.47888 0.59966 0.79542 0.73860 0.982 0.235 1589.111 0.02643
0.20941 0.47932 0.60021 0.79614 0.74044 1.237 0.255 1589.147 0.02645
0.20960 0.47976 0.60075 0.79687 0.74227 1.140 0.247 1589.184 0.02648
0.20979 0.48020 0.60130 0.79760 0.74411 1.107 0.245 1589.221 0.02650
0.20998 0.48064 0.60185 0.79833 0.74595 1.011 0.237 1589.258 0.02652
0.21017 0.48107 0.60240 0.79906 0.74778 0.755 0.214 1589.294 0.02655
0.21036 0.48151 0.60295 0.79978 0.74962 1.105 0.244 1589.331 0.02657
0.21055 0.48195 0.60350 0.80051 0.75146 0.979 0.233 1589.368 0.02659
0.21075 0.48239 0.60405 0.80124 0.75329 0.946 0.231 1589.404 0.02662
0.21094 0.48283 0.60460 0.80197 0.75513 1.169 0.249 1589.441 0.02664
0.21113 0.48327 0.60514 0.80270 0.75697 0.977 0.233 1589.478 0.02667
0.21132 0.48370 0.60569 0.80342 0.75881 0.943 0.230 1589.515 0.02669
0.21151 0.48414 0.60624 0.80415 0.76064 1.165 0.249 1589.551 0.02671
0.21170 0.48458 0.60679 0.80488 0.76248 1.005 0.236 1589.588 0.02674
0.21189 0.48502 0.60734 0.80561 0.76432 1.036 0.238 1589.625 0.02676
0.21209 0.48546 0.60789 0.80634 0.76615 1.004 0.235 1589.662 0.02678
0.21228 0.48590 0.60844 0.80706 0.76799 0.875 0.224 1589.698 0.02681
0.21247 0.48633 0.60899 0.80779 0.76983 1.097 0.243 1589.735 0.02683
0.21266 0.48677 0.60954 0.80852 0.77167 1.159 0.247 1589.772 0.02685
0.21285 0.48721 0.61008 0.80925 0.77350 1.095 0.242 1589.808 0.02688
0.21304 0.48765 0.61063 0.80998 0.77534 1.347 0.262 1589.845 0.02690
0.21324 0.48809 0.61118 0.81071 0.77718 0.556 0.192 1589.882 0.02693
0.21343 0.48853 0.61173 0.81143 0.77902 0.935 0.229 1589.919 0.02695
0.21362 0.48897 0.61228 0.81216 0.78085 0.872 0.223 1589.955 0.02697
0.21381 0.48940 0.61283 0.81289 0.78269 1.030 0.237 1589.992 0.02700
0.21400 0.48984 0.61338 0.81362 0.78453 1.187 0.249 1590.029 0.02702
0.21419 0.49028 0.61393 0.81435 0.78637 1.156 0.246 1590.065 0.02704
0.21439 0.49072 0.61448 0.81508 0.78821 1.218 0.251 1590.102 0.02707
0.21458 0.49116 0.61503 0.81581 0.79004 1.154 0.246 1590.139 0.02709
0.21477 0.49160 0.61558 0.81653 0.79188 1.028 0.236 1590.176 0.02712
0.21496 0.49204 0.61613 0.81726 0.79372 1.214 0.251 1590.212 0.02714
0.21515 0.49247 0.61667 0.81799 0.79556 0.680 0.204 1590.249 0.02716
0.21534 0.49291 0.61722 0.81872 0.79740 0.867 0.222 1590.286 0.02719
0.21553 0.49335 0.61777 0.81945 0.79924 0.835 0.219 1590.322 0.02721
0.21573 0.49379 0.61832 0.82018 0.80107 1.022 0.235 1590.359 0.02723
0.21592 0.49423 0.61887 0.82091 0.80291 1.021 0.234 1590.396 0.02726
0.21611 0.49467 0.61942 0.82163 0.80475 0.957 0.229 1590.433 0.02728
0.21630 0.49511 0.61997 0.82236 0.80659 0.643 0.200 1590.469 0.02731
0.21649 0.49555 0.62052 0.82309 0.80843 1.048 0.236 1590.506 0.02733
0.21668 0.49598 0.62107 0.82382 0.81027 1.017 0.234 1590.543 0.02735
0.21688 0.49642 0.62162 0.82455 0.81211 0.860 0.220 1590.580 0.02738
0.21707 0.49686 0.62217 0.82528 0.81395 0.983 0.231 1590.616 0.02740
0.21726 0.49730 0.62272 0.82601 0.81579 0.889 0.223 1590.653 0.02742
0.21745 0.49774 0.62327 0.82674 0.81762 0.951 0.228 1590.690 0.02745
0.21764 0.49818 0.62382 0.82746 0.81946 0.827 0.217 1590.726 0.02747
0.21783 0.49862 0.62437 0.82819 0.82130 0.982 0.230 1590.763 0.02750
0.21803 0.49906 0.62492 0.82892 0.82314 0.640 0.199 1590.800 0.02752
0.21822 0.49949 0.62547 0.82965 0.82498 1.352 0.259 1590.837 0.02754
0.21841 0.49993 0.62601 0.83038 0.82682 0.948 0.227 1590.873 0.02757
0.21860 0.50037 0.62656 0.83111 0.82866 0.854 0.219 1590.910 0.02759
0.21879 0.50081 0.62711 0.83184 0.83050 1.100 0.239 1590.947 0.02761
0.21899 0.50125 0.62766 0.83257 0.83234 0.977 0.229 1590.983 0.02764
0.21918 0.50169 0.62821 0.83330 0.83418 0.822 0.216 1591.020 0.02766
0.21937 0.50213 0.62876 0.83403 0.83602 0.945 0.226 1591.057 0.02769
0.21956 0.50257 0.62931 0.83475 0.83786 0.944 0.226 1591.094 0.02771
0.21975 0.50301 0.62986 0.83548 0.83970 1.127 0.241 1591.130 0.02773
0.21994 0.50344 0.63041 0.83621 0.84154 1.034 0.233 1591.167 0.02776
0.22014 0.50388 0.63096 0.83694 0.84338 0.848 0.217 1591.204 0.02778
0.22033 0.50432 0.63151 0.83767 0.84522 0.879 0.219 1591.240 0.02780
0.22052 0.50476 0.63206 0.83840 0.84706 0.847 0.216 1591.277 0.02783
0.22071 0.50520 0.63261 0.83913 0.84890 1.030 0.232 1591.314 0.02785
0.22090 0.50564 0.63316 0.83986 0.85074 1.183 0.244 1591.351 0.02787
0.22110 0.50608 0.63371 0.84059 0.85258 0.937 0.224 1591.387 0.02790
0.22129 0.50652 0.63426 0.84132 0.85442 0.815 0.213 1591.424 0.02792
0.22148 0.50696 0.63481 0.84205 0.85626 1.150 0.241 1591.461 0.02795
0.22167 0.50740 0.63536 0.84278 0.85810 0.965 0.226 1591.498 0.02797
0.22186 0.50784 0.63591 0.84351 0.85994 1.270 0.250 1591.534 0.02799
0.22205 0.50827 0.63646 0.84424 0.86178 0.477 0.178 1591.571 0.02802
0.22225 0.50871 0.63701 0.84496 0.86362 0.994 0.228 1591.608 0.02804
0.22244 0.50915 0.63756 0.84569 0.86546 1.298 0.251 1591.644 0.02806
0.22263 0.50959 0.63811 0.84642 0.86730 1.145 0.240 1591.681 0.02809
0.22282 0.51003 0.63866 0.84715 0.86914 0.992 0.228 1591.718 0.02811
0.22301 0.51047 0.63921 0.84788 0.87098 1.263 0.249 1591.755 0.02814
0.22321 0.51091 0.63976 0.84861 0.87282 0.807 0.212 1591.791 0.02816
0.22340 0.51135 0.64031 0.84934 0.87467 1.199 0.244 1591.828 0.02818
0.22359 0.51179 0.64086 0.85007 0.87651 1.077 0.234 1591.865 0.02821
0.22378 0.51223 0.64141 0.85080 0.87835 0.775 0.208 1591.901 0.02823
0.22397 0.51267 0.64196 0.85153 0.88019 0.804 0.210 1591.938 0.02825
0.22417 0.51311 0.64251 0.85226 0.88203 0.773 0.208 1591.975 0.02828
0.22436 0.51355 0.64306 0.85299 0.88387 0.622 0.193 1592.012 0.02830
0.22455 0.51399 0.64361 0.85372 0.88571 1.163 0.240 1592.048 0.02833
0.22474 0.51442 0.64416 0.85445 0.88755 1.042 0.230 1592.085 0.02835
0.22493 0.51486 0.64471 0.85518 0.88940 0.981 0.225 1592.122 0.02837
0.22513 0.51530 0.64526 0.85591 0.89124 1.039 0.229 1592.159 0.02840
0.22532 0.51574 0.64581 0.85664 0.89308 1.008 0.226 1592.195 0.02842
0.22551 0.51618 0.64636 0.85737 0.89492 1.216 0.243 1592.232 0.02844
0.22570 0.51662 0.64691 0.85810 0.89676 0.856 0.214 1592.269 0.02847
0.22589 0.51706 0.64746 0.85883 0.89860 1.333 0.251 1592.305 0.02849
0.22608 0.51750 0.64801 0.85956 0.90045 1.183 0.240 1592.342 0.02852
0.22628 0.51794 0.64856 0.86029 0.90229 0.973 0.223 1592.379 0.02854
0.22647 0.51838 0.64911 0.86102 0.90413 1.002 0.226 1592.416 0.02856
0.22666 0.51882 0.64966 0.86175 0.90597 0.793 0.208 1592.452 0.02859
0.22685 0.51926 0.65021 0.86248 0.90781 0.881 0.215 1592.489 0.02861
0.22705 0.51970 0.65076 0.86321 0.90966 0.850 0.212 1592.526 0.02863
0.22724 0.52014 0.65131 0.86394 0.91150 1.026 0.227 1592.562 0.02866
0.22743 0.52058 0.65187 0.86467 0.91334 1.528 0.264 1592.599 0.02868
0.22762 0.52102 0.65242 0.86540 0.91518 1.054 0.229 1592.636 0.02870
0.22781 0.52146 0.65297 0.86613 0.91703 0.905 0.216 1592.673 0.02873
0.22801 0.52190 0.65352 0.86686 0.91887 1.229 0.242 1592.709 0.02875
0.22820 0.52234 0.65407 0.86759 0.92071 0.963 0.221 1592.746 0.02878
0.22839 0.52278 0.65462 0.86832 0.92255 0.874 0.214 1592.783 0.02880
0.22858 0.52322 0.65517 0.86905 0.92440 1.019 0.226 1592.819 0.02882
0.22877 0.52366 0.65572 0.86978 0.92624 0.666 0.194 1592.856 0.02885
0.22897 0.52409 0.65627 0.87051 0.92808 0.959 0.220 1592.893 0.02887
0.22916 0.52453 0.65682 0.87124 0.92992 1.252 0.243 1592.930 0.02889
0.22935 0.52497 0.65737 0.87197 0.93177 1.075 0.229 1592.966 0.02892
0.22954 0.52541 0.65792 0.87270 0.93361 0.840 0.209 1593.003 0.02894
0.22973 0.52585 0.65847 0.87343 0.93545 1.248 0.241 1593.040 0.02897
0.22993 0.52629 0.65902 0.87416 0.93730 1.317 0.248 1593.077 0.02899
0.23012 0.52673 0.65957 0.87489 0.93914 0.928 0.219 1593.113 0.02901
0.23031 0.52717 0.66012 0.87562 0.94098 1.090 0.230 1593.150 0.02904
0.23050 0.52761 0.66067 0.87636 0.94283 0.897 0.213 1593.187 0.02906
0.23069 0.52805 0.66123 0.87709 0.94467 0.800 0.205 1593.223 0.02908
0.23089 0.52849 0.66178 0.87782 0.94651 1.102 0.231 1593.260 0.02911
0.23108 0.52893 0.66233 0.87855 0.94836 0.722 0.197 1593.297 0.02913
0.23127 0.52937 0.66288 0.87928 0.95020 1.013 0.221 1593.334 0.02916
0.23146 0.52981 0.66343 0.88001 0.95204 1.133 0.233 1593.370 0.02918
0.23166 0.53025 0.66398 0.88074 0.95389 1.191 0.237 1593.407 0.02920
0.23185 0.53069 0.66453 0.88147 0.95573 0.958 0.217 1593.444 0.02923
0.23204 0.53113 0.66508 0.88220 0.95758 1.076 0.227 1593.480 0.02925
0.23223 0.53157 0.66563 0.88293 0.95942 0.803 0.203 1593.517 0.02927
0.23242 0.53201 0.66618 0.88366 0.96126 0.917 0.215 1593.554 0.02930
0.23262 0.53245 0.66673 0.88439 0.96311 0.908 0.211 1593.591 0.02932
0.23281 0.53289 0.66729 0.88512 0.96495 0.765 0.200 1593.627 0.02935
0.23300 0.53333 0.66784 0.88585 0.96680 0.792 0.202 1593.664 0.02937
0.23319 0.53377 0.66839 0.88659 0.96864 0.934 0.214 1593.701 0.02939
0.23339 0.53421 0.66894 0.88732 0.97048 0.990 0.219 1593.737 0.02942
0.23358 0.53465 0.66949 0.88805 0.97233 1.074 0.226 1593.774 0.02944
0.23377 0.53509 0.67004 0.88878 0.97417 1.158 0.231 1593.811 0.02946
0.23396 0.53553 0.67059 0.88951 0.97602 0.928 0.214 1593.848 0.02949
0.23415 0.53597 0.67114 0.89024 0.97786 1.040 0.222 1593.884 0.02951
0.23435 0.53641 0.67169 0.89097 0.97971 0.812 0.203 1593.921 0.02954
0.23454 0.53685 0.67224 0.89170 0.98155 0.754 0.198 1593.958 0.02956
0.23473 0.53729 0.67280 0.89243 0.98340 0.667 0.189 1593.995 0.02958
0.23492 0.53773 0.67335 0.89316 0.98524 1.062 0.223 1594.031 0.02961
0.23512 0.53817 0.67390 0.89390 0.98708 0.580 0.181 1594.068 0.02963
0.23531 0.53861 0.67445 0.89463 0.98893 0.664 0.189 1594.105 0.02965
0.23550 0.53905 0.67500 0.89536 0.99077 0.775 0.199 1594.141 0.02968
0.23569 0.53949 0.67555 0.89609 0.99262 0.914 0.211 1594.178 0.02970
0.23589 0.53993 0.67610 0.89682 0.99446 0.745 0.196 1594.215 0.02972
0.23608 0.54037 0.67665 0.89755 0.99631 1.025 0.220 1594.252 0.02975
0.23627 0.54081 0.67721 0.89828 0.99815 0.631 0.185 1594.288 0.02977
0.23646 0.54125 0.67776 0.89901 1.00000 1.079 0.224 1594.325 0.02980
