x y z dist_scaled dist_frac flux_norm
-0.20201 -0.15258 0.43402 0.50246 0.00000 0.970
-0.20230 -0.15280 0.43464 0.50318 0.00181 0.971
-0.20259 -0.15301 0.43526 0.50389 0.00362 1.301
-0.20288 -0.15323 0.43588 0.50461 0.00543 0.919
-0.20316 -0.15345 0.43650 0.50533 0.00724 1.058
-0.20345 -0.15367 0.43712 0.50605 0.00906 1.060
-0.20374 -0.15389 0.43774 0.50677 0.01087 0.813
-0.20403 -0.15410 0.43836 0.50748 0.01268 0.952
-0.20432 -0.15432 0.43898 0.50820 0.01449 0.650
-0.20461 -0.15454 0.43960 0.50892 0.01630 0.761
-0.20490 -0.15476 0.44022 0.50964 0.01811 0.485
-0.20518 -0.15498 0.44084 0.51035 0.01992 0.653
-0.20547 -0.15519 0.44146 0.51107 0.02174 0.849
-0.20576 -0.15541 0.44208 0.51179 0.02355 0.487
-0.20605 -0.15563 0.44270 0.51251 0.02536 0.489
-0.20634 -0.15585 0.44333 0.51323 0.02717 0.434
-0.20663 -0.15607 0.44395 0.51394 0.02898 0.632
-0.20692 -0.15628 0.44457 0.51466 0.03080 0.577
-0.20721 -0.15650 0.44519 0.51538 0.03261 0.860
-0.20749 -0.15672 0.44581 0.51610 0.03442 1.115
-0.20778 -0.15694 0.44643 0.51682 0.03623 0.779
-0.20807 -0.15716 0.44705 0.51754 0.03804 0.780
-0.20836 -0.15738 0.44767 0.51825 0.03986 1.036
-0.20865 -0.15759 0.44829 0.51897 0.04167 1.321
-0.20894 -0.15781 0.44891 0.51969 0.04348 1.068
-0.20923 -0.15803 0.44953 0.52041 0.04529 0.502
-0.20952 -0.15825 0.45015 0.52113 0.04711 0.986
-0.20980 -0.15847 0.45077 0.52185 0.04892 0.760
-0.21009 -0.15868 0.45139 0.52256 0.05073 1.048
-0.21038 -0.15890 0.45201 0.52328 0.05254 1.250
-0.21067 -0.15912 0.45263 0.52400 0.05436 1.281
-0.21096 -0.15934 0.45325 0.52472 0.05617 0.940
-0.21125 -0.15956 0.45387 0.52544 0.05798 0.941
-0.21154 -0.15977 0.45449 0.52616 0.05980 1.230
-0.21183 -0.15999 0.45511 0.52687 0.06161 0.827
-0.21211 -0.16021 0.45574 0.52759 0.06342 1.349
-0.21240 -0.16043 0.45636 0.52831 0.06524 1.293
-0.21269 -0.16065 0.45698 0.52903 0.06705 0.918
-0.21298 -0.16087 0.45760 0.52975 0.06886 1.152
-0.21327 -0.16108 0.45822 0.53047 0.07068 1.067
-0.21356 -0.16130 0.45884 0.53119 0.07249 0.952
-0.21385 -0.16152 0.45946 0.53191 0.07430 0.924
-0.21414 -0.16174 0.46008 0.53262 0.07612 0.838
-0.21443 -0.16196 0.46070 0.53334 0.07793 0.723
-0.21472 -0.16218 0.46132 0.53406 0.07974 0.782
-0.21500 -0.16239 0.46194 0.53478 0.08156 0.989
-0.21529 -0.16261 0.46256 0.53550 0.08337 0.814
-0.21558 -0.16283 0.46319 0.53622 0.08518 1.141
-0.21587 -0.16305 0.46381 0.53694 0.08700 1.113
-0.21616 -0.16327 0.46443 0.53766 0.08881 1.292
-0.21645 -0.16349 0.46505 0.53837 0.09063 0.998
-0.21674 -0.16370 0.46567 0.53909 0.09244 0.762
-0.21703 -0.16392 0.46629 0.53981 0.09426 0.971
-0.21732 -0.16414 0.46691 0.54053 0.09607 1.032
-0.21761 -0.16436 0.46753 0.54125 0.09788 0.795
-0.21789 -0.16458 0.46815 0.54197 0.09970 1.006
-0.21818 -0.16480 0.46877 0.54269 0.10151 1.126
-0.21847 -0.16501 0.46940 0.54341 0.10333 0.649
-0.21876 -0.16523 0.47002 0.54413 0.10514 0.650
-0.21905 -0.16545 0.47064 0.54485 0.10696 0.863
-0.21934 -0.16567 0.47126 0.54557 0.10877 0.924
-0.21963 -0.16589 0.47188 0.54628 0.11059 0.715
-0.21992 -0.16611 0.47250 0.54700 0.11240 0.927
-0.22021 -0.16632 0.47312 0.54772 0.11422 0.989
-0.22050 -0.16654 0.47374 0.54844 0.11603 0.960
-0.22079 -0.16676 0.47437 0.54916 0.11785 0.840
-0.22108 -0.16698 0.47499 0.54988 0.11966 0.811
-0.22136 -0.16720 0.47561 0.55060 0.12148 0.843
-0.22165 -0.16742 0.47623 0.55132 0.12329 0.845
-0.22194 -0.16763 0.47685 0.55204 0.12511 1.029
-0.22223 -0.16785 0.47747 0.55276 0.12692 1.061
-0.22252 -0.16807 0.47809 0.55348 0.12874 0.879
-0.22281 -0.16829 0.47872 0.55420 0.13055 1.096
-0.22310 -0.16851 0.47934 0.55492 0.13237 1.251
-0.22339 -0.16873 0.47996 0.55564 0.13418 1.038
-0.22368 -0.16895 0.48058 0.55636 0.13600 0.701
-0.22397 -0.16916 0.48120 0.55708 0.13782 1.041
-0.22426 -0.16938 0.48182 0.55780 0.13963 1.073
-0.22455 -0.16960 0.48245 0.55852 0.14145 1.042
-0.22484 -0.16982 0.48307 0.55924 0.14326 1.013
-0.22513 -0.17004 0.48369 0.55995 0.14508 1.200
-0.22541 -0.17026 0.48431 0.56067 0.14689 1.140
-0.22570 -0.17048 0.48493 0.56139 0.14871 0.955
-0.22599 -0.17069 0.48555 0.56211 0.15053 1.113
-0.22628 -0.17091 0.48618 0.56283 0.15234 1.209
-0.22657 -0.17113 0.48680 0.56355 0.15416 0.991
-0.22686 -0.17135 0.48742 0.56427 0.15598 1.023
-0.22715 -0.17157 0.48804 0.56499 0.15779 1.024
-0.22744 -0.17179 0.48866 0.56571 0.15961 1.309
-0.22773 -0.17201 0.48928 0.56643 0.16143 0.713
-0.22802 -0.17222 0.48991 0.56715 0.16324 0.965
-0.22831 -0.17244 0.49053 0.56787 0.16506 0.777
-0.22860 -0.17266 0.49115 0.56859 0.16688 0.873
-0.22889 -0.17288 0.49177 0.56931 0.16869 1.190
-0.22918 -0.17310 0.49239 0.57003 0.17051 0.970
-0.22947 -0.17332 0.49302 0.57075 0.17233 0.812
-0.22976 -0.17354 0.49364 0.57147 0.17414 1.004
-0.23005 -0.17375 0.49426 0.57219 0.17596 1.165
-0.23034 -0.17397 0.49488 0.57291 0.17778 1.136
-0.23063 -0.17419 0.49550 0.57363 0.17959 1.074
-0.23091 -0.17441 0.49613 0.57435 0.18141 1.300
-0.23120 -0.17463 0.49675 0.57507 0.18323 0.725
-0.23149 -0.17485 0.49737 0.57579 0.18505 0.951
-0.23178 -0.17507 0.49799 0.57651 0.18686 1.112
-0.23207 -0.17529 0.49862 0.57723 0.18868 0.856
-0.23236 -0.17550 0.49924 0.57796 0.19050 0.955
-0.23265 -0.17572 0.49986 0.57868 0.19232 1.053
-0.23294 -0.17594 0.50048 0.57940 0.19413 1.054
-0.23323 -0.17616 0.50110 0.58012 0.19595 1.186
-0.23352 -0.17638 0.50173 0.58084 0.19777 1.123
-0.23381 -0.17660 0.50235 0.58156 0.19959 1.191
-0.23410 -0.17682 0.50297 0.58228 0.20141 1.031
-0.23439 -0.17704 0.50359 0.58300 0.20322 0.935
-0.23468 -0.17725 0.50422 0.58372 0.20504 1.132
-0.23497 -0.17747 0.50484 0.58444 0.20686 1.068
-0.23526 -0.17769 0.50546 0.58516 0.20868 1.233
-0.23555 -0.17791 0.50608 0.58588 0.21050 0.940
-0.23584 -0.17813 0.50671 0.58660 0.21231 1.105
-0.23613 -0.17835 0.50733 0.58732 0.21413 0.877
-0.23642 -0.17857 0.50795 0.58804 0.21595 0.846
-0.23671 -0.17879 0.50857 0.58876 0.21777 0.684
-0.23700 -0.17900 0.50920 0.58948 0.21959 1.245
-0.23729 -0.17922 0.50982 0.59020 0.22141 1.115
-0.23758 -0.17944 0.51044 0.59093 0.22323 1.117
-0.23787 -0.17966 0.51106 0.59165 0.22504 0.953
-0.23816 -0.17988 0.51169 0.59237 0.22686 0.959
-0.23845 -0.18010 0.51231 0.59309 0.22868 0.767
-0.23874 -0.18032 0.51293 0.59381 0.23050 0.950
-0.23903 -0.18054 0.51355 0.59453 0.23232 0.956
-0.23932 -0.18076 0.51418 0.59525 0.23414 0.957
-0.23961 -0.18097 0.51480 0.59597 0.23596 0.976
-0.23990 -0.18119 0.51542 0.59669 0.23778 1.111
-0.24019 -0.18141 0.51605 0.59741 0.23960 0.795
-0.24048 -0.18163 0.51667 0.59813 0.24142 0.796
-0.24077 -0.18185 0.51729 0.59886 0.24323 1.167
-0.24106 -0.18207 0.51791 0.59958 0.24505 0.913
-0.24135 -0.18229 0.51854 0.60030 0.24687 1.158
-0.24163 -0.18251 0.51916 0.60102 0.24869 1.171
-0.24192 -0.18273 0.51978 0.60174 0.25051 1.291
-0.24221 -0.18295 0.52041 0.60246 0.25233 0.986
-0.24250 -0.18316 0.52103 0.60318 0.25415 1.005
-0.24279 -0.18338 0.52165 0.60390 0.25597 1.024
-0.24308 -0.18360 0.52227 0.60462 0.25779 1.057
-0.24337 -0.18382 0.52290 0.60535 0.25961 1.027
-0.24366 -0.18404 0.52352 0.60607 0.26143 0.929
-0.24395 -0.18426 0.52414 0.60679 0.26325 0.774
-0.24424 -0.18448 0.52477 0.60751 0.26507 1.129
-0.24453 -0.18470 0.52539 0.60823 0.26689 1.065
-0.24482 -0.18492 0.52601 0.60895 0.26871 1.108
-0.24511 -0.18514 0.52664 0.60967 0.27053 0.879
-0.24540 -0.18536 0.52726 0.61040 0.27235 0.918
-0.24569 -0.18557 0.52788 0.61112 0.27417 0.885
-0.24598 -0.18579 0.52851 0.61184 0.27599 0.759
-0.24628 -0.18601 0.52913 0.61256 0.27782 1.006
-0.24657 -0.18623 0.52975 0.61328 0.27964 0.729
-0.24686 -0.18645 0.53038 0.61400 0.28146 1.027
-0.24715 -0.18667 0.53100 0.61472 0.28328 0.921
-0.24744 -0.18689 0.53162 0.61545 0.28510 0.923
-0.24773 -0.18711 0.53225 0.61617 0.28692 0.962
-0.24802 -0.18733 0.53287 0.61689 0.28874 1.007
-0.24831 -0.18755 0.53349 0.61761 0.29056 0.906
-0.24860 -0.18777 0.53412 0.61833 0.29238 1.008
-0.24889 -0.18798 0.53474 0.61905 0.29420 0.927
-0.24918 -0.18820 0.53536 0.61978 0.29602 0.806
-0.24947 -0.18842 0.53599 0.62050 0.29785 0.965
-0.24976 -0.18864 0.53661 0.62122 0.29967 0.878
-0.25005 -0.18886 0.53723 0.62194 0.30149 0.951
-0.25034 -0.18908 0.53786 0.62266 0.30331 0.777
-0.25063 -0.18930 0.53848 0.62339 0.30513 0.972
-0.25092 -0.18952 0.53910 0.62411 0.30695 1.183
-0.25121 -0.18974 0.53973 0.62483 0.30877 1.058
-0.25150 -0.18996 0.54035 0.62555 0.31060 0.934
-0.25179 -0.19018 0.54097 0.62627 0.31242 1.204
-0.25208 -0.19040 0.54160 0.62700 0.31424 1.082
-0.25237 -0.19062 0.54222 0.62772 0.31606 1.069
-0.25266 -0.19083 0.54285 0.62844 0.31788 0.999
-0.25295 -0.19105 0.54347 0.62916 0.31971 1.141
-0.25324 -0.19127 0.54409 0.62988 0.32153 1.068
-0.25353 -0.19149 0.54472 0.63061 0.32335 1.071
-0.25382 -0.19171 0.54534 0.63133 0.32517 1.020
-0.25411 -0.19193 0.54596 0.63205 0.32699 1.199
-0.25440 -0.19215 0.54659 0.63277 0.32882 1.073
-0.25469 -0.19237 0.54721 0.63349 0.33064 1.040
-0.25498 -0.19259 0.54784 0.63422 0.33246 0.882
-0.25527 -0.19281 0.54846 0.63494 0.33428 0.814
-0.25556 -0.19303 0.54908 0.63566 0.33611 0.887
-0.25585 -0.19325 0.54971 0.63638 0.33793 0.938
-0.25614 -0.19347 0.55033 0.63711 0.33975 0.960
-0.25643 -0.19369 0.55096 0.63783 0.34157 0.891
-0.25672 -0.19390 0.55158 0.63855 0.34340 0.945
-0.25702 -0.19412 0.55220 0.63927 0.34522 0.834
-0.25731 -0.19434 0.55283 0.64000 0.34704 0.766
-0.25760 -0.19456 0.55345 0.64072 0.34887 0.967
-0.25789 -0.19478 0.55408 0.64144 0.35069 1.061
-0.25818 -0.19500 0.55470 0.64216 0.35251 0.913
-0.25847 -0.19522 0.55532 0.64289 0.35434 1.117
-0.25876 -0.19544 0.55595 0.64361 0.35616 0.860
-0.25905 -0.19566 0.55657 0.64433 0.35798 1.097
-0.25934 -0.19588 0.55720 0.64505 0.35981 0.862
-0.25963 -0.19610 0.55782 0.64578 0.36163 0.700
-0.25992 -0.19632 0.55845 0.64650 0.36345 0.996
-0.26021 -0.19654 0.55907 0.64722 0.36528 0.831
-0.26050 -0.19676 0.55969 0.64794 0.36710 0.848
-0.26079 -0.19698 0.56032 0.64867 0.36892 1.052
-0.26108 -0.19720 0.56094 0.64939 0.37075 1.104
-0.26137 -0.19742 0.56157 0.65011 0.37257 0.868
-0.26166 -0.19764 0.56219 0.65084 0.37440 1.299
-0.26195 -0.19785 0.56282 0.65156 0.37622 1.093
-0.26224 -0.19807 0.56344 0.65228 0.37804 1.096
-0.26254 -0.19829 0.56407 0.65300 0.37987 0.855
-0.26283 -0.19851 0.56469 0.65373 0.38169 1.102
-0.26312 -0.19873 0.56531 0.65445 0.38352 1.005
-0.26341 -0.19895 0.56594 0.65517 0.38534 0.954
-0.26370 -0.19917 0.56656 0.65590 0.38716 1.020
-0.26399 -0.19939 0.56719 0.65662 0.38899 1.158
-0.26428 -0.19961 0.56781 0.65734 0.39081 1.190
-0.26457 -0.19983 0.56844 0.65807 0.39264 1.137
-0.26486 -0.20005 0.56906 0.65879 0.39446 0.952
-0.26515 -0.20027 0.56969 0.65951 0.39629 1.028
-0.26544 -0.20049 0.57031 0.66023 0.39811 1.066
-0.26573 -0.20071 0.57094 0.66096 0.39994 1.217
-0.26602 -0.20093 0.57156 0.66168 0.40176 1.342
-0.26631 -0.20115 0.57218 0.66240 0.40359 0.809
-0.26661 -0.20137 0.57281 0.66313 0.40541 0.887
-0.26690 -0.20159 0.57343 0.66385 0.40724 0.904
-0.26719 -0.20181 0.57406 0.66457 0.40906 1.080
-0.26748 -0.20203 0.57468 0.66530 0.41089 1.160
-0.26777 -0.20225 0.57531 0.66602 0.41271 1.098
-0.26806 -0.20247 0.57593 0.66674 0.41454 1.327
-0.26835 -0.20269 0.57656 0.66747 0.41636 1.086
-0.26864 -0.20291 0.57718 0.66819 0.41819 1.027
-0.26893 -0.20313 0.57781 0.66891 0.42001 1.032
-0.26922 -0.20334 0.57843 0.66964 0.42184 1.030
-0.26951 -0.20356 0.57906 0.67036 0.42366 0.879
-0.26980 -0.20378 0.57968 0.67109 0.42549 0.790
-0.27010 -0.20400 0.58031 0.67181 0.42732 0.767
-0.27039 -0.20422 0.58093 0.67253 0.42914 0.987
-0.27068 -0.20444 0.58156 0.67326 0.43097 0.883
-0.27097 -0.20466 0.58218 0.67398 0.43279 1.156
-0.27126 -0.20488 0.58281 0.67470 0.43462 0.955
-0.27155 -0.20510 0.58343 0.67543 0.43645 1.421
-0.27184 -0.20532 0.58406 0.67615 0.43827 0.847
-0.27213 -0.20554 0.58468 0.67687 0.44010 0.877
-0.27242 -0.20576 0.58531 0.67760 0.44192 1.029
-0.27271 -0.20598 0.58593 0.67832 0.44375 1.505
-0.27301 -0.20620 0.58656 0.67905 0.44558 1.004
-0.27330 -0.20642 0.58718 0.67977 0.44740 0.825
-0.27359 -0.20664 0.58781 0.68049 0.44923 1.191
-0.27388 -0.20686 0.58844 0.68122 0.45106 0.908
-0.27417 -0.20708 0.58906 0.68194 0.45288 1.254
-0.27446 -0.20730 0.58969 0.68267 0.45471 0.961
-0.27475 -0.20752 0.59031 0.68339 0.45654 1.255
-0.27504 -0.20774 0.59094 0.68411 0.45836 1.264
-0.27533 -0.20796 0.59156 0.68484 0.46019 1.111
-0.27562 -0.20818 0.59219 0.68556 0.46202 1.096
-0.27592 -0.20840 0.59281 0.68629 0.46384 1.075
-0.27621 -0.20862 0.59344 0.68701 0.46567 0.940
-0.27650 -0.20884 0.59406 0.68773 0.46750 1.035
-0.27679 -0.20906 0.59469 0.68846 0.46933 0.980
-0.27708 -0.20928 0.59531 0.68918 0.47115 0.882
-0.27737 -0.20950 0.59594 0.68991 0.47298 1.061
-0.27766 -0.20972 0.59657 0.69063 0.47481 0.789
-0.27795 -0.20994 0.59719 0.69135 0.47663 1.020
-0.27824 -0.21016 0.59782 0.69208 0.47846 1.194
-0.27854 -0.21038 0.59844 0.69280 0.48029 0.907
-0.27883 -0.21060 0.59907 0.69353 0.48212 1.082
-0.27912 -0.21082 0.59969 0.69425 0.48394 0.944
-0.27941 -0.21104 0.60032 0.69498 0.48577 1.046
-0.27970 -0.21126 0.60095 0.69570 0.48760 1.186
-0.27999 -0.21148 0.60157 0.69642 0.48943 1.085
-0.28028 -0.21170 0.60220 0.69715 0.49126 1.167
-0.28057 -0.21192 0.60282 0.69787 0.49308 1.012
-0.28087 -0.21214 0.60345 0.69860 0.49491 1.029
-0.28116 -0.21236 0.60407 0.69932 0.49674 0.870
-0.28145 -0.21258 0.60470 0.70005 0.49857 0.758
-0.28174 -0.21280 0.60533 0.70077 0.50040 0.953
-0.28203 -0.21302 0.60595 0.70150 0.50222 0.855
-0.28232 -0.21324 0.60658 0.70222 0.50405 0.894
-0.28261 -0.21346 0.60720 0.70295 0.50588 0.975
-0.28291 -0.21368 0.60783 0.70367 0.50771 0.780
-0.28320 -0.21390 0.60846 0.70439 0.50954 0.779
-0.28349 -0.21412 0.60908 0.70512 0.51137 0.720
-0.28378 -0.21434 0.60971 0.70584 0.51320 1.017
-0.28407 -0.21456 0.61033 0.70657 0.51502 0.941
-0.28436 -0.21478 0.61096 0.70729 0.51685 1.059
-0.28465 -0.21500 0.61159 0.70802 0.51868 1.120
-0.28494 -0.21522 0.61221 0.70874 0.52051 0.844
-0.28524 -0.21544 0.61284 0.70947 0.52234 0.943
-0.28553 -0.21566 0.61346 0.71019 0.52417 0.947
-0.28582 -0.21588 0.61409 0.71092 0.52600 0.666
-0.28611 -0.21610 0.61472 0.71164 0.52783 0.645
-0.28640 -0.21632 0.61534 0.71237 0.52966 0.724
-0.28669 -0.21654 0.61597 0.71309 0.53149 0.865
-0.28698 -0.21676 0.61660 0.71382 0.53332 0.928
-0.28728 -0.21698 0.61722 0.71454 0.53514 0.708
-0.28757 -0.21720 0.61785 0.71527 0.53697 0.889
-0.28786 -0.21742 0.61847 0.71599 0.53880 1.130
-0.28815 -0.21764 0.61910 0.71672 0.54063 1.054
-0.28844 -0.21786 0.61973 0.71744 0.54246 1.158
-0.28873 -0.21808 0.62035 0.71817 0.54429 1.054
-0.28903 -0.21830 0.62098 0.71889 0.54612 0.970
-0.28932 -0.21852 0.62161 0.71962 0.54795 0.971
-0.28961 -0.21874 0.62223 0.72034 0.54978 1.033
-0.28990 -0.21896 0.62286 0.72107 0.55161 1.111
-0.29019 -0.21918 0.62349 0.72179 0.55344 0.931
-0.29048 -0.21940 0.62411 0.72252 0.55527 0.976
-0.29078 -0.21962 0.62474 0.72324 0.55710 0.913
-0.29107 -0.21984 0.62537 0.72397 0.55893 0.934
-0.29136 -0.22006 0.62599 0.72470 0.56076 1.020
-0.29165 -0.22028 0.62662 0.72542 0.56259 1.137
-0.29194 -0.22050 0.62725 0.72615 0.56442 0.854
-0.29223 -0.22072 0.62787 0.72687 0.56625 1.039
-0.29252 -0.22095 0.62850 0.72760 0.56809 1.143
-0.29282 -0.22117 0.62913 0.72832 0.56992 1.162
-0.29311 -0.22139 0.62975 0.72905 0.57175 1.040
-0.29340 -0.22161 0.63038 0.72977 0.57358 1.078
-0.29369 -0.22183 0.63101 0.73050 0.57541 1.165
-0.29398 -0.22205 0.63163 0.73122 0.57724 1.062
-0.29428 -0.22227 0.63226 0.73195 0.57907 0.836
-0.29457 -0.22249 0.63289 0.73268 0.58090 1.224
-0.29486 -0.22271 0.63351 0.73340 0.58273 0.983
-0.29515 -0.22293 0.63414 0.73413 0.58456 0.999
-0.29544 -0.22315 0.63477 0.73485 0.58639 0.924
-0.29573 -0.22337 0.63539 0.73558 0.58823 1.046
-0.29603 -0.22359 0.63602 0.73630 0.59006 1.045
-0.29632 -0.22381 0.63665 0.73703 0.59189 1.146
-0.29661 -0.22403 0.63727 0.73776 0.59372 0.903
-0.29690 -0.22425 0.63790 0.73848 0.59555 0.860
-0.29719 -0.22447 0.63853 0.73921 0.59738 0.881
-0.29748 -0.22469 0.63915 0.73993 0.59921 0.925
-0.29778 -0.22491 0.63978 0.74066 0.60105 0.863
-0.29807 -0.22513 0.64041 0.74139 0.60288 0.949
-0.29836 -0.22535 0.64104 0.74211 0.60471 1.049
-0.29865 -0.22557 0.64166 0.74284 0.60654 1.031
-0.29894 -0.22579 0.64229 0.74356 0.60837 0.842
-0.29924 -0.22601 0.64292 0.74429 0.61021 1.134
-0.29953 -0.22623 0.64354 0.74502 0.61204 1.071
-0.29982 -0.22645 0.64417 0.74574 0.61387 1.092
-0.30011 -0.22668 0.64480 0.74647 0.61570 0.822
-0.30040 -0.22690 0.64543 0.74719 0.61753 1.035
-0.30070 -0.22712 0.64605 0.74792 0.61937 0.953
-0.30099 -0.22734 0.64668 0.74865 0.62120 1.095
-0.30128 -0.22756 0.64731 0.74937 0.62303 1.029
-0.30157 -0.22778 0.64794 0.75010 0.62486 1.035
-0.30186 -0.22800 0.64856 0.75083 0.62670 1.056
-0.30216 -0.22822 0.64919 0.75155 0.62853 1.179
-0.30245 -0.22844 0.64982 0.75228 0.63036 1.287
-0.30274 -0.22866 0.65045 0.75300 0.63219 0.930
-0.30303 -0.22888 0.65107 0.75373 0.63403 0.952
-0.30332 -0.22910 0.65170 0.75446 0.63586 0.827
-0.30362 -0.22932 0.65233 0.75518 0.63769 0.766
-0.30391 -0.22954 0.65295 0.75591 0.63953 0.788
-0.30420 -0.22976 0.65358 0.75664 0.64136 1.267
-0.30449 -0.22998 0.65421 0.75736 0.64319 0.976
-0.30478 -0.23020 0.65484 0.75809 0.64503 1.079
-0.30508 -0.23043 0.65547 0.75882 0.64686 0.957
-0.30537 -0.23065 0.65609 0.75954 0.64869 0.974
-0.30566 -0.23087 0.65672 0.76027 0.65053 0.999
-0.30595 -0.23109 0.65735 0.76100 0.65236 0.857
-0.30624 -0.23131 0.65798 0.76172 0.65419 1.063
-0.30654 -0.23153 0.65860 0.76245 0.65603 0.941
-0.30683 -0.23175 0.65923 0.76318 0.65786 0.919
-0.30712 -0.23197 0.65986 0.76390 0.65969 0.649
-0.30741 -0.23219 0.66049 0.76463 0.66153 0.874
-0.30771 -0.23241 0.66111 0.76536 0.66336 0.689
-0.30800 -0.23263 0.66174 0.76608 0.66519 0.833
-0.30829 -0.23285 0.66237 0.76681 0.66703 0.795
-0.30858 -0.23307 0.66300 0.76754 0.66886 0.899
-0.30887 -0.23329 0.66363 0.76826 0.67070 0.880
-0.30917 -0.23351 0.66425 0.76899 0.67253 0.942
-0.30946 -0.23374 0.66488 0.76972 0.67436 0.732
-0.30975 -0.23396 0.66551 0.77044 0.67620 0.505
-0.31004 -0.23418 0.66614 0.77117 0.67803 0.545
-0.31034 -0.23440 0.66677 0.77190 0.67987 0.337
-0.31063 -0.23462 0.66739 0.77262 0.68170 0.400
-0.31092 -0.23484 0.66802 0.77335 0.68354 0.734
-0.31121 -0.23506 0.66865 0.77408 0.68537 0.713
-0.31150 -0.23528 0.66928 0.77481 0.68721 0.629
-0.31180 -0.23550 0.66991 0.77553 0.68904 0.809
-0.31209 -0.23572 0.67053 0.77626 0.69088 0.654
-0.31238 -0.23594 0.67116 0.77699 0.69271 1.052
-0.31267 -0.23616 0.67179 0.77771 0.69454 0.900
-0.31297 -0.23638 0.67242 0.77844 0.69638 0.822
-0.31326 -0.23661 0.67305 0.77917 0.69821 0.844
-0.31355 -0.23683 0.67367 0.77990 0.70005 0.978
-0.31384 -0.23705 0.67430 0.78062 0.70189 1.133
-0.31414 -0.23727 0.67493 0.78135 0.70372 1.124
-0.31443 -0.23749 0.67556 0.78208 0.70556 0.943
-0.31472 -0.23771 0.67619 0.78281 0.70739 1.010
-0.31501 -0.23793 0.67682 0.78353 0.70923 1.186
-0.31531 -0.23815 0.67744 0.78426 0.71106 1.162
-0.31560 -0.23837 0.67807 0.78499 0.71290 1.096
-0.31589 -0.23859 0.67870 0.78572 0.71473 0.895
-0.31618 -0.23881 0.67933 0.78644 0.71657 1.016
-0.31648 -0.23904 0.67996 0.78717 0.71840 1.060
-0.31677 -0.23926 0.68059 0.78790 0.72024 0.600
-0.31706 -0.23948 0.68121 0.78863 0.72208 0.826
-0.31735 -0.23970 0.68184 0.78935 0.72391 0.956
-0.31765 -0.23992 0.68247 0.79008 0.72575 0.864
-0.31794 -0.24014 0.68310 0.79081 0.72758 1.159
-0.31823 -0.24036 0.68373 0.79154 0.72942 0.957
-0.31852 -0.24058 0.68436 0.79226 0.73126 0.609
-0.31882 -0.24080 0.68499 0.79299 0.73309 0.720
-0.31911 -0.24102 0.68561 0.79372 0.73493 0.422
-0.31940 -0.24124 0.68624 0.79445 0.73676 0.758
-0.31969 -0.24147 0.68687 0.79517 0.73860 0.737
-0.31999 -0.24169 0.68750 0.79590 0.74044 0.863
-0.32028 -0.24191 0.68813 0.79663 0.74227 0.674
-0.32057 -0.24213 0.68876 0.79736 0.74411 1.054
-0.32086 -0.24235 0.68939 0.79809 0.74595 0.969
-0.32116 -0.24257 0.69002 0.79881 0.74778 1.347
-0.32145 -0.24279 0.69064 0.79954 0.74962 0.969
-0.32174 -0.24301 0.69127 0.80027 0.75146 0.949
-0.32204 -0.24323 0.69190 0.80100 0.75329 0.967
-0.32233 -0.24346 0.69253 0.80173 0.75513 0.820
-0.32262 -0.24368 0.69316 0.80245 0.75697 1.157
-0.32291 -0.24390 0.69379 0.80318 0.75881 0.843
-0.32321 -0.24412 0.69442 0.80391 0.76064 1.117
-0.32350 -0.24434 0.69505 0.80464 0.76248 1.054
-0.32379 -0.24456 0.69567 0.80537 0.76432 0.947
-0.32408 -0.24478 0.69630 0.80609 0.76615 0.907
-0.32438 -0.24500 0.69693 0.80682 0.76799 0.988
-0.32467 -0.24522 0.69756 0.80755 0.76983 0.992
-0.32496 -0.24545 0.69819 0.80828 0.77167 1.029
-0.32526 -0.24567 0.69882 0.80901 0.77350 1.072
-0.32555 -0.24589 0.69945 0.80974 0.77534 0.883
-0.32584 -0.24611 0.70008 0.81046 0.77718 1.031
-0.32613 -0.24633 0.70071 0.81119 0.77902 0.906
-0.32643 -0.24655 0.70134 0.81192 0.78085 0.802
-0.32672 -0.24677 0.70197 0.81265 0.78269 1.095
-0.32701 -0.24699 0.70259 0.81338 0.78453 1.179
-0.32730 -0.24721 0.70322 0.81411 0.78637 1.221
-0.32760 -0.24744 0.70385 0.81483 0.78821 1.055
-0.32789 -0.24766 0.70448 0.81556 0.79004 0.949
-0.32818 -0.24788 0.70511 0.81629 0.79188 1.053
-0.32848 -0.24810 0.70574 0.81702 0.79372 1.351
-0.32877 -0.24832 0.70637 0.81775 0.79556 0.824
-0.32906 -0.24854 0.70700 0.81848 0.79740 0.718
-0.32936 -0.24876 0.70763 0.81921 0.79924 1.184
-0.32965 -0.24898 0.70826 0.81993 0.80107 0.908
-0.32994 -0.24921 0.70889 0.82066 0.80291 0.738
-0.33023 -0.24943 0.70952 0.82139 0.80475 1.055
-0.33053 -0.24965 0.71015 0.82212 0.80659 0.885
-0.33082 -0.24987 0.71078 0.82285 0.80843 1.119
-0.33111 -0.25009 0.71141 0.82358 0.81027 0.949
-0.33141 -0.25031 0.71204 0.82431 0.81211 0.929
-0.33170 -0.25053 0.71266 0.82503 0.81395 1.074
-0.33199 -0.25075 0.71329 0.82576 0.81578 0.863
-0.33228 -0.25098 0.71392 0.82649 0.81762 0.886
-0.33258 -0.25120 0.71455 0.82722 0.81946 0.990
-0.33287 -0.25142 0.71518 0.82795 0.82130 0.906
-0.33316 -0.25164 0.71581 0.82868 0.82314 1.140
-0.33346 -0.25186 0.71644 0.82941 0.82498 1.119
-0.33375 -0.25208 0.71707 0.83014 0.82682 0.950
-0.33404 -0.25230 0.71770 0.83087 0.82866 1.181
-0.33434 -0.25253 0.71833 0.83159 0.83050 0.866
-0.33463 -0.25275 0.71896 0.83232 0.83234 0.889
-0.33492 -0.25297 0.71959 0.83305 0.83418 1.012
-0.33522 -0.25319 0.72022 0.83378 0.83602 1.094
-0.33551 -0.25341 0.72085 0.83451 0.83786 0.800
-0.33580 -0.25363 0.72148 0.83524 0.83970 0.863
-0.33610 -0.25385 0.72211 0.83597 0.84154 0.991
-0.33639 -0.25408 0.72274 0.83670 0.84338 0.715
-0.33668 -0.25430 0.72337 0.83743 0.84522 0.695
-0.33697 -0.25452 0.72400 0.83816 0.84706 0.927
-0.33727 -0.25474 0.72463 0.83889 0.84890 0.972
-0.33756 -0.25496 0.72526 0.83962 0.85074 0.866
-0.33785 -0.25518 0.72589 0.84034 0.85258 0.738
-0.33815 -0.25540 0.72652 0.84107 0.85442 1.010
-0.33844 -0.25563 0.72715 0.84180 0.85626 0.991
-0.33873 -0.25585 0.72778 0.84253 0.85810 0.904
-0.33903 -0.25607 0.72841 0.84326 0.85994 0.863
-0.33932 -0.25629 0.72904 0.84399 0.86178 0.737
-0.33961 -0.25651 0.72967 0.84472 0.86362 1.031
-0.33991 -0.25673 0.73030 0.84545 0.86546 0.967
-0.34020 -0.25695 0.73093 0.84618 0.86730 0.948
-0.34049 -0.25718 0.73156 0.84691 0.86914 0.861
-0.34079 -0.25740 0.73219 0.84764 0.87098 1.135
-0.34108 -0.25762 0.73282 0.84837 0.87282 0.987
-0.34137 -0.25784 0.73345 0.84910 0.87467 0.987
-0.34167 -0.25806 0.73408 0.84983 0.87651 1.072
-0.34196 -0.25828 0.73471 0.85056 0.87835 0.965
-0.34225 -0.25851 0.73534 0.85129 0.88019 1.050
-0.34255 -0.25873 0.73597 0.85202 0.88203 0.926
-0.34284 -0.25895 0.73660 0.85275 0.88387 0.883
-0.34313 -0.25917 0.73723 0.85348 0.88571 1.132
-0.34343 -0.25939 0.73786 0.85421 0.88755 1.152
-0.34372 -0.25961 0.73849 0.85494 0.88940 1.151
-0.34401 -0.25983 0.73912 0.85567 0.89124 1.109
-0.34431 -0.26006 0.73975 0.85640 0.89308 1.132
-0.34460 -0.26028 0.74039 0.85713 0.89492 1.025
-0.34489 -0.26050 0.74102 0.85786 0.89676 0.797
-0.34519 -0.26072 0.74165 0.85859 0.89860 0.920
-0.34548 -0.26094 0.74228 0.85932 0.90045 1.107
-0.34577 -0.26116 0.74291 0.86005 0.90229 1.106
-0.34607 -0.26139 0.74354 0.86078 0.90413 1.150
-0.34636 -0.26161 0.74417 0.86151 0.90597 1.191
-0.34666 -0.26183 0.74480 0.86224 0.90781 1.024
-0.34695 -0.26205 0.74543 0.86297 0.90966 1.064
-0.34724 -0.26227 0.74606 0.86370 0.91150 1.002
-0.34754 -0.26250 0.74669 0.86443 0.91334 1.024
-0.34783 -0.26272 0.74732 0.86516 0.91518 0.835
-0.34812 -0.26294 0.74795 0.86589 0.91703 0.857
-0.34842 -0.26316 0.74858 0.86662 0.91887 1.165
-0.34871 -0.26338 0.74921 0.86735 0.92071 0.815
-0.34900 -0.26360 0.74984 0.86808 0.92255 0.979
-0.34930 -0.26383 0.75048 0.86881 0.92440 1.021
-0.34959 -0.26405 0.75111 0.86954 0.92624 0.997
-0.34988 -0.26427 0.75174 0.87027 0.92808 0.998
-0.35018 -0.26449 0.75237 0.87100 0.92992 0.708
-0.35047 -0.26471 0.75300 0.87173 0.93177 1.079
-0.35077 -0.26493 0.75363 0.87246 0.93361 1.120
-0.35106 -0.26516 0.75426 0.87319 0.93545 1.143
-0.35135 -0.26538 0.75489 0.87392 0.93730 1.059
-0.35165 -0.26560 0.75552 0.87465 0.93914 0.810
-0.35194 -0.26582 0.75615 0.87538 0.94098 0.976
-0.35223 -0.26604 0.75678 0.87611 0.94283 1.141
-0.35253 -0.26627 0.75742 0.87684 0.94467 0.871
-0.35282 -0.26649 0.75805 0.87757 0.94651 0.865
-0.35312 -0.26671 0.75868 0.87830 0.94836 0.885
-0.35341 -0.26693 0.75931 0.87903 0.95020 1.054
-0.35370 -0.26715 0.75994 0.87976 0.95204 1.004
-0.35400 -0.26737 0.76057 0.88050 0.95389 1.003
-0.35429 -0.26760 0.76120 0.88123 0.95573 0.886
-0.35458 -0.26782 0.76183 0.88196 0.95758 0.924
-0.35488 -0.26804 0.76247 0.88269 0.95942 0.812
-0.35517 -0.26826 0.76310 0.88342 0.96126 0.836
-0.35547 -0.26848 0.76373 0.88415 0.96311 1.017
-0.35576 -0.26871 0.76436 0.88488 0.96495 1.246
-0.35605 -0.26893 0.76499 0.88561 0.96680 1.020
-0.35635 -0.26915 0.76562 0.88634 0.96864 1.098
-0.35664 -0.26937 0.76625 0.88707 0.97048 1.052
-0.35693 -0.26959 0.76688 0.88780 0.97233 1.030
-0.35723 -0.26982 0.76752 0.88853 0.97417 0.881
-0.35752 -0.27004 0.76815 0.88927 0.97602 0.970
-0.35782 -0.27026 0.76878 0.89000 0.97786 1.154
-0.35811 -0.27048 0.76941 0.89073 0.97971 1.011
-0.35840 -0.27070 0.77004 0.89146 0.98155 1.072
-0.35870 -0.27093 0.77067 0.89219 0.98340 0.927
-0.35899 -0.27115 0.77130 0.89292 0.98524 0.988
-0.35929 -0.27137 0.77194 0.89365 0.98708 1.069
-0.35958 -0.27159 0.77257 0.89438 0.98893 1.089
-0.35987 -0.27181 0.77320 0.89511 0.99077 1.007
-0.36017 -0.27204 0.77383 0.89585 0.99262 1.067
-0.36046 -0.27226 0.77446 0.89658 0.99446 1.027
-0.36076 -0.27248 0.77509 0.89731 0.99631 0.902
-0.36105 -0.27270 0.77573 0.89804 0.99815 0.881
-0.36134 -0.27292 0.77636 0.89877 1.00000 1.023
