x y z dist_scaled dist_frac flux_norm
0.38454 0.07548 0.31448 0.50246 0.00000 1.277
0.38509 0.07559 0.31493 0.50318 0.00181 1.037
0.38564 0.07570 0.31538 0.50389 0.00362 1.355
0.38619 0.07581 0.31582 0.50461 0.00543 0.903
0.38674 0.07592 0.31627 0.50533 0.00724 0.903
0.38729 0.07602 0.31672 0.50605 0.00906 0.823
0.38784 0.07613 0.31717 0.50677 0.01087 0.902
0.38839 0.07624 0.31762 0.50748 0.01268 1.008
0.38893 0.07635 0.31807 0.50820 0.01449 0.849
0.38948 0.07646 0.31852 0.50892 0.01630 1.088
0.39003 0.07656 0.31897 0.50964 0.01811 0.954
0.39058 0.07667 0.31942 0.51035 0.01992 1.059
0.39113 0.07678 0.31987 0.51107 0.02174 1.005
0.39168 0.07689 0.32032 0.51179 0.02355 0.873
0.39223 0.07699 0.32077 0.51251 0.02536 0.768
0.39278 0.07710 0.32122 0.51323 0.02717 1.084
0.39333 0.07721 0.32167 0.51394 0.02898 0.846
0.39388 0.07732 0.32212 0.51466 0.03080 1.111
0.39443 0.07743 0.32256 0.51538 0.03261 0.980
0.39498 0.07753 0.32301 0.51610 0.03442 0.716
0.39553 0.07764 0.32346 0.51682 0.03623 1.267
0.39608 0.07775 0.32391 0.51754 0.03804 1.030
0.39663 0.07786 0.32436 0.51825 0.03986 0.845
0.39718 0.07797 0.32481 0.51897 0.04167 1.029
0.39773 0.07807 0.32526 0.51969 0.04348 1.081
0.39828 0.07818 0.32571 0.52041 0.04529 1.212
0.39883 0.07829 0.32616 0.52113 0.04711 1.185
0.39938 0.07840 0.32661 0.52185 0.04892 0.896
0.39993 0.07851 0.32706 0.52256 0.05073 0.846
0.40048 0.07861 0.32751 0.52328 0.05254 1.253
0.40103 0.07872 0.32796 0.52400 0.05436 1.238
0.40158 0.07883 0.32841 0.52472 0.05617 0.626
0.40213 0.07894 0.32886 0.52544 0.05798 0.948
0.40268 0.07904 0.32931 0.52616 0.05980 0.794
0.40323 0.07915 0.32976 0.52687 0.06161 0.976
0.40378 0.07926 0.33021 0.52759 0.06342 1.271
0.40433 0.07937 0.33066 0.52831 0.06524 1.044
0.40488 0.07948 0.33111 0.52903 0.06705 0.938
0.40543 0.07958 0.33156 0.52975 0.06886 0.972
0.40598 0.07969 0.33201 0.53047 0.07068 1.101
0.40653 0.07980 0.33246 0.53119 0.07249 1.006
0.40708 0.07991 0.33291 0.53191 0.07430 0.914
0.40763 0.08002 0.33336 0.53262 0.07612 0.950
0.40818 0.08012 0.33381 0.53334 0.07793 1.032
0.40873 0.08023 0.33426 0.53406 0.07974 0.953
0.40928 0.08034 0.33471 0.53478 0.08156 1.130
0.40983 0.08045 0.33516 0.53550 0.08337 0.884
0.41038 0.08056 0.33561 0.53622 0.08518 0.949
0.41093 0.08066 0.33606 0.53694 0.08700 0.789
0.41148 0.08077 0.33651 0.53766 0.08881 1.101
0.41203 0.08088 0.33696 0.53837 0.09063 0.970
0.41258 0.08099 0.33741 0.53909 0.09244 1.126
0.41313 0.08110 0.33786 0.53981 0.09426 1.126
0.41368 0.08120 0.33831 0.54053 0.09607 0.891
0.41423 0.08131 0.33876 0.54125 0.09788 0.787
0.41478 0.08142 0.33921 0.54197 0.09970 0.944
0.41533 0.08153 0.33966 0.54269 0.10151 1.177
0.41588 0.08164 0.34011 0.54341 0.10333 0.916
0.41643 0.08174 0.34056 0.54413 0.10514 1.072
0.41698 0.08185 0.34101 0.54485 0.10696 0.863
0.41753 0.08196 0.34146 0.54557 0.10877 0.732
0.41808 0.08207 0.34191 0.54628 0.11059 0.862
0.41863 0.08218 0.34236 0.54700 0.11240 0.941
0.41918 0.08228 0.34281 0.54772 0.11422 1.097
0.41973 0.08239 0.34326 0.54844 0.11603 1.203
0.42028 0.08250 0.34371 0.54916 0.11785 1.203
0.42083 0.08261 0.34416 0.54988 0.11966 0.967
0.42138 0.08272 0.34461 0.55060 0.12148 0.940
0.42193 0.08283 0.34506 0.55132 0.12329 0.783
0.42249 0.08293 0.34551 0.55204 0.12511 1.382
0.42304 0.08304 0.34596 0.55276 0.12692 1.383
0.42359 0.08315 0.34641 0.55348 0.12874 1.305
0.42414 0.08326 0.34686 0.55420 0.13055 0.915
0.42469 0.08337 0.34731 0.55492 0.13237 0.967
0.42524 0.08347 0.34776 0.55564 0.13418 0.863
0.42579 0.08358 0.34821 0.55636 0.13600 1.202
0.42634 0.08369 0.34866 0.55708 0.13782 0.838
0.42689 0.08380 0.34911 0.55780 0.13963 0.837
0.42744 0.08391 0.34956 0.55852 0.14145 1.046
0.42799 0.08401 0.35001 0.55924 0.14326 1.202
0.42854 0.08412 0.35046 0.55995 0.14508 0.993
0.42909 0.08423 0.35091 0.56067 0.14689 0.941
0.42964 0.08434 0.35136 0.56139 0.14871 0.654
0.43020 0.08445 0.35181 0.56211 0.15053 1.097
0.43075 0.08455 0.35226 0.56283 0.15234 0.941
0.43130 0.08466 0.35271 0.56355 0.15416 1.149
0.43185 0.08477 0.35317 0.56427 0.15598 1.018
0.43240 0.08488 0.35362 0.56499 0.15779 0.993
0.43295 0.08499 0.35407 0.56571 0.15961 1.385
0.43350 0.08510 0.35452 0.56643 0.16143 1.099
0.43405 0.08520 0.35497 0.56715 0.16324 0.916
0.43460 0.08531 0.35542 0.56787 0.16506 0.943
0.43515 0.08542 0.35587 0.56859 0.16688 1.308
0.43570 0.08553 0.35632 0.56931 0.16869 0.942
0.43626 0.08564 0.35677 0.57003 0.17051 1.177
0.43681 0.08574 0.35722 0.57075 0.17233 0.760
0.43736 0.08585 0.35767 0.57147 0.17414 0.760
0.43791 0.08596 0.35812 0.57219 0.17596 1.204
0.43846 0.08607 0.35857 0.57291 0.17778 1.257
0.43901 0.08618 0.35902 0.57363 0.17959 0.944
0.43956 0.08629 0.35947 0.57435 0.18141 0.944
0.44011 0.08639 0.35993 0.57507 0.18323 1.414
0.44066 0.08650 0.36038 0.57579 0.18505 1.441
0.44122 0.08661 0.36083 0.57651 0.18686 0.996
0.44177 0.08672 0.36128 0.57723 0.18868 1.310
0.44232 0.08683 0.36173 0.57796 0.19050 1.179
0.44287 0.08693 0.36218 0.57868 0.19232 1.021
0.44342 0.08704 0.36263 0.57940 0.19413 0.865
0.44397 0.08715 0.36308 0.58012 0.19595 1.075
0.44452 0.08726 0.36353 0.58084 0.19777 0.866
0.44508 0.08737 0.36398 0.58156 0.19959 0.840
0.44563 0.08748 0.36443 0.58228 0.20141 1.104
0.44618 0.08758 0.36488 0.58300 0.20322 1.258
0.44673 0.08769 0.36534 0.58372 0.20504 1.095
0.44728 0.08780 0.36579 0.58444 0.20686 1.472
0.44783 0.08791 0.36624 0.58516 0.20868 0.887
0.44838 0.08802 0.36669 0.58588 0.21050 0.940
0.44894 0.08813 0.36714 0.58660 0.21231 0.894
0.44949 0.08823 0.36759 0.58732 0.21413 0.638
0.45004 0.08834 0.36804 0.58804 0.21595 1.147
0.45059 0.08845 0.36849 0.58876 0.21777 0.808
0.45114 0.08856 0.36894 0.58948 0.21959 1.124
0.45169 0.08867 0.36940 0.59020 0.22141 0.982
0.45224 0.08878 0.36985 0.59093 0.22323 0.948
0.45280 0.08888 0.37030 0.59165 0.22504 1.066
0.45335 0.08899 0.37075 0.59237 0.22686 1.009
0.45390 0.08910 0.37120 0.59309 0.22868 0.964
0.45445 0.08921 0.37165 0.59381 0.23050 0.768
0.45500 0.08932 0.37210 0.59453 0.23232 0.873
0.45555 0.08942 0.37255 0.59525 0.23414 0.900
0.45611 0.08953 0.37300 0.59597 0.23596 0.742
0.45666 0.08964 0.37346 0.59669 0.23778 0.900
0.45721 0.08975 0.37391 0.59741 0.23960 1.007
0.45776 0.08986 0.37436 0.59813 0.24142 1.113
0.45831 0.08997 0.37481 0.59886 0.24323 1.167
0.45887 0.09007 0.37526 0.59958 0.24505 0.929
0.45942 0.09018 0.37571 0.60030 0.24687 0.824
0.45997 0.09029 0.37616 0.60102 0.24869 1.118
0.46052 0.09040 0.37661 0.60174 0.25051 1.150
0.46107 0.09051 0.37707 0.60246 0.25233 0.830
0.46163 0.09062 0.37752 0.60318 0.25415 1.282
0.46218 0.09072 0.37797 0.60390 0.25597 0.854
0.46273 0.09083 0.37842 0.60462 0.25779 1.039
0.46328 0.09094 0.37887 0.60535 0.25961 1.013
0.46383 0.09105 0.37932 0.60607 0.26143 0.892
0.46439 0.09116 0.37977 0.60679 0.26325 1.343
0.46494 0.09127 0.38023 0.60751 0.26507 0.758
0.46549 0.09137 0.38068 0.60823 0.26689 1.073
0.46604 0.09148 0.38113 0.60895 0.26871 1.080
0.46659 0.09159 0.38158 0.60967 0.27053 1.076
0.46715 0.09170 0.38203 0.61040 0.27235 0.919
0.46770 0.09181 0.38248 0.61112 0.27417 1.186
0.46825 0.09192 0.38294 0.61184 0.27599 0.749
0.46880 0.09203 0.38339 0.61256 0.27782 0.838
0.46935 0.09213 0.38384 0.61328 0.27964 0.779
0.46991 0.09224 0.38429 0.61400 0.28146 1.177
0.47046 0.09235 0.38474 0.61472 0.28328 1.272
0.47101 0.09246 0.38519 0.61545 0.28510 0.975
0.47156 0.09257 0.38564 0.61617 0.28692 1.018
0.47212 0.09268 0.38610 0.61689 0.28874 1.274
0.47267 0.09278 0.38655 0.61761 0.29056 1.457
0.47322 0.09289 0.38700 0.61833 0.29238 0.993
0.47377 0.09300 0.38745 0.61905 0.29420 0.994
0.47433 0.09311 0.38790 0.61978 0.29602 0.861
0.47488 0.09322 0.38836 0.62050 0.29785 1.130
0.47543 0.09333 0.38881 0.62122 0.29967 0.647
0.47598 0.09343 0.38926 0.62194 0.30149 0.862
0.47653 0.09354 0.38971 0.62266 0.30331 0.996
0.47709 0.09365 0.39016 0.62339 0.30513 0.942
0.47764 0.09376 0.39061 0.62411 0.30695 0.836
0.47819 0.09387 0.39107 0.62483 0.30877 0.702
0.47874 0.09398 0.39152 0.62555 0.31060 1.025
0.47930 0.09409 0.39197 0.62627 0.31242 0.944
0.47985 0.09419 0.39242 0.62700 0.31424 1.025
0.48040 0.09430 0.39287 0.62772 0.31606 1.053
0.48096 0.09441 0.39333 0.62844 0.31788 0.703
0.48151 0.09452 0.39378 0.62916 0.31971 0.622
0.48206 0.09463 0.39423 0.62988 0.32153 0.892
0.48261 0.09474 0.39468 0.63061 0.32335 0.837
0.48317 0.09484 0.39513 0.63133 0.32517 0.702
0.48372 0.09495 0.39559 0.63205 0.32699 0.973
0.48427 0.09506 0.39604 0.63277 0.32882 1.000
0.48482 0.09517 0.39649 0.63349 0.33064 1.136
0.48538 0.09528 0.39694 0.63422 0.33246 0.649
0.48593 0.09539 0.39739 0.63494 0.33428 1.138
0.48648 0.09550 0.39785 0.63566 0.33611 0.867
0.48704 0.09560 0.39830 0.63638 0.33793 0.949
0.48759 0.09571 0.39875 0.63711 0.33975 0.760
0.48814 0.09582 0.39920 0.63783 0.34157 0.542
0.48869 0.09593 0.39965 0.63855 0.34340 0.706
0.48925 0.09604 0.40011 0.63927 0.34522 1.007
0.48980 0.09615 0.40056 0.64000 0.34704 0.845
0.49035 0.09626 0.40101 0.64072 0.34887 0.736
0.49091 0.09636 0.40146 0.64144 0.35069 1.064
0.49146 0.09647 0.40191 0.64216 0.35251 1.339
0.49201 0.09658 0.40237 0.64289 0.35434 1.340
0.49256 0.09669 0.40282 0.64361 0.35616 1.067
0.49312 0.09680 0.40327 0.64433 0.35798 1.562
0.49367 0.09691 0.40372 0.64505 0.35981 1.343
0.49422 0.09702 0.40418 0.64578 0.36163 0.576
0.49478 0.09712 0.40463 0.64650 0.36345 1.181
0.49533 0.09723 0.40508 0.64722 0.36528 0.908
0.49588 0.09734 0.40553 0.64794 0.36710 0.800
0.49644 0.09745 0.40599 0.64867 0.36892 1.351
0.49699 0.09756 0.40644 0.64939 0.37075 1.298
0.49754 0.09767 0.40689 0.65011 0.37257 0.857
0.49810 0.09778 0.40734 0.65084 0.37440 1.024
0.49865 0.09788 0.40780 0.65156 0.37622 1.135
0.49920 0.09799 0.40825 0.65228 0.37804 1.026
0.49976 0.09810 0.40870 0.65300 0.37987 0.972
0.50031 0.09821 0.40915 0.65373 0.38169 0.863
0.50086 0.09832 0.40960 0.65445 0.38352 0.975
0.50141 0.09843 0.41006 0.65517 0.38534 0.644
0.50197 0.09854 0.41051 0.65590 0.38716 0.533
0.50252 0.09864 0.41096 0.65662 0.38899 1.088
0.50307 0.09875 0.41142 0.65734 0.39081 1.091
0.50363 0.09886 0.41187 0.65807 0.39264 1.035
0.50418 0.09897 0.41232 0.65879 0.39446 0.980
0.50474 0.09908 0.41277 0.65951 0.39629 0.758
0.50529 0.09919 0.41323 0.66023 0.39811 0.646
0.50584 0.09930 0.41368 0.66096 0.39994 0.870
0.50640 0.09940 0.41413 0.66168 0.40176 0.817
0.50695 0.09951 0.41458 0.66240 0.40359 1.099
0.50750 0.09962 0.41504 0.66313 0.40541 0.988
0.50806 0.09973 0.41549 0.66385 0.40724 0.428
0.50861 0.09984 0.41594 0.66457 0.40906 0.698
0.50916 0.09995 0.41639 0.66530 0.41089 0.557
0.50972 0.10006 0.41685 0.66602 0.41271 0.561
0.51027 0.10017 0.41730 0.66674 0.41454 1.057
0.51082 0.10027 0.41775 0.66747 0.41636 1.148
0.51138 0.10038 0.41821 0.66819 0.41819 1.283
0.51193 0.10049 0.41866 0.66891 0.42001 1.362
0.51249 0.10060 0.41911 0.66964 0.42184 1.295
0.51304 0.10071 0.41956 0.67036 0.42366 1.426
0.51359 0.10082 0.42002 0.67109 0.42549 0.733
0.51415 0.10093 0.42047 0.67181 0.42732 0.723
0.51470 0.10103 0.42092 0.67253 0.42914 1.002
0.51525 0.10114 0.42138 0.67326 0.43097 0.680
0.51581 0.10125 0.42183 0.67398 0.43279 0.617
0.51636 0.10136 0.42228 0.67470 0.43462 1.209
0.51692 0.10147 0.42273 0.67543 0.43645 0.629
0.51747 0.10158 0.42319 0.67615 0.43827 1.276
0.51802 0.10169 0.42364 0.67687 0.44010 0.725
0.51858 0.10180 0.42409 0.67760 0.44192 0.778
0.51913 0.10190 0.42455 0.67832 0.44375 0.770
0.51968 0.10201 0.42500 0.67905 0.44558 0.713
0.52024 0.10212 0.42545 0.67977 0.44740 1.455
0.52079 0.10223 0.42590 0.68049 0.44923 1.228
0.52135 0.10234 0.42636 0.68122 0.45106 1.229
0.52190 0.10245 0.42681 0.68194 0.45288 1.345
0.52245 0.10256 0.42726 0.68267 0.45471 0.889
0.52301 0.10267 0.42772 0.68339 0.45654 1.231
0.52356 0.10277 0.42817 0.68411 0.45836 0.774
0.52412 0.10288 0.42862 0.68484 0.46019 1.004
0.52467 0.10299 0.42908 0.68556 0.46202 0.830
0.52523 0.10310 0.42953 0.68629 0.46384 0.887
0.52578 0.10321 0.42998 0.68701 0.46567 0.657
0.52633 0.10332 0.43044 0.68773 0.46750 0.828
0.52689 0.10343 0.43089 0.68846 0.46933 1.003
0.52744 0.10354 0.43134 0.68918 0.47115 0.889
0.52800 0.10364 0.43180 0.68991 0.47298 1.237
0.52855 0.10375 0.43225 0.69063 0.47481 1.063
0.52910 0.10386 0.43270 0.69135 0.47663 0.774
0.52966 0.10397 0.43316 0.69208 0.47846 1.066
0.53021 0.10408 0.43361 0.69280 0.48029 1.182
0.53077 0.10419 0.43406 0.69353 0.48212 0.660
0.53132 0.10430 0.43452 0.69425 0.48394 0.776
0.53188 0.10441 0.43497 0.69498 0.48577 1.124
0.53243 0.10452 0.43542 0.69570 0.48760 0.661
0.53299 0.10462 0.43588 0.69642 0.48943 1.069
0.53354 0.10473 0.43633 0.69715 0.49126 1.128
0.53409 0.10484 0.43678 0.69787 0.49308 0.545
0.53465 0.10495 0.43724 0.69860 0.49491 0.604
0.53520 0.10506 0.43769 0.69932 0.49674 1.248
0.53576 0.10517 0.43814 0.70005 0.49857 1.017
0.53631 0.10528 0.43860 0.70077 0.50040 1.077
0.53687 0.10539 0.43905 0.70150 0.50222 1.078
0.53742 0.10550 0.43950 0.70222 0.50405 1.254
0.53798 0.10560 0.43996 0.70295 0.50588 0.786
0.53853 0.10571 0.44041 0.70367 0.50771 1.023
0.53908 0.10582 0.44086 0.70439 0.50954 0.908
0.53964 0.10593 0.44132 0.70512 0.51137 1.261
0.54019 0.10604 0.44177 0.70584 0.51320 0.968
0.54075 0.10615 0.44222 0.70657 0.51502 0.968
0.54130 0.10626 0.44268 0.70729 0.51685 0.736
0.54186 0.10637 0.44313 0.70802 0.51868 0.680
0.54241 0.10647 0.44359 0.70874 0.52051 1.272
0.54297 0.10658 0.44404 0.70947 0.52234 0.742
0.54352 0.10669 0.44449 0.71019 0.52417 1.158
0.54408 0.10680 0.44495 0.71092 0.52600 1.159
0.54463 0.10691 0.44540 0.71164 0.52783 0.984
0.54519 0.10702 0.44585 0.71237 0.52966 1.579
0.54574 0.10713 0.44631 0.71309 0.53149 1.403
0.54630 0.10724 0.44676 0.71382 0.53332 1.045
0.54685 0.10735 0.44722 0.71454 0.53514 0.688
0.54741 0.10746 0.44767 0.71527 0.53697 0.927
0.54796 0.10756 0.44812 0.71599 0.53880 0.511
0.54852 0.10767 0.44858 0.71672 0.54063 1.169
0.54907 0.10778 0.44903 0.71744 0.54246 0.930
0.54963 0.10789 0.44948 0.71817 0.54429 0.872
0.55018 0.10800 0.44994 0.71889 0.54612 0.994
0.55074 0.10811 0.45039 0.71962 0.54795 0.995
0.55129 0.10822 0.45085 0.72034 0.54978 0.937
0.55185 0.10833 0.45130 0.72107 0.55161 0.937
0.55240 0.10844 0.45175 0.72179 0.55344 1.178
0.55296 0.10854 0.45221 0.72252 0.55527 0.699
0.55351 0.10865 0.45266 0.72324 0.55710 1.060
0.55407 0.10876 0.45312 0.72397 0.55893 1.181
0.55462 0.10887 0.45357 0.72470 0.56076 0.941
0.55518 0.10898 0.45402 0.72542 0.56259 0.761
0.55573 0.10909 0.45448 0.72615 0.56442 1.185
0.55629 0.10920 0.45493 0.72687 0.56625 0.945
0.55684 0.10931 0.45539 0.72760 0.56809 0.763
0.55740 0.10942 0.45584 0.72832 0.56992 1.489
0.55795 0.10953 0.45629 0.72905 0.57175 0.945
0.55851 0.10963 0.45675 0.72977 0.57358 1.370
0.55906 0.10974 0.45720 0.73050 0.57541 0.825
0.55962 0.10985 0.45766 0.73122 0.57724 1.129
0.56017 0.10996 0.45811 0.73195 0.57907 1.008
0.56073 0.11007 0.45856 0.73268 0.58090 0.947
0.56128 0.11018 0.45902 0.73340 0.58273 1.436
0.56184 0.11029 0.45947 0.73413 0.58456 1.071
0.56240 0.11040 0.45993 0.73485 0.58639 1.438
0.56295 0.11051 0.46038 0.73558 0.58823 0.950
0.56351 0.11062 0.46084 0.73630 0.59006 0.768
0.56406 0.11072 0.46129 0.73703 0.59189 0.892
0.56462 0.11083 0.46174 0.73776 0.59372 0.771
0.56517 0.11094 0.46220 0.73848 0.59555 1.386
0.56573 0.11105 0.46265 0.73921 0.59738 1.020
0.56628 0.11116 0.46311 0.73993 0.59921 0.836
0.56684 0.11127 0.46356 0.74066 0.60105 0.959
0.56739 0.11138 0.46402 0.74139 0.60288 1.268
0.56795 0.11149 0.46447 0.74211 0.60471 0.961
0.56851 0.11160 0.46492 0.74284 0.60654 1.085
0.56906 0.11171 0.46538 0.74356 0.60837 1.086
0.56962 0.11182 0.46583 0.74429 0.61021 0.591
0.57017 0.11192 0.46629 0.74502 0.61204 0.593
0.57073 0.11203 0.46674 0.74574 0.61387 0.716
0.57128 0.11214 0.46720 0.74647 0.61570 1.153
0.57184 0.11225 0.46765 0.74719 0.61753 0.534
0.57240 0.11236 0.46811 0.74792 0.61937 0.908
0.57295 0.11247 0.46856 0.74865 0.62120 1.404
0.57351 0.11258 0.46901 0.74937 0.62303 0.970
0.57406 0.11269 0.46947 0.75010 0.62486 1.592
0.57462 0.11280 0.46992 0.75083 0.62670 1.283
0.57517 0.11291 0.47038 0.75155 0.62853 0.973
0.57573 0.11302 0.47083 0.75228 0.63036 1.474
0.57629 0.11312 0.47129 0.75300 0.63219 0.540
0.57684 0.11323 0.47174 0.75373 0.63403 1.164
0.57740 0.11334 0.47220 0.75446 0.63586 0.850
0.57795 0.11345 0.47265 0.75518 0.63769 1.227
0.57851 0.11356 0.47311 0.75591 0.63953 0.916
0.57907 0.11367 0.47356 0.75664 0.64136 0.854
0.57962 0.11378 0.47402 0.75736 0.64319 1.293
0.58018 0.11389 0.47447 0.75809 0.64503 1.043
0.58073 0.11400 0.47493 0.75882 0.64686 1.548
0.58129 0.11411 0.47538 0.75954 0.64869 0.919
0.58185 0.11422 0.47583 0.76027 0.65053 0.542
0.58240 0.11432 0.47629 0.76100 0.65236 0.730
0.58296 0.11443 0.47674 0.76172 0.65419 1.362
0.58351 0.11454 0.47720 0.76245 0.65603 0.985
0.58407 0.11465 0.47765 0.76318 0.65786 0.860
0.58463 0.11476 0.47811 0.76390 0.65969 0.862
0.58518 0.11487 0.47856 0.76463 0.66153 1.117
0.58574 0.11498 0.47902 0.76536 0.66336 1.751
0.58630 0.11509 0.47947 0.76608 0.66519 0.930
0.58685 0.11520 0.47993 0.76681 0.66703 1.311
0.58741 0.11531 0.48038 0.76754 0.66886 1.502
0.58796 0.11542 0.48084 0.76826 0.67070 0.679
0.58852 0.11553 0.48129 0.76899 0.67253 1.252
0.58908 0.11564 0.48175 0.76972 0.67436 0.934
0.58963 0.11574 0.48220 0.77044 0.67620 0.743
0.59019 0.11585 0.48266 0.77117 0.67803 0.999
0.59075 0.11596 0.48311 0.77190 0.67987 1.063
0.59130 0.11607 0.48357 0.77262 0.68170 1.256
0.59186 0.11618 0.48402 0.77335 0.68354 1.257
0.59242 0.11629 0.48448 0.77408 0.68537 1.067
0.59297 0.11640 0.48493 0.77481 0.68721 0.812
0.59353 0.11651 0.48539 0.77553 0.68904 0.875
0.59408 0.11662 0.48584 0.77626 0.69088 1.133
0.59464 0.11673 0.48630 0.77699 0.69271 1.452
0.59520 0.11684 0.48675 0.77771 0.69454 1.452
0.59575 0.11695 0.48721 0.77844 0.69638 0.684
0.59631 0.11706 0.48766 0.77917 0.69821 1.006
0.59687 0.11716 0.48812 0.77990 0.70005 0.812
0.59742 0.11727 0.48857 0.78062 0.70189 0.619
0.59798 0.11738 0.48903 0.78135 0.70372 1.201
0.59854 0.11749 0.48948 0.78208 0.70556 0.879
0.59909 0.11760 0.48994 0.78281 0.70739 1.332
0.59965 0.11771 0.49039 0.78353 0.70923 1.658
0.60021 0.11782 0.49085 0.78426 0.71106 1.401
0.60076 0.11793 0.49131 0.78499 0.71290 1.078
0.60132 0.11804 0.49176 0.78572 0.71473 1.143
0.60188 0.11815 0.49222 0.78644 0.71657 0.949
0.60243 0.11826 0.49267 0.78717 0.71840 1.142
0.60299 0.11837 0.49313 0.78790 0.72024 0.818
0.60355 0.11848 0.49358 0.78863 0.72208 0.559
0.60410 0.11858 0.49404 0.78935 0.72391 0.819
0.60466 0.11869 0.49449 0.79008 0.72575 1.144
0.60522 0.11880 0.49495 0.79081 0.72758 1.015
0.60578 0.11891 0.49540 0.79154 0.72942 1.276
0.60633 0.11902 0.49586 0.79226 0.73126 0.624
0.60689 0.11913 0.49631 0.79299 0.73309 0.885
0.60745 0.11924 0.49677 0.79372 0.73493 1.147
0.60800 0.11935 0.49723 0.79445 0.73676 1.148
0.60856 0.11946 0.49768 0.79517 0.73860 1.343
0.60912 0.11957 0.49814 0.79590 0.74044 1.017
0.60967 0.11968 0.49859 0.79663 0.74227 0.691
0.61023 0.11979 0.49905 0.79736 0.74411 1.282
0.61079 0.11990 0.49950 0.79809 0.74595 1.086
0.61135 0.12001 0.49996 0.79881 0.74778 0.890
0.61190 0.12012 0.50041 0.79954 0.74962 0.891
0.61246 0.12022 0.50087 0.80027 0.75146 0.826
0.61302 0.12033 0.50133 0.80100 0.75329 0.827
0.61357 0.12044 0.50178 0.80173 0.75513 1.355
0.61413 0.12055 0.50224 0.80245 0.75697 0.565
0.61469 0.12066 0.50269 0.80318 0.75881 0.764
0.61525 0.12077 0.50315 0.80391 0.76064 1.028
0.61580 0.12088 0.50360 0.80464 0.76248 1.028
0.61636 0.12099 0.50406 0.80537 0.76432 0.897
0.61692 0.12110 0.50452 0.80609 0.76615 1.427
0.61747 0.12121 0.50497 0.80682 0.76799 1.097
0.61803 0.12132 0.50543 0.80755 0.76983 0.766
0.61859 0.12143 0.50588 0.80828 0.77167 1.095
0.61915 0.12154 0.50634 0.80901 0.77350 0.831
0.61970 0.12165 0.50679 0.80974 0.77534 0.964
0.62026 0.12176 0.50725 0.81046 0.77718 0.898
0.62082 0.12187 0.50771 0.81119 0.77902 1.364
0.62138 0.12198 0.50816 0.81192 0.78085 1.298
0.62193 0.12208 0.50862 0.81265 0.78269 0.967
0.62249 0.12219 0.50907 0.81338 0.78453 1.033
0.62305 0.12230 0.50953 0.81411 0.78637 0.769
0.62361 0.12241 0.50999 0.81483 0.78821 1.301
0.62416 0.12252 0.51044 0.81556 0.79004 0.637
0.62472 0.12263 0.51090 0.81629 0.79188 1.105
0.62528 0.12274 0.51135 0.81702 0.79372 1.173
0.62584 0.12285 0.51181 0.81775 0.79556 0.774
0.62639 0.12296 0.51227 0.81848 0.79740 1.310
0.62695 0.12307 0.51272 0.81921 0.79924 1.246
0.62751 0.12318 0.51318 0.81993 0.80107 0.846
0.62807 0.12329 0.51363 0.82066 0.80291 1.448
0.62862 0.12340 0.51409 0.82139 0.80475 0.780
0.62918 0.12351 0.51455 0.82212 0.80659 0.646
0.62974 0.12362 0.51500 0.82285 0.80843 0.645
0.63030 0.12373 0.51546 0.82358 0.81027 1.718
0.63085 0.12384 0.51591 0.82431 0.81211 0.780
0.63141 0.12395 0.51637 0.82503 0.81395 0.712
0.63197 0.12405 0.51683 0.82576 0.81578 1.249
0.63253 0.12416 0.51728 0.82649 0.81762 1.183
0.63309 0.12427 0.51774 0.82722 0.81946 0.782
0.63364 0.12438 0.51819 0.82795 0.82130 0.782
0.63420 0.12449 0.51865 0.82868 0.82314 0.716
0.63476 0.12460 0.51911 0.82941 0.82498 0.717
0.63532 0.12471 0.51956 0.83014 0.82682 0.918
0.63588 0.12482 0.52002 0.83087 0.82866 0.851
0.63643 0.12493 0.52048 0.83159 0.83050 1.524
0.63699 0.12504 0.52093 0.83232 0.83234 0.919
0.63755 0.12515 0.52139 0.83305 0.83418 0.987
0.63811 0.12526 0.52184 0.83378 0.83602 0.919
0.63867 0.12537 0.52230 0.83451 0.83786 0.985
0.63922 0.12548 0.52276 0.83524 0.83970 1.254
0.63978 0.12559 0.52321 0.83597 0.84154 1.188
0.64034 0.12570 0.52367 0.83670 0.84338 0.784
0.64090 0.12581 0.52413 0.83743 0.84522 0.852
0.64146 0.12592 0.52458 0.83816 0.84706 0.581
0.64201 0.12603 0.52504 0.83889 0.84890 1.055
0.64257 0.12614 0.52550 0.83962 0.85074 0.920
0.64313 0.12625 0.52595 0.84034 0.85258 1.055
0.64369 0.12636 0.52641 0.84107 0.85442 1.123
0.64425 0.12646 0.52687 0.84180 0.85626 1.190
0.64480 0.12657 0.52732 0.84253 0.85810 1.123
0.64536 0.12668 0.52778 0.84326 0.85994 0.581
0.64592 0.12679 0.52823 0.84399 0.86178 0.649
0.64648 0.12690 0.52869 0.84472 0.86362 1.732
0.64704 0.12701 0.52915 0.84545 0.86546 1.122
0.64760 0.12712 0.52960 0.84618 0.86730 0.920
0.64815 0.12723 0.53006 0.84691 0.86914 0.716
0.64871 0.12734 0.53052 0.84764 0.87098 0.920
0.64927 0.12745 0.53097 0.84837 0.87282 1.123
0.64983 0.12756 0.53143 0.84910 0.87467 1.124
0.65039 0.12767 0.53189 0.84983 0.87651 1.125
0.65095 0.12778 0.53234 0.85056 0.87835 0.378
0.65150 0.12789 0.53280 0.85129 0.88019 0.853
0.65206 0.12800 0.53326 0.85202 0.88203 0.785
0.65262 0.12811 0.53371 0.85275 0.88387 1.057
0.65318 0.12822 0.53417 0.85348 0.88571 1.193
0.65374 0.12833 0.53463 0.85421 0.88755 0.990
0.65430 0.12844 0.53508 0.85494 0.88940 1.465
0.65486 0.12855 0.53554 0.85567 0.89124 0.853
0.65541 0.12866 0.53600 0.85640 0.89308 0.991
0.65597 0.12877 0.53645 0.85713 0.89492 1.468
0.65653 0.12888 0.53691 0.85786 0.89676 1.537
0.65709 0.12899 0.53737 0.85859 0.89860 0.723
0.65765 0.12910 0.53783 0.85932 0.90045 1.338
0.65821 0.12921 0.53828 0.86005 0.90229 1.203
0.65877 0.12931 0.53874 0.86078 0.90413 0.999
0.65932 0.12942 0.53920 0.86151 0.90597 1.339
0.65988 0.12953 0.53965 0.86224 0.90781 0.795
0.66044 0.12964 0.54011 0.86297 0.90966 0.931
0.66100 0.12975 0.54057 0.86370 0.91150 0.794
0.66156 0.12986 0.54102 0.86443 0.91334 1.202
0.66212 0.12997 0.54148 0.86516 0.91518 0.860
0.66268 0.13008 0.54194 0.86589 0.91703 0.723
0.66324 0.13019 0.54239 0.86662 0.91887 0.314
0.66379 0.13030 0.54285 0.86735 0.92071 0.858
0.66435 0.13041 0.54331 0.86808 0.92255 0.927
0.66491 0.13052 0.54377 0.86881 0.92440 1.064
0.66547 0.13063 0.54422 0.86954 0.92624 0.859
0.66603 0.13074 0.54468 0.87027 0.92808 1.471
0.66659 0.13085 0.54514 0.87100 0.92992 1.235
0.66715 0.13096 0.54559 0.87173 0.93177 0.568
0.66771 0.13107 0.54605 0.87246 0.93361 0.787
0.66827 0.13118 0.54651 0.87319 0.93545 1.493
0.66883 0.13129 0.54697 0.87392 0.93730 1.231
0.66938 0.13140 0.54742 0.87465 0.93914 1.103
0.66994 0.13151 0.54788 0.87538 0.94098 1.357
0.67050 0.13162 0.54834 0.87611 0.94283 0.937
0.67106 0.13173 0.54879 0.87684 0.94467 0.999
0.67162 0.13184 0.54925 0.87757 0.94651 0.574
0.67218 0.13195 0.54971 0.87830 0.94836 0.751
0.67274 0.13206 0.55017 0.87903 0.95020 1.081
0.67330 0.13217 0.55062 0.87976 0.95204 1.716
0.67386 0.13228 0.55108 0.88050 0.95389 0.868
0.67442 0.13239 0.55154 0.88123 0.95573 1.052
0.67498 0.13250 0.55200 0.88196 0.95758 0.649
0.67554 0.13261 0.55245 0.88269 0.95942 1.211
0.67609 0.13272 0.55291 0.88342 0.96126 1.266
0.67665 0.13283 0.55337 0.88415 0.96311 1.402
0.67721 0.13294 0.55383 0.88488 0.96495 0.789
0.67777 0.13305 0.55428 0.88561 0.96680 0.516
0.67833 0.13316 0.55474 0.88634 0.96864 1.741
0.67889 0.13327 0.55520 0.88707 0.97048 1.265
0.67945 0.13338 0.55566 0.88780 0.97233 0.994
0.68001 0.13349 0.55611 0.88853 0.97417 1.063
0.68057 0.13359 0.55657 0.88927 0.97602 1.130
0.68113 0.13370 0.55703 0.89000 0.97786 0.723
0.68169 0.13381 0.55749 0.89073 0.97971 1.606
0.68225 0.13392 0.55794 0.89146 0.98155 0.725
0.68281 0.13403 0.55840 0.89219 0.98340 0.792
0.68337 0.13414 0.55886 0.89292 0.98524 1.131
0.68393 0.13425 0.55932 0.89365 0.98708 0.993
0.68449 0.13436 0.55977 0.89438 0.98893 0.723
0.68505 0.13447 0.56023 0.89511 0.99077 0.789
0.68561 0.13458 0.56069 0.89585 0.99262 1.057
0.68616 0.13469 0.56115 0.89658 0.99446 1.123
0.68672 0.13480 0.56160 0.89731 0.99631 1.122
0.68728 0.13491 0.56206 0.89804 0.99815 1.053
0.68784 0.13502 0.56252 0.89877 1.00000 1.120
