x y z dist_scaled dist_frac flux_norm
-0.29568 0.15345 0.37647 0.50270 0.00000 1.175
-0.29610 0.15367 0.37701 0.50342 0.00181 0.382
-0.29653 0.15389 0.37755 0.50413 0.00362 0.647
-0.29695 0.15411 0.37808 0.50485 0.00543 1.020
-0.29737 0.15433 0.37862 0.50557 0.00724 1.235
-0.29779 0.15455 0.37916 0.50629 0.00906 0.969
-0.29822 0.15477 0.37970 0.50700 0.01087 1.076
-0.29864 0.15498 0.38023 0.50772 0.01268 0.864
-0.29906 0.15520 0.38077 0.50844 0.01449 1.185
-0.29948 0.15542 0.38131 0.50916 0.01630 0.972
-0.29990 0.15564 0.38185 0.50988 0.01811 1.026
-0.30033 0.15586 0.38238 0.51059 0.01992 0.867
-0.30075 0.15608 0.38292 0.51131 0.02174 1.243
-0.30117 0.15630 0.38346 0.51203 0.02355 1.083
-0.30159 0.15652 0.38400 0.51275 0.02536 0.386
-0.30202 0.15674 0.38453 0.51347 0.02717 0.870
-0.30244 0.15696 0.38507 0.51418 0.02898 0.981
-0.30286 0.15718 0.38561 0.51490 0.03080 0.982
-0.30328 0.15740 0.38615 0.51562 0.03261 0.927
-0.30371 0.15761 0.38669 0.51634 0.03442 1.361
-0.30413 0.15783 0.38722 0.51706 0.03623 0.824
-0.30455 0.15805 0.38776 0.51778 0.03804 1.203
-0.30497 0.15827 0.38830 0.51849 0.03986 1.095
-0.30540 0.15849 0.38884 0.51921 0.04167 0.826
-0.30582 0.15871 0.38938 0.51993 0.04348 0.882
-0.30624 0.15893 0.38991 0.52065 0.04529 0.830
-0.30666 0.15915 0.39045 0.52137 0.04711 1.264
-0.30709 0.15937 0.39099 0.52209 0.04892 0.723
-0.30751 0.15959 0.39153 0.52280 0.05073 0.887
-0.30793 0.15981 0.39207 0.52352 0.05254 0.889
-0.30835 0.16003 0.39260 0.52424 0.05436 0.779
-0.30878 0.16025 0.39314 0.52496 0.05617 1.979
-0.30920 0.16046 0.39368 0.52568 0.05798 1.109
-0.30962 0.16068 0.39422 0.52640 0.05980 1.221
-0.31004 0.16090 0.39476 0.52711 0.06161 0.732
-0.31047 0.16112 0.39529 0.52783 0.06342 1.016
-0.31089 0.16134 0.39583 0.52855 0.06524 0.688
-0.31131 0.16156 0.39637 0.52927 0.06705 0.463
-0.31173 0.16178 0.39691 0.52999 0.06886 1.202
-0.31216 0.16200 0.39745 0.53071 0.07068 1.088
-0.31258 0.16222 0.39799 0.53143 0.07249 1.174
-0.31300 0.16244 0.39852 0.53214 0.07430 1.215
-0.31343 0.16266 0.39906 0.53286 0.07612 1.452
-0.31385 0.16288 0.39960 0.53358 0.07793 0.986
-0.31427 0.16310 0.40014 0.53430 0.07974 1.088
-0.31469 0.16332 0.40068 0.53502 0.08156 0.559
-0.31512 0.16354 0.40121 0.53574 0.08337 0.856
-0.31554 0.16376 0.40175 0.53646 0.08518 0.972
-0.31596 0.16398 0.40229 0.53718 0.08700 0.832
-0.31639 0.16419 0.40283 0.53790 0.08881 0.855
-0.31681 0.16441 0.40337 0.53861 0.09063 1.121
-0.31723 0.16463 0.40391 0.53933 0.09244 0.875
-0.31765 0.16485 0.40445 0.54005 0.09426 0.522
-0.31808 0.16507 0.40498 0.54077 0.09607 0.907
-0.31850 0.16529 0.40552 0.54149 0.09788 0.902
-0.31892 0.16551 0.40606 0.54221 0.09970 0.957
-0.31935 0.16573 0.40660 0.54293 0.10151 1.292
-0.31977 0.16595 0.40714 0.54365 0.10333 0.792
-0.32019 0.16617 0.40768 0.54437 0.10514 1.293
-0.32061 0.16639 0.40822 0.54509 0.10696 0.904
-0.32104 0.16661 0.40875 0.54581 0.10877 0.847
-0.32146 0.16683 0.40929 0.54652 0.11059 0.960
-0.32188 0.16705 0.40983 0.54724 0.11240 1.407
-0.32231 0.16727 0.41037 0.54796 0.11422 0.907
-0.32273 0.16749 0.41091 0.54868 0.11603 1.243
-0.32315 0.16771 0.41145 0.54940 0.11785 1.245
-0.32358 0.16793 0.41199 0.55012 0.11966 1.134
-0.32400 0.16815 0.41252 0.55084 0.12148 0.799
-0.32442 0.16837 0.41306 0.55156 0.12329 1.024
-0.32485 0.16859 0.41360 0.55228 0.12511 1.026
-0.32527 0.16880 0.41414 0.55300 0.12692 1.030
-0.32569 0.16902 0.41468 0.55372 0.12874 0.864
-0.32612 0.16924 0.41522 0.55444 0.13055 0.637
-0.32654 0.16946 0.41576 0.55516 0.13237 0.746
-0.32696 0.16968 0.41630 0.55588 0.13418 0.968
-0.32739 0.16990 0.41684 0.55660 0.13600 0.968
-0.32781 0.17012 0.41737 0.55732 0.13782 0.970
-0.32823 0.17034 0.41791 0.55804 0.13963 1.028
-0.32866 0.17056 0.41845 0.55876 0.14145 1.197
-0.32908 0.17078 0.41899 0.55948 0.14326 0.464
-0.32950 0.17100 0.41953 0.56019 0.14508 0.687
-0.32992 0.17122 0.42007 0.56091 0.14689 0.519
-0.33035 0.17144 0.42061 0.56163 0.14871 0.745
-0.33077 0.17166 0.42115 0.56235 0.15053 0.915
-0.33120 0.17188 0.42169 0.56307 0.15234 0.575
-0.33162 0.17210 0.42222 0.56379 0.15416 0.462
-0.33204 0.17232 0.42276 0.56451 0.15598 1.027
-0.33247 0.17254 0.42330 0.56523 0.15779 1.030
-0.33289 0.17276 0.42384 0.56595 0.15961 1.032
-0.33331 0.17298 0.42438 0.56667 0.16143 0.747
-0.33374 0.17320 0.42492 0.56739 0.16324 1.031
-0.33416 0.17342 0.42546 0.56811 0.16506 0.860
-0.33458 0.17364 0.42600 0.56883 0.16688 0.917
-0.33501 0.17386 0.42654 0.56955 0.16869 0.750
-0.33543 0.17408 0.42708 0.57027 0.17051 0.693
-0.33585 0.17430 0.42762 0.57099 0.17233 1.147
-0.33628 0.17452 0.42816 0.57171 0.17414 0.863
-0.33670 0.17474 0.42870 0.57243 0.17596 1.033
-0.33712 0.17496 0.42923 0.57315 0.17778 1.318
-0.33755 0.17518 0.42977 0.57387 0.17959 1.262
-0.33797 0.17540 0.43031 0.57459 0.18141 1.321
-0.33839 0.17562 0.43085 0.57531 0.18323 1.092
-0.33882 0.17584 0.43139 0.57603 0.18505 1.150
-0.33924 0.17606 0.43193 0.57675 0.18686 1.436
-0.33967 0.17628 0.43247 0.57748 0.18868 0.867
-0.34009 0.17650 0.43301 0.57820 0.19050 1.270
-0.34051 0.17672 0.43355 0.57892 0.19232 0.872
-0.34094 0.17694 0.43409 0.57964 0.19413 0.704
-0.34136 0.17716 0.43463 0.58036 0.19595 0.764
-0.34178 0.17738 0.43517 0.58108 0.19777 0.937
-0.34221 0.17760 0.43571 0.58180 0.19959 1.052
-0.34263 0.17782 0.43625 0.58252 0.20141 1.225
-0.34306 0.17804 0.43679 0.58324 0.20322 0.939
-0.34348 0.17826 0.43733 0.58396 0.20504 1.227
-0.34390 0.17848 0.43787 0.58468 0.20686 1.056
-0.34433 0.17870 0.43841 0.58540 0.20868 0.770
-0.34475 0.17892 0.43895 0.58612 0.21050 1.634
-0.34517 0.17914 0.43949 0.58684 0.21231 1.354
-0.34560 0.17936 0.44003 0.58756 0.21413 1.012
-0.34602 0.17958 0.44056 0.58828 0.21595 0.588
-0.34645 0.17980 0.44110 0.58900 0.21777 1.550
-0.34687 0.18002 0.44164 0.58972 0.21959 0.987
-0.34729 0.18024 0.44218 0.59044 0.22141 1.331
-0.34772 0.18046 0.44272 0.59117 0.22323 0.751
-0.34814 0.18068 0.44326 0.59189 0.22504 0.908
-0.34857 0.18090 0.44380 0.59261 0.22686 1.436
-0.34899 0.18112 0.44434 0.59333 0.22868 0.762
-0.34941 0.18134 0.44488 0.59405 0.23050 0.986
-0.34984 0.18156 0.44542 0.59477 0.23232 1.249
-0.35026 0.18178 0.44596 0.59549 0.23414 1.055
-0.35069 0.18200 0.44650 0.59621 0.23596 1.181
-0.35111 0.18222 0.44704 0.59693 0.23778 1.352
-0.35153 0.18244 0.44758 0.59765 0.23960 0.856
-0.35196 0.18266 0.44812 0.59837 0.24142 0.896
-0.35238 0.18288 0.44866 0.59910 0.24323 0.488
-0.35281 0.18310 0.44920 0.59982 0.24505 0.951
-0.35323 0.18332 0.44974 0.60054 0.24687 1.243
-0.35366 0.18354 0.45028 0.60126 0.24869 0.895
-0.35408 0.18376 0.45082 0.60198 0.25051 1.068
-0.35450 0.18398 0.45136 0.60270 0.25233 0.952
-0.35493 0.18420 0.45190 0.60342 0.25415 1.650
-0.35535 0.18442 0.45244 0.60414 0.25597 1.126
-0.35578 0.18464 0.45298 0.60486 0.25779 1.009
-0.35620 0.18486 0.45352 0.60559 0.25961 1.009
-0.35662 0.18508 0.45406 0.60631 0.26143 0.662
-0.35705 0.18530 0.45460 0.60703 0.26325 0.778
-0.35747 0.18552 0.45514 0.60775 0.26507 0.834
-0.35790 0.18574 0.45568 0.60847 0.26689 0.718
-0.35832 0.18596 0.45622 0.60919 0.26871 1.069
-0.35875 0.18618 0.45676 0.60991 0.27053 0.954
-0.35917 0.18640 0.45731 0.61064 0.27235 0.375
-0.35960 0.18662 0.45785 0.61136 0.27417 1.016
-0.36002 0.18684 0.45839 0.61208 0.27599 0.804
-0.36044 0.18706 0.45893 0.61280 0.27782 0.984
-0.36087 0.18728 0.45947 0.61352 0.27964 0.272
-0.36129 0.18750 0.46001 0.61424 0.28146 0.715
-0.36172 0.18772 0.46055 0.61496 0.28328 0.726
-0.36214 0.18794 0.46109 0.61569 0.28510 0.932
-0.36257 0.18816 0.46163 0.61641 0.28692 1.148
-0.36299 0.18838 0.46217 0.61713 0.28874 0.558
-0.36341 0.18860 0.46271 0.61785 0.29056 0.979
-0.36384 0.18882 0.46325 0.61857 0.29238 1.075
-0.36426 0.18904 0.46379 0.61930 0.29420 1.479
-0.36469 0.18926 0.46433 0.62002 0.29602 0.947
-0.36511 0.18948 0.46487 0.62074 0.29785 0.747
-0.36554 0.18970 0.46541 0.62146 0.29967 0.925
-0.36596 0.18992 0.46595 0.62218 0.30149 1.481
-0.36639 0.19014 0.46649 0.62290 0.30331 0.777
-0.36681 0.19036 0.46703 0.62363 0.30513 1.013
-0.36724 0.19058 0.46757 0.62435 0.30695 1.661
-0.36766 0.19080 0.46811 0.62507 0.30877 0.778
-0.36809 0.19103 0.46866 0.62579 0.31060 1.425
-0.36851 0.19125 0.46920 0.62651 0.31242 0.955
-0.36893 0.19147 0.46974 0.62724 0.31424 0.837
-0.36936 0.19169 0.47028 0.62796 0.31606 0.955
-0.36978 0.19191 0.47082 0.62868 0.31788 0.895
-0.37021 0.19213 0.47136 0.62940 0.31971 0.838
-0.37063 0.19235 0.47190 0.63012 0.32153 0.778
-0.37106 0.19257 0.47244 0.63085 0.32335 0.423
-0.37148 0.19279 0.47298 0.63157 0.32517 1.013
-0.37191 0.19301 0.47352 0.63229 0.32699 0.776
-0.37233 0.19323 0.47406 0.63301 0.32882 0.598
-0.37276 0.19345 0.47460 0.63374 0.33064 0.894
-0.37318 0.19367 0.47515 0.63446 0.33246 0.834
-0.37361 0.19389 0.47569 0.63518 0.33428 1.012
-0.37403 0.19411 0.47623 0.63590 0.33611 1.012
-0.37446 0.19433 0.47677 0.63662 0.33793 0.717
-0.37488 0.19455 0.47731 0.63735 0.33975 0.776
-0.37531 0.19477 0.47785 0.63807 0.34157 0.778
-0.37573 0.19499 0.47839 0.63879 0.34340 0.604
-0.37616 0.19521 0.47893 0.63951 0.34522 1.136
-0.37658 0.19543 0.47947 0.64024 0.34704 0.720
-0.37701 0.19566 0.48001 0.64096 0.34887 1.195
-0.37743 0.19588 0.48056 0.64168 0.35069 1.255
-0.37786 0.19610 0.48110 0.64240 0.35251 1.315
-0.37828 0.19632 0.48164 0.64313 0.35434 0.901
-0.37871 0.19654 0.48218 0.64385 0.35616 1.614
-0.37913 0.19676 0.48272 0.64457 0.35798 1.259
-0.37956 0.19698 0.48326 0.64529 0.35981 0.547
-0.37998 0.19720 0.48380 0.64602 0.36163 1.263
-0.38041 0.19742 0.48434 0.64674 0.36345 1.146
-0.38083 0.19764 0.48488 0.64746 0.36528 1.149
-0.38126 0.19786 0.48543 0.64819 0.36710 0.912
-0.38168 0.19808 0.48597 0.64891 0.36892 1.506
-0.38211 0.19830 0.48651 0.64963 0.37075 1.271
-0.38253 0.19852 0.48705 0.65035 0.37257 0.676
-0.38296 0.19874 0.48759 0.65108 0.37440 1.153
-0.38338 0.19896 0.48813 0.65180 0.37622 1.032
-0.38381 0.19918 0.48867 0.65252 0.37804 0.437
-0.38423 0.19941 0.48922 0.65325 0.37987 1.036
-0.38466 0.19963 0.48976 0.65397 0.38169 0.320
-0.38508 0.19985 0.49030 0.65469 0.38352 0.321
-0.38551 0.20007 0.49084 0.65541 0.38534 0.799
-0.38593 0.20029 0.49138 0.65614 0.38716 0.919
-0.38636 0.20051 0.49192 0.65686 0.38899 0.919
-0.38678 0.20073 0.49246 0.65758 0.39081 1.156
-0.38721 0.20095 0.49301 0.65831 0.39264 1.035
-0.38764 0.20117 0.49355 0.65903 0.39446 1.033
-0.38806 0.20139 0.49409 0.65975 0.39629 0.314
-0.38849 0.20161 0.49463 0.66048 0.39811 0.792
-0.38891 0.20183 0.49517 0.66120 0.39994 1.388
-0.38934 0.20205 0.49571 0.66192 0.40176 0.790
-0.38976 0.20228 0.49626 0.66265 0.40359 1.031
-0.39019 0.20250 0.49680 0.66337 0.40541 1.391
-0.39061 0.20272 0.49734 0.66409 0.40724 1.033
-0.39104 0.20294 0.49788 0.66482 0.40906 0.792
-0.39146 0.20316 0.49842 0.66554 0.41089 0.910
-0.39189 0.20338 0.49896 0.66626 0.41271 1.390
-0.39232 0.20360 0.49951 0.66699 0.41454 0.792
-0.39274 0.20382 0.50005 0.66771 0.41636 1.151
-0.39317 0.20404 0.50059 0.66843 0.41819 0.912
-0.39359 0.20426 0.50113 0.66916 0.42001 0.915
-0.39402 0.20448 0.50167 0.66988 0.42184 0.795
-0.39444 0.20470 0.50221 0.67060 0.42366 0.796
-0.39487 0.20492 0.50276 0.67133 0.42549 2.117
-0.39529 0.20515 0.50330 0.67205 0.42732 1.273
-0.39572 0.20537 0.50384 0.67277 0.42914 0.858
-0.39615 0.20559 0.50438 0.67350 0.43097 1.176
-0.39657 0.20581 0.50492 0.67422 0.43279 1.388
-0.39700 0.20603 0.50547 0.67494 0.43462 1.412
-0.39742 0.20625 0.50601 0.67567 0.43645 1.122
-0.39785 0.20647 0.50655 0.67639 0.43827 1.875
-0.39827 0.20669 0.50709 0.67712 0.44010 1.410
-0.39870 0.20691 0.50763 0.67784 0.44192 1.117
-0.39912 0.20713 0.50818 0.67856 0.44375 0.976
-0.39955 0.20735 0.50872 0.67929 0.44558 0.239
-0.39998 0.20758 0.50926 0.68001 0.44740 0.382
-0.40040 0.20780 0.50980 0.68073 0.44923 1.010
-0.40083 0.20802 0.51034 0.68146 0.45106 1.319
-0.40125 0.20824 0.51089 0.68218 0.45288 0.714
-0.40168 0.20846 0.51143 0.68291 0.45471 1.666
-0.40211 0.20868 0.51197 0.68363 0.45654 0.485
-0.40253 0.20890 0.51251 0.68435 0.45836 0.581
-0.40296 0.20912 0.51306 0.68508 0.46019 1.434
-0.40338 0.20934 0.51360 0.68580 0.46202 1.288
-0.40381 0.20956 0.51414 0.68653 0.46384 0.684
-0.40423 0.20979 0.51468 0.68725 0.46567 0.561
-0.40466 0.21001 0.51522 0.68797 0.46750 0.923
-0.40509 0.21023 0.51577 0.68870 0.46933 1.406
-0.40551 0.21045 0.51631 0.68942 0.47115 0.927
-0.40594 0.21067 0.51685 0.69015 0.47298 0.808
-0.40636 0.21089 0.51739 0.69087 0.47481 1.170
-0.40679 0.21111 0.51794 0.69160 0.47663 0.688
-0.40722 0.21133 0.51848 0.69232 0.47846 0.930
-0.40764 0.21155 0.51902 0.69304 0.48029 1.289
-0.40807 0.21178 0.51956 0.69377 0.48212 0.804
-0.40849 0.21200 0.52011 0.69449 0.48394 1.408
-0.40892 0.21222 0.52065 0.69522 0.48577 1.649
-0.40935 0.21244 0.52119 0.69594 0.48760 1.408
-0.40977 0.21266 0.52173 0.69667 0.48943 1.413
-0.41020 0.21288 0.52228 0.69739 0.49126 0.928
-0.41063 0.21310 0.52282 0.69811 0.49308 1.534
-0.41105 0.21332 0.52336 0.69884 0.49491 0.928
-0.41148 0.21354 0.52390 0.69956 0.49674 1.410
-0.41190 0.21377 0.52445 0.70029 0.49857 0.923
-0.41233 0.21399 0.52499 0.70101 0.50040 0.802
-0.41276 0.21421 0.52553 0.70174 0.50222 1.289
-0.41318 0.21443 0.52607 0.70246 0.50405 0.926
-0.41361 0.21465 0.52662 0.70319 0.50588 0.319
-0.41403 0.21487 0.52716 0.70391 0.50771 0.559
-0.41446 0.21509 0.52770 0.70464 0.50954 0.674
-0.41489 0.21531 0.52824 0.70536 0.51137 0.914
-0.41531 0.21554 0.52879 0.70609 0.51320 1.281
-0.41574 0.21576 0.52933 0.70681 0.51502 0.674
-0.41617 0.21598 0.52987 0.70754 0.51685 0.433
-0.41659 0.21620 0.53042 0.70826 0.51868 0.802
-0.41702 0.21642 0.53096 0.70898 0.52051 0.801
-0.41744 0.21664 0.53150 0.70971 0.52234 1.409
-0.41787 0.21686 0.53204 0.71043 0.52417 0.801
-0.41830 0.21708 0.53259 0.71116 0.52600 0.681
-0.41872 0.21731 0.53313 0.71188 0.52783 0.925
-0.41915 0.21753 0.53367 0.71261 0.52966 0.802
-0.41958 0.21775 0.53422 0.71333 0.53149 0.681
-0.42000 0.21797 0.53476 0.71406 0.53332 1.288
-0.42043 0.21819 0.53530 0.71478 0.53514 0.680
-0.42086 0.21841 0.53584 0.71551 0.53697 1.168
-0.42128 0.21863 0.53639 0.71623 0.53880 0.922
-0.42171 0.21885 0.53693 0.71696 0.54063 0.803
-0.42214 0.21908 0.53747 0.71768 0.54246 1.414
-0.42256 0.21930 0.53802 0.71841 0.54429 0.922
-0.42299 0.21952 0.53856 0.71913 0.54612 0.678
-0.42342 0.21974 0.53910 0.71986 0.54795 1.164
-0.42384 0.21996 0.53965 0.72059 0.54978 1.042
-0.42427 0.22018 0.54019 0.72131 0.55161 1.287
-0.42470 0.22040 0.54073 0.72204 0.55344 1.287
-0.42512 0.22063 0.54128 0.72276 0.55527 1.164
-0.42555 0.22085 0.54182 0.72349 0.55710 0.553
-0.42598 0.22107 0.54236 0.72421 0.55893 0.556
-0.42640 0.22129 0.54291 0.72494 0.56076 0.679
-0.42683 0.22151 0.54345 0.72566 0.56259 1.532
-0.42726 0.22173 0.54399 0.72639 0.56442 1.043
-0.42768 0.22195 0.54454 0.72711 0.56625 1.533
-0.42811 0.22218 0.54508 0.72784 0.56809 0.316
-0.42854 0.22240 0.54562 0.72856 0.56992 1.054
-0.42896 0.22262 0.54617 0.72929 0.57175 1.059
-0.42939 0.22284 0.54671 0.73002 0.57358 0.816
-0.42982 0.22306 0.54725 0.73074 0.57541 0.938
-0.43024 0.22328 0.54780 0.73147 0.57724 1.425
-0.43067 0.22350 0.54834 0.73219 0.57907 1.058
-0.43110 0.22373 0.54888 0.73292 0.58090 1.427
-0.43152 0.22395 0.54943 0.73364 0.58273 1.063
-0.43195 0.22417 0.54997 0.73437 0.58456 1.796
-0.43238 0.22439 0.55051 0.73510 0.58639 1.062
-0.43280 0.22461 0.55106 0.73582 0.58823 1.187
-0.43323 0.22483 0.55160 0.73655 0.59006 1.066
-0.43366 0.22506 0.55214 0.73727 0.59189 1.065
-0.43408 0.22528 0.55269 0.73800 0.59372 0.941
-0.43451 0.22550 0.55323 0.73872 0.59555 0.453
-0.43494 0.22572 0.55377 0.73945 0.59738 0.695
-0.43537 0.22594 0.55432 0.74018 0.59921 0.941
-0.43579 0.22616 0.55486 0.74090 0.60105 0.943
-0.43622 0.22638 0.55541 0.74163 0.60288 1.064
-0.43665 0.22661 0.55595 0.74235 0.60471 0.823
-0.43707 0.22683 0.55649 0.74308 0.60654 1.442
-0.43750 0.22705 0.55704 0.74381 0.60837 0.951
-0.43793 0.22727 0.55758 0.74453 0.61021 0.952
-0.43835 0.22749 0.55812 0.74526 0.61204 1.074
-0.43878 0.22771 0.55867 0.74598 0.61387 0.581
-0.43921 0.22794 0.55921 0.74671 0.61570 1.071
-0.43964 0.22816 0.55976 0.74744 0.61753 1.321
-0.44006 0.22838 0.56030 0.74816 0.61937 0.709
-0.44049 0.22860 0.56084 0.74889 0.62120 0.829
-0.44092 0.22882 0.56139 0.74961 0.62303 0.949
-0.44134 0.22904 0.56193 0.75034 0.62486 1.317
-0.44177 0.22927 0.56247 0.75107 0.62670 1.071
-0.44220 0.22949 0.56302 0.75179 0.62853 1.194
-0.44263 0.22971 0.56356 0.75252 0.63036 1.194
-0.44305 0.22993 0.56411 0.75325 0.63219 0.823
-0.44348 0.23015 0.56465 0.75397 0.63403 0.575
-0.44391 0.23037 0.56519 0.75470 0.63586 0.943
-0.44433 0.23060 0.56574 0.75543 0.63769 1.066
-0.44476 0.23082 0.56628 0.75615 0.63953 0.699
-0.44519 0.23104 0.56683 0.75688 0.64136 1.315
-0.44562 0.23126 0.56737 0.75761 0.64319 0.944
-0.44604 0.23148 0.56791 0.75833 0.64503 1.561
-0.44647 0.23171 0.56846 0.75906 0.64686 0.577
-0.44690 0.23193 0.56900 0.75978 0.64869 0.331
-0.44733 0.23215 0.56955 0.76051 0.65053 1.193
-0.44775 0.23237 0.57009 0.76124 0.65236 0.330
-0.44818 0.23259 0.57064 0.76196 0.65419 1.195
-0.44861 0.23281 0.57118 0.76269 0.65603 1.195
-0.44904 0.23304 0.57172 0.76342 0.65786 1.442
-0.44946 0.23326 0.57227 0.76414 0.65969 0.458
-0.44989 0.23348 0.57281 0.76487 0.66153 0.951
-0.45032 0.23370 0.57336 0.76560 0.66336 0.702
-0.45075 0.23392 0.57390 0.76632 0.66519 0.950
-0.45117 0.23415 0.57445 0.76705 0.66703 1.443
-0.45160 0.23437 0.57499 0.76778 0.66886 0.948
-0.45203 0.23459 0.57553 0.76851 0.67070 1.439
-0.45246 0.23481 0.57608 0.76923 0.67253 1.315
-0.45288 0.23503 0.57662 0.76996 0.67436 1.560
-0.45331 0.23525 0.57717 0.77069 0.67620 0.452
-0.45374 0.23548 0.57771 0.77141 0.67803 1.193
-0.45417 0.23570 0.57826 0.77214 0.67987 1.440
-0.45459 0.23592 0.57880 0.77287 0.68170 0.823
-0.45502 0.23614 0.57934 0.77359 0.68354 1.938
-0.45545 0.23636 0.57989 0.77432 0.68537 0.706
-0.45588 0.23659 0.58043 0.77505 0.68721 1.197
-0.45630 0.23681 0.58098 0.77578 0.68904 1.442
-0.45673 0.23703 0.58152 0.77650 0.69088 1.193
-0.45716 0.23725 0.58207 0.77723 0.69271 0.945
-0.45759 0.23747 0.58261 0.77796 0.69455 1.070
-0.45802 0.23770 0.58316 0.77868 0.69638 0.577
-0.45844 0.23792 0.58370 0.77941 0.69821 0.704
-0.45887 0.23814 0.58425 0.78014 0.70005 1.075
-0.45930 0.23836 0.58479 0.78087 0.70189 0.950
-0.45973 0.23858 0.58534 0.78159 0.70372 1.075
-0.46015 0.23881 0.58588 0.78232 0.70556 0.457
-0.46058 0.23903 0.58642 0.78305 0.70739 1.201
-0.46101 0.23925 0.58697 0.78378 0.70923 1.077
-0.46144 0.23947 0.58751 0.78450 0.71106 0.953
-0.46187 0.23969 0.58806 0.78523 0.71290 0.828
-0.46229 0.23992 0.58860 0.78596 0.71473 0.333
-0.46272 0.24014 0.58915 0.78669 0.71657 1.326
-0.46315 0.24036 0.58969 0.78741 0.71840 1.823
-0.46358 0.24058 0.59024 0.78814 0.72024 1.451
-0.46401 0.24080 0.59078 0.78887 0.72208 0.331
-0.46443 0.24103 0.59133 0.78960 0.72391 1.576
-0.46486 0.24125 0.59187 0.79032 0.72575 0.706
-0.46529 0.24147 0.59242 0.79105 0.72758 1.200
-0.46572 0.24169 0.59296 0.79178 0.72942 0.454
-0.46615 0.24192 0.59351 0.79251 0.73126 1.578
-0.46657 0.24214 0.59405 0.79323 0.73309 0.832
-0.46700 0.24236 0.59460 0.79396 0.73493 0.712
-0.46743 0.24258 0.59514 0.79469 0.73676 0.091
-0.46786 0.24280 0.59569 0.79542 0.73860 1.086
-0.46829 0.24303 0.59623 0.79614 0.74044 0.961
-0.46871 0.24325 0.59678 0.79687 0.74227 0.711
-0.46914 0.24347 0.59732 0.79760 0.74411 1.584
-0.46957 0.24369 0.59787 0.79833 0.74595 0.835
-0.47000 0.24391 0.59841 0.79906 0.74778 0.963
-0.47043 0.24414 0.59896 0.79978 0.74962 0.842
-0.47085 0.24436 0.59950 0.80051 0.75146 0.966
-0.47128 0.24458 0.60005 0.80124 0.75329 0.842
-0.47171 0.24480 0.60059 0.80197 0.75513 0.343
-0.47214 0.24503 0.60114 0.80270 0.75697 0.842
-0.47257 0.24525 0.60168 0.80342 0.75881 0.842
-0.47300 0.24547 0.60223 0.80415 0.76064 0.968
-0.47342 0.24569 0.60277 0.80488 0.76248 1.467
-0.47385 0.24592 0.60332 0.80561 0.76432 0.716
-0.47428 0.24614 0.60387 0.80634 0.76615 0.714
-0.47471 0.24636 0.60441 0.80706 0.76799 1.713
-0.47514 0.24658 0.60496 0.80779 0.76983 0.588
-0.47557 0.24680 0.60550 0.80852 0.77167 1.839
-0.47599 0.24703 0.60605 0.80925 0.77350 1.215
-0.47642 0.24725 0.60659 0.80998 0.77534 1.589
-0.47685 0.24747 0.60714 0.81071 0.77718 0.577
-0.47728 0.24769 0.60768 0.81143 0.77902 1.078
-0.47771 0.24792 0.60823 0.81216 0.78085 1.326
-0.47814 0.24814 0.60877 0.81289 0.78269 0.824
-0.47856 0.24836 0.60932 0.81362 0.78453 0.826
-0.47899 0.24858 0.60987 0.81435 0.78637 1.196
-0.47942 0.24881 0.61041 0.81508 0.78821 0.445
-0.47985 0.24903 0.61096 0.81581 0.79004 0.322
-0.48028 0.24925 0.61150 0.81653 0.79188 1.325
-0.48071 0.24947 0.61205 0.81726 0.79372 0.573
-0.48114 0.24969 0.61259 0.81799 0.79556 0.949
-0.48156 0.24992 0.61314 0.81872 0.79740 0.821
-0.48199 0.25014 0.61368 0.81945 0.79924 1.326
-0.48242 0.25036 0.61423 0.82018 0.80107 0.323
-0.48285 0.25058 0.61478 0.82091 0.80291 0.825
-0.48328 0.25081 0.61532 0.82163 0.80475 0.698
-0.48371 0.25103 0.61587 0.82236 0.80659 0.448
-0.48414 0.25125 0.61641 0.82309 0.80843 0.695
-0.48456 0.25147 0.61696 0.82382 0.81027 0.689
-0.48499 0.25170 0.61750 0.82455 0.81211 0.690
-0.48542 0.25192 0.61805 0.82528 0.81395 1.319
-0.48585 0.25214 0.61860 0.82601 0.81579 0.941
-0.48628 0.25236 0.61914 0.82674 0.81762 0.942
-0.48671 0.25259 0.61969 0.82746 0.81946 0.811
-0.48714 0.25281 0.62023 0.82819 0.82130 1.187
-0.48756 0.25303 0.62078 0.82892 0.82314 1.314
-0.48799 0.25325 0.62133 0.82965 0.82498 0.180
-0.48842 0.25348 0.62187 0.83038 0.82682 1.063
-0.48885 0.25370 0.62242 0.83111 0.82866 0.685
-0.48928 0.25392 0.62296 0.83184 0.83050 0.560
-0.48971 0.25414 0.62351 0.83257 0.83234 0.434
-0.49014 0.25437 0.62406 0.83330 0.83418 0.557
-0.49057 0.25459 0.62460 0.83403 0.83602 0.935
-0.49100 0.25481 0.62515 0.83475 0.83786 0.942
-0.49142 0.25503 0.62569 0.83548 0.83970 1.075
-0.49185 0.25526 0.62624 0.83621 0.84154 1.202
-0.49228 0.25548 0.62679 0.83694 0.84338 1.581
-0.49271 0.25570 0.62733 0.83767 0.84522 0.566
-0.49314 0.25592 0.62788 0.83840 0.84706 1.838
-0.49357 0.25615 0.62842 0.83913 0.84890 1.207
-0.49400 0.25637 0.62897 0.83986 0.85074 1.080
-0.49443 0.25659 0.62952 0.84059 0.85258 1.459
-0.49486 0.25682 0.63006 0.84132 0.85442 0.191
-0.49528 0.25704 0.63061 0.84205 0.85626 1.077
-0.49571 0.25726 0.63116 0.84278 0.85810 0.826
-0.49614 0.25748 0.63170 0.84351 0.85994 0.827
-0.49657 0.25771 0.63225 0.84424 0.86178 1.081
-0.49700 0.25793 0.63279 0.84496 0.86362 1.586
-0.49743 0.25815 0.63334 0.84569 0.86546 1.207
-0.49786 0.25837 0.63389 0.84642 0.86730 1.335
-0.49829 0.25860 0.63443 0.84715 0.86914 0.702
-0.49872 0.25882 0.63498 0.84788 0.87098 0.708
-0.49915 0.25904 0.63553 0.84861 0.87282 1.345
-0.49958 0.25926 0.63607 0.84934 0.87467 1.216
-0.50000 0.25949 0.63662 0.85007 0.87651 1.346
-0.50043 0.25971 0.63716 0.85080 0.87835 1.474
-0.50086 0.25993 0.63771 0.85153 0.88019 0.838
-0.50129 0.26016 0.63826 0.85226 0.88203 1.225
-0.50172 0.26038 0.63880 0.85299 0.88387 0.972
-0.50215 0.26060 0.63935 0.85372 0.88571 0.842
-0.50258 0.26082 0.63990 0.85445 0.88755 0.715
-0.50301 0.26105 0.64044 0.85518 0.88940 1.101
-0.50344 0.26127 0.64099 0.85591 0.89124 1.355
-0.50387 0.26149 0.64154 0.85664 0.89308 1.481
-0.50430 0.26172 0.64208 0.85737 0.89492 0.713
-0.50473 0.26194 0.64263 0.85810 0.89676 1.227
-0.50516 0.26216 0.64318 0.85883 0.89860 0.325
-0.50559 0.26238 0.64372 0.85956 0.90045 0.966
-0.50601 0.26261 0.64427 0.86029 0.90229 1.350
-0.50644 0.26283 0.64482 0.86102 0.90413 1.224
-0.50687 0.26305 0.64536 0.86175 0.90597 1.355
-0.50730 0.26328 0.64591 0.86248 0.90781 1.227
-0.50773 0.26350 0.64646 0.86321 0.90966 1.228
-0.50816 0.26372 0.64700 0.86394 0.91150 0.970
-0.50859 0.26394 0.64755 0.86467 0.91334 0.973
-0.50902 0.26417 0.64810 0.86540 0.91518 0.587
-0.50945 0.26439 0.64864 0.86613 0.91703 0.845
-0.50988 0.26461 0.64919 0.86686 0.91887 2.006
-0.51031 0.26484 0.64974 0.86759 0.92071 0.718
-0.51074 0.26506 0.65029 0.86832 0.92255 1.234
-0.51117 0.26528 0.65083 0.86905 0.92440 0.722
-0.51160 0.26550 0.65138 0.86978 0.92624 1.241
-0.51203 0.26573 0.65193 0.87051 0.92808 1.757
-0.51246 0.26595 0.65247 0.87124 0.92992 1.497
-0.51289 0.26617 0.65302 0.87197 0.93177 0.851
-0.51332 0.26640 0.65357 0.87270 0.93361 0.595
-0.51375 0.26662 0.65411 0.87343 0.93545 0.856
-0.51418 0.26684 0.65466 0.87416 0.93730 0.597
-0.51461 0.26706 0.65521 0.87489 0.93914 0.988
-0.51503 0.26729 0.65576 0.87562 0.94098 0.341
-0.51546 0.26751 0.65630 0.87636 0.94283 0.599
-0.51589 0.26773 0.65685 0.87709 0.94467 0.988
-0.51632 0.26796 0.65740 0.87782 0.94651 0.859
-0.51675 0.26818 0.65794 0.87855 0.94836 1.531
-0.51718 0.26840 0.65849 0.87928 0.95020 1.194
-0.51761 0.26863 0.65904 0.88001 0.95204 1.202
-0.51804 0.26885 0.65959 0.88074 0.95389 0.736
-0.51847 0.26907 0.66013 0.88147 0.95573 0.573
-0.51890 0.26929 0.66068 0.88220 0.95758 0.598
-0.51933 0.26952 0.66123 0.88293 0.95942 2.096
-0.51976 0.26974 0.66177 0.88366 0.96126 0.609
-0.52019 0.26996 0.66232 0.88439 0.96311 1.098
-0.52062 0.27019 0.66287 0.88512 0.96495 1.624
-0.52105 0.27041 0.66342 0.88585 0.96680 0.802
-0.52148 0.27063 0.66396 0.88659 0.96864 1.579
-0.52191 0.27086 0.66451 0.88732 0.97048 1.568
-0.52234 0.27108 0.66506 0.88805 0.97233 1.669
-0.52277 0.27130 0.66561 0.88878 0.97417 0.870
-0.52320 0.27153 0.66615 0.88951 0.97602 0.385
-0.52363 0.27175 0.66670 0.89024 0.97786 0.884
-0.52406 0.27197 0.66725 0.89097 0.97971 1.147
-0.52449 0.27220 0.66780 0.89170 0.98155 1.017
-0.52492 0.27242 0.66834 0.89243 0.98340 0.623
-0.52535 0.27264 0.66889 0.89316 0.98524 0.755
-0.52578 0.27286 0.66944 0.89390 0.98708 0.887
-0.52621 0.27309 0.66999 0.89463 0.98893 1.282
-0.52664 0.27331 0.67053 0.89536 0.99077 0.758
-0.52707 0.27353 0.67108 0.89609 0.99262 1.283
-0.52750 0.27376 0.67163 0.89682 0.99446 1.545
-0.52793 0.27398 0.67218 0.89755 0.99631 1.548
-0.52836 0.27420 0.67272 0.89828 0.99815 1.417
-0.52879 0.27443 0.67327 0.89901 1.00000 0.887
