x y z dist_scaled dist_frac flux_norm
-0.08482 0.14745 0.47253 0.50222 0.00000 1.037
-0.08494 0.14766 0.47321 0.50294 0.00181 0.824
-0.08506 0.14787 0.47389 0.50365 0.00362 0.912
-0.08518 0.14808 0.47456 0.50437 0.00543 0.827
-0.08531 0.14829 0.47524 0.50509 0.00724 1.170
-0.08543 0.14850 0.47591 0.50581 0.00906 0.911
-0.08555 0.14871 0.47659 0.50653 0.01087 0.981
-0.08567 0.14892 0.47726 0.50724 0.01268 0.866
-0.08579 0.14913 0.47794 0.50796 0.01449 1.053
-0.08591 0.14934 0.47861 0.50868 0.01630 0.887
-0.08603 0.14955 0.47929 0.50940 0.01811 1.129
-0.08615 0.14977 0.47996 0.51012 0.01992 1.158
-0.08628 0.14998 0.48064 0.51083 0.02174 0.964
-0.08640 0.15019 0.48132 0.51155 0.02355 0.802
-0.08652 0.15040 0.48199 0.51227 0.02536 0.894
-0.08664 0.15061 0.48267 0.51299 0.02717 0.877
-0.08676 0.15082 0.48334 0.51371 0.02898 0.937
-0.08688 0.15103 0.48402 0.51442 0.03080 0.896
-0.08700 0.15124 0.48469 0.51514 0.03261 1.068
-0.08712 0.15145 0.48537 0.51586 0.03442 0.956
-0.08725 0.15166 0.48604 0.51658 0.03623 1.043
-0.08737 0.15187 0.48672 0.51730 0.03804 1.011
-0.08749 0.15208 0.48740 0.51801 0.03986 0.972
-0.08761 0.15230 0.48807 0.51873 0.04167 1.057
-0.08773 0.15251 0.48875 0.51945 0.04348 0.868
-0.08785 0.15272 0.48942 0.52017 0.04529 0.914
-0.08797 0.15293 0.49010 0.52089 0.04711 1.068
-0.08809 0.15314 0.49078 0.52161 0.04892 1.131
-0.08822 0.15335 0.49145 0.52232 0.05073 1.298
-0.08834 0.15356 0.49213 0.52304 0.05254 1.096
-0.08846 0.15377 0.49280 0.52376 0.05436 1.110
-0.08858 0.15398 0.49348 0.52448 0.05617 0.850
-0.08870 0.15419 0.49416 0.52520 0.05798 0.826
-0.08882 0.15440 0.49483 0.52592 0.05980 0.850
-0.08894 0.15462 0.49551 0.52664 0.06161 1.144
-0.08907 0.15483 0.49618 0.52735 0.06342 1.109
-0.08919 0.15504 0.49686 0.52807 0.06524 1.222
-0.08931 0.15525 0.49754 0.52879 0.06705 0.898
-0.08943 0.15546 0.49821 0.52951 0.06886 0.963
-0.08955 0.15567 0.49889 0.53023 0.07068 0.976
-0.08967 0.15588 0.49956 0.53095 0.07249 0.822
-0.08979 0.15609 0.50024 0.53167 0.07430 1.141
-0.08991 0.15630 0.50092 0.53238 0.07612 0.878
-0.09004 0.15651 0.50159 0.53310 0.07793 0.691
-0.09016 0.15673 0.50227 0.53382 0.07974 1.078
-0.09028 0.15694 0.50295 0.53454 0.08156 1.083
-0.09040 0.15715 0.50362 0.53526 0.08337 1.016
-0.09052 0.15736 0.50430 0.53598 0.08518 0.756
-0.09064 0.15757 0.50498 0.53670 0.08700 1.308
-0.09076 0.15778 0.50565 0.53742 0.08881 1.049
-0.09089 0.15799 0.50633 0.53814 0.09063 0.628
-0.09101 0.15820 0.50700 0.53885 0.09244 0.565
-0.09113 0.15841 0.50768 0.53957 0.09426 0.891
-0.09125 0.15862 0.50836 0.54029 0.09607 0.925
-0.09137 0.15884 0.50903 0.54101 0.09788 1.088
-0.09149 0.15905 0.50971 0.54173 0.09970 1.445
-0.09161 0.15926 0.51039 0.54245 0.10151 0.990
-0.09174 0.15947 0.51106 0.54317 0.10333 1.122
-0.09186 0.15968 0.51174 0.54389 0.10514 1.120
-0.09198 0.15989 0.51242 0.54461 0.10696 0.827
-0.09210 0.16010 0.51309 0.54533 0.10877 1.285
-0.09222 0.16031 0.51377 0.54605 0.11059 1.119
-0.09234 0.16052 0.51445 0.54676 0.11240 1.022
-0.09246 0.16074 0.51512 0.54748 0.11422 1.251
-0.09259 0.16095 0.51580 0.54820 0.11603 0.829
-0.09271 0.16116 0.51648 0.54892 0.11785 0.730
-0.09283 0.16137 0.51715 0.54964 0.11966 1.069
-0.09295 0.16158 0.51783 0.55036 0.12148 1.120
-0.09307 0.16179 0.51851 0.55108 0.12329 0.887
-0.09319 0.16200 0.51918 0.55180 0.12511 0.841
-0.09332 0.16221 0.51986 0.55252 0.12692 0.946
-0.09344 0.16243 0.52054 0.55324 0.12874 1.118
-0.09356 0.16264 0.52122 0.55396 0.13055 1.056
-0.09368 0.16285 0.52189 0.55468 0.13237 0.905
-0.09380 0.16306 0.52257 0.55540 0.13418 1.101
-0.09392 0.16327 0.52325 0.55612 0.13600 0.975
-0.09404 0.16348 0.52392 0.55684 0.13782 1.152
-0.09417 0.16369 0.52460 0.55756 0.13963 0.947
-0.09429 0.16390 0.52528 0.55828 0.14145 0.956
-0.09441 0.16412 0.52595 0.55900 0.14326 1.220
-0.09453 0.16433 0.52663 0.55971 0.14508 1.179
-0.09465 0.16454 0.52731 0.56043 0.14689 0.999
-0.09477 0.16475 0.52799 0.56115 0.14871 1.292
-0.09490 0.16496 0.52866 0.56187 0.15053 1.211
-0.09502 0.16517 0.52934 0.56259 0.15234 1.252
-0.09514 0.16538 0.53002 0.56331 0.15416 1.382
-0.09526 0.16559 0.53070 0.56403 0.15598 1.443
-0.09538 0.16581 0.53137 0.56475 0.15779 1.107
-0.09550 0.16602 0.53205 0.56547 0.15961 1.606
-0.09562 0.16623 0.53273 0.56619 0.16143 0.932
-0.09575 0.16644 0.53340 0.56691 0.16324 0.946
-0.09587 0.16665 0.53408 0.56763 0.16506 1.156
-0.09599 0.16686 0.53476 0.56835 0.16688 0.929
-0.09611 0.16707 0.53544 0.56907 0.16869 1.028
-0.09623 0.16729 0.53611 0.56979 0.17051 1.160
-0.09635 0.16750 0.53679 0.57051 0.17233 1.326
-0.09648 0.16771 0.53747 0.57123 0.17414 0.865
-0.09660 0.16792 0.53815 0.57195 0.17596 1.060
-0.09672 0.16813 0.53882 0.57267 0.17778 1.126
-0.09684 0.16834 0.53950 0.57339 0.17959 0.765
-0.09696 0.16855 0.54018 0.57411 0.18141 0.734
-0.09708 0.16877 0.54086 0.57483 0.18323 1.256
-0.09721 0.16898 0.54154 0.57555 0.18505 0.700
-0.09733 0.16919 0.54221 0.57627 0.18686 0.994
-0.09745 0.16940 0.54289 0.57699 0.18868 0.734
-0.09757 0.16961 0.54357 0.57772 0.19050 1.026
-0.09769 0.16982 0.54425 0.57844 0.19232 1.062
-0.09781 0.17003 0.54492 0.57916 0.19413 0.667
-0.09794 0.17025 0.54560 0.57988 0.19595 1.325
-0.09806 0.17046 0.54628 0.58060 0.19777 0.736
-0.09818 0.17067 0.54696 0.58132 0.19959 0.638
-0.09830 0.17088 0.54764 0.58204 0.20141 1.096
-0.09842 0.17109 0.54831 0.58276 0.20322 0.901
-0.09854 0.17130 0.54899 0.58348 0.20504 1.097
-0.09867 0.17152 0.54967 0.58420 0.20686 0.869
-0.09879 0.17173 0.55035 0.58492 0.20868 0.869
-0.09891 0.17194 0.55102 0.58564 0.21050 1.130
-0.09903 0.17215 0.55170 0.58636 0.21231 1.231
-0.09915 0.17236 0.55238 0.58708 0.21413 1.036
-0.09927 0.17257 0.55306 0.58780 0.21595 1.199
-0.09940 0.17278 0.55374 0.58852 0.21777 1.003
-0.09952 0.17300 0.55442 0.58924 0.21959 1.068
-0.09964 0.17321 0.55509 0.58996 0.22141 0.871
-0.09976 0.17342 0.55577 0.59068 0.22323 1.331
-0.09988 0.17363 0.55645 0.59141 0.22504 0.903
-0.10000 0.17384 0.55713 0.59213 0.22686 1.066
-0.10013 0.17405 0.55781 0.59285 0.22868 1.098
-0.10025 0.17427 0.55848 0.59357 0.23050 0.901
-0.10037 0.17448 0.55916 0.59429 0.23232 0.836
-0.10049 0.17469 0.55984 0.59501 0.23414 0.836
-0.10061 0.17490 0.56052 0.59573 0.23596 1.098
-0.10074 0.17511 0.56120 0.59645 0.23778 0.901
-0.10086 0.17532 0.56188 0.59717 0.23960 1.133
-0.10098 0.17554 0.56255 0.59789 0.24142 0.935
-0.10110 0.17575 0.56323 0.59861 0.24323 1.033
-0.10122 0.17596 0.56391 0.59934 0.24505 1.330
-0.10134 0.17617 0.56459 0.60006 0.24687 0.771
-0.10147 0.17638 0.56527 0.60078 0.24869 1.363
-0.10159 0.17659 0.56595 0.60150 0.25051 0.872
-0.10171 0.17681 0.56663 0.60222 0.25233 1.165
-0.10183 0.17702 0.56730 0.60294 0.25415 0.867
-0.10195 0.17723 0.56798 0.60366 0.25597 1.129
-0.10207 0.17744 0.56866 0.60438 0.25779 1.164
-0.10220 0.17765 0.56934 0.60511 0.25961 1.099
-0.10232 0.17787 0.57002 0.60583 0.26143 1.065
-0.10244 0.17808 0.57070 0.60655 0.26325 1.000
-0.10256 0.17829 0.57138 0.60727 0.26507 0.537
-0.10268 0.17850 0.57205 0.60799 0.26689 0.900
-0.10281 0.17871 0.57273 0.60871 0.26871 0.866
-0.10293 0.17892 0.57341 0.60943 0.27053 0.537
-0.10305 0.17914 0.57409 0.61015 0.27235 1.030
-0.10317 0.17935 0.57477 0.61088 0.27417 0.736
-0.10329 0.17956 0.57545 0.61160 0.27599 1.066
-0.10342 0.17977 0.57613 0.61232 0.27782 0.739
-0.10354 0.17998 0.57681 0.61304 0.27964 0.933
-0.10366 0.18019 0.57748 0.61376 0.28146 1.163
-0.10378 0.18041 0.57816 0.61448 0.28328 1.068
-0.10390 0.18062 0.57884 0.61521 0.28510 0.835
-0.10402 0.18083 0.57952 0.61593 0.28692 1.133
-0.10415 0.18104 0.58020 0.61665 0.28874 0.868
-0.10427 0.18125 0.58088 0.61737 0.29056 0.836
-0.10439 0.18147 0.58156 0.61809 0.29238 1.065
-0.10451 0.18168 0.58224 0.61881 0.29420 1.000
-0.10463 0.18189 0.58292 0.61954 0.29602 0.802
-0.10476 0.18210 0.58360 0.62026 0.29785 1.033
-0.10488 0.18231 0.58428 0.62098 0.29967 0.930
-0.10500 0.18253 0.58495 0.62170 0.30149 1.163
-0.10512 0.18274 0.58563 0.62242 0.30331 1.230
-0.10524 0.18295 0.58631 0.62314 0.30513 0.766
-0.10537 0.18316 0.58699 0.62387 0.30695 0.998
-0.10549 0.18337 0.58767 0.62459 0.30877 0.766
-0.10561 0.18359 0.58835 0.62531 0.31060 1.291
-0.10573 0.18380 0.58903 0.62603 0.31242 1.132
-0.10585 0.18401 0.58971 0.62675 0.31424 0.734
-0.10598 0.18422 0.59039 0.62748 0.31606 0.814
-0.10610 0.18443 0.59107 0.62820 0.31788 1.218
-0.10622 0.18465 0.59175 0.62892 0.31971 0.771
-0.10634 0.18486 0.59243 0.62964 0.32153 0.629
-0.10646 0.18507 0.59311 0.63037 0.32335 1.192
-0.10658 0.18528 0.59379 0.63109 0.32517 1.015
-0.10671 0.18549 0.59447 0.63181 0.32699 1.085
-0.10683 0.18571 0.59514 0.63253 0.32882 0.956
-0.10695 0.18592 0.59582 0.63325 0.33064 0.787
-0.10707 0.18613 0.59650 0.63398 0.33246 0.883
-0.10719 0.18634 0.59718 0.63470 0.33428 0.956
-0.10732 0.18655 0.59786 0.63542 0.33611 0.955
-0.10744 0.18677 0.59854 0.63614 0.33793 0.878
-0.10756 0.18698 0.59922 0.63687 0.33975 1.203
-0.10768 0.18719 0.59990 0.63759 0.34157 1.165
-0.10780 0.18740 0.60058 0.63831 0.34340 0.699
-0.10793 0.18761 0.60126 0.63903 0.34522 1.129
-0.10805 0.18783 0.60194 0.63975 0.34704 0.933
-0.10817 0.18804 0.60262 0.64048 0.34887 0.835
-0.10829 0.18825 0.60330 0.64120 0.35069 0.832
-0.10841 0.18846 0.60398 0.64192 0.35251 0.840
-0.10854 0.18867 0.60466 0.64265 0.35434 0.967
-0.10866 0.18889 0.60534 0.64337 0.35616 1.004
-0.10878 0.18910 0.60602 0.64409 0.35798 0.973
-0.10890 0.18931 0.60670 0.64481 0.35981 0.976
-0.10902 0.18952 0.60738 0.64554 0.36163 0.974
-0.10915 0.18974 0.60806 0.64626 0.36345 0.972
-0.10927 0.18995 0.60874 0.64698 0.36528 0.975
-0.10939 0.19016 0.60942 0.64770 0.36710 1.034
-0.10951 0.19037 0.61010 0.64843 0.36892 0.742
-0.10964 0.19058 0.61078 0.64915 0.37075 0.875
-0.10976 0.19080 0.61146 0.64987 0.37257 0.809
-0.10988 0.19101 0.61214 0.65059 0.37440 1.006
-0.11000 0.19122 0.61282 0.65132 0.37622 0.939
-0.11012 0.19143 0.61350 0.65204 0.37804 0.912
-0.11025 0.19165 0.61418 0.65276 0.37987 0.912
-0.11037 0.19186 0.61486 0.65349 0.38169 1.338
-0.11049 0.19207 0.61554 0.65421 0.38352 1.109
-0.11061 0.19228 0.61622 0.65493 0.38534 1.271
-0.11073 0.19249 0.61690 0.65566 0.38716 0.940
-0.11086 0.19271 0.61758 0.65638 0.38899 0.714
-0.11098 0.19292 0.61826 0.65710 0.39081 0.909
-0.11110 0.19313 0.61894 0.65782 0.39264 0.846
-0.11122 0.19334 0.61962 0.65855 0.39446 0.841
-0.11134 0.19356 0.62030 0.65927 0.39629 0.910
-0.11147 0.19377 0.62098 0.65999 0.39811 1.174
-0.11159 0.19398 0.62166 0.66072 0.39994 0.879
-0.11171 0.19419 0.62234 0.66144 0.40176 0.947
-0.11183 0.19440 0.62303 0.66216 0.40359 1.143
-0.11196 0.19462 0.62371 0.66289 0.40541 1.371
-0.11208 0.19483 0.62439 0.66361 0.40724 0.944
-0.11220 0.19504 0.62507 0.66433 0.40906 0.748
-0.11232 0.19525 0.62575 0.66506 0.41089 1.208
-0.11244 0.19547 0.62643 0.66578 0.41271 1.039
-0.11257 0.19568 0.62711 0.66650 0.41454 1.207
-0.11269 0.19589 0.62779 0.66723 0.41636 0.810
-0.11281 0.19610 0.62847 0.66795 0.41819 1.101
-0.11293 0.19632 0.62915 0.66867 0.42001 0.969
-0.11305 0.19653 0.62983 0.66940 0.42184 0.805
-0.11318 0.19674 0.63051 0.67012 0.42366 0.741
-0.11330 0.19695 0.63119 0.67084 0.42549 1.170
-0.11342 0.19717 0.63187 0.67157 0.42732 1.199
-0.11354 0.19738 0.63255 0.67229 0.42914 1.000
-0.11367 0.19759 0.63324 0.67301 0.43097 0.904
-0.11379 0.19780 0.63392 0.67374 0.43279 0.443
-0.11391 0.19802 0.63460 0.67446 0.43462 1.131
-0.11403 0.19823 0.63528 0.67519 0.43645 0.803
-0.11415 0.19844 0.63596 0.67591 0.43827 1.035
-0.11428 0.19865 0.63664 0.67663 0.44010 0.834
-0.11440 0.19887 0.63732 0.67736 0.44192 0.938
-0.11452 0.19908 0.63800 0.67808 0.44375 1.003
-0.11464 0.19929 0.63868 0.67880 0.44558 1.101
-0.11477 0.19950 0.63936 0.67953 0.44740 1.119
-0.11489 0.19972 0.64004 0.68025 0.44923 1.436
-0.11501 0.19993 0.64073 0.68098 0.45106 1.052
-0.11513 0.20014 0.64141 0.68170 0.45288 0.896
-0.11526 0.20035 0.64209 0.68242 0.45471 0.994
-0.11538 0.20057 0.64277 0.68315 0.45654 0.824
-0.11550 0.20078 0.64345 0.68387 0.45836 0.953
-0.11562 0.20099 0.64413 0.68460 0.46019 0.956
-0.11574 0.20120 0.64481 0.68532 0.46202 0.589
-0.11587 0.20142 0.64549 0.68604 0.46384 1.257
-0.11599 0.20163 0.64618 0.68677 0.46567 0.741
-0.11611 0.20184 0.64686 0.68749 0.46750 0.934
-0.11623 0.20205 0.64754 0.68822 0.46932 1.151
-0.11636 0.20227 0.64822 0.68894 0.47115 0.961
-0.11648 0.20248 0.64890 0.68966 0.47298 0.785
-0.11660 0.20269 0.64958 0.69039 0.47481 0.998
-0.11672 0.20290 0.65026 0.69111 0.47663 0.808
-0.11684 0.20312 0.65094 0.69184 0.47846 0.869
-0.11697 0.20333 0.65163 0.69256 0.48029 1.132
-0.11709 0.20354 0.65231 0.69329 0.48212 1.294
-0.11721 0.20375 0.65299 0.69401 0.48394 1.459
-0.11733 0.20397 0.65367 0.69473 0.48577 0.765
-0.11746 0.20418 0.65435 0.69546 0.48760 1.134
-0.11758 0.20439 0.65503 0.69618 0.48943 1.170
-0.11770 0.20461 0.65572 0.69691 0.49126 1.002
-0.11782 0.20482 0.65640 0.69763 0.49308 0.841
-0.11795 0.20503 0.65708 0.69836 0.49491 1.365
-0.11807 0.20524 0.65776 0.69908 0.49674 0.973
-0.11819 0.20546 0.65844 0.69981 0.49857 1.170
-0.11831 0.20567 0.65912 0.70053 0.50040 0.827
-0.11844 0.20588 0.65981 0.70125 0.50222 0.973
-0.11856 0.20609 0.66049 0.70198 0.50405 1.164
-0.11868 0.20631 0.66117 0.70270 0.50588 0.806
-0.11880 0.20652 0.66185 0.70343 0.50771 1.263
-0.11892 0.20673 0.66253 0.70415 0.50954 1.304
-0.11905 0.20695 0.66321 0.70488 0.51137 0.571
-0.11917 0.20716 0.66390 0.70560 0.51320 1.004
-0.11929 0.20737 0.66458 0.70633 0.51502 0.836
-0.11941 0.20758 0.66526 0.70705 0.51685 0.975
-0.11954 0.20780 0.66594 0.70778 0.51868 1.360
-0.11966 0.20801 0.66662 0.70850 0.52051 1.037
-0.11978 0.20822 0.66731 0.70923 0.52234 1.139
-0.11990 0.20844 0.66799 0.70995 0.52417 1.097
-0.12003 0.20865 0.66867 0.71068 0.52600 0.875
-0.12015 0.20886 0.66935 0.71140 0.52783 1.030
-0.12027 0.20907 0.67003 0.71213 0.52966 1.011
-0.12039 0.20929 0.67072 0.71285 0.53149 1.229
-0.12052 0.20950 0.67140 0.71358 0.53332 0.837
-0.12064 0.20971 0.67208 0.71430 0.53514 0.939
-0.12076 0.20992 0.67276 0.71503 0.53697 0.967
-0.12088 0.21014 0.67345 0.71575 0.53880 0.798
-0.12101 0.21035 0.67413 0.71648 0.54063 0.643
-0.12113 0.21056 0.67481 0.71720 0.54246 0.601
-0.12125 0.21078 0.67549 0.71793 0.54429 0.838
-0.12137 0.21099 0.67617 0.71865 0.54612 0.937
-0.12150 0.21120 0.67686 0.71938 0.54795 0.439
-0.12162 0.21142 0.67754 0.72010 0.54978 1.158
-0.12174 0.21163 0.67822 0.72083 0.55161 1.203
-0.12186 0.21184 0.67890 0.72155 0.55344 1.299
-0.12199 0.21205 0.67959 0.72228 0.55527 0.967
-0.12211 0.21227 0.68027 0.72300 0.55710 1.231
-0.12223 0.21248 0.68095 0.72373 0.55893 0.933
-0.12235 0.21269 0.68163 0.72445 0.56076 1.270
-0.12248 0.21291 0.68232 0.72518 0.56259 1.104
-0.12260 0.21312 0.68300 0.72590 0.56442 0.934
-0.12272 0.21333 0.68368 0.72663 0.56625 0.965
-0.12284 0.21354 0.68436 0.72736 0.56809 1.234
-0.12297 0.21376 0.68505 0.72808 0.56992 1.065
-0.12309 0.21397 0.68573 0.72881 0.57175 1.302
-0.12321 0.21418 0.68641 0.72953 0.57358 1.433
-0.12333 0.21440 0.68709 0.73026 0.57541 0.768
-0.12346 0.21461 0.68778 0.73098 0.57724 1.245
-0.12358 0.21482 0.68846 0.73171 0.57907 0.938
-0.12370 0.21504 0.68914 0.73243 0.58090 0.803
-0.12382 0.21525 0.68983 0.73316 0.58273 1.144
-0.12395 0.21546 0.69051 0.73389 0.58456 0.978
-0.12407 0.21568 0.69119 0.73461 0.58639 1.076
-0.12419 0.21589 0.69187 0.73534 0.58823 0.945
-0.12431 0.21610 0.69256 0.73606 0.59006 1.019
-0.12444 0.21631 0.69324 0.73679 0.59189 1.331
-0.12456 0.21653 0.69392 0.73751 0.59372 1.176
-0.12468 0.21674 0.69461 0.73824 0.59555 0.885
-0.12480 0.21695 0.69529 0.73897 0.59738 0.856
-0.12493 0.21717 0.69597 0.73969 0.59921 1.220
-0.12505 0.21738 0.69665 0.74042 0.60105 0.951
-0.12517 0.21759 0.69734 0.74114 0.60288 0.811
-0.12529 0.21781 0.69802 0.74187 0.60471 1.138
-0.12542 0.21802 0.69870 0.74260 0.60654 1.178
-0.12554 0.21823 0.69939 0.74332 0.60837 1.187
-0.12566 0.21845 0.70007 0.74405 0.61021 1.018
-0.12579 0.21866 0.70075 0.74477 0.61204 0.982
-0.12591 0.21887 0.70144 0.74550 0.61387 0.948
-0.12603 0.21909 0.70212 0.74623 0.61570 0.849
-0.12615 0.21930 0.70280 0.74695 0.61753 0.964
-0.12628 0.21951 0.70349 0.74768 0.61937 1.075
-0.12640 0.21972 0.70417 0.74840 0.62120 0.953
-0.12652 0.21994 0.70485 0.74913 0.62303 0.889
-0.12664 0.22015 0.70554 0.74986 0.62486 0.947
-0.12677 0.22036 0.70622 0.75058 0.62670 0.893
-0.12689 0.22058 0.70690 0.75131 0.62853 1.084
-0.12701 0.22079 0.70759 0.75204 0.63036 0.760
-0.12713 0.22100 0.70827 0.75276 0.63219 1.442
-0.12726 0.22122 0.70895 0.75349 0.63403 1.139
-0.12738 0.22143 0.70964 0.75421 0.63586 1.109
-0.12750 0.22164 0.71032 0.75494 0.63769 0.794
-0.12763 0.22186 0.71100 0.75567 0.63953 1.381
-0.12775 0.22207 0.71169 0.75639 0.64136 1.029
-0.12787 0.22228 0.71237 0.75712 0.64319 1.016
-0.12799 0.22250 0.71305 0.75785 0.64503 0.754
-0.12812 0.22271 0.71374 0.75857 0.64686 1.119
-0.12824 0.22292 0.71442 0.75930 0.64869 0.889
-0.12836 0.22314 0.71510 0.76003 0.65053 1.112
-0.12848 0.22335 0.71579 0.76075 0.65236 1.386
-0.12861 0.22356 0.71647 0.76148 0.65419 0.910
-0.12873 0.22378 0.71716 0.76221 0.65603 0.979
-0.12885 0.22399 0.71784 0.76293 0.65786 1.136
-0.12898 0.22420 0.71852 0.76366 0.65969 1.332
-0.12910 0.22442 0.71921 0.76439 0.66153 0.864
-0.12922 0.22463 0.71989 0.76511 0.66336 1.336
-0.12934 0.22484 0.72057 0.76584 0.66519 0.908
-0.12947 0.22506 0.72126 0.76657 0.66703 0.995
-0.12959 0.22527 0.72194 0.76729 0.66886 0.854
-0.12971 0.22548 0.72263 0.76802 0.67070 0.976
-0.12983 0.22570 0.72331 0.76875 0.67253 1.021
-0.12996 0.22591 0.72399 0.76947 0.67436 1.087
-0.13008 0.22612 0.72468 0.77020 0.67620 1.069
-0.13020 0.22634 0.72536 0.77093 0.67803 1.070
-0.13033 0.22655 0.72605 0.77166 0.67987 1.098
-0.13045 0.22676 0.72673 0.77238 0.68170 1.288
-0.13057 0.22698 0.72741 0.77311 0.68354 0.996
-0.13069 0.22719 0.72810 0.77384 0.68537 0.857
-0.13082 0.22740 0.72878 0.77456 0.68721 0.956
-0.13094 0.22762 0.72947 0.77529 0.68904 1.307
-0.13106 0.22783 0.73015 0.77602 0.69088 1.047
-0.13119 0.22805 0.73083 0.77675 0.69271 1.301
-0.13131 0.22826 0.73152 0.77747 0.69454 0.804
-0.13143 0.22847 0.73220 0.77820 0.69638 0.994
-0.13155 0.22869 0.73289 0.77893 0.69821 0.906
-0.13168 0.22890 0.73357 0.77965 0.70005 0.908
-0.13180 0.22911 0.73426 0.78038 0.70189 1.045
-0.13192 0.22933 0.73494 0.78111 0.70372 0.880
-0.13204 0.22954 0.73562 0.78184 0.70556 1.004
-0.13217 0.22975 0.73631 0.78256 0.70739 0.958
-0.13229 0.22997 0.73699 0.78329 0.70923 0.949
-0.13241 0.23018 0.73768 0.78402 0.71106 1.167
-0.13254 0.23039 0.73836 0.78475 0.71290 1.083
-0.13266 0.23061 0.73905 0.78547 0.71473 0.879
-0.13278 0.23082 0.73973 0.78620 0.71657 1.244
-0.13290 0.23103 0.74042 0.78693 0.71840 1.040
-0.13303 0.23125 0.74110 0.78766 0.72024 1.169
-0.13315 0.23146 0.74178 0.78838 0.72208 0.797
-0.13327 0.23168 0.74247 0.78911 0.72391 0.992
-0.13340 0.23189 0.74315 0.78984 0.72575 1.024
-0.13352 0.23210 0.74384 0.79057 0.72758 0.783
-0.13364 0.23232 0.74452 0.79129 0.72942 0.748
-0.13377 0.23253 0.74521 0.79202 0.73126 0.986
-0.13389 0.23274 0.74589 0.79275 0.73309 0.949
-0.13401 0.23296 0.74658 0.79348 0.73493 0.786
-0.13413 0.23317 0.74726 0.79420 0.73676 1.022
-0.13426 0.23338 0.74795 0.79493 0.73860 1.404
-0.13438 0.23360 0.74863 0.79566 0.74044 0.813
-0.13450 0.23381 0.74932 0.79639 0.74227 0.977
-0.13463 0.23403 0.75000 0.79712 0.74411 0.924
-0.13475 0.23424 0.75069 0.79784 0.74595 1.485
-0.13487 0.23445 0.75137 0.79857 0.74778 1.277
-0.13499 0.23467 0.75206 0.79930 0.74962 0.758
-0.13512 0.23488 0.75274 0.80003 0.75146 1.178
-0.13524 0.23509 0.75343 0.80075 0.75329 1.166
-0.13536 0.23531 0.75411 0.80148 0.75513 0.957
-0.13549 0.23552 0.75479 0.80221 0.75697 1.166
-0.13561 0.23574 0.75548 0.80294 0.75880 0.685
-0.13573 0.23595 0.75617 0.80367 0.76064 1.227
-0.13585 0.23616 0.75685 0.80440 0.76248 0.786
-0.13598 0.23638 0.75754 0.80512 0.76432 1.059
-0.13610 0.23659 0.75822 0.80585 0.76615 0.970
-0.13622 0.23680 0.75891 0.80658 0.76799 0.657
-0.13635 0.23702 0.75959 0.80731 0.76983 1.361
-0.13647 0.23723 0.76028 0.80804 0.77167 1.307
-0.13659 0.23745 0.76096 0.80876 0.77350 0.830
-0.13672 0.23766 0.76165 0.80949 0.77534 1.163
-0.13684 0.23787 0.76233 0.81022 0.77718 1.183
-0.13696 0.23809 0.76302 0.81095 0.77902 0.957
-0.13708 0.23830 0.76370 0.81168 0.78085 0.829
-0.13721 0.23851 0.76439 0.81241 0.78269 1.008
-0.13733 0.23873 0.76507 0.81313 0.78453 0.989
-0.13745 0.23894 0.76576 0.81386 0.78637 0.903
-0.13758 0.23916 0.76644 0.81459 0.78821 1.756
-0.13770 0.23937 0.76713 0.81532 0.79004 1.023
-0.13782 0.23958 0.76781 0.81605 0.79188 1.032
-0.13795 0.23980 0.76850 0.81678 0.79372 0.667
-0.13807 0.24001 0.76919 0.81750 0.79556 0.905
-0.13819 0.24023 0.76987 0.81823 0.79740 1.006
-0.13832 0.24044 0.77056 0.81896 0.79924 1.410
-0.13844 0.24065 0.77124 0.81969 0.80107 1.078
-0.13856 0.24087 0.77193 0.82042 0.80291 1.044
-0.13868 0.24108 0.77261 0.82115 0.80475 0.977
-0.13881 0.24130 0.77330 0.82188 0.80659 1.026
-0.13893 0.24151 0.77398 0.82261 0.80843 1.029
-0.13905 0.24172 0.77467 0.82333 0.81027 0.703
-0.13918 0.24194 0.77536 0.82406 0.81211 0.933
-0.13930 0.24215 0.77604 0.82479 0.81395 0.997
-0.13942 0.24237 0.77673 0.82552 0.81578 0.785
-0.13955 0.24258 0.77741 0.82625 0.81762 0.913
-0.13967 0.24279 0.77810 0.82698 0.81946 1.187
-0.13979 0.24301 0.77878 0.82771 0.82130 0.734
-0.13992 0.24322 0.77947 0.82844 0.82314 0.982
-0.14004 0.24344 0.78016 0.82916 0.82498 0.414
-0.14016 0.24365 0.78084 0.82989 0.82682 0.402
-0.14028 0.24386 0.78153 0.83062 0.82866 0.261
-0.14041 0.24408 0.78221 0.83135 0.83050 0.264
-0.14053 0.24429 0.78290 0.83208 0.83234 0.130
-0.14065 0.24451 0.78359 0.83281 0.83418 0.103
-0.14078 0.24472 0.78427 0.83354 0.83602 0.135
-0.14090 0.24493 0.78496 0.83427 0.83786 0.155
-0.14102 0.24515 0.78564 0.83500 0.83970 0.071
-0.14115 0.24536 0.78633 0.83573 0.84154 0.070
-0.14127 0.24558 0.78702 0.83646 0.84338 0.191
-0.14139 0.24579 0.78770 0.83718 0.84522 0.134
-0.14152 0.24600 0.78839 0.83791 0.84706 0.462
-0.14164 0.24622 0.78907 0.83864 0.84890 0.558
-0.14176 0.24643 0.78976 0.83937 0.85074 0.835
-0.14189 0.24665 0.79045 0.84010 0.85258 0.663
-0.14201 0.24686 0.79113 0.84083 0.85442 0.909
-0.14213 0.24707 0.79182 0.84156 0.85626 0.977
-0.14226 0.24729 0.79251 0.84229 0.85810 0.904
-0.14238 0.24750 0.79319 0.84302 0.85994 0.923
-0.14250 0.24772 0.79388 0.84375 0.86178 0.765
-0.14262 0.24793 0.79456 0.84448 0.86362 0.866
-0.14275 0.24815 0.79525 0.84521 0.86546 0.800
-0.14287 0.24836 0.79594 0.84594 0.86730 0.437
-0.14299 0.24857 0.79662 0.84667 0.86914 0.601
-0.14312 0.24879 0.79731 0.84740 0.87098 0.480
-0.14324 0.24900 0.79800 0.84813 0.87282 0.459
-0.14336 0.24922 0.79868 0.84886 0.87467 0.738
-0.14349 0.24943 0.79937 0.84959 0.87651 0.712
-0.14361 0.24964 0.80006 0.85031 0.87835 0.629
-0.14373 0.24986 0.80074 0.85104 0.88019 0.906
-0.14386 0.25007 0.80143 0.85177 0.88203 0.911
-0.14398 0.25029 0.80212 0.85250 0.88387 1.036
-0.14410 0.25050 0.80280 0.85323 0.88571 1.267
-0.14423 0.25072 0.80349 0.85396 0.88755 1.357
-0.14435 0.25093 0.80418 0.85469 0.88940 0.829
-0.14447 0.25114 0.80486 0.85542 0.89124 0.880
-0.14460 0.25136 0.80555 0.85615 0.89308 0.955
-0.14472 0.25157 0.80624 0.85688 0.89492 1.269
-0.14484 0.25179 0.80692 0.85761 0.89676 1.176
-0.14497 0.25200 0.80761 0.85834 0.89860 0.748
-0.14509 0.25222 0.80830 0.85907 0.90045 1.006
-0.14521 0.25243 0.80898 0.85980 0.90229 1.001
-0.14534 0.25264 0.80967 0.86053 0.90413 1.500
-0.14546 0.25286 0.81036 0.86126 0.90597 0.954
-0.14558 0.25307 0.81104 0.86199 0.90781 0.823
-0.14571 0.25329 0.81173 0.86272 0.90966 0.921
-0.14583 0.25350 0.81242 0.86345 0.91150 1.197
-0.14595 0.25372 0.81310 0.86418 0.91334 0.754
-0.14608 0.25393 0.81379 0.86491 0.91518 1.250
-0.14620 0.25414 0.81448 0.86564 0.91703 1.176
-0.14632 0.25436 0.81516 0.86637 0.91887 1.135
-0.14645 0.25457 0.81585 0.86710 0.92071 1.158
-0.14657 0.25479 0.81654 0.86783 0.92255 1.124
-0.14669 0.25500 0.81723 0.86856 0.92440 1.229
-0.14682 0.25522 0.81791 0.86929 0.92624 0.811
-0.14694 0.25543 0.81860 0.87002 0.92808 0.888
-0.14706 0.25565 0.81929 0.87075 0.92992 0.877
-0.14719 0.25586 0.81997 0.87149 0.93177 1.087
-0.14731 0.25607 0.82066 0.87222 0.93361 1.079
-0.14743 0.25629 0.82135 0.87295 0.93545 0.916
-0.14756 0.25650 0.82204 0.87368 0.93730 1.226
-0.14768 0.25672 0.82272 0.87441 0.93914 0.678
-0.14780 0.25693 0.82341 0.87514 0.94098 1.085
-0.14793 0.25715 0.82410 0.87587 0.94283 1.150
-0.14805 0.25736 0.82479 0.87660 0.94467 0.983
-0.14817 0.25758 0.82547 0.87733 0.94651 0.776
-0.14830 0.25779 0.82616 0.87806 0.94836 1.188
-0.14842 0.25800 0.82685 0.87879 0.95020 1.036
-0.14854 0.25822 0.82754 0.87952 0.95204 0.876
-0.14867 0.25843 0.82822 0.88025 0.95389 1.220
-0.14879 0.25865 0.82891 0.88098 0.95573 0.664
-0.14891 0.25886 0.82960 0.88171 0.95758 0.795
-0.14904 0.25908 0.83029 0.88244 0.95942 1.558
-0.14916 0.25929 0.83097 0.88317 0.96126 1.124
-0.14928 0.25951 0.83166 0.88391 0.96311 0.859
-0.14941 0.25972 0.83235 0.88464 0.96495 1.197
-0.14953 0.25994 0.83304 0.88537 0.96680 0.982
-0.14965 0.26015 0.83372 0.88610 0.96864 1.087
-0.14978 0.26036 0.83441 0.88683 0.97048 0.998
-0.14990 0.26058 0.83510 0.88756 0.97233 0.917
-0.15002 0.26079 0.83579 0.88829 0.97417 1.022
-0.15015 0.26101 0.83647 0.88902 0.97602 0.862
-0.15027 0.26122 0.83716 0.88975 0.97786 1.401
-0.15039 0.26144 0.83785 0.89048 0.97971 0.964
-0.15052 0.26165 0.83854 0.89121 0.98155 0.666
-0.15064 0.26187 0.83923 0.89195 0.98340 1.112
-0.15076 0.26208 0.83991 0.89268 0.98524 1.140
-0.15089 0.26230 0.84060 0.89341 0.98708 0.906
-0.15101 0.26251 0.84129 0.89414 0.98893 0.902
-0.15114 0.26273 0.84198 0.89487 0.99077 1.427
-0.15126 0.26294 0.84267 0.89560 0.99262 0.885
-0.15138 0.26315 0.84335 0.89633 0.99446 0.795
-0.15151 0.26337 0.84404 0.89706 0.99631 0.956
-0.15163 0.26358 0.84473 0.89779 0.99815 1.015
-0.15175 0.26380 0.84542 0.89853 1.00000 0.860
