x y z dist_scaled dist_frac flux_norm
-0.14942 0.03154 0.47882 0.50258 0.00000 1.059
-0.14964 0.03158 0.47953 0.50333 0.00188 1.054
-0.14986 0.03163 0.48024 0.50407 0.00375 1.006
-0.15008 0.03168 0.48095 0.50481 0.00563 0.981
-0.15031 0.03172 0.48165 0.50556 0.00751 0.718
-0.15053 0.03177 0.48236 0.50630 0.00938 0.896
-0.15075 0.03182 0.48307 0.50705 0.01126 1.330
-0.15097 0.03186 0.48378 0.50779 0.01313 0.702
-0.15119 0.03191 0.48449 0.50853 0.01501 1.057
-0.15141 0.03196 0.48520 0.50928 0.01689 0.758
-0.15163 0.03200 0.48591 0.51002 0.01876 0.790
-0.15185 0.03205 0.48661 0.51077 0.02064 0.627
-0.15208 0.03210 0.48732 0.51151 0.02252 0.539
-0.15230 0.03214 0.48803 0.51225 0.02440 0.405
-0.15252 0.03219 0.48874 0.51300 0.02627 1.006
-0.15274 0.03224 0.48945 0.51374 0.02815 0.938
-0.15296 0.03228 0.49016 0.51449 0.03003 0.872
-0.15318 0.03233 0.49087 0.51523 0.03190 0.805
-0.15340 0.03238 0.49158 0.51597 0.03378 0.535
-0.15362 0.03242 0.49229 0.51672 0.03566 1.070
-0.15385 0.03247 0.49300 0.51746 0.03754 1.072
-0.15407 0.03252 0.49370 0.51821 0.03941 0.734
-0.15429 0.03256 0.49441 0.51895 0.04129 1.608
-0.15451 0.03261 0.49512 0.51970 0.04317 0.604
-0.15473 0.03266 0.49583 0.52044 0.04505 1.010
-0.15495 0.03270 0.49654 0.52118 0.04692 0.875
-0.15517 0.03275 0.49725 0.52193 0.04880 0.942
-0.15539 0.03280 0.49796 0.52267 0.05068 0.942
-0.15562 0.03284 0.49867 0.52342 0.05256 1.076
-0.15584 0.03289 0.49938 0.52416 0.05444 1.075
-0.15606 0.03294 0.50009 0.52491 0.05631 1.410
-0.15628 0.03298 0.50080 0.52565 0.05819 1.411
-0.15650 0.03303 0.50151 0.52640 0.06007 1.138
-0.15672 0.03308 0.50222 0.52714 0.06195 1.337
-0.15694 0.03312 0.50293 0.52788 0.06383 0.797
-0.15717 0.03317 0.50363 0.52863 0.06571 1.203
-0.15739 0.03322 0.50434 0.52937 0.06758 1.274
-0.15761 0.03326 0.50505 0.53012 0.06946 0.747
-0.15783 0.03331 0.50576 0.53086 0.07134 1.074
-0.15805 0.03336 0.50647 0.53161 0.07322 0.824
-0.15827 0.03340 0.50718 0.53235 0.07510 0.624
-0.15849 0.03345 0.50789 0.53310 0.07698 0.876
-0.15872 0.03350 0.50860 0.53384 0.07886 0.925
-0.15894 0.03354 0.50931 0.53459 0.08074 0.725
-0.15916 0.03359 0.51002 0.53533 0.08261 1.532
-0.15938 0.03364 0.51073 0.53608 0.08449 1.132
-0.15960 0.03368 0.51144 0.53682 0.08637 0.881
-0.15982 0.03373 0.51215 0.53757 0.08825 1.034
-0.16004 0.03378 0.51286 0.53831 0.09013 1.147
-0.16027 0.03382 0.51357 0.53906 0.09201 0.640
-0.16049 0.03387 0.51428 0.53980 0.09389 1.150
-0.16071 0.03392 0.51499 0.54055 0.09577 0.990
-0.16093 0.03396 0.51570 0.54129 0.09765 1.025
-0.16115 0.03401 0.51641 0.54204 0.09953 1.262
-0.16137 0.03406 0.51712 0.54278 0.10141 0.865
-0.16159 0.03411 0.51783 0.54353 0.10329 1.575
-0.16182 0.03415 0.51854 0.54427 0.10517 0.753
-0.16204 0.03420 0.51925 0.54502 0.10705 0.793
-0.16226 0.03425 0.51996 0.54576 0.10893 1.024
-0.16248 0.03429 0.52067 0.54651 0.11081 1.009
-0.16270 0.03434 0.52138 0.54725 0.11269 1.211
-0.16292 0.03439 0.52209 0.54800 0.11457 1.019
-0.16315 0.03443 0.52280 0.54874 0.11645 1.233
-0.16337 0.03448 0.52351 0.54949 0.11833 1.293
-0.16359 0.03453 0.52422 0.55024 0.12021 1.073
-0.16381 0.03457 0.52493 0.55098 0.12209 0.956
-0.16403 0.03462 0.52564 0.55173 0.12397 0.840
-0.16425 0.03467 0.52635 0.55247 0.12585 1.097
-0.16448 0.03471 0.52706 0.55322 0.12773 0.841
-0.16470 0.03476 0.52777 0.55396 0.12961 0.996
-0.16492 0.03481 0.52848 0.55471 0.13149 0.946
-0.16514 0.03485 0.52919 0.55545 0.13338 0.845
-0.16536 0.03490 0.52990 0.55620 0.13526 1.152
-0.16558 0.03495 0.53061 0.55695 0.13714 1.051
-0.16581 0.03499 0.53132 0.55769 0.13902 1.154
-0.16603 0.03504 0.53203 0.55844 0.14090 1.154
-0.16625 0.03509 0.53274 0.55918 0.14278 0.901
-0.16647 0.03513 0.53345 0.55993 0.14466 0.851
-0.16669 0.03518 0.53416 0.56067 0.14654 1.156
-0.16691 0.03523 0.53488 0.56142 0.14843 0.852
-0.16714 0.03527 0.53559 0.56217 0.15031 0.901
-0.16736 0.03532 0.53630 0.56291 0.15219 0.850
-0.16758 0.03537 0.53701 0.56366 0.15407 0.593
-0.16780 0.03541 0.53772 0.56440 0.15595 0.390
-0.16802 0.03546 0.53843 0.56515 0.15783 0.749
-0.16825 0.03551 0.53914 0.56590 0.15972 1.005
-0.16847 0.03556 0.53985 0.56664 0.16160 0.909
-0.16869 0.03560 0.54056 0.56739 0.16348 0.604
-0.16891 0.03565 0.54127 0.56813 0.16536 1.167
-0.16913 0.03570 0.54198 0.56888 0.16724 1.368
-0.16935 0.03574 0.54269 0.56963 0.16913 0.804
-0.16958 0.03579 0.54340 0.57037 0.17101 1.063
-0.16980 0.03584 0.54411 0.57112 0.17289 0.446
-0.17002 0.03588 0.54483 0.57186 0.17477 1.062
-0.17024 0.03593 0.54554 0.57261 0.17665 0.907
-0.17046 0.03598 0.54625 0.57336 0.17854 1.112
-0.17069 0.03602 0.54696 0.57410 0.18042 1.065
-0.17091 0.03607 0.54767 0.57485 0.18230 1.217
-0.17113 0.03612 0.54838 0.57560 0.18419 0.861
-0.17135 0.03616 0.54909 0.57634 0.18607 0.861
-0.17157 0.03621 0.54980 0.57709 0.18795 1.267
-0.17179 0.03626 0.55051 0.57784 0.18983 1.010
-0.17202 0.03630 0.55123 0.57858 0.19172 0.960
-0.17224 0.03635 0.55194 0.57933 0.19360 1.010
-0.17246 0.03640 0.55265 0.58007 0.19548 1.268
-0.17268 0.03645 0.55336 0.58082 0.19737 1.114
-0.17290 0.03649 0.55407 0.58157 0.19925 0.750
-0.17313 0.03654 0.55478 0.58231 0.20113 1.316
-0.17335 0.03659 0.55549 0.58306 0.20302 0.852
-0.17357 0.03663 0.55620 0.58381 0.20490 0.821
-0.17379 0.03668 0.55692 0.58455 0.20678 0.623
-0.17401 0.03673 0.55763 0.58530 0.20867 1.037
-0.17424 0.03677 0.55834 0.58605 0.21055 1.245
-0.17446 0.03682 0.55905 0.58679 0.21243 1.179
-0.17468 0.03687 0.55976 0.58754 0.21432 0.976
-0.17490 0.03691 0.56047 0.58829 0.21620 1.113
-0.17512 0.03696 0.56118 0.58904 0.21809 1.046
-0.17535 0.03701 0.56190 0.58978 0.21997 1.253
-0.17557 0.03705 0.56261 0.59053 0.22185 1.320
-0.17579 0.03710 0.56332 0.59128 0.22374 1.944
-0.17601 0.03715 0.56403 0.59202 0.22562 1.176
-0.17623 0.03719 0.56474 0.59277 0.22751 0.972
-0.17646 0.03724 0.56545 0.59352 0.22939 0.764
-0.17668 0.03729 0.56617 0.59426 0.23128 0.769
-0.17690 0.03734 0.56688 0.59501 0.23316 0.845
-0.17712 0.03738 0.56759 0.59576 0.23504 1.186
-0.17735 0.03743 0.56830 0.59650 0.23693 0.983
-0.17757 0.03748 0.56901 0.59725 0.23881 0.706
-0.17779 0.03752 0.56972 0.59800 0.24070 0.981
-0.17801 0.03757 0.57044 0.59875 0.24258 1.257
-0.17823 0.03762 0.57115 0.59949 0.24447 1.046
-0.17846 0.03766 0.57186 0.60024 0.24635 1.186
-0.17868 0.03771 0.57257 0.60099 0.24824 0.699
-0.17890 0.03776 0.57328 0.60174 0.25012 0.842
-0.17912 0.03780 0.57400 0.60248 0.25201 1.536
-0.17934 0.03785 0.57471 0.60323 0.25389 1.257
-0.17957 0.03790 0.57542 0.60398 0.25578 1.107
-0.17979 0.03794 0.57613 0.60472 0.25766 1.017
-0.18001 0.03799 0.57684 0.60547 0.25955 0.550
-0.18023 0.03804 0.57756 0.60622 0.26144 1.221
-0.18046 0.03809 0.57827 0.60697 0.26332 0.858
-0.18068 0.03813 0.57898 0.60771 0.26521 1.275
-0.18090 0.03818 0.57969 0.60846 0.26709 1.068
-0.18112 0.03823 0.58040 0.60921 0.26898 0.549
-0.18134 0.03827 0.58112 0.60996 0.27086 1.014
-0.18157 0.03832 0.58183 0.61070 0.27275 0.962
-0.18179 0.03837 0.58254 0.61145 0.27464 1.236
-0.18201 0.03841 0.58325 0.61220 0.27652 0.922
-0.18223 0.03846 0.58397 0.61295 0.27841 0.631
-0.18246 0.03851 0.58468 0.61370 0.28029 0.761
-0.18268 0.03855 0.58539 0.61444 0.28218 0.696
-0.18290 0.03860 0.58610 0.61519 0.28407 0.769
-0.18312 0.03865 0.58682 0.61594 0.28595 0.725
-0.18335 0.03870 0.58753 0.61669 0.28784 0.849
-0.18357 0.03874 0.58824 0.61743 0.28973 0.899
-0.18379 0.03879 0.58895 0.61818 0.29161 1.153
-0.18401 0.03884 0.58967 0.61893 0.29350 1.138
-0.18423 0.03888 0.59038 0.61968 0.29539 0.844
-0.18446 0.03893 0.59109 0.62043 0.29727 0.843
-0.18468 0.03898 0.59180 0.62117 0.29916 1.135
-0.18490 0.03902 0.59252 0.62192 0.30105 1.282
-0.18512 0.03907 0.59323 0.62267 0.30293 1.215
-0.18535 0.03912 0.59394 0.62342 0.30482 1.059
-0.18557 0.03916 0.59465 0.62417 0.30671 1.138
-0.18579 0.03921 0.59537 0.62491 0.30859 0.966
-0.18601 0.03926 0.59608 0.62566 0.31048 1.377
-0.18624 0.03931 0.59679 0.62641 0.31237 0.859
-0.18646 0.03935 0.59751 0.62716 0.31426 1.015
-0.18668 0.03940 0.59822 0.62791 0.31614 1.327
-0.18690 0.03945 0.59893 0.62866 0.31803 1.170
-0.18713 0.03949 0.59964 0.62940 0.31992 1.171
-0.18735 0.03954 0.60036 0.63015 0.32181 0.814
-0.18757 0.03959 0.60107 0.63090 0.32369 1.538
-0.18779 0.03963 0.60178 0.63165 0.32558 1.074
-0.18802 0.03968 0.60250 0.63240 0.32747 0.970
-0.18824 0.03973 0.60321 0.63315 0.32936 0.868
-0.18846 0.03978 0.60392 0.63389 0.33125 0.920
-0.18868 0.03982 0.60463 0.63464 0.33313 1.231
-0.18891 0.03987 0.60535 0.63539 0.33502 0.977
-0.18913 0.03992 0.60606 0.63614 0.33691 0.820
-0.18935 0.03996 0.60677 0.63689 0.33880 0.920
-0.18957 0.04001 0.60749 0.63764 0.34069 0.818
-0.18980 0.04006 0.60820 0.63838 0.34258 0.716
-0.19002 0.04010 0.60891 0.63913 0.34446 0.973
-0.19024 0.04015 0.60963 0.63988 0.34635 1.281
-0.19046 0.04020 0.61034 0.64063 0.34824 1.076
-0.19069 0.04024 0.61105 0.64138 0.35013 0.868
-0.19091 0.04029 0.61177 0.64213 0.35202 1.077
-0.19113 0.04034 0.61248 0.64288 0.35391 1.087
-0.19135 0.04039 0.61319 0.64363 0.35580 1.072
-0.19158 0.04043 0.61391 0.64437 0.35769 0.742
-0.19180 0.04048 0.61462 0.64512 0.35957 1.327
-0.19202 0.04053 0.61533 0.64587 0.36146 0.742
-0.19225 0.04057 0.61605 0.64662 0.36335 0.964
-0.19247 0.04062 0.61676 0.64737 0.36524 1.005
-0.19269 0.04067 0.61747 0.64812 0.36713 0.848
-0.19291 0.04071 0.61819 0.64887 0.36902 0.941
-0.19314 0.04076 0.61890 0.64962 0.37091 1.150
-0.19336 0.04081 0.61961 0.65037 0.37280 0.920
-0.19358 0.04086 0.62033 0.65111 0.37469 1.107
-0.19380 0.04090 0.62104 0.65186 0.37658 1.323
-0.19403 0.04095 0.62176 0.65261 0.37847 0.928
-0.19425 0.04100 0.62247 0.65336 0.38036 1.467
-0.19447 0.04104 0.62318 0.65411 0.38225 1.085
-0.19469 0.04109 0.62390 0.65486 0.38414 1.135
-0.19492 0.04114 0.62461 0.65561 0.38603 1.495
-0.19514 0.04118 0.62532 0.65636 0.38792 0.976
-0.19536 0.04123 0.62604 0.65711 0.38981 0.925
-0.19559 0.04128 0.62675 0.65786 0.39170 0.878
-0.19581 0.04133 0.62747 0.65861 0.39359 1.286
-0.19603 0.04137 0.62818 0.65936 0.39548 0.972
-0.19625 0.04142 0.62889 0.66011 0.39737 0.763
-0.19648 0.04147 0.62961 0.66085 0.39926 1.125
-0.19670 0.04151 0.63032 0.66160 0.40115 0.972
-0.19692 0.04156 0.63104 0.66235 0.40304 1.074
-0.19715 0.04161 0.63175 0.66310 0.40493 1.076
-0.19737 0.04166 0.63246 0.66385 0.40682 1.123
-0.19759 0.04170 0.63318 0.66460 0.40871 0.508
-0.19781 0.04175 0.63389 0.66535 0.41060 0.763
-0.19804 0.04180 0.63461 0.66610 0.41249 0.659
-0.19826 0.04184 0.63532 0.66685 0.41438 1.228
-0.19848 0.04189 0.63603 0.66760 0.41628 0.295
-0.19871 0.04194 0.63675 0.66835 0.41817 0.551
-0.19893 0.04198 0.63746 0.66910 0.42006 0.503
-0.19915 0.04203 0.63818 0.66985 0.42195 0.915
-0.19937 0.04208 0.63889 0.67060 0.42384 1.378
-0.19960 0.04213 0.63961 0.67135 0.42573 0.809
-0.19982 0.04217 0.64032 0.67210 0.42762 1.019
-0.20004 0.04222 0.64103 0.67285 0.42951 0.918
-0.20027 0.04227 0.64175 0.67360 0.43141 0.763
-0.20049 0.04231 0.64246 0.67435 0.43330 0.913
-0.20071 0.04236 0.64318 0.67510 0.43519 0.963
-0.20093 0.04241 0.64389 0.67585 0.43708 0.605
-0.20116 0.04245 0.64461 0.67660 0.43897 1.322
-0.20138 0.04250 0.64532 0.67735 0.44087 0.858
-0.20160 0.04255 0.64604 0.67810 0.44276 1.013
-0.20183 0.04260 0.64675 0.67885 0.44465 1.222
-0.20205 0.04264 0.64747 0.67960 0.44654 0.601
-0.20227 0.04269 0.64818 0.68035 0.44843 1.163
-0.20250 0.04274 0.64889 0.68110 0.45033 0.908
-0.20272 0.04278 0.64961 0.68185 0.45222 1.166
-0.20294 0.04283 0.65032 0.68260 0.45411 1.265
-0.20316 0.04288 0.65104 0.68335 0.45600 0.750
-0.20339 0.04293 0.65175 0.68410 0.45790 1.011
-0.20361 0.04297 0.65247 0.68485 0.45979 1.168
-0.20383 0.04302 0.65318 0.68560 0.46168 0.962
-0.20406 0.04307 0.65390 0.68635 0.46357 1.169
-0.20428 0.04311 0.65461 0.68710 0.46547 1.321
-0.20450 0.04316 0.65533 0.68785 0.46736 1.013
-0.20473 0.04321 0.65604 0.68860 0.46925 0.861
-0.20495 0.04326 0.65676 0.68935 0.47114 0.602
-0.20517 0.04330 0.65747 0.69010 0.47304 0.805
-0.20540 0.04335 0.65819 0.69085 0.47493 1.113
-0.20562 0.04340 0.65890 0.69160 0.47682 1.265
-0.20584 0.04344 0.65962 0.69235 0.47872 1.060
-0.20607 0.04349 0.66033 0.69310 0.48061 0.700
-0.20629 0.04354 0.66105 0.69385 0.48250 0.905
-0.20651 0.04358 0.66176 0.69461 0.48440 0.797
-0.20673 0.04363 0.66248 0.69536 0.48629 0.958
-0.20696 0.04368 0.66319 0.69611 0.48818 1.063
-0.20718 0.04373 0.66391 0.69686 0.49008 0.701
-0.20740 0.04377 0.66462 0.69761 0.49197 1.059
-0.20763 0.04382 0.66534 0.69836 0.49387 1.264
-0.20785 0.04387 0.66605 0.69911 0.49576 1.777
-0.20807 0.04391 0.66677 0.69986 0.49765 0.853
-0.20830 0.04396 0.66748 0.70061 0.49955 1.367
-0.20852 0.04401 0.66820 0.70136 0.50144 1.418
-0.20874 0.04406 0.66891 0.70211 0.50334 1.517
-0.20897 0.04410 0.66963 0.70286 0.50523 0.693
-0.20919 0.04415 0.67035 0.70361 0.50712 0.639
-0.20941 0.04420 0.67106 0.70437 0.50902 1.414
-0.20964 0.04424 0.67178 0.70512 0.51091 0.847
-0.20986 0.04429 0.67249 0.70587 0.51281 0.694
-0.21008 0.04434 0.67321 0.70662 0.51470 0.335
-0.21031 0.04439 0.67392 0.70737 0.51660 0.383
-0.21053 0.04443 0.67464 0.70812 0.51849 0.230
-0.21075 0.04448 0.67535 0.70887 0.52039 0.231
-0.21098 0.04453 0.67607 0.70962 0.52228 0.128
-0.21120 0.04457 0.67679 0.71037 0.52418 0.089
-0.21142 0.04462 0.67750 0.71112 0.52607 -0.076
-0.21165 0.04467 0.67822 0.71188 0.52797 0.129
-0.21187 0.04472 0.67893 0.71263 0.52986 0.077
-0.21209 0.04476 0.67965 0.71338 0.53176 0.192
-0.21232 0.04481 0.68036 0.71413 0.53365 0.400
-0.21254 0.04486 0.68108 0.71488 0.53555 0.251
-0.21276 0.04490 0.68180 0.71563 0.53744 1.043
-0.21299 0.04495 0.68251 0.71638 0.53934 1.155
-0.21321 0.04500 0.68323 0.71714 0.54123 0.962
-0.21343 0.04505 0.68394 0.71789 0.54313 1.222
-0.21366 0.04509 0.68466 0.71864 0.54502 0.780
-0.21388 0.04514 0.68538 0.71939 0.54692 0.452
-0.21410 0.04519 0.68609 0.72014 0.54882 1.008
-0.21433 0.04523 0.68681 0.72089 0.55071 1.156
-0.21455 0.04528 0.68752 0.72164 0.55261 1.155
-0.21477 0.04533 0.68824 0.72240 0.55450 1.104
-0.21500 0.04538 0.68896 0.72315 0.55640 1.002
-0.21522 0.04542 0.68967 0.72390 0.55829 0.899
-0.21544 0.04547 0.69039 0.72465 0.56019 0.951
-0.21567 0.04552 0.69110 0.72540 0.56209 1.413
-0.21589 0.04556 0.69182 0.72615 0.56398 1.213
-0.21611 0.04561 0.69254 0.72691 0.56588 0.852
-0.21634 0.04566 0.69325 0.72766 0.56778 0.904
-0.21656 0.04571 0.69397 0.72841 0.56967 0.754
-0.21679 0.04575 0.69468 0.72916 0.57157 0.903
-0.21701 0.04580 0.69540 0.72991 0.57347 0.745
-0.21723 0.04585 0.69612 0.73066 0.57536 0.799
-0.21746 0.04589 0.69683 0.73142 0.57726 1.102
-0.21768 0.04594 0.69755 0.73217 0.57916 0.492
-0.21790 0.04599 0.69827 0.73292 0.58105 0.799
-0.21813 0.04604 0.69898 0.73367 0.58295 1.261
-0.21835 0.04608 0.69970 0.73442 0.58485 1.469
-0.21857 0.04613 0.70042 0.73518 0.58674 0.696
-0.21880 0.04618 0.70113 0.73593 0.58864 1.110
-0.21902 0.04622 0.70185 0.73668 0.59054 1.111
-0.21924 0.04627 0.70257 0.73743 0.59244 0.642
-0.21947 0.04632 0.70328 0.73819 0.59433 0.697
-0.21969 0.04637 0.70400 0.73894 0.59623 1.363
-0.21992 0.04641 0.70472 0.73969 0.59813 0.696
-0.22014 0.04646 0.70543 0.74044 0.60003 0.905
-0.22036 0.04651 0.70615 0.74119 0.60192 0.850
-0.22059 0.04656 0.70687 0.74195 0.60382 0.804
-0.22081 0.04660 0.70758 0.74270 0.60572 0.701
-0.22103 0.04665 0.70830 0.74345 0.60762 0.957
-0.22126 0.04670 0.70902 0.74420 0.60951 1.008
-0.22148 0.04674 0.70973 0.74496 0.61141 1.005
-0.22170 0.04679 0.71045 0.74571 0.61331 1.005
-0.22193 0.04684 0.71117 0.74646 0.61521 0.595
-0.22215 0.04689 0.71188 0.74721 0.61711 0.801
-0.22238 0.04693 0.71260 0.74797 0.61900 1.055
-0.22260 0.04698 0.71332 0.74872 0.62090 1.054
-0.22282 0.04703 0.71403 0.74947 0.62280 1.014
-0.22305 0.04707 0.71475 0.75022 0.62470 1.175
-0.22327 0.04712 0.71547 0.75098 0.62660 0.613
-0.22349 0.04717 0.71618 0.75173 0.62850 1.208
-0.22372 0.04722 0.71690 0.75248 0.63040 1.003
-0.22394 0.04726 0.71762 0.75323 0.63229 0.763
-0.22417 0.04731 0.71834 0.75399 0.63419 1.056
-0.22439 0.04736 0.71905 0.75474 0.63609 0.775
-0.22461 0.04741 0.71977 0.75549 0.63799 0.864
-0.22484 0.04745 0.72049 0.75624 0.63989 0.575
-0.22506 0.04750 0.72120 0.75700 0.64179 0.874
-0.22528 0.04755 0.72192 0.75775 0.64369 0.681
-0.22551 0.04759 0.72264 0.75850 0.64559 0.686
-0.22573 0.04764 0.72336 0.75926 0.64749 0.719
-0.22596 0.04769 0.72407 0.76001 0.64939 0.374
-0.22618 0.04774 0.72479 0.76076 0.65129 0.265
-0.22640 0.04778 0.72551 0.76151 0.65318 0.469
-0.22663 0.04783 0.72623 0.76227 0.65508 0.251
-0.22685 0.04788 0.72694 0.76302 0.65698 0.359
-0.22708 0.04792 0.72766 0.76377 0.65888 0.680
-0.22730 0.04797 0.72838 0.76453 0.66078 0.666
-0.22752 0.04802 0.72910 0.76528 0.66268 0.560
-0.22775 0.04807 0.72981 0.76603 0.66458 0.509
-0.22797 0.04811 0.73053 0.76679 0.66648 0.813
-0.22820 0.04816 0.73125 0.76754 0.66838 0.976
-0.22842 0.04821 0.73197 0.76829 0.67028 0.616
-0.22864 0.04826 0.73268 0.76905 0.67218 0.511
-0.22887 0.04830 0.73340 0.76980 0.67408 0.668
-0.22909 0.04835 0.73412 0.77055 0.67598 0.559
-0.22932 0.04840 0.73484 0.77131 0.67788 1.336
-0.22954 0.04844 0.73555 0.77206 0.67978 0.618
-0.22976 0.04849 0.73627 0.77281 0.68168 0.461
-0.22999 0.04854 0.73699 0.77357 0.68358 1.030
-0.23021 0.04859 0.73771 0.77432 0.68549 1.496
-0.23043 0.04863 0.73843 0.77507 0.68739 0.932
-0.23066 0.04868 0.73914 0.77583 0.68929 1.189
-0.23088 0.04873 0.73986 0.77658 0.69119 1.400
-0.23111 0.04878 0.74058 0.77733 0.69309 0.674
-0.23133 0.04882 0.74130 0.77809 0.69499 0.934
-0.23156 0.04887 0.74202 0.77884 0.69689 1.349
-0.23178 0.04892 0.74273 0.77959 0.69879 1.184
-0.23200 0.04896 0.74345 0.78035 0.70069 1.235
-0.23223 0.04901 0.74417 0.78110 0.70259 1.287
-0.23245 0.04906 0.74489 0.78186 0.70449 1.029
-0.23268 0.04911 0.74561 0.78261 0.70640 0.981
-0.23290 0.04915 0.74632 0.78336 0.70830 0.776
-0.23312 0.04920 0.74704 0.78412 0.71020 1.240
-0.23335 0.04925 0.74776 0.78487 0.71210 1.345
-0.23357 0.04930 0.74848 0.78562 0.71400 0.512
-0.23380 0.04934 0.74920 0.78638 0.71590 0.974
-0.23402 0.04939 0.74991 0.78713 0.71781 1.080
-0.23424 0.04944 0.75063 0.78789 0.71971 0.870
-0.23447 0.04949 0.75135 0.78864 0.72161 1.595
-0.23469 0.04953 0.75207 0.78939 0.72351 1.235
-0.23492 0.04958 0.75279 0.79015 0.72541 1.234
-0.23514 0.04963 0.75351 0.79090 0.72732 0.978
-0.23537 0.04967 0.75422 0.79166 0.72922 1.234
-0.23559 0.04972 0.75494 0.79241 0.73112 1.082
-0.23581 0.04977 0.75566 0.79316 0.73302 0.557
-0.23604 0.04982 0.75638 0.79392 0.73492 1.133
-0.23626 0.04986 0.75710 0.79467 0.73683 1.188
-0.23649 0.04991 0.75782 0.79543 0.73873 1.140
-0.23671 0.04996 0.75853 0.79618 0.74063 0.771
-0.23693 0.05001 0.75925 0.79693 0.74253 1.555
-0.23716 0.05005 0.75997 0.79769 0.74444 1.246
-0.23738 0.05010 0.76069 0.79844 0.74634 1.137
-0.23761 0.05015 0.76141 0.79920 0.74824 1.189
-0.23783 0.05019 0.76213 0.79995 0.75015 0.870
-0.23806 0.05024 0.76285 0.80071 0.75205 0.777
-0.23828 0.05029 0.76357 0.80146 0.75395 1.081
-0.23850 0.05034 0.76428 0.80221 0.75585 1.290
-0.23873 0.05038 0.76500 0.80297 0.75776 0.666
-0.23895 0.05043 0.76572 0.80372 0.75966 1.140
-0.23918 0.05048 0.76644 0.80448 0.76156 1.353
-0.23940 0.05053 0.76716 0.80523 0.76347 0.725
-0.23963 0.05057 0.76788 0.80599 0.76537 1.142
-0.23985 0.05062 0.76860 0.80674 0.76727 1.245
-0.24007 0.05067 0.76932 0.80750 0.76918 0.831
-0.24030 0.05072 0.77003 0.80825 0.77108 1.250
-0.24052 0.05076 0.77075 0.80901 0.77298 0.564
-0.24075 0.05081 0.77147 0.80976 0.77489 0.670
-0.24097 0.05086 0.77219 0.81051 0.77679 1.096
-0.24120 0.05091 0.77291 0.81127 0.77870 0.677
-0.24142 0.05095 0.77363 0.81202 0.78060 0.571
-0.24165 0.05100 0.77435 0.81278 0.78250 0.833
-0.24187 0.05105 0.77507 0.81353 0.78441 0.890
-0.24209 0.05109 0.77579 0.81429 0.78631 1.103
-0.24232 0.05114 0.77651 0.81504 0.78822 0.833
-0.24254 0.05119 0.77723 0.81580 0.79012 1.208
-0.24277 0.05124 0.77794 0.81655 0.79203 0.887
-0.24299 0.05128 0.77866 0.81731 0.79393 1.203
-0.24322 0.05133 0.77938 0.81806 0.79583 1.317
-0.24344 0.05138 0.78010 0.81882 0.79774 0.734
-0.24367 0.05143 0.78082 0.81957 0.79964 1.099
-0.24389 0.05147 0.78154 0.82033 0.80155 0.894
-0.24411 0.05152 0.78226 0.82108 0.80345 1.366
-0.24434 0.05157 0.78298 0.82184 0.80536 0.890
-0.24456 0.05162 0.78370 0.82259 0.80726 0.520
-0.24479 0.05166 0.78442 0.82335 0.80917 1.047
-0.24501 0.05171 0.78514 0.82410 0.81107 0.862
-0.24524 0.05176 0.78586 0.82486 0.81298 1.597
-0.24546 0.05181 0.78658 0.82561 0.81488 1.342
-0.24569 0.05185 0.78730 0.82637 0.81679 1.347
-0.24591 0.05190 0.78802 0.82712 0.81869 0.977
-0.24614 0.05195 0.78874 0.82788 0.82060 1.027
-0.24636 0.05199 0.78946 0.82864 0.82250 1.117
-0.24658 0.05204 0.79018 0.82939 0.82441 1.005
-0.24681 0.05209 0.79090 0.83015 0.82631 0.928
-0.24703 0.05214 0.79161 0.83090 0.82822 1.484
-0.24726 0.05218 0.79233 0.83166 0.83013 0.922
-0.24748 0.05223 0.79305 0.83241 0.83203 0.724
-0.24771 0.05228 0.79377 0.83317 0.83394 1.214
-0.24793 0.05233 0.79449 0.83392 0.83584 0.917
-0.24816 0.05237 0.79521 0.83468 0.83775 0.576
-0.24838 0.05242 0.79593 0.83543 0.83966 0.636
-0.24861 0.05247 0.79665 0.83619 0.84156 0.917
-0.24883 0.05252 0.79737 0.83695 0.84347 0.810
-0.24906 0.05256 0.79809 0.83770 0.84537 1.111
-0.24928 0.05261 0.79881 0.83846 0.84728 0.892
-0.24950 0.05266 0.79953 0.83921 0.84919 0.943
-0.24973 0.05271 0.80025 0.83997 0.85109 0.833
-0.24995 0.05275 0.80097 0.84072 0.85300 1.102
-0.25018 0.05280 0.80169 0.84148 0.85491 1.154
-0.25040 0.05285 0.80241 0.84224 0.85681 0.997
-0.25063 0.05290 0.80313 0.84299 0.85872 1.318
-0.25085 0.05294 0.80385 0.84375 0.86063 0.725
-0.25108 0.05299 0.80457 0.84450 0.86253 1.157
-0.25130 0.05304 0.80529 0.84526 0.86444 0.834
-0.25153 0.05309 0.80601 0.84602 0.86635 1.102
-0.25175 0.05313 0.80673 0.84677 0.86825 0.672
-0.25198 0.05318 0.80745 0.84753 0.87016 0.898
-0.25220 0.05323 0.80817 0.84828 0.87207 1.159
-0.25243 0.05328 0.80890 0.84904 0.87398 0.943
-0.25265 0.05332 0.80962 0.84980 0.87588 1.222
-0.25288 0.05337 0.81034 0.85055 0.87779 1.492
-0.25310 0.05342 0.81106 0.85131 0.87970 1.056
-0.25333 0.05346 0.81178 0.85206 0.88160 1.448
-0.25355 0.05351 0.81250 0.85282 0.88351 0.630
-0.25377 0.05356 0.81322 0.85358 0.88542 1.176
-0.25400 0.05361 0.81394 0.85433 0.88733 0.897
-0.25422 0.05365 0.81466 0.85509 0.88924 0.769
-0.25445 0.05370 0.81538 0.85585 0.89114 1.425
-0.25467 0.05375 0.81610 0.85660 0.89305 1.037
-0.25490 0.05380 0.81682 0.85736 0.89496 0.966
-0.25512 0.05384 0.81754 0.85811 0.89687 0.655
-0.25535 0.05389 0.81826 0.85887 0.89878 1.179
-0.25557 0.05394 0.81898 0.85963 0.90068 1.161
-0.25580 0.05399 0.81970 0.86038 0.90259 1.252
-0.25602 0.05403 0.82042 0.86114 0.90450 0.499
-0.25625 0.05408 0.82114 0.86190 0.90641 0.599
-0.25647 0.05413 0.82186 0.86265 0.90832 0.552
-0.25670 0.05418 0.82259 0.86341 0.91023 0.456
-0.25692 0.05422 0.82331 0.86417 0.91213 0.424
-0.25715 0.05427 0.82403 0.86492 0.91404 0.371
-0.25737 0.05432 0.82475 0.86568 0.91595 0.807
-0.25760 0.05437 0.82547 0.86644 0.91786 0.811
-0.25782 0.05441 0.82619 0.86719 0.91977 0.766
-0.25805 0.05446 0.82691 0.86795 0.92168 1.266
-0.25827 0.05451 0.82763 0.86871 0.92359 0.816
-0.25850 0.05456 0.82835 0.86946 0.92550 1.272
-0.25872 0.05460 0.82907 0.87022 0.92740 1.383
-0.25895 0.05465 0.82979 0.87098 0.92931 1.163
-0.25917 0.05470 0.83052 0.87173 0.93122 1.166
-0.25940 0.05475 0.83124 0.87249 0.93313 1.615
-0.25962 0.05479 0.83196 0.87325 0.93504 1.225
-0.25985 0.05484 0.83268 0.87400 0.93695 0.888
-0.26007 0.05489 0.83340 0.87476 0.93886 1.171
-0.26030 0.05494 0.83412 0.87552 0.94077 1.002
-0.26052 0.05498 0.83484 0.87628 0.94268 1.124
-0.26075 0.05503 0.83556 0.87703 0.94459 0.722
-0.26097 0.05508 0.83629 0.87779 0.94650 1.243
-0.26120 0.05513 0.83701 0.87855 0.94841 1.296
-0.26142 0.05517 0.83773 0.87930 0.95032 0.841
-0.26165 0.05522 0.83845 0.88006 0.95223 0.897
-0.26187 0.05527 0.83917 0.88082 0.95414 0.848
-0.26210 0.05532 0.83989 0.88157 0.95605 0.959
-0.26232 0.05536 0.84061 0.88233 0.95796 0.735
-0.26255 0.05541 0.84133 0.88309 0.95987 0.736
-0.26277 0.05546 0.84206 0.88385 0.96178 0.617
-0.26300 0.05551 0.84278 0.88460 0.96369 0.845
-0.26322 0.05555 0.84350 0.88536 0.96560 1.255
-0.26345 0.05560 0.84422 0.88612 0.96751 0.732
-0.26367 0.05565 0.84494 0.88688 0.96942 1.363
-0.26390 0.05570 0.84566 0.88763 0.97133 1.424
-0.26413 0.05574 0.84639 0.88839 0.97324 1.074
-0.26435 0.05579 0.84711 0.88915 0.97515 1.080
-0.26458 0.05584 0.84783 0.88991 0.97706 1.082
-0.26480 0.05589 0.84855 0.89066 0.97898 1.016
-0.26503 0.05593 0.84927 0.89142 0.98089 0.733
-0.26525 0.05598 0.84999 0.89218 0.98280 0.615
-0.26548 0.05603 0.85072 0.89294 0.98471 0.323
-0.26570 0.05608 0.85144 0.89369 0.98662 0.976
-0.26593 0.05612 0.85216 0.89445 0.98853 0.502
-0.26615 0.05617 0.85288 0.89521 0.99044 0.564
-0.26638 0.05622 0.85360 0.89597 0.99235 0.912
-0.26660 0.05627 0.85433 0.89672 0.99427 1.329
-0.26683 0.05631 0.85505 0.89748 0.99618 0.445
-0.26705 0.05636 0.85577 0.89824 0.99809 1.395
-0.26728 0.05641 0.85649 0.89900 1.00000 0.805
