x y z dist_scaled dist_frac flux_norm
-0.20477 0.10097 0.44773 0.50258 0.00000 1.264
-0.20507 0.10112 0.44840 0.50333 0.00188 1.154
-0.20538 0.10126 0.44906 0.50407 0.00375 1.086
-0.20568 0.10141 0.44972 0.50481 0.00563 0.981
-0.20598 0.10156 0.45038 0.50556 0.00751 0.979
-0.20628 0.10171 0.45105 0.50630 0.00938 0.946
-0.20659 0.10186 0.45171 0.50705 0.01126 1.216
-0.20689 0.10201 0.45237 0.50779 0.01313 1.081
-0.20719 0.10216 0.45303 0.50853 0.01501 1.282
-0.20750 0.10231 0.45370 0.50928 0.01689 1.339
-0.20780 0.10246 0.45436 0.51002 0.01876 0.882
-0.20810 0.10261 0.45502 0.51077 0.02064 0.767
-0.20841 0.10276 0.45569 0.51151 0.02252 0.665
-0.20871 0.10291 0.45635 0.51225 0.02440 1.104
-0.20901 0.10306 0.45701 0.51300 0.02627 1.373
-0.20932 0.10321 0.45767 0.51374 0.02815 0.968
-0.20962 0.10336 0.45834 0.51449 0.03003 1.066
-0.20992 0.10351 0.45900 0.51523 0.03190 0.697
-0.21023 0.10366 0.45966 0.51597 0.03378 0.225
-0.21053 0.10381 0.46033 0.51672 0.03566 0.559
-0.21083 0.10395 0.46099 0.51746 0.03754 0.995
-0.21113 0.10410 0.46165 0.51821 0.03941 0.591
-0.21144 0.10425 0.46231 0.51895 0.04129 0.690
-0.21174 0.10440 0.46298 0.51970 0.04317 0.723
-0.21204 0.10455 0.46364 0.52044 0.04505 0.590
-0.21235 0.10470 0.46430 0.52118 0.04692 0.923
-0.21265 0.10485 0.46497 0.52193 0.04880 0.721
-0.21295 0.10500 0.46563 0.52267 0.05068 0.786
-0.21326 0.10515 0.46629 0.52342 0.05256 1.084
-0.21356 0.10530 0.46696 0.52416 0.05444 1.216
-0.21386 0.10545 0.46762 0.52491 0.05631 0.748
-0.21417 0.10560 0.46828 0.52565 0.05819 0.945
-0.21447 0.10575 0.46895 0.52640 0.06007 1.144
-0.21477 0.10590 0.46961 0.52714 0.06195 1.344
-0.21508 0.10605 0.47027 0.52788 0.06383 1.308
-0.21538 0.10620 0.47094 0.52863 0.06571 0.875
-0.21568 0.10635 0.47160 0.52937 0.06758 1.435
-0.21599 0.10650 0.47226 0.53012 0.06946 1.665
-0.21629 0.10665 0.47293 0.53086 0.07134 0.840
-0.21660 0.10680 0.47359 0.53161 0.07322 1.202
-0.21690 0.10695 0.47425 0.53235 0.07510 1.200
-0.21720 0.10710 0.47492 0.53310 0.07698 1.397
-0.21751 0.10725 0.47558 0.53384 0.07886 0.838
-0.21781 0.10740 0.47624 0.53459 0.08074 1.067
-0.21811 0.10754 0.47691 0.53533 0.08261 0.901
-0.21842 0.10769 0.47757 0.53608 0.08449 1.292
-0.21872 0.10784 0.47824 0.53682 0.08637 1.321
-0.21902 0.10799 0.47890 0.53757 0.08825 0.829
-0.21933 0.10814 0.47956 0.53831 0.09013 1.156
-0.21963 0.10829 0.48023 0.53906 0.09201 0.894
-0.21993 0.10844 0.48089 0.53980 0.09389 1.057
-0.22024 0.10859 0.48155 0.54055 0.09577 0.893
-0.22054 0.10874 0.48222 0.54129 0.09765 0.926
-0.22084 0.10889 0.48288 0.54204 0.09953 1.055
-0.22115 0.10904 0.48355 0.54278 0.10141 1.021
-0.22145 0.10919 0.48421 0.54353 0.10329 1.151
-0.22176 0.10934 0.48487 0.54427 0.10517 1.021
-0.22206 0.10949 0.48554 0.54502 0.10705 0.825
-0.22236 0.10964 0.48620 0.54576 0.10893 1.019
-0.22267 0.10979 0.48687 0.54651 0.11081 1.084
-0.22297 0.10994 0.48753 0.54725 0.11269 0.890
-0.22327 0.11009 0.48819 0.54800 0.11457 0.761
-0.22358 0.11024 0.48886 0.54874 0.11645 1.311
-0.22388 0.11039 0.48952 0.54949 0.11833 1.116
-0.22418 0.11054 0.49019 0.55024 0.12021 1.246
-0.22449 0.11069 0.49085 0.55098 0.12209 1.212
-0.22479 0.11084 0.49151 0.55173 0.12397 1.242
-0.22510 0.11099 0.49218 0.55247 0.12585 1.080
-0.22540 0.11114 0.49284 0.55322 0.12773 1.273
-0.22570 0.11129 0.49351 0.55396 0.12961 0.950
-0.22601 0.11144 0.49417 0.55471 0.13149 1.207
-0.22631 0.11159 0.49483 0.55545 0.13338 0.950
-0.22661 0.11174 0.49550 0.55620 0.13526 1.012
-0.22692 0.11189 0.49616 0.55695 0.13714 0.529
-0.22722 0.11204 0.49683 0.55769 0.13902 0.560
-0.22753 0.11219 0.49749 0.55844 0.14090 0.786
-0.22783 0.11234 0.49816 0.55918 0.14278 0.626
-0.22813 0.11249 0.49882 0.55993 0.14466 0.562
-0.22844 0.11264 0.49949 0.56067 0.14654 0.755
-0.22874 0.11279 0.50015 0.56142 0.14843 0.822
-0.22905 0.11294 0.50081 0.56217 0.15031 0.629
-0.22935 0.11309 0.50148 0.56291 0.15219 0.629
-0.22965 0.11324 0.50214 0.56366 0.15407 0.596
-0.22996 0.11339 0.50281 0.56440 0.15595 0.757
-0.23026 0.11354 0.50347 0.56515 0.15783 0.724
-0.23057 0.11368 0.50414 0.56590 0.15972 0.371
-0.23087 0.11383 0.50480 0.56664 0.16160 0.626
-0.23117 0.11398 0.50547 0.56739 0.16348 0.563
-0.23148 0.11413 0.50613 0.56813 0.16536 0.786
-0.23178 0.11428 0.50680 0.56888 0.16724 0.819
-0.23209 0.11443 0.50746 0.56963 0.16913 0.979
-0.23239 0.11458 0.50812 0.57037 0.17101 0.851
-0.23269 0.11473 0.50879 0.57112 0.17289 0.628
-0.23300 0.11488 0.50945 0.57186 0.17477 0.308
-0.23330 0.11503 0.51012 0.57261 0.17665 0.274
-0.23361 0.11518 0.51078 0.57336 0.17854 0.465
-0.23391 0.11533 0.51145 0.57410 0.18042 0.146
-0.23421 0.11548 0.51211 0.57485 0.18230 0.049
-0.23452 0.11563 0.51278 0.57560 0.18419 0.017
-0.23482 0.11578 0.51344 0.57634 0.18607 0.082
-0.23513 0.11593 0.51411 0.57709 0.18795 0.114
-0.23543 0.11608 0.51477 0.57784 0.18983 0.305
-0.23573 0.11623 0.51544 0.57858 0.19172 0.273
-0.23604 0.11638 0.51610 0.57933 0.19360 0.305
-0.23634 0.11653 0.51677 0.58007 0.19548 0.282
-0.23665 0.11668 0.51743 0.58082 0.19737 0.822
-0.23695 0.11683 0.51810 0.58157 0.19925 0.683
-0.23725 0.11698 0.51876 0.58231 0.20113 1.144
-0.23756 0.11713 0.51943 0.58306 0.20302 0.992
-0.23786 0.11728 0.52009 0.58381 0.20490 0.664
-0.23817 0.11743 0.52076 0.58455 0.20678 1.097
-0.23847 0.11758 0.52142 0.58530 0.20867 0.936
-0.23878 0.11773 0.52209 0.58605 0.21055 1.091
-0.23908 0.11788 0.52275 0.58679 0.21243 0.815
-0.23938 0.11803 0.52342 0.58754 0.21432 1.170
-0.23969 0.11818 0.52409 0.58829 0.21620 0.756
-0.23999 0.11833 0.52475 0.58904 0.21809 1.115
-0.24030 0.11848 0.52542 0.58978 0.21997 1.506
-0.24060 0.11863 0.52608 0.59053 0.22185 1.138
-0.24091 0.11878 0.52675 0.59128 0.22374 0.978
-0.24121 0.11893 0.52741 0.59202 0.22562 0.878
-0.24151 0.11908 0.52808 0.59277 0.22751 0.909
-0.24182 0.11923 0.52874 0.59352 0.22939 0.813
-0.24212 0.11938 0.52941 0.59426 0.23128 0.876
-0.24243 0.11953 0.53007 0.59501 0.23316 1.033
-0.24273 0.11968 0.53074 0.59576 0.23504 1.095
-0.24304 0.11983 0.53140 0.59650 0.23693 1.158
-0.24334 0.11998 0.53207 0.59725 0.23881 1.095
-0.24365 0.12013 0.53274 0.59800 0.24070 1.000
-0.24395 0.12028 0.53340 0.59875 0.24258 1.126
-0.24425 0.12043 0.53407 0.59949 0.24447 1.601
-0.24456 0.12058 0.53473 0.60024 0.24635 0.874
-0.24486 0.12073 0.53540 0.60099 0.24824 0.969
-0.24517 0.12088 0.53606 0.60174 0.25012 1.476
-0.24547 0.12103 0.53673 0.60248 0.25201 0.939
-0.24578 0.12119 0.53740 0.60323 0.25389 1.255
-0.24608 0.12134 0.53806 0.60398 0.25578 1.223
-0.24639 0.12149 0.53873 0.60472 0.25766 0.908
-0.24669 0.12164 0.53939 0.60547 0.25955 0.907
-0.24699 0.12179 0.54006 0.60622 0.26144 1.005
-0.24730 0.12194 0.54073 0.60697 0.26332 0.908
-0.24760 0.12209 0.54139 0.60771 0.26521 0.719
-0.24791 0.12224 0.54206 0.60846 0.26709 0.974
-0.24821 0.12239 0.54272 0.60921 0.26898 0.846
-0.24852 0.12254 0.54339 0.60996 0.27086 1.319
-0.24882 0.12269 0.54405 0.61070 0.27275 1.003
-0.24913 0.12284 0.54472 0.61145 0.27464 1.065
-0.24943 0.12299 0.54539 0.61220 0.27652 1.065
-0.24974 0.12314 0.54605 0.61295 0.27841 1.066
-0.25004 0.12329 0.54672 0.61370 0.28029 0.846
-0.25034 0.12344 0.54739 0.61444 0.28218 1.287
-0.25065 0.12359 0.54805 0.61519 0.28407 1.570
-0.25095 0.12374 0.54872 0.61594 0.28595 0.972
-0.25126 0.12389 0.54938 0.61669 0.28784 0.783
-0.25156 0.12404 0.55005 0.61743 0.28973 1.161
-0.25187 0.12419 0.55072 0.61818 0.29161 0.971
-0.25217 0.12434 0.55138 0.61893 0.29350 1.318
-0.25248 0.12449 0.55205 0.61968 0.29539 1.097
-0.25278 0.12464 0.55272 0.62043 0.29727 1.223
-0.25309 0.12479 0.55338 0.62117 0.29916 0.940
-0.25339 0.12494 0.55405 0.62192 0.30105 0.972
-0.25370 0.12509 0.55471 0.62267 0.30293 0.627
-0.25400 0.12524 0.55538 0.62342 0.30482 0.911
-0.25431 0.12539 0.55605 0.62417 0.30671 1.100
-0.25461 0.12554 0.55671 0.62491 0.30859 1.290
-0.25492 0.12569 0.55738 0.62566 0.31048 0.784
-0.25522 0.12584 0.55805 0.62641 0.31237 0.846
-0.25553 0.12599 0.55871 0.62716 0.31426 0.908
-0.25583 0.12614 0.55938 0.62791 0.31614 1.318
-0.25614 0.12629 0.56005 0.62866 0.31803 0.971
-0.25644 0.12644 0.56071 0.62940 0.31992 1.085
-0.25675 0.12659 0.56138 0.63015 0.32181 1.159
-0.25705 0.12674 0.56205 0.63090 0.32369 0.823
-0.25735 0.12689 0.56271 0.63165 0.32558 0.972
-0.25766 0.12704 0.56338 0.63240 0.32747 0.654
-0.25796 0.12719 0.56405 0.63315 0.32936 0.834
-0.25827 0.12735 0.56471 0.63389 0.33125 0.793
-0.25857 0.12750 0.56538 0.63464 0.33313 0.922
-0.25888 0.12765 0.56605 0.63539 0.33502 0.949
-0.25918 0.12780 0.56671 0.63614 0.33691 1.203
-0.25949 0.12795 0.56738 0.63689 0.33880 1.039
-0.25979 0.12810 0.56805 0.63764 0.34069 0.915
-0.26010 0.12825 0.56871 0.63838 0.34258 0.912
-0.26040 0.12840 0.56938 0.63913 0.34446 0.973
-0.26071 0.12855 0.57005 0.63988 0.34635 0.883
-0.26101 0.12870 0.57071 0.64063 0.34824 1.386
-0.26132 0.12885 0.57138 0.64138 0.35013 1.059
-0.26162 0.12900 0.57205 0.64213 0.35202 1.157
-0.26193 0.12915 0.57272 0.64288 0.35391 1.078
-0.26223 0.12930 0.57338 0.64363 0.35580 1.238
-0.26254 0.12945 0.57405 0.64437 0.35769 1.185
-0.26285 0.12960 0.57472 0.64512 0.35957 1.082
-0.26315 0.12975 0.57538 0.64587 0.36146 0.680
-0.26346 0.12990 0.57605 0.64662 0.36335 1.282
-0.26376 0.13005 0.57672 0.64737 0.36524 0.903
-0.26407 0.13020 0.57739 0.64812 0.36713 0.450
-0.26437 0.13035 0.57805 0.64887 0.36902 0.974
-0.26468 0.13050 0.57872 0.64962 0.37091 1.219
-0.26498 0.13065 0.57939 0.65037 0.37280 1.104
-0.26529 0.13080 0.58005 0.65111 0.37469 0.745
-0.26559 0.13096 0.58072 0.65186 0.37658 1.077
-0.26590 0.13111 0.58139 0.65261 0.37847 0.939
-0.26620 0.13126 0.58206 0.65336 0.38036 0.890
-0.26651 0.13141 0.58272 0.65411 0.38225 0.947
-0.26681 0.13156 0.58339 0.65486 0.38414 1.229
-0.26712 0.13171 0.58406 0.65561 0.38603 0.786
-0.26742 0.13186 0.58473 0.65636 0.38792 1.220
-0.26773 0.13201 0.58539 0.65711 0.38981 0.842
-0.26803 0.13216 0.58606 0.65786 0.39170 1.062
-0.26834 0.13231 0.58673 0.65861 0.39359 0.809
-0.26864 0.13246 0.58740 0.65936 0.39548 1.157
-0.26895 0.13261 0.58806 0.66011 0.39737 0.746
-0.26925 0.13276 0.58873 0.66085 0.39926 0.968
-0.26956 0.13291 0.58940 0.66160 0.40115 0.936
-0.26987 0.13306 0.59007 0.66235 0.40304 0.809
-0.27017 0.13321 0.59073 0.66310 0.40493 0.714
-0.27048 0.13336 0.59140 0.66385 0.40682 0.715
-0.27078 0.13351 0.59207 0.66460 0.40871 0.746
-0.27109 0.13366 0.59274 0.66535 0.41060 1.030
-0.27139 0.13382 0.59341 0.66610 0.41249 0.903
-0.27170 0.13397 0.59407 0.66685 0.41438 0.842
-0.27200 0.13412 0.59474 0.66760 0.41628 0.968
-0.27231 0.13427 0.59541 0.66835 0.41817 0.716
-0.27261 0.13442 0.59608 0.66910 0.42006 0.683
-0.27292 0.13457 0.59675 0.66985 0.42195 1.064
-0.27322 0.13472 0.59741 0.67060 0.42384 0.811
-0.27353 0.13487 0.59808 0.67135 0.42573 1.224
-0.27384 0.13502 0.59875 0.67210 0.42762 1.098
-0.27414 0.13517 0.59942 0.67285 0.42951 1.098
-0.27445 0.13532 0.60008 0.67360 0.43141 1.194
-0.27475 0.13547 0.60075 0.67435 0.43330 1.102
-0.27506 0.13562 0.60142 0.67510 0.43519 1.007
-0.27536 0.13577 0.60209 0.67585 0.43708 0.659
-0.27567 0.13592 0.60276 0.67660 0.43897 1.040
-0.27597 0.13608 0.60343 0.67735 0.44087 1.296
-0.27628 0.13623 0.60409 0.67810 0.44276 1.075
-0.27659 0.13638 0.60476 0.67885 0.44465 0.948
-0.27689 0.13653 0.60543 0.67960 0.44654 0.724
-0.27720 0.13668 0.60610 0.68035 0.44843 1.105
-0.27750 0.13683 0.60677 0.68110 0.45033 1.232
-0.27781 0.13698 0.60743 0.68185 0.45222 1.148
-0.27811 0.13713 0.60810 0.68260 0.45411 1.022
-0.27842 0.13728 0.60877 0.68335 0.45600 1.201
-0.27873 0.13743 0.60944 0.68410 0.45790 1.107
-0.27903 0.13758 0.61011 0.68485 0.45979 1.327
-0.27934 0.13773 0.61078 0.68560 0.46168 0.944
-0.27964 0.13788 0.61144 0.68635 0.46357 1.039
-0.27995 0.13803 0.61211 0.68710 0.46547 1.137
-0.28025 0.13818 0.61278 0.68785 0.46736 0.787
-0.28056 0.13834 0.61345 0.68860 0.46925 1.074
-0.28087 0.13849 0.61412 0.68935 0.47114 1.171
-0.28117 0.13864 0.61479 0.69010 0.47304 0.949
-0.28148 0.13879 0.61546 0.69085 0.47493 1.110
-0.28178 0.13894 0.61612 0.69160 0.47682 0.600
-0.28209 0.13909 0.61679 0.69235 0.47872 1.015
-0.28239 0.13924 0.61746 0.69310 0.48061 1.333
-0.28270 0.13939 0.61813 0.69385 0.48250 1.079
-0.28301 0.13954 0.61880 0.69461 0.48440 1.014
-0.28331 0.13969 0.61947 0.69536 0.48629 1.142
-0.28362 0.13984 0.62014 0.69611 0.48818 0.982
-0.28392 0.13999 0.62081 0.69686 0.49008 1.016
-0.28423 0.14015 0.62147 0.69761 0.49197 0.952
-0.28453 0.14030 0.62214 0.69836 0.49387 0.953
-0.28484 0.14045 0.62281 0.69911 0.49576 0.792
-0.28515 0.14060 0.62348 0.69986 0.49765 0.920
-0.28545 0.14075 0.62415 0.70061 0.49955 1.444
-0.28576 0.14090 0.62482 0.70136 0.50144 0.923
-0.28606 0.14105 0.62549 0.70211 0.50334 1.084
-0.28637 0.14120 0.62616 0.70286 0.50523 0.746
-0.28668 0.14135 0.62682 0.70361 0.50712 1.037
-0.28698 0.14150 0.62749 0.70437 0.50902 0.993
-0.28729 0.14165 0.62816 0.70512 0.51091 1.092
-0.28759 0.14180 0.62883 0.70587 0.51281 1.065
-0.28790 0.14196 0.62950 0.70662 0.51470 1.213
-0.28821 0.14211 0.63017 0.70737 0.51660 0.880
-0.28851 0.14226 0.63084 0.70812 0.51849 1.044
-0.28882 0.14241 0.63151 0.70887 0.52039 0.876
-0.28912 0.14256 0.63218 0.70962 0.52228 0.821
-0.28943 0.14271 0.63285 0.71037 0.52418 1.016
-0.28974 0.14286 0.63352 0.71112 0.52607 0.867
-0.29004 0.14301 0.63419 0.71188 0.52797 1.021
-0.29035 0.14316 0.63485 0.71263 0.52986 1.087
-0.29065 0.14331 0.63552 0.71338 0.53176 1.095
-0.29096 0.14346 0.63619 0.71413 0.53365 0.767
-0.29127 0.14362 0.63686 0.71488 0.53555 1.035
-0.29157 0.14377 0.63753 0.71563 0.53744 0.920
-0.29188 0.14392 0.63820 0.71638 0.53934 0.983
-0.29219 0.14407 0.63887 0.71714 0.54123 0.823
-0.29249 0.14422 0.63954 0.71789 0.54313 1.080
-0.29280 0.14437 0.64021 0.71864 0.54502 0.918
-0.29310 0.14452 0.64088 0.71939 0.54692 0.825
-0.29341 0.14467 0.64155 0.72014 0.54882 0.923
-0.29372 0.14482 0.64222 0.72089 0.55071 0.828
-0.29402 0.14497 0.64289 0.72164 0.55261 1.118
-0.29433 0.14512 0.64356 0.72240 0.55450 0.892
-0.29463 0.14528 0.64423 0.72315 0.55640 1.249
-0.29494 0.14543 0.64490 0.72390 0.55829 0.762
-0.29525 0.14558 0.64557 0.72465 0.56019 1.084
-0.29555 0.14573 0.64624 0.72540 0.56209 0.955
-0.29586 0.14588 0.64690 0.72615 0.56398 1.277
-0.29617 0.14603 0.64757 0.72691 0.56588 0.989
-0.29647 0.14618 0.64824 0.72766 0.56778 0.860
-0.29678 0.14633 0.64891 0.72841 0.56967 1.279
-0.29709 0.14648 0.64958 0.72916 0.57157 1.345
-0.29739 0.14663 0.65025 0.72991 0.57347 0.958
-0.29770 0.14679 0.65092 0.73066 0.57536 1.054
-0.29800 0.14694 0.65159 0.73142 0.57726 1.022
-0.29831 0.14709 0.65226 0.73217 0.57916 1.090
-0.29862 0.14724 0.65293 0.73292 0.58105 0.830
-0.29892 0.14739 0.65360 0.73367 0.58295 0.895
-0.29923 0.14754 0.65427 0.73442 0.58485 1.283
-0.29954 0.14769 0.65494 0.73518 0.58674 0.636
-0.29984 0.14784 0.65561 0.73593 0.58864 1.057
-0.30015 0.14799 0.65628 0.73668 0.59054 0.928
-0.30046 0.14815 0.65695 0.73743 0.59244 0.947
-0.30076 0.14830 0.65762 0.73819 0.59433 1.188
-0.30107 0.14845 0.65829 0.73894 0.59623 0.685
-0.30137 0.14860 0.65896 0.73969 0.59813 0.864
-0.30168 0.14875 0.65963 0.74044 0.60003 1.027
-0.30199 0.14890 0.66030 0.74119 0.60192 0.961
-0.30229 0.14905 0.66097 0.74195 0.60382 1.204
-0.30260 0.14920 0.66164 0.74270 0.60572 0.798
-0.30291 0.14935 0.66231 0.74345 0.60762 1.093
-0.30321 0.14951 0.66298 0.74420 0.60951 0.900
-0.30352 0.14966 0.66365 0.74496 0.61141 0.995
-0.30383 0.14981 0.66432 0.74571 0.61331 0.963
-0.30413 0.14996 0.66500 0.74646 0.61521 0.736
-0.30444 0.15011 0.66567 0.74721 0.61711 1.223
-0.30475 0.15026 0.66634 0.74797 0.61900 1.385
-0.30505 0.15041 0.66701 0.74872 0.62090 0.833
-0.30536 0.15056 0.66768 0.74947 0.62280 1.159
-0.30567 0.15072 0.66835 0.75022 0.62470 1.255
-0.30597 0.15087 0.66902 0.75098 0.62660 0.929
-0.30628 0.15102 0.66969 0.75173 0.62850 1.255
-0.30659 0.15117 0.67036 0.75248 0.63040 1.092
-0.30689 0.15132 0.67103 0.75323 0.63229 1.354
-0.30720 0.15147 0.67170 0.75399 0.63419 0.964
-0.30751 0.15162 0.67237 0.75474 0.63609 1.094
-0.30781 0.15177 0.67304 0.75549 0.63799 0.867
-0.30812 0.15192 0.67371 0.75624 0.63989 1.322
-0.30843 0.15208 0.67438 0.75700 0.64179 1.258
-0.30873 0.15223 0.67505 0.75775 0.64369 0.895
-0.30904 0.15238 0.67572 0.75850 0.64559 0.963
-0.30935 0.15253 0.67639 0.75926 0.64749 0.896
-0.30965 0.15268 0.67706 0.76001 0.64939 0.668
-0.30996 0.15283 0.67774 0.76076 0.65129 0.800
-0.31027 0.15298 0.67841 0.76151 0.65318 1.060
-0.31057 0.15313 0.67908 0.76227 0.65508 1.060
-0.31088 0.15329 0.67975 0.76302 0.65698 0.766
-0.31119 0.15344 0.68042 0.76377 0.65888 0.996
-0.31149 0.15359 0.68109 0.76453 0.66078 0.897
-0.31180 0.15374 0.68176 0.76528 0.66268 0.931
-0.31211 0.15389 0.68243 0.76603 0.66458 1.356
-0.31241 0.15404 0.68310 0.76679 0.66648 0.931
-0.31272 0.15419 0.68377 0.76754 0.66838 1.293
-0.31303 0.15435 0.68444 0.76829 0.67028 0.604
-0.31334 0.15450 0.68512 0.76905 0.67218 0.866
-0.31364 0.15465 0.68579 0.76980 0.67408 0.864
-0.31395 0.15480 0.68646 0.77055 0.67598 1.029
-0.31426 0.15495 0.68713 0.77131 0.67788 1.091
-0.31456 0.15510 0.68780 0.77206 0.67978 0.894
-0.31487 0.15525 0.68847 0.77281 0.68168 0.732
-0.31518 0.15540 0.68914 0.77357 0.68358 0.861
-0.31548 0.15556 0.68981 0.77432 0.68549 0.994
-0.31579 0.15571 0.69048 0.77507 0.68739 0.931
-0.31610 0.15586 0.69116 0.77583 0.68929 1.163
-0.31640 0.15601 0.69183 0.77658 0.69119 1.066
-0.31671 0.15616 0.69250 0.77733 0.69309 1.230
-0.31702 0.15631 0.69317 0.77809 0.69499 0.803
-0.31733 0.15646 0.69384 0.77884 0.69689 0.705
-0.31763 0.15662 0.69451 0.77959 0.69879 0.477
-0.31794 0.15677 0.69518 0.78035 0.70069 0.476
-0.31825 0.15692 0.69586 0.78110 0.70259 0.277
-0.31855 0.15707 0.69653 0.78186 0.70449 0.113
-0.31886 0.15722 0.69720 0.78261 0.70640 0.113
-0.31917 0.15737 0.69787 0.78336 0.70830 0.048
-0.31948 0.15752 0.69854 0.78412 0.71020 0.015
-0.31978 0.15768 0.69921 0.78487 0.71210 0.115
-0.32009 0.15783 0.69988 0.78562 0.71400 -0.049
-0.32040 0.15798 0.70056 0.78638 0.71590 0.083
-0.32070 0.15813 0.70123 0.78713 0.71781 0.084
-0.32101 0.15828 0.70190 0.78789 0.71971 0.086
-0.32132 0.15843 0.70257 0.78864 0.72161 0.086
-0.32163 0.15858 0.70324 0.78939 0.72351 0.023
-0.32193 0.15874 0.70391 0.79015 0.72541 -0.015
-0.32224 0.15889 0.70459 0.79090 0.72732 -0.010
-0.32255 0.15904 0.70526 0.79166 0.72922 0.059
-0.32285 0.15919 0.70593 0.79241 0.73112 -0.008
-0.32316 0.15934 0.70660 0.79316 0.73302 0.025
-0.32347 0.15949 0.70727 0.79392 0.73492 0.027
-0.32378 0.15964 0.70794 0.79467 0.73683 0.027
-0.32408 0.15980 0.70862 0.79543 0.73873 0.119
-0.32439 0.15995 0.70929 0.79618 0.74063 0.028
-0.32470 0.16010 0.70996 0.79693 0.74253 -0.010
-0.32501 0.16025 0.71063 0.79769 0.74444 0.023
-0.32531 0.16040 0.71130 0.79844 0.74634 0.097
-0.32562 0.16055 0.71198 0.79920 0.74824 0.024
-0.32593 0.16071 0.71265 0.79995 0.75015 0.122
-0.32623 0.16086 0.71332 0.80071 0.75205 0.195
-0.32654 0.16101 0.71399 0.80146 0.75395 0.360
-0.32685 0.16116 0.71466 0.80221 0.75585 0.319
-0.32716 0.16131 0.71534 0.80297 0.75776 0.482
-0.32746 0.16146 0.71601 0.80372 0.75966 0.679
-0.32777 0.16161 0.71668 0.80448 0.76156 0.580
-0.32808 0.16177 0.71735 0.80523 0.76347 1.007
-0.32839 0.16192 0.71803 0.80599 0.76537 1.204
-0.32869 0.16207 0.71870 0.80674 0.76727 1.205
-0.32900 0.16222 0.71937 0.80750 0.76918 1.042
-0.32931 0.16237 0.72004 0.80825 0.77108 1.041
-0.32962 0.16252 0.72071 0.80901 0.77298 0.845
-0.32992 0.16268 0.72139 0.80976 0.77489 0.844
-0.33023 0.16283 0.72206 0.81051 0.77679 1.140
-0.33054 0.16298 0.72273 0.81127 0.77870 0.976
-0.33085 0.16313 0.72340 0.81202 0.78060 0.908
-0.33115 0.16328 0.72408 0.81278 0.78250 1.038
-0.33146 0.16343 0.72475 0.81353 0.78441 0.908
-0.33177 0.16359 0.72542 0.81429 0.78631 0.778
-0.33208 0.16374 0.72609 0.81504 0.78822 0.942
-0.33238 0.16389 0.72677 0.81580 0.79012 1.109
-0.33269 0.16404 0.72744 0.81655 0.79203 1.006
-0.33300 0.16419 0.72811 0.81731 0.79393 1.171
-0.33331 0.16434 0.72878 0.81806 0.79583 1.172
-0.33361 0.16450 0.72946 0.81882 0.79774 1.365
-0.33392 0.16465 0.73013 0.81957 0.79964 1.070
-0.33423 0.16480 0.73080 0.82033 0.80155 0.938
-0.33454 0.16495 0.73147 0.82108 0.80345 1.005
-0.33484 0.16510 0.73215 0.82184 0.80536 0.807
-0.33515 0.16525 0.73282 0.82259 0.80726 1.299
-0.33546 0.16541 0.73349 0.82335 0.80917 0.843
-0.33577 0.16556 0.73416 0.82410 0.81107 1.168
-0.33608 0.16571 0.73484 0.82486 0.81298 1.299
-0.33638 0.16586 0.73551 0.82561 0.81488 1.069
-0.33669 0.16601 0.73618 0.82637 0.81679 1.036
-0.33700 0.16616 0.73686 0.82712 0.81869 0.476
-0.33731 0.16632 0.73753 0.82788 0.82060 1.230
-0.33761 0.16647 0.73820 0.82864 0.82250 0.936
-0.33792 0.16662 0.73887 0.82939 0.82441 1.199
-0.33823 0.16677 0.73955 0.83015 0.82631 1.036
-0.33854 0.16692 0.74022 0.83090 0.82822 0.841
-0.33885 0.16707 0.74089 0.83166 0.83013 0.938
-0.33915 0.16723 0.74157 0.83241 0.83203 1.134
-0.33946 0.16738 0.74224 0.83317 0.83394 1.001
-0.33977 0.16753 0.74291 0.83392 0.83584 0.937
-0.34008 0.16768 0.74359 0.83468 0.83775 0.904
-0.34038 0.16783 0.74426 0.83543 0.83966 1.068
-0.34069 0.16799 0.74493 0.83619 0.84156 0.869
-0.34100 0.16814 0.74561 0.83695 0.84347 0.869
-0.34131 0.16829 0.74628 0.83770 0.84537 0.966
-0.34162 0.16844 0.74695 0.83846 0.84728 1.062
-0.34192 0.16859 0.74762 0.83921 0.84919 1.030
-0.34223 0.16874 0.74830 0.83997 0.85109 1.191
-0.34254 0.16890 0.74897 0.84072 0.85300 0.902
-0.34285 0.16905 0.74964 0.84148 0.85491 0.963
-0.34316 0.16920 0.75032 0.84224 0.85681 1.518
-0.34346 0.16935 0.75099 0.84299 0.85872 1.290
-0.34377 0.16950 0.75166 0.84375 0.86063 0.941
-0.34408 0.16966 0.75234 0.84450 0.86253 0.996
-0.34439 0.16981 0.75301 0.84526 0.86444 0.920
-0.34470 0.16996 0.75369 0.84602 0.86635 0.962
-0.34500 0.17011 0.75436 0.84677 0.86825 1.571
-0.34531 0.17026 0.75503 0.84753 0.87016 1.461
-0.34562 0.17041 0.75571 0.84828 0.87207 1.221
-0.34593 0.17057 0.75638 0.84904 0.87398 1.119
-0.34624 0.17072 0.75705 0.84980 0.87588 0.897
-0.34654 0.17087 0.75773 0.85055 0.87779 1.109
-0.34685 0.17102 0.75840 0.85131 0.87970 0.614
-0.34716 0.17117 0.75907 0.85206 0.88160 0.728
-0.34747 0.17133 0.75975 0.85282 0.88351 0.762
-0.34778 0.17148 0.76042 0.85358 0.88542 1.060
-0.34808 0.17163 0.76109 0.85433 0.88733 1.091
-0.34839 0.17178 0.76177 0.85509 0.88924 1.227
-0.34870 0.17193 0.76244 0.85585 0.89114 0.815
-0.34901 0.17209 0.76312 0.85660 0.89305 1.029
-0.34932 0.17224 0.76379 0.85736 0.89496 0.597
-0.34962 0.17239 0.76446 0.85811 0.89687 0.857
-0.34993 0.17254 0.76514 0.85887 0.89878 0.952
-0.35024 0.17269 0.76581 0.85963 0.90068 0.942
-0.35055 0.17285 0.76649 0.86038 0.90259 0.791
-0.35086 0.17300 0.76716 0.86114 0.90450 0.358
-0.35117 0.17315 0.76783 0.86190 0.90641 0.489
-0.35147 0.17330 0.76851 0.86265 0.90832 0.611
-0.35178 0.17345 0.76918 0.86341 0.91023 0.566
-0.35209 0.17361 0.76985 0.86417 0.91213 0.903
-0.35240 0.17376 0.77053 0.86492 0.91404 0.778
-0.35271 0.17391 0.77120 0.86568 0.91595 0.903
-0.35302 0.17406 0.77188 0.86644 0.91786 0.943
-0.35332 0.17421 0.77255 0.86719 0.91977 0.729
-0.35363 0.17437 0.77323 0.86795 0.92168 0.989
-0.35394 0.17452 0.77390 0.86871 0.92359 0.861
-0.35425 0.17467 0.77457 0.86946 0.92550 1.345
-0.35456 0.17482 0.77525 0.87022 0.92740 1.216
-0.35487 0.17497 0.77592 0.87098 0.92931 0.702
-0.35517 0.17513 0.77660 0.87173 0.93122 1.054
-0.35548 0.17528 0.77727 0.87249 0.93313 1.023
-0.35579 0.17543 0.77794 0.87325 0.93504 1.506
-0.35610 0.17558 0.77862 0.87400 0.93695 1.280
-0.35641 0.17573 0.77929 0.87476 0.93886 1.117
-0.35672 0.17589 0.77997 0.87552 0.94077 0.990
-0.35702 0.17604 0.78064 0.87628 0.94268 1.052
-0.35733 0.17619 0.78132 0.87703 0.94459 0.954
-0.35764 0.17634 0.78199 0.87779 0.94650 0.824
-0.35795 0.17649 0.78267 0.87855 0.94841 0.794
-0.35826 0.17665 0.78334 0.87930 0.95032 0.855
-0.35857 0.17680 0.78401 0.88006 0.95223 1.145
-0.35888 0.17695 0.78469 0.88082 0.95414 1.272
-0.35918 0.17710 0.78536 0.88157 0.95605 1.208
-0.35949 0.17726 0.78604 0.88233 0.95796 0.792
-0.35980 0.17741 0.78671 0.88309 0.95987 1.108
-0.36011 0.17756 0.78739 0.88385 0.96178 0.854
-0.36042 0.17771 0.78806 0.88460 0.96369 1.075
-0.36073 0.17786 0.78874 0.88536 0.96560 0.883
-0.36103 0.17802 0.78941 0.88612 0.96751 1.362
-0.36134 0.17817 0.79009 0.88688 0.96942 0.848
-0.36165 0.17832 0.79076 0.88763 0.97133 0.750
-0.36196 0.17847 0.79144 0.88839 0.97324 1.004
-0.36227 0.17862 0.79211 0.88915 0.97515 0.909
-0.36258 0.17878 0.79279 0.88991 0.97706 0.909
-0.36289 0.17893 0.79346 0.89066 0.97898 1.447
-0.36320 0.17908 0.79414 0.89142 0.98089 0.910
-0.36350 0.17923 0.79481 0.89218 0.98280 1.067
-0.36381 0.17939 0.79548 0.89294 0.98471 1.006
-0.36412 0.17954 0.79616 0.89369 0.98662 0.910
-0.36443 0.17969 0.79683 0.89445 0.98853 0.973
-0.36474 0.17984 0.79751 0.89521 0.99044 1.445
-0.36505 0.17999 0.79818 0.89597 0.99235 1.033
-0.36536 0.18015 0.79886 0.89672 0.99427 0.874
-0.36566 0.18030 0.79953 0.89748 0.99618 1.156
-0.36597 0.18045 0.80021 0.89824 0.99809 1.124
-0.36628 0.18060 0.80089 0.89900 1.00000 0.996
