x y z dist_scaled dist_frac flux_norm
0.03619 -0.02445 0.50068 0.50258 0.00000 0.940
0.03625 -0.02448 0.50142 0.50333 0.00188 0.681
0.03630 -0.02452 0.50216 0.50407 0.00375 0.875
0.03635 -0.02456 0.50290 0.50481 0.00563 0.617
0.03641 -0.02459 0.50364 0.50556 0.00751 0.877
0.03646 -0.02463 0.50439 0.50630 0.00938 0.943
0.03651 -0.02466 0.50513 0.50705 0.01126 1.074
0.03657 -0.02470 0.50587 0.50779 0.01313 0.750
0.03662 -0.02474 0.50661 0.50853 0.01501 1.075
0.03668 -0.02477 0.50735 0.50928 0.01689 0.882
0.03673 -0.02481 0.50809 0.51002 0.01876 1.336
0.03678 -0.02484 0.50883 0.51077 0.02064 0.819
0.03684 -0.02488 0.50957 0.51151 0.02252 0.946
0.03689 -0.02492 0.51032 0.51225 0.02440 1.008
0.03694 -0.02495 0.51106 0.51300 0.02627 0.489
0.03700 -0.02499 0.51180 0.51374 0.02815 1.139
0.03705 -0.02503 0.51254 0.51449 0.03003 1.333
0.03710 -0.02506 0.51328 0.51523 0.03190 0.683
0.03716 -0.02510 0.51402 0.51597 0.03378 1.465
0.03721 -0.02513 0.51476 0.51672 0.03566 0.617
0.03726 -0.02517 0.51550 0.51746 0.03754 0.813
0.03732 -0.02521 0.51625 0.51821 0.03941 1.010
0.03737 -0.02524 0.51699 0.51895 0.04129 0.880
0.03743 -0.02528 0.51773 0.51970 0.04317 1.271
0.03748 -0.02532 0.51847 0.52044 0.04505 0.880
0.03753 -0.02535 0.51921 0.52118 0.04692 0.751
0.03759 -0.02539 0.51995 0.52193 0.04880 1.403
0.03764 -0.02542 0.52070 0.52267 0.05068 1.405
0.03769 -0.02546 0.52144 0.52342 0.05256 0.694
0.03775 -0.02550 0.52218 0.52416 0.05444 1.102
0.03780 -0.02553 0.52292 0.52491 0.05631 1.142
0.03785 -0.02557 0.52366 0.52565 0.05819 1.190
0.03791 -0.02561 0.52440 0.52640 0.06007 1.655
0.03796 -0.02564 0.52515 0.52714 0.06195 1.053
0.03802 -0.02568 0.52589 0.52788 0.06383 0.949
0.03807 -0.02571 0.52663 0.52863 0.06571 1.049
0.03812 -0.02575 0.52737 0.52937 0.06758 1.272
0.03818 -0.02579 0.52811 0.53012 0.06946 1.288
0.03823 -0.02582 0.52886 0.53086 0.07134 1.125
0.03828 -0.02586 0.52960 0.53161 0.07322 1.110
0.03834 -0.02590 0.53034 0.53235 0.07510 0.732
0.03839 -0.02593 0.53108 0.53310 0.07698 1.333
0.03844 -0.02597 0.53182 0.53384 0.07886 1.292
0.03850 -0.02600 0.53256 0.53459 0.08074 1.053
0.03855 -0.02604 0.53331 0.53533 0.08261 0.953
0.03861 -0.02608 0.53405 0.53608 0.08449 1.622
0.03866 -0.02611 0.53479 0.53682 0.08637 0.682
0.03871 -0.02615 0.53553 0.53757 0.08825 0.887
0.03877 -0.02618 0.53628 0.53831 0.09013 1.027
0.03882 -0.02622 0.53702 0.53906 0.09201 0.847
0.03887 -0.02626 0.53776 0.53980 0.09389 1.471
0.03893 -0.02629 0.53850 0.54055 0.09577 1.184
0.03898 -0.02633 0.53924 0.54129 0.09765 1.049
0.03903 -0.02637 0.53999 0.54204 0.09953 0.878
0.03909 -0.02640 0.54073 0.54278 0.10141 1.020
0.03914 -0.02644 0.54147 0.54353 0.10329 1.288
0.03920 -0.02647 0.54221 0.54427 0.10517 1.018
0.03925 -0.02651 0.54296 0.54502 0.10705 1.235
0.03930 -0.02655 0.54370 0.54576 0.10893 0.726
0.03936 -0.02658 0.54444 0.54651 0.11081 0.955
0.03941 -0.02662 0.54518 0.54725 0.11269 1.169
0.03946 -0.02666 0.54593 0.54800 0.11457 1.466
0.03952 -0.02669 0.54667 0.54874 0.11645 1.121
0.03957 -0.02673 0.54741 0.54949 0.11833 0.794
0.03962 -0.02676 0.54815 0.55024 0.12021 0.640
0.03968 -0.02680 0.54890 0.55098 0.12209 0.699
0.03973 -0.02684 0.54964 0.55173 0.12397 1.229
0.03979 -0.02687 0.55038 0.55247 0.12585 1.162
0.03984 -0.02691 0.55112 0.55322 0.12773 0.899
0.03989 -0.02695 0.55187 0.55396 0.12961 1.032
0.03995 -0.02698 0.55261 0.55471 0.13149 0.304
0.04000 -0.02702 0.55335 0.55545 0.13338 1.098
0.04005 -0.02706 0.55410 0.55620 0.13526 0.769
0.04011 -0.02709 0.55484 0.55695 0.13714 1.169
0.04016 -0.02713 0.55558 0.55769 0.13902 0.840
0.04022 -0.02716 0.55632 0.55844 0.14090 1.101
0.04027 -0.02720 0.55707 0.55918 0.14278 0.971
0.04032 -0.02724 0.55781 0.55993 0.14466 0.905
0.04038 -0.02727 0.55855 0.56067 0.14654 1.237
0.04043 -0.02731 0.55930 0.56142 0.14843 1.174
0.04048 -0.02735 0.56004 0.56217 0.15031 0.776
0.04054 -0.02738 0.56078 0.56291 0.15219 0.311
0.04059 -0.02742 0.56153 0.56366 0.15407 0.776
0.04065 -0.02745 0.56227 0.56440 0.15595 0.577
0.04070 -0.02749 0.56301 0.56515 0.15783 0.578
0.04075 -0.02753 0.56376 0.56590 0.15972 0.712
0.04081 -0.02756 0.56450 0.56664 0.16160 0.645
0.04086 -0.02760 0.56524 0.56739 0.16348 0.312
0.04091 -0.02764 0.56598 0.56813 0.16536 0.444
0.04097 -0.02767 0.56673 0.56888 0.16724 0.511
0.04102 -0.02771 0.56747 0.56963 0.16913 0.378
0.04107 -0.02774 0.56821 0.57037 0.17101 0.776
0.04113 -0.02778 0.56896 0.57112 0.17289 0.976
0.04118 -0.02782 0.56970 0.57186 0.17477 0.575
0.04124 -0.02785 0.57044 0.57261 0.17665 0.440
0.04129 -0.02789 0.57119 0.57336 0.17854 0.840
0.04134 -0.02793 0.57193 0.57410 0.18042 0.838
0.04140 -0.02796 0.57268 0.57485 0.18230 1.371
0.04145 -0.02800 0.57342 0.57560 0.18419 0.771
0.04150 -0.02803 0.57416 0.57634 0.18607 0.702
0.04156 -0.02807 0.57491 0.57709 0.18795 0.703
0.04161 -0.02811 0.57565 0.57784 0.18983 0.502
0.04167 -0.02814 0.57639 0.57858 0.19172 0.635
0.04172 -0.02818 0.57714 0.57933 0.19360 0.702
0.04177 -0.02822 0.57788 0.58007 0.19548 0.502
0.04183 -0.02825 0.57862 0.58082 0.19737 1.105
0.04188 -0.02829 0.57937 0.58157 0.19925 0.770
0.04193 -0.02833 0.58011 0.58231 0.20113 0.702
0.04199 -0.02836 0.58086 0.58306 0.20302 0.837
0.04204 -0.02840 0.58160 0.58381 0.20490 1.106
0.04210 -0.02843 0.58234 0.58455 0.20678 0.706
0.04215 -0.02847 0.58309 0.58530 0.20867 0.641
0.04220 -0.02851 0.58383 0.58605 0.21055 0.973
0.04226 -0.02854 0.58457 0.58679 0.21243 1.374
0.04231 -0.02858 0.58532 0.58754 0.21432 1.305
0.04237 -0.02862 0.58606 0.58829 0.21620 0.769
0.04242 -0.02865 0.58681 0.58904 0.21809 1.238
0.04247 -0.02869 0.58755 0.58978 0.21997 1.441
0.04253 -0.02872 0.58829 0.59053 0.22185 0.705
0.04258 -0.02876 0.58904 0.59128 0.22374 1.709
0.04263 -0.02880 0.58978 0.59202 0.22562 1.308
0.04269 -0.02883 0.59053 0.59277 0.22751 0.634
0.04274 -0.02887 0.59127 0.59352 0.22939 0.366
0.04280 -0.02891 0.59202 0.59426 0.23128 0.768
0.04285 -0.02894 0.59276 0.59501 0.23316 0.904
0.04290 -0.02898 0.59350 0.59576 0.23504 1.373
0.04296 -0.02902 0.59425 0.59650 0.23693 0.569
0.04301 -0.02905 0.59499 0.59725 0.23881 0.773
0.04306 -0.02909 0.59574 0.59800 0.24070 1.376
0.04312 -0.02912 0.59648 0.59875 0.24258 1.209
0.04317 -0.02916 0.59723 0.59949 0.24447 1.275
0.04323 -0.02920 0.59797 0.60024 0.24635 1.475
0.04328 -0.02923 0.59871 0.60099 0.24824 0.681
0.04333 -0.02927 0.59946 0.60174 0.25012 0.803
0.04339 -0.02931 0.60020 0.60248 0.25201 0.956
0.04344 -0.02934 0.60095 0.60323 0.25389 1.551
0.04349 -0.02938 0.60169 0.60398 0.25578 1.216
0.04355 -0.02942 0.60244 0.60472 0.25766 0.520
0.04360 -0.02945 0.60318 0.60547 0.25955 1.374
0.04366 -0.02949 0.60393 0.60622 0.26144 0.856
0.04371 -0.02952 0.60467 0.60697 0.26332 1.046
0.04376 -0.02956 0.60542 0.60771 0.26521 1.365
0.04382 -0.02960 0.60616 0.60846 0.26709 1.404
0.04387 -0.02963 0.60690 0.60921 0.26898 0.791
0.04393 -0.02967 0.60765 0.60996 0.27086 0.972
0.04398 -0.02971 0.60839 0.61070 0.27275 1.047
0.04403 -0.02974 0.60914 0.61145 0.27464 0.981
0.04409 -0.02978 0.60988 0.61220 0.27652 1.106
0.04414 -0.02982 0.61063 0.61295 0.27841 0.569
0.04419 -0.02985 0.61137 0.61370 0.28029 1.371
0.04425 -0.02989 0.61212 0.61444 0.28218 0.901
0.04430 -0.02992 0.61286 0.61519 0.28407 0.967
0.04436 -0.02996 0.61361 0.61594 0.28595 0.901
0.04441 -0.03000 0.61435 0.61669 0.28784 0.699
0.04446 -0.03003 0.61510 0.61743 0.28973 0.430
0.04452 -0.03007 0.61584 0.61818 0.29161 0.765
0.04457 -0.03011 0.61659 0.61893 0.29350 0.831
0.04463 -0.03014 0.61733 0.61968 0.29539 0.497
0.04468 -0.03018 0.61808 0.62043 0.29727 0.162
0.04473 -0.03022 0.61882 0.62117 0.29916 0.297
0.04479 -0.03025 0.61957 0.62192 0.30105 0.162
0.04484 -0.03029 0.62031 0.62267 0.30293 0.095
0.04489 -0.03032 0.62106 0.62342 0.30482 0.230
0.04495 -0.03036 0.62180 0.62417 0.30671 0.029
0.04500 -0.03040 0.62255 0.62491 0.30859 0.029
0.04506 -0.03043 0.62330 0.62566 0.31048 -0.038
0.04511 -0.03047 0.62404 0.62641 0.31237 0.093
0.04516 -0.03051 0.62479 0.62716 0.31426 0.028
0.04522 -0.03054 0.62553 0.62791 0.31614 0.097
0.04527 -0.03058 0.62628 0.62866 0.31803 0.096
0.04533 -0.03062 0.62702 0.62940 0.31992 0.027
0.04538 -0.03065 0.62777 0.63015 0.32181 0.094
0.04543 -0.03069 0.62851 0.63090 0.32369 0.295
0.04549 -0.03073 0.62926 0.63165 0.32558 0.696
0.04554 -0.03076 0.63000 0.63240 0.32747 0.763
0.04560 -0.03080 0.63075 0.63315 0.32936 0.763
0.04565 -0.03083 0.63150 0.63389 0.33125 0.631
0.04570 -0.03087 0.63224 0.63464 0.33313 0.230
0.04576 -0.03091 0.63299 0.63539 0.33502 0.096
0.04581 -0.03094 0.63373 0.63614 0.33691 0.363
0.04586 -0.03098 0.63448 0.63689 0.33880 -0.035
0.04592 -0.03102 0.63522 0.63764 0.34069 0.235
0.04597 -0.03105 0.63597 0.63838 0.34258 0.304
0.04603 -0.03109 0.63672 0.63913 0.34446 0.103
0.04608 -0.03113 0.63746 0.63988 0.34635 0.306
0.04613 -0.03116 0.63821 0.64063 0.34824 0.373
0.04619 -0.03120 0.63895 0.64138 0.35013 0.909
0.04624 -0.03123 0.63970 0.64213 0.35202 0.710
0.04630 -0.03127 0.64044 0.64288 0.35391 0.980
0.04635 -0.03131 0.64119 0.64363 0.35580 0.980
0.04640 -0.03134 0.64194 0.64437 0.35769 0.844
0.04646 -0.03138 0.64268 0.64512 0.35957 1.444
0.04651 -0.03142 0.64343 0.64587 0.36146 0.974
0.04657 -0.03145 0.64417 0.64662 0.36335 0.841
0.04662 -0.03149 0.64492 0.64737 0.36524 0.774
0.04667 -0.03153 0.64567 0.64812 0.36713 0.907
0.04673 -0.03156 0.64641 0.64887 0.36902 0.904
0.04678 -0.03160 0.64716 0.64962 0.37091 1.038
0.04684 -0.03164 0.64791 0.65037 0.37280 0.637
0.04689 -0.03167 0.64865 0.65111 0.37469 0.840
0.04694 -0.03171 0.64940 0.65186 0.37658 1.108
0.04700 -0.03174 0.65014 0.65261 0.37847 1.307
0.04705 -0.03178 0.65089 0.65336 0.38036 1.374
0.04711 -0.03182 0.65164 0.65411 0.38225 1.106
0.04716 -0.03185 0.65238 0.65486 0.38414 1.510
0.04721 -0.03189 0.65313 0.65561 0.38603 0.706
0.04727 -0.03193 0.65388 0.65636 0.38792 0.775
0.04732 -0.03196 0.65462 0.65711 0.38981 1.108
0.04737 -0.03200 0.65537 0.65786 0.39170 1.177
0.04743 -0.03204 0.65611 0.65861 0.39359 1.309
0.04748 -0.03207 0.65686 0.65936 0.39548 1.039
0.04754 -0.03211 0.65761 0.66011 0.39737 1.307
0.04759 -0.03215 0.65835 0.66085 0.39926 0.976
0.04764 -0.03218 0.65910 0.66160 0.40115 1.308
0.04770 -0.03222 0.65985 0.66235 0.40304 1.106
0.04775 -0.03226 0.66059 0.66310 0.40493 1.319
0.04781 -0.03229 0.66134 0.66385 0.40682 1.020
0.04786 -0.03233 0.66209 0.66460 0.40871 1.059
0.04791 -0.03236 0.66283 0.66535 0.41060 0.918
0.04797 -0.03240 0.66358 0.66610 0.41249 1.103
0.04802 -0.03244 0.66433 0.66685 0.41438 0.587
0.04808 -0.03247 0.66507 0.66760 0.41628 0.638
0.04813 -0.03251 0.66582 0.66835 0.41817 1.207
0.04818 -0.03255 0.66657 0.66910 0.42006 1.342
0.04824 -0.03258 0.66732 0.66985 0.42195 0.921
0.04829 -0.03262 0.66806 0.67060 0.42384 0.538
0.04835 -0.03266 0.66881 0.67135 0.42573 0.459
0.04840 -0.03269 0.66956 0.67210 0.42762 1.148
0.04845 -0.03273 0.67030 0.67285 0.42951 1.659
0.04851 -0.03277 0.67105 0.67360 0.43141 1.316
0.04856 -0.03280 0.67180 0.67435 0.43330 1.101
0.04862 -0.03284 0.67254 0.67510 0.43519 1.145
0.04867 -0.03288 0.67329 0.67585 0.43708 1.616
0.04872 -0.03291 0.67404 0.67660 0.43897 0.706
0.04878 -0.03295 0.67479 0.67735 0.44087 0.972
0.04883 -0.03298 0.67553 0.67810 0.44276 0.440
0.04889 -0.03302 0.67628 0.67885 0.44465 1.171
0.04894 -0.03306 0.67703 0.67960 0.44654 1.105
0.04899 -0.03309 0.67777 0.68035 0.44843 0.838
0.04905 -0.03313 0.67852 0.68110 0.45033 1.172
0.04910 -0.03317 0.67927 0.68185 0.45222 1.372
0.04916 -0.03320 0.68002 0.68260 0.45411 1.168
0.04921 -0.03324 0.68076 0.68335 0.45600 0.836
0.04926 -0.03328 0.68151 0.68410 0.45790 1.568
0.04932 -0.03331 0.68226 0.68485 0.45979 1.103
0.04937 -0.03335 0.68301 0.68560 0.46168 0.902
0.04943 -0.03339 0.68375 0.68635 0.46357 0.701
0.04948 -0.03342 0.68450 0.68710 0.46547 1.232
0.04953 -0.03346 0.68525 0.68785 0.46736 0.969
0.04959 -0.03350 0.68600 0.68860 0.46925 0.702
0.04964 -0.03353 0.68674 0.68935 0.47114 0.902
0.04970 -0.03357 0.68749 0.69010 0.47304 1.167
0.04975 -0.03360 0.68824 0.69085 0.47493 0.568
0.04981 -0.03364 0.68899 0.69160 0.47682 0.833
0.04986 -0.03368 0.68973 0.69235 0.47872 0.831
0.04991 -0.03371 0.69048 0.69310 0.48061 0.900
0.04997 -0.03375 0.69123 0.69385 0.48250 0.697
0.05002 -0.03379 0.69198 0.69461 0.48440 0.765
0.05008 -0.03382 0.69272 0.69536 0.48629 0.962
0.05013 -0.03386 0.69347 0.69611 0.48818 0.898
0.05018 -0.03390 0.69422 0.69686 0.49008 1.027
0.05024 -0.03393 0.69497 0.69761 0.49197 0.963
0.05029 -0.03397 0.69572 0.69836 0.49387 1.025
0.05035 -0.03401 0.69646 0.69911 0.49576 1.028
0.05040 -0.03404 0.69721 0.69986 0.49765 1.159
0.05045 -0.03408 0.69796 0.70061 0.49955 0.696
0.05051 -0.03412 0.69871 0.70136 0.50144 1.298
0.05056 -0.03415 0.69946 0.70211 0.50334 0.831
0.05062 -0.03419 0.70020 0.70286 0.50523 1.231
0.05067 -0.03423 0.70095 0.70361 0.50712 1.229
0.05072 -0.03426 0.70170 0.70437 0.50902 1.492
0.05078 -0.03430 0.70245 0.70512 0.51091 1.160
0.05083 -0.03434 0.70320 0.70587 0.51281 1.161
0.05089 -0.03437 0.70394 0.70662 0.51470 0.632
0.05094 -0.03441 0.70469 0.70737 0.51660 1.096
0.05099 -0.03444 0.70544 0.70812 0.51849 1.031
0.05105 -0.03448 0.70619 0.70887 0.52039 0.965
0.05110 -0.03452 0.70694 0.70962 0.52228 0.699
0.05116 -0.03455 0.70769 0.71037 0.52418 0.898
0.05121 -0.03459 0.70843 0.71112 0.52607 1.161
0.05127 -0.03463 0.70918 0.71188 0.52797 1.097
0.05132 -0.03466 0.70993 0.71263 0.52986 0.964
0.05137 -0.03470 0.71068 0.71338 0.53176 0.964
0.05143 -0.03474 0.71143 0.71413 0.53365 0.899
0.05148 -0.03477 0.71218 0.71488 0.53555 0.570
0.05154 -0.03481 0.71293 0.71563 0.53744 1.229
0.05159 -0.03485 0.71367 0.71638 0.53934 0.637
0.05164 -0.03488 0.71442 0.71714 0.54123 0.503
0.05170 -0.03492 0.71517 0.71789 0.54313 0.834
0.05175 -0.03496 0.71592 0.71864 0.54502 0.504
0.05181 -0.03499 0.71667 0.71939 0.54692 0.305
0.05186 -0.03503 0.71742 0.72014 0.54882 0.302
0.05191 -0.03507 0.71817 0.72089 0.55071 0.435
0.05197 -0.03510 0.71891 0.72164 0.55261 0.434
0.05202 -0.03514 0.71966 0.72240 0.55450 0.567
0.05208 -0.03518 0.72041 0.72315 0.55640 0.567
0.05213 -0.03521 0.72116 0.72390 0.55829 0.433
0.05219 -0.03525 0.72191 0.72465 0.56019 1.031
0.05224 -0.03529 0.72266 0.72540 0.56209 0.831
0.05229 -0.03532 0.72341 0.72615 0.56398 0.762
0.05235 -0.03536 0.72416 0.72691 0.56588 1.425
0.05240 -0.03540 0.72490 0.72766 0.56778 0.823
0.05246 -0.03543 0.72565 0.72841 0.56967 1.220
0.05251 -0.03547 0.72640 0.72916 0.57157 0.957
0.05256 -0.03550 0.72715 0.72991 0.57347 0.893
0.05262 -0.03554 0.72790 0.73066 0.57536 0.959
0.05267 -0.03558 0.72865 0.73142 0.57726 0.959
0.05273 -0.03561 0.72940 0.73217 0.57916 1.293
0.05278 -0.03565 0.73015 0.73292 0.58105 0.585
0.05283 -0.03569 0.73090 0.73367 0.58295 0.769
0.05289 -0.03572 0.73165 0.73442 0.58485 1.148
0.05294 -0.03576 0.73240 0.73518 0.58674 0.719
0.05300 -0.03580 0.73314 0.73593 0.58864 0.514
0.05305 -0.03583 0.73389 0.73668 0.59054 0.880
0.05311 -0.03587 0.73464 0.73743 0.59244 0.882
0.05316 -0.03591 0.73539 0.73819 0.59433 0.556
0.05321 -0.03594 0.73614 0.73894 0.59623 1.218
0.05327 -0.03598 0.73689 0.73969 0.59813 1.143
0.05332 -0.03602 0.73764 0.74044 0.60003 0.871
0.05338 -0.03605 0.73839 0.74119 0.60192 0.452
0.05343 -0.03609 0.73914 0.74195 0.60382 1.178
0.05348 -0.03613 0.73989 0.74270 0.60572 1.224
0.05354 -0.03616 0.74064 0.74345 0.60762 0.949
0.05359 -0.03620 0.74139 0.74420 0.60951 0.872
0.05365 -0.03624 0.74214 0.74496 0.61141 1.431
0.05370 -0.03627 0.74289 0.74571 0.61331 1.373
0.05376 -0.03631 0.74364 0.74646 0.61521 0.704
0.05381 -0.03635 0.74439 0.74721 0.61711 0.770
0.05386 -0.03638 0.74514 0.74797 0.61900 1.166
0.05392 -0.03642 0.74589 0.74872 0.62090 1.364
0.05397 -0.03646 0.74664 0.74947 0.62280 0.969
0.05403 -0.03649 0.74738 0.75022 0.62470 0.505
0.05408 -0.03653 0.74813 0.75098 0.62660 1.114
0.05414 -0.03657 0.74888 0.75173 0.62850 0.994
0.05419 -0.03660 0.74963 0.75248 0.63040 1.689
0.05424 -0.03664 0.75038 0.75323 0.63229 0.793
0.05430 -0.03668 0.75113 0.75399 0.63419 1.045
0.05435 -0.03671 0.75188 0.75474 0.63609 0.802
0.05441 -0.03675 0.75263 0.75549 0.63799 0.637
0.05446 -0.03679 0.75338 0.75624 0.63989 1.370
0.05451 -0.03682 0.75413 0.75700 0.64179 0.945
0.05457 -0.03686 0.75488 0.75775 0.64369 0.916
0.05462 -0.03690 0.75563 0.75850 0.64559 0.779
0.05468 -0.03693 0.75638 0.75926 0.64749 1.076
0.05473 -0.03697 0.75713 0.76001 0.64939 0.784
0.05479 -0.03701 0.75788 0.76076 0.65129 1.034
0.05484 -0.03704 0.75863 0.76151 0.65318 0.904
0.05489 -0.03708 0.75938 0.76227 0.65508 1.027
0.05495 -0.03712 0.76013 0.76302 0.65698 1.359
0.05500 -0.03715 0.76088 0.76377 0.65888 1.028
0.05506 -0.03719 0.76163 0.76453 0.66078 0.829
0.05511 -0.03723 0.76238 0.76528 0.66268 1.158
0.05517 -0.03726 0.76314 0.76603 0.66458 1.161
0.05522 -0.03730 0.76389 0.76679 0.66648 0.828
0.05527 -0.03734 0.76464 0.76754 0.66838 1.355
0.05533 -0.03737 0.76539 0.76829 0.67028 1.158
0.05538 -0.03741 0.76614 0.76905 0.67218 1.285
0.05544 -0.03745 0.76689 0.76980 0.67408 0.890
0.05549 -0.03748 0.76764 0.77055 0.67598 1.417
0.05554 -0.03752 0.76839 0.77131 0.67788 0.692
0.05560 -0.03756 0.76914 0.77206 0.67978 1.153
0.05565 -0.03759 0.76989 0.77281 0.68168 1.085
0.05571 -0.03763 0.77064 0.77357 0.68358 1.152
0.05576 -0.03766 0.77139 0.77432 0.68549 1.154
0.05582 -0.03770 0.77214 0.77507 0.68739 1.552
0.05587 -0.03774 0.77289 0.77583 0.68929 1.090
0.05592 -0.03777 0.77364 0.77658 0.69119 1.090
0.05598 -0.03781 0.77439 0.77733 0.69309 0.691
0.05603 -0.03785 0.77514 0.77809 0.69499 0.625
0.05609 -0.03788 0.77589 0.77884 0.69689 0.958
0.05614 -0.03792 0.77664 0.77959 0.69879 0.891
0.05620 -0.03796 0.77740 0.78035 0.70069 1.215
0.05625 -0.03799 0.77815 0.78110 0.70259 0.821
0.05630 -0.03803 0.77890 0.78186 0.70449 1.151
0.05636 -0.03807 0.77965 0.78261 0.70640 0.887
0.05641 -0.03810 0.78040 0.78336 0.70830 0.956
0.05647 -0.03814 0.78115 0.78412 0.71020 1.223
0.05652 -0.03818 0.78190 0.78487 0.71210 0.628
0.05658 -0.03821 0.78265 0.78562 0.71400 0.300
0.05663 -0.03825 0.78340 0.78638 0.71590 0.103
0.05668 -0.03829 0.78415 0.78713 0.71781 0.369
0.05674 -0.03832 0.78490 0.78789 0.71971 0.170
0.05679 -0.03836 0.78566 0.78864 0.72161 0.102
0.05685 -0.03840 0.78641 0.78939 0.72351 0.167
0.05690 -0.03843 0.78716 0.79015 0.72541 -0.034
0.05696 -0.03847 0.78791 0.79090 0.72732 -0.035
0.05701 -0.03851 0.78866 0.79166 0.72922 0.030
0.05706 -0.03854 0.78941 0.79241 0.73112 0.227
0.05712 -0.03858 0.79016 0.79316 0.73302 0.227
0.05717 -0.03862 0.79091 0.79392 0.73492 0.360
0.05723 -0.03865 0.79167 0.79467 0.73683 0.491
0.05728 -0.03869 0.79242 0.79543 0.73873 0.687
0.05734 -0.03873 0.79317 0.79618 0.74063 0.885
0.05739 -0.03877 0.79392 0.79693 0.74253 0.949
0.05744 -0.03880 0.79467 0.79769 0.74444 0.886
0.05750 -0.03884 0.79542 0.79844 0.74634 1.344
0.05755 -0.03888 0.79617 0.79920 0.74824 1.146
0.05761 -0.03891 0.79693 0.79995 0.75015 0.884
0.05766 -0.03895 0.79768 0.80071 0.75205 0.883
0.05772 -0.03899 0.79843 0.80146 0.75395 0.684
0.05777 -0.03902 0.79918 0.80221 0.75585 1.145
0.05783 -0.03906 0.79993 0.80297 0.75776 0.690
0.05788 -0.03910 0.80068 0.80372 0.75966 1.154
0.05793 -0.03913 0.80143 0.80448 0.76156 1.418
0.05799 -0.03917 0.80219 0.80523 0.76347 0.560
0.05804 -0.03921 0.80294 0.80599 0.76537 0.825
0.05810 -0.03924 0.80369 0.80674 0.76727 1.155
0.05815 -0.03928 0.80444 0.80750 0.76918 1.417
0.05821 -0.03932 0.80519 0.80825 0.77108 0.954
0.05826 -0.03935 0.80594 0.80901 0.77298 1.612
0.05831 -0.03939 0.80670 0.80976 0.77489 1.217
0.05837 -0.03943 0.80745 0.81051 0.77679 0.556
0.05842 -0.03946 0.80820 0.81127 0.77870 1.084
0.05848 -0.03950 0.80895 0.81202 0.78060 1.334
0.05853 -0.03954 0.80970 0.81278 0.78250 0.796
0.05859 -0.03957 0.81046 0.81353 0.78441 1.009
0.05864 -0.03961 0.81121 0.81429 0.78631 0.577
0.05869 -0.03965 0.81196 0.81504 0.78822 0.600
0.05875 -0.03968 0.81271 0.81580 0.79012 1.007
0.05880 -0.03972 0.81346 0.81655 0.79203 1.203
0.05886 -0.03976 0.81422 0.81731 0.79393 0.779
0.05891 -0.03979 0.81497 0.81806 0.79583 0.798
0.05897 -0.03983 0.81572 0.81882 0.79774 0.762
0.05902 -0.03987 0.81647 0.81957 0.79964 1.049
0.05908 -0.03990 0.81722 0.82033 0.80155 1.305
0.05913 -0.03994 0.81798 0.82108 0.80345 0.651
0.05918 -0.03998 0.81873 0.82184 0.80536 0.978
0.05924 -0.04001 0.81948 0.82259 0.80726 0.907
0.05929 -0.04005 0.82023 0.82335 0.80917 1.021
0.05935 -0.04009 0.82099 0.82410 0.81107 1.358
0.05940 -0.04012 0.82174 0.82486 0.81298 0.958
0.05946 -0.04016 0.82249 0.82561 0.81488 0.494
0.05951 -0.04020 0.82324 0.82637 0.81679 0.228
0.05956 -0.04023 0.82400 0.82712 0.81869 0.493
0.05962 -0.04027 0.82475 0.82788 0.82060 0.493
0.05967 -0.04031 0.82550 0.82864 0.82250 0.756
0.05973 -0.04034 0.82625 0.82939 0.82441 1.422
0.05978 -0.04038 0.82701 0.83015 0.82631 0.625
0.05984 -0.04042 0.82776 0.83090 0.82822 1.155
0.05989 -0.04045 0.82851 0.83166 0.83013 1.021
0.05995 -0.04049 0.82926 0.83241 0.83203 0.957
0.06000 -0.04053 0.83002 0.83317 0.83394 1.289
0.06005 -0.04056 0.83077 0.83392 0.83584 0.427
0.06011 -0.04060 0.83152 0.83468 0.83775 1.091
0.06016 -0.04064 0.83227 0.83543 0.83966 0.759
0.06022 -0.04067 0.83303 0.83619 0.84156 0.695
0.06027 -0.04071 0.83378 0.83695 0.84347 1.094
0.06033 -0.04075 0.83453 0.83770 0.84537 1.096
0.06038 -0.04078 0.83529 0.83846 0.84728 1.098
0.06044 -0.04082 0.83604 0.83921 0.84919 1.431
0.06049 -0.04086 0.83679 0.83997 0.85109 0.565
0.06054 -0.04090 0.83754 0.84072 0.85300 1.032
0.06060 -0.04093 0.83830 0.84148 0.85491 0.764
0.06065 -0.04097 0.83905 0.84224 0.85681 1.296
0.06071 -0.04101 0.83980 0.84299 0.85872 1.230
0.06076 -0.04104 0.84056 0.84375 0.86063 0.898
0.06082 -0.04108 0.84131 0.84450 0.86253 1.098
0.06087 -0.04112 0.84206 0.84526 0.86444 1.231
0.06093 -0.04115 0.84281 0.84602 0.86635 1.233
0.06098 -0.04119 0.84357 0.84677 0.86825 1.167
0.06103 -0.04123 0.84432 0.84753 0.87016 1.101
0.06109 -0.04126 0.84507 0.84828 0.87207 1.104
0.06114 -0.04130 0.84583 0.84904 0.87398 0.770
0.06120 -0.04134 0.84658 0.84980 0.87588 0.905
0.06125 -0.04137 0.84733 0.85055 0.87779 1.304
0.06131 -0.04141 0.84809 0.85131 0.87970 0.903
0.06136 -0.04145 0.84884 0.85206 0.88160 1.035
0.06142 -0.04148 0.84959 0.85282 0.88351 1.171
0.06147 -0.04152 0.85035 0.85358 0.88542 1.306
0.06152 -0.04156 0.85110 0.85433 0.88733 0.906
0.06158 -0.04159 0.85185 0.85509 0.88924 1.240
0.06163 -0.04163 0.85261 0.85585 0.89114 1.305
0.06169 -0.04167 0.85336 0.85660 0.89305 1.168
0.06174 -0.04170 0.85411 0.85736 0.89496 0.636
0.06180 -0.04174 0.85487 0.85811 0.89687 0.770
0.06185 -0.04178 0.85562 0.85887 0.89878 1.103
0.06191 -0.04181 0.85637 0.85963 0.90068 0.505
0.06196 -0.04185 0.85713 0.86038 0.90259 0.105
0.06201 -0.04189 0.85788 0.86114 0.90450 0.575
0.06207 -0.04192 0.85864 0.86190 0.90641 0.708
0.06212 -0.04196 0.85939 0.86265 0.90832 0.775
0.06218 -0.04200 0.86014 0.86341 0.91023 0.507
0.06223 -0.04204 0.86090 0.86417 0.91213 0.642
0.06229 -0.04207 0.86165 0.86492 0.91404 0.710
0.06234 -0.04211 0.86240 0.86568 0.91595 1.047
0.06240 -0.04215 0.86316 0.86644 0.91786 0.914
0.06245 -0.04218 0.86391 0.86719 0.91977 1.051
0.06250 -0.04222 0.86467 0.86795 0.92168 0.917
0.06256 -0.04226 0.86542 0.86871 0.92359 1.189
0.06261 -0.04229 0.86617 0.86946 0.92550 0.854
0.06267 -0.04233 0.86693 0.87022 0.92740 0.852
0.06272 -0.04237 0.86768 0.87098 0.92931 0.719
0.06278 -0.04240 0.86844 0.87173 0.93122 0.988
0.06283 -0.04244 0.86919 0.87249 0.93313 0.853
0.06289 -0.04248 0.86994 0.87325 0.93504 0.986
0.06294 -0.04251 0.87070 0.87400 0.93695 0.852
0.06300 -0.04255 0.87145 0.87476 0.93886 0.919
0.06305 -0.04259 0.87221 0.87552 0.94077 0.853
0.06310 -0.04262 0.87296 0.87628 0.94268 1.259
0.06316 -0.04266 0.87371 0.87703 0.94459 0.789
0.06321 -0.04270 0.87447 0.87779 0.94650 1.089
0.06327 -0.04273 0.87522 0.87855 0.94841 0.926
0.06332 -0.04277 0.87598 0.87930 0.95032 1.367
0.06338 -0.04281 0.87673 0.88006 0.95223 1.038
0.06343 -0.04285 0.87749 0.88082 0.95414 1.604
0.06349 -0.04288 0.87824 0.88157 0.95605 0.878
0.06354 -0.04292 0.87899 0.88233 0.95796 1.157
0.06359 -0.04296 0.87975 0.88309 0.95987 0.803
0.06365 -0.04299 0.88050 0.88385 0.96178 1.161
0.06370 -0.04303 0.88126 0.88460 0.96369 1.139
0.06376 -0.04307 0.88201 0.88536 0.96560 0.993
0.06381 -0.04310 0.88277 0.88612 0.96751 1.037
0.06387 -0.04314 0.88352 0.88688 0.96942 1.154
0.06392 -0.04318 0.88428 0.88763 0.97133 1.138
0.06398 -0.04321 0.88503 0.88839 0.97324 1.265
0.06403 -0.04325 0.88578 0.88915 0.97515 1.061
0.06409 -0.04329 0.88654 0.88991 0.97706 1.402
0.06414 -0.04332 0.88729 0.89066 0.97898 0.792
0.06419 -0.04336 0.88805 0.89142 0.98089 0.655
0.06425 -0.04340 0.88880 0.89218 0.98280 1.130
0.06430 -0.04343 0.88956 0.89294 0.98471 1.403
0.06436 -0.04347 0.89031 0.89369 0.98662 0.993
0.06441 -0.04351 0.89107 0.89445 0.98853 0.788
0.06447 -0.04355 0.89182 0.89521 0.99044 0.720
0.06452 -0.04358 0.89258 0.89597 0.99235 0.994
0.06458 -0.04362 0.89333 0.89672 0.99427 0.448
0.06463 -0.04366 0.89409 0.89748 0.99618 1.134
0.06469 -0.04369 0.89484 0.89824 0.99809 1.065
0.06474 -0.04373 0.89560 0.89900 1.00000 0.654
