x y z dist_scaled dist_frac flux_norm sig_norm wavelength redshift
-0.27388 -0.12763 0.40161 0.50258 0.00000 0.773 0.164 1236.115 0.01682
-0.27429 -0.12782 0.40220 0.50333 0.00188 1.065 0.186 1236.145 0.01684
-0.27469 -0.12801 0.40280 0.50407 0.00375 0.818 0.167 1236.175 0.01687
-0.27510 -0.12820 0.40339 0.50481 0.00563 0.822 0.167 1236.205 0.01689
-0.27550 -0.12839 0.40399 0.50556 0.00751 0.826 0.167 1236.235 0.01692
-0.27591 -0.12858 0.40458 0.50630 0.00938 0.961 0.178 1236.265 0.01694
-0.27631 -0.12877 0.40517 0.50705 0.01126 1.025 0.182 1236.295 0.01697
-0.27672 -0.12895 0.40577 0.50779 0.01313 1.134 0.190 1236.325 0.01699
-0.27712 -0.12914 0.40636 0.50853 0.01501 0.931 0.173 1236.355 0.01701
-0.27753 -0.12933 0.40696 0.50928 0.01689 0.737 0.161 1236.384 0.01704
-0.27793 -0.12952 0.40755 0.51002 0.01876 0.820 0.166 1236.414 0.01706
-0.27834 -0.12971 0.40815 0.51077 0.02064 0.954 0.175 1236.444 0.01709
-0.27875 -0.12990 0.40874 0.51151 0.02252 1.047 0.183 1236.474 0.01711
-0.27915 -0.13009 0.40934 0.51225 0.02440 1.009 0.179 1236.504 0.01714
-0.27956 -0.13028 0.40993 0.51300 0.02627 1.284 0.199 1236.534 0.01716
-0.27996 -0.13047 0.41052 0.51374 0.02815 1.251 0.196 1236.564 0.01719
-0.28037 -0.13065 0.41112 0.51449 0.03003 1.135 0.189 1236.594 0.01721
-0.28077 -0.13084 0.41171 0.51523 0.03190 1.116 0.189 1236.623 0.01724
-0.28118 -0.13103 0.41231 0.51597 0.03378 0.771 0.163 1236.653 0.01726
-0.28158 -0.13122 0.41290 0.51672 0.03566 1.052 0.182 1236.683 0.01729
-0.28199 -0.13141 0.41350 0.51746 0.03754 0.747 0.159 1236.713 0.01731
-0.28239 -0.13160 0.41409 0.51821 0.03941 0.950 0.175 1236.743 0.01733
-0.28280 -0.13179 0.41469 0.51895 0.04129 1.011 0.179 1236.773 0.01736
-0.28321 -0.13198 0.41528 0.51970 0.04317 1.132 0.187 1236.803 0.01738
-0.28361 -0.13217 0.41588 0.52044 0.04505 0.909 0.172 1236.833 0.01741
-0.28402 -0.13236 0.41647 0.52118 0.04692 1.152 0.189 1236.862 0.01743
-0.28442 -0.13254 0.41707 0.52193 0.04880 1.052 0.182 1236.892 0.01746
-0.28483 -0.13273 0.41766 0.52267 0.05068 0.889 0.170 1236.922 0.01748
-0.28523 -0.13292 0.41826 0.52342 0.05256 1.112 0.186 1236.952 0.01751
-0.28564 -0.13311 0.41885 0.52416 0.05444 0.991 0.178 1236.982 0.01753
-0.28605 -0.13330 0.41945 0.52491 0.05631 0.991 0.178 1237.012 0.01756
-0.28645 -0.13349 0.42004 0.52565 0.05819 0.890 0.170 1237.042 0.01758
-0.28686 -0.13368 0.42064 0.52640 0.06007 1.013 0.179 1237.072 0.01760
-0.28726 -0.13387 0.42123 0.52714 0.06195 0.993 0.178 1237.101 0.01763
-0.28767 -0.13406 0.42183 0.52788 0.06383 1.013 0.179 1237.131 0.01765
-0.28807 -0.13425 0.42242 0.52863 0.06571 1.034 0.180 1237.161 0.01768
-0.28848 -0.13444 0.42302 0.52937 0.06758 0.873 0.169 1237.191 0.01770
-0.28889 -0.13462 0.42361 0.53012 0.06946 0.812 0.164 1237.221 0.01773
-0.28929 -0.13481 0.42421 0.53086 0.07134 1.036 0.181 1237.251 0.01775
-0.28970 -0.13500 0.42480 0.53161 0.07322 0.913 0.172 1237.281 0.01778
-0.29010 -0.13519 0.42540 0.53235 0.07510 1.117 0.186 1237.311 0.01780
-0.29051 -0.13538 0.42599 0.53310 0.07698 0.854 0.167 1237.341 0.01783
-0.29092 -0.13557 0.42659 0.53384 0.07886 0.937 0.173 1237.370 0.01785
-0.29132 -0.13576 0.42718 0.53459 0.08074 1.160 0.190 1237.400 0.01788
-0.29173 -0.13595 0.42778 0.53533 0.08261 0.795 0.163 1237.430 0.01790
-0.29213 -0.13614 0.42837 0.53608 0.08449 0.979 0.176 1237.460 0.01792
-0.29254 -0.13633 0.42897 0.53682 0.08637 1.059 0.182 1237.490 0.01795
-0.29295 -0.13652 0.42956 0.53757 0.08825 0.796 0.163 1237.520 0.01797
-0.29335 -0.13671 0.43016 0.53831 0.09013 1.204 0.195 1237.550 0.01800
-0.29376 -0.13689 0.43075 0.53906 0.09201 1.204 0.195 1237.580 0.01802
-0.29416 -0.13708 0.43135 0.53980 0.09389 1.164 0.193 1237.609 0.01805
-0.29457 -0.13727 0.43194 0.54055 0.09577 1.084 0.187 1237.639 0.01807
-0.29498 -0.13746 0.43254 0.54129 0.09765 0.984 0.181 1237.669 0.01810
-0.29538 -0.13765 0.43314 0.54204 0.09953 1.108 0.189 1237.699 0.01812
-0.29579 -0.13784 0.43373 0.54278 0.10141 0.965 0.179 1237.729 0.01815
-0.29619 -0.13803 0.43433 0.54353 0.10329 0.863 0.172 1237.759 0.01817
-0.29660 -0.13822 0.43492 0.54427 0.10517 1.107 0.189 1237.789 0.01819
-0.29701 -0.13841 0.43552 0.54502 0.10705 0.882 0.173 1237.819 0.01822
-0.29741 -0.13860 0.43611 0.54576 0.10893 0.803 0.167 1237.848 0.01824
-0.29782 -0.13879 0.43671 0.54651 0.11081 0.620 0.153 1237.878 0.01827
-0.29822 -0.13898 0.43730 0.54725 0.11269 0.884 0.173 1237.908 0.01829
-0.29863 -0.13917 0.43790 0.54800 0.11457 0.578 0.149 1237.938 0.01832
-0.29904 -0.13935 0.43850 0.54874 0.11645 0.620 0.153 1237.968 0.01834
-0.29944 -0.13954 0.43909 0.54949 0.11833 0.539 0.146 1237.998 0.01837
-0.29985 -0.13973 0.43969 0.55024 0.12021 0.376 0.130 1238.028 0.01839
-0.30026 -0.13992 0.44028 0.55098 0.12209 0.295 0.121 1238.058 0.01842
-0.30066 -0.14011 0.44088 0.55173 0.12397 0.212 0.107 1238.087 0.01844
-0.30107 -0.14030 0.44147 0.55247 0.12585 0.151 0.099 1238.117 0.01847
-0.30147 -0.14049 0.44207 0.55322 0.12773 0.314 0.120 1238.147 0.01849
-0.30188 -0.14068 0.44267 0.55396 0.12961 0.335 0.125 1238.177 0.01851
-0.30229 -0.14087 0.44326 0.55471 0.13149 0.233 0.113 1238.207 0.01854
-0.30269 -0.14106 0.44386 0.55545 0.13338 0.599 0.151 1238.237 0.01856
-0.30310 -0.14125 0.44445 0.55620 0.13526 0.679 0.158 1238.267 0.01859
-0.30351 -0.14144 0.44505 0.55695 0.13714 0.477 0.140 1238.297 0.01861
-0.30391 -0.14163 0.44564 0.55769 0.13902 0.782 0.166 1238.327 0.01864
-0.30432 -0.14182 0.44624 0.55844 0.14090 0.434 0.130 1238.356 0.01866
-0.30472 -0.14201 0.44684 0.55918 0.14278 0.433 0.130 1238.386 0.01869
-0.30513 -0.14220 0.44743 0.55993 0.14466 0.392 0.125 1238.416 0.01871
-0.30554 -0.14238 0.44803 0.56067 0.14654 0.576 0.147 1238.446 0.01874
-0.30594 -0.14257 0.44862 0.56142 0.14843 0.575 0.144 1238.476 0.01876
-0.30635 -0.14276 0.44922 0.56217 0.15031 0.556 0.144 1238.506 0.01878
-0.30676 -0.14295 0.44982 0.56291 0.15219 0.698 0.158 1238.536 0.01881
-0.30716 -0.14314 0.45041 0.56366 0.15407 0.636 0.151 1238.566 0.01883
-0.30757 -0.14333 0.45101 0.56440 0.15595 1.043 0.185 1238.595 0.01886
-0.30798 -0.14352 0.45160 0.56515 0.15783 0.880 0.172 1238.625 0.01888
-0.30838 -0.14371 0.45220 0.56590 0.15972 0.778 0.164 1238.655 0.01891
-0.30879 -0.14390 0.45280 0.56664 0.16160 0.776 0.163 1238.685 0.01893
-0.30920 -0.14409 0.45339 0.56739 0.16348 0.797 0.163 1238.715 0.01896
-0.30960 -0.14428 0.45399 0.56813 0.16536 0.961 0.178 1238.745 0.01898
-0.31001 -0.14447 0.45459 0.56888 0.16724 0.940 0.175 1238.775 0.01901
-0.31042 -0.14466 0.45518 0.56963 0.16913 0.961 0.177 1238.805 0.01903
-0.31082 -0.14485 0.45578 0.57037 0.17101 0.880 0.172 1238.834 0.01905
-0.31123 -0.14504 0.45637 0.57112 0.17289 0.908 0.174 1238.864 0.01908
-0.31164 -0.14523 0.45697 0.57186 0.17477 1.076 0.186 1238.894 0.01910
-0.31204 -0.14542 0.45757 0.57261 0.17665 1.040 0.182 1238.924 0.01913
-0.31245 -0.14561 0.45816 0.57336 0.17854 1.015 0.181 1238.954 0.01915
-0.31286 -0.14579 0.45876 0.57410 0.18042 0.978 0.178 1238.984 0.01918
-0.31326 -0.14598 0.45936 0.57485 0.18230 1.093 0.186 1239.014 0.01920
-0.31367 -0.14617 0.45995 0.57560 0.18419 1.076 0.185 1239.044 0.01923
-0.31408 -0.14636 0.46055 0.57634 0.18607 0.979 0.178 1239.073 0.01925
-0.31448 -0.14655 0.46114 0.57709 0.18795 0.782 0.164 1239.103 0.01928
-0.31489 -0.14674 0.46174 0.57784 0.18983 0.779 0.163 1239.133 0.01930
-0.31530 -0.14693 0.46234 0.57858 0.19172 0.854 0.169 1239.163 0.01933
-0.31570 -0.14712 0.46293 0.57933 0.19360 0.903 0.173 1239.193 0.01935
-0.31611 -0.14731 0.46353 0.58007 0.19548 1.125 0.189 1239.223 0.01937
-0.31652 -0.14750 0.46413 0.58082 0.19737 0.883 0.172 1239.253 0.01940
-0.31692 -0.14769 0.46472 0.58157 0.19925 0.754 0.163 1239.283 0.01942
-0.31733 -0.14788 0.46532 0.58231 0.20113 0.968 0.178 1239.313 0.01945
-0.31774 -0.14807 0.46592 0.58306 0.20302 0.777 0.163 1239.342 0.01947
-0.31814 -0.14826 0.46651 0.58381 0.20490 0.901 0.173 1239.372 0.01950
-0.31855 -0.14845 0.46711 0.58455 0.20678 0.658 0.156 1239.402 0.01952
-0.31896 -0.14864 0.46771 0.58530 0.20867 0.902 0.175 1239.432 0.01955
-0.31936 -0.14883 0.46830 0.58605 0.21055 1.003 0.180 1239.462 0.01957
-0.31977 -0.14902 0.46890 0.58679 0.21243 1.003 0.182 1239.492 0.01960
-0.32018 -0.14921 0.46950 0.58754 0.21432 0.984 0.181 1239.522 0.01962
-0.32059 -0.14940 0.47009 0.58829 0.21620 1.126 0.190 1239.552 0.01964
-0.32099 -0.14959 0.47069 0.58904 0.21809 1.084 0.188 1239.581 0.01967
-0.32140 -0.14978 0.47129 0.58978 0.21997 1.105 0.189 1239.611 0.01969
-0.32181 -0.14997 0.47188 0.59053 0.22185 1.022 0.183 1239.641 0.01972
-0.32221 -0.15016 0.47248 0.59128 0.22374 1.003 0.182 1239.671 0.01974
-0.32262 -0.15035 0.47308 0.59202 0.22562 0.983 0.181 1239.701 0.01977
-0.32303 -0.15054 0.47368 0.59277 0.22751 0.962 0.178 1239.731 0.01979
-0.32343 -0.15072 0.47427 0.59352 0.22939 0.781 0.166 1239.761 0.01982
-0.32384 -0.15091 0.47487 0.59426 0.23128 0.760 0.164 1239.791 0.01984
-0.32425 -0.15110 0.47547 0.59501 0.23316 1.002 0.181 1239.820 0.01987
-0.32466 -0.15129 0.47606 0.59576 0.23504 1.002 0.182 1239.850 0.01989
-0.32506 -0.15148 0.47666 0.59650 0.23693 0.964 0.179 1239.880 0.01992
-0.32547 -0.15167 0.47726 0.59725 0.23881 0.985 0.181 1239.910 0.01994
-0.32588 -0.15186 0.47785 0.59800 0.24070 0.944 0.178 1239.940 0.01996
-0.32628 -0.15205 0.47845 0.59875 0.24258 1.168 0.193 1239.970 0.01999
-0.32669 -0.15224 0.47905 0.59949 0.24447 1.129 0.190 1240.000 0.02001
-0.32710 -0.15243 0.47965 0.60024 0.24635 0.924 0.176 1240.030 0.02004
-0.32751 -0.15262 0.48024 0.60099 0.24824 0.701 0.160 1240.059 0.02006
-0.32791 -0.15281 0.48084 0.60174 0.25012 0.740 0.163 1240.089 0.02009
-0.32832 -0.15300 0.48144 0.60248 0.25201 0.942 0.178 1240.119 0.02011
-0.32873 -0.15319 0.48203 0.60323 0.25389 1.229 0.197 1240.149 0.02014
-0.32914 -0.15338 0.48263 0.60398 0.25578 1.168 0.193 1240.179 0.02016
-0.32954 -0.15357 0.48323 0.60472 0.25766 0.698 0.156 1240.209 0.02019
-0.32995 -0.15376 0.48383 0.60547 0.25955 1.045 0.185 1240.239 0.02021
-0.33036 -0.15395 0.48442 0.60622 0.26144 0.862 0.170 1240.269 0.02023
-0.33076 -0.15414 0.48502 0.60697 0.26332 1.146 0.191 1240.299 0.02026
-0.33117 -0.15433 0.48562 0.60771 0.26521 1.043 0.185 1240.328 0.02028
-0.33158 -0.15452 0.48621 0.60846 0.26709 1.043 0.185 1240.358 0.02031
-0.33199 -0.15471 0.48681 0.60921 0.26898 1.023 0.181 1240.388 0.02033
-0.33239 -0.15490 0.48741 0.60996 0.27086 0.921 0.176 1240.418 0.02036
-0.33280 -0.15509 0.48801 0.61070 0.27275 0.820 0.165 1240.448 0.02038
-0.33321 -0.15528 0.48860 0.61145 0.27464 1.025 0.183 1240.478 0.02041
-0.33362 -0.15547 0.48920 0.61220 0.27652 0.923 0.176 1240.508 0.02043
-0.33402 -0.15566 0.48980 0.61295 0.27841 0.862 0.172 1240.538 0.02046
-0.33443 -0.15585 0.49040 0.61370 0.28029 0.923 0.176 1240.567 0.02048
-0.33484 -0.15604 0.49099 0.61444 0.28218 1.128 0.190 1240.597 0.02050
-0.33525 -0.15623 0.49159 0.61519 0.28407 0.965 0.179 1240.627 0.02053
-0.33565 -0.15642 0.49219 0.61594 0.28595 0.844 0.170 1240.657 0.02055
-0.33606 -0.15661 0.49279 0.61669 0.28784 0.862 0.172 1240.687 0.02058
-0.33647 -0.15680 0.49338 0.61743 0.28973 1.108 0.189 1240.717 0.02060
-0.33688 -0.15699 0.49398 0.61818 0.29161 1.026 0.183 1240.747 0.02063
-0.33728 -0.15718 0.49458 0.61893 0.29350 0.986 0.181 1240.777 0.02065
-0.33769 -0.15737 0.49518 0.61968 0.29539 1.230 0.197 1240.806 0.02068
-0.33810 -0.15756 0.49577 0.62043 0.29727 1.190 0.194 1240.836 0.02070
-0.33851 -0.15775 0.49637 0.62117 0.29916 1.190 0.194 1240.866 0.02073
-0.33891 -0.15794 0.49697 0.62192 0.30105 0.823 0.169 1240.896 0.02075
-0.33932 -0.15813 0.49757 0.62267 0.30293 1.047 0.185 1240.926 0.02078
-0.33973 -0.15832 0.49817 0.62342 0.30482 1.047 0.185 1240.956 0.02080
-0.34014 -0.15851 0.49876 0.62417 0.30671 1.129 0.190 1240.986 0.02082
-0.34054 -0.15870 0.49936 0.62491 0.30859 1.109 0.189 1241.016 0.02085
-0.34095 -0.15889 0.49996 0.62566 0.31048 0.864 0.172 1241.045 0.02087
-0.34136 -0.15908 0.50056 0.62641 0.31237 0.781 0.164 1241.075 0.02090
-0.34177 -0.15927 0.50115 0.62716 0.31426 1.313 0.201 1241.105 0.02092
-0.34218 -0.15946 0.50175 0.62791 0.31614 0.865 0.172 1241.135 0.02095
-0.34258 -0.15965 0.50235 0.62866 0.31803 1.008 0.182 1241.165 0.02097
-0.34299 -0.15984 0.50295 0.62940 0.31992 0.816 0.167 1241.195 0.02100
-0.34340 -0.16003 0.50355 0.63015 0.32181 1.201 0.194 1241.225 0.02102
-0.34381 -0.16022 0.50414 0.63090 0.32369 1.172 0.191 1241.255 0.02105
-0.34421 -0.16041 0.50474 0.63165 0.32558 1.175 0.191 1241.285 0.02107
-0.34462 -0.16060 0.50534 0.63240 0.32747 1.150 0.190 1241.314 0.02109
-0.34503 -0.16079 0.50594 0.63315 0.32936 0.913 0.175 1241.344 0.02112
-0.34544 -0.16098 0.50654 0.63389 0.33125 1.057 0.184 1241.374 0.02114
-0.34585 -0.16117 0.50713 0.63464 0.33313 1.136 0.189 1241.404 0.02117
-0.34625 -0.16136 0.50773 0.63539 0.33502 0.867 0.170 1241.434 0.02119
-0.34666 -0.16155 0.50833 0.63614 0.33691 1.015 0.181 1241.464 0.02122
-0.34707 -0.16174 0.50893 0.63689 0.33880 0.885 0.170 1241.494 0.02124
-0.34748 -0.16193 0.50953 0.63764 0.34069 0.916 0.173 1241.524 0.02127
-0.34789 -0.16212 0.51013 0.63838 0.34258 1.109 0.187 1241.553 0.02129
-0.34829 -0.16231 0.51072 0.63913 0.34446 1.120 0.187 1241.583 0.02132
-0.34870 -0.16250 0.51132 0.63988 0.34635 1.205 0.180 1241.613 0.02134
-0.34911 -0.16269 0.51192 0.64063 0.34824 0.781 0.166 1241.643 0.02137
-0.34952 -0.16288 0.51252 0.64138 0.35013 1.208 0.195 1241.673 0.02139
-0.34993 -0.16307 0.51312 0.64213 0.35202 1.128 0.190 1241.703 0.02141
-0.35033 -0.16326 0.51372 0.64288 0.35391 1.210 0.195 1241.733 0.02144
-0.35074 -0.16345 0.51431 0.64363 0.35580 1.067 0.186 1241.763 0.02146
-0.35115 -0.16364 0.51491 0.64437 0.35769 1.129 0.190 1241.792 0.02149
-0.35156 -0.16383 0.51551 0.64512 0.35957 1.088 0.187 1241.822 0.02151
-0.35197 -0.16402 0.51611 0.64587 0.36146 1.230 0.196 1241.852 0.02154
-0.35237 -0.16421 0.51671 0.64662 0.36335 0.964 0.179 1241.882 0.02156
-0.35278 -0.16440 0.51731 0.64737 0.36524 0.821 0.169 1241.912 0.02159
-0.35319 -0.16459 0.51790 0.64812 0.36713 0.843 0.170 1241.942 0.02161
-0.35360 -0.16478 0.51850 0.64887 0.36902 0.963 0.179 1241.972 0.02164
-0.35401 -0.16497 0.51910 0.64962 0.37091 0.860 0.170 1242.002 0.02166
-0.35441 -0.16516 0.51970 0.65037 0.37280 0.779 0.166 1242.031 0.02168
-0.35482 -0.16535 0.52030 0.65111 0.37469 0.759 0.164 1242.061 0.02171
-0.35523 -0.16554 0.52090 0.65186 0.37658 0.861 0.172 1242.091 0.02173
-0.35564 -0.16573 0.52150 0.65261 0.37847 0.941 0.178 1242.121 0.02176
-0.35605 -0.16592 0.52209 0.65336 0.38036 1.003 0.180 1242.151 0.02178
-0.35646 -0.16611 0.52269 0.65411 0.38225 0.839 0.170 1242.181 0.02181
-0.35686 -0.16630 0.52329 0.65486 0.38414 1.064 0.186 1242.211 0.02183
-0.35727 -0.16649 0.52389 0.65561 0.38603 0.919 0.175 1242.241 0.02186
-0.35768 -0.16668 0.52449 0.65636 0.38792 0.939 0.176 1242.271 0.02188
-0.35809 -0.16687 0.52509 0.65711 0.38981 0.899 0.173 1242.300 0.02191
-0.35850 -0.16706 0.52569 0.65786 0.39170 1.022 0.183 1242.330 0.02193
-0.35891 -0.16725 0.52628 0.65861 0.39359 1.124 0.190 1242.360 0.02196
-0.35931 -0.16744 0.52688 0.65936 0.39548 0.757 0.162 1242.390 0.02198
-0.35972 -0.16764 0.52748 0.66011 0.39737 0.839 0.169 1242.420 0.02200
-0.36013 -0.16783 0.52808 0.66085 0.39926 0.982 0.180 1242.450 0.02203
-0.36054 -0.16802 0.52868 0.66160 0.40115 0.698 0.157 1242.480 0.02205
-0.36095 -0.16821 0.52928 0.66235 0.40304 0.697 0.159 1242.510 0.02208
-0.36136 -0.16840 0.52988 0.66310 0.40493 0.839 0.169 1242.539 0.02210
-0.36176 -0.16859 0.53048 0.66385 0.40682 0.718 0.161 1242.569 0.02213
-0.36217 -0.16878 0.53108 0.66460 0.40871 0.883 0.171 1242.599 0.02215
-0.36258 -0.16897 0.53167 0.66535 0.41060 0.496 0.141 1242.629 0.02218
-0.36299 -0.16916 0.53227 0.66610 0.41249 0.640 0.154 1242.659 0.02220
-0.36340 -0.16935 0.53287 0.66685 0.41438 1.027 0.183 1242.689 0.02223
-0.36381 -0.16954 0.53347 0.66760 0.41628 0.742 0.162 1242.719 0.02225
-0.36422 -0.16973 0.53407 0.66835 0.41817 0.966 0.179 1242.749 0.02227
-0.36462 -0.16992 0.53467 0.66910 0.42006 1.006 0.182 1242.778 0.02230
-0.36503 -0.17011 0.53527 0.66985 0.42195 1.168 0.192 1242.808 0.02232
-0.36544 -0.17030 0.53587 0.67060 0.42384 1.106 0.188 1242.838 0.02235
-0.36585 -0.17049 0.53647 0.67135 0.42573 0.699 0.159 1242.868 0.02237
-0.36626 -0.17068 0.53707 0.67210 0.42762 0.821 0.168 1242.898 0.02240
-0.36667 -0.17087 0.53767 0.67285 0.42951 0.821 0.169 1242.928 0.02242
-0.36708 -0.17106 0.53826 0.67360 0.43141 0.862 0.171 1242.958 0.02245
-0.36748 -0.17125 0.53886 0.67435 0.43330 0.802 0.167 1242.988 0.02247
-0.36789 -0.17144 0.53946 0.67510 0.43519 0.984 0.180 1243.017 0.02250
-0.36830 -0.17163 0.54006 0.67585 0.43708 0.966 0.179 1243.047 0.02252
-0.36871 -0.17182 0.54066 0.67660 0.43897 1.110 0.188 1243.077 0.02254
-0.36912 -0.17201 0.54126 0.67735 0.44087 0.864 0.172 1243.107 0.02257
-0.36953 -0.17220 0.54186 0.67810 0.44276 0.945 0.177 1243.137 0.02259
-0.36994 -0.17239 0.54246 0.67885 0.44465 1.109 0.188 1243.167 0.02262
-0.37034 -0.17259 0.54306 0.67960 0.44654 0.864 0.171 1243.197 0.02264
-0.37075 -0.17278 0.54366 0.68035 0.44843 1.049 0.184 1243.227 0.02267
-0.37116 -0.17297 0.54426 0.68110 0.45033 1.070 0.185 1243.257 0.02269
-0.37157 -0.17316 0.54486 0.68185 0.45222 0.847 0.170 1243.286 0.02272
-0.37198 -0.17335 0.54546 0.68260 0.45411 1.011 0.181 1243.316 0.02274
-0.37239 -0.17354 0.54606 0.68335 0.45600 1.152 0.191 1243.346 0.02277
-0.37280 -0.17373 0.54666 0.68410 0.45790 0.847 0.170 1243.376 0.02279
-0.37321 -0.17392 0.54725 0.68485 0.45979 0.866 0.171 1243.406 0.02282
-0.37362 -0.17411 0.54785 0.68560 0.46168 0.784 0.165 1243.436 0.02284
-0.37402 -0.17430 0.54845 0.68635 0.46357 1.048 0.184 1243.466 0.02286
-0.37443 -0.17449 0.54905 0.68710 0.46547 0.968 0.179 1243.496 0.02289
-0.37484 -0.17468 0.54965 0.68785 0.46736 1.007 0.181 1243.525 0.02291
-0.37525 -0.17487 0.55025 0.68860 0.46925 0.865 0.171 1243.555 0.02294
-0.37566 -0.17506 0.55085 0.68935 0.47114 0.925 0.176 1243.585 0.02296
-0.37607 -0.17525 0.55145 0.69010 0.47304 1.127 0.189 1243.615 0.02299
-0.37648 -0.17544 0.55205 0.69085 0.47493 1.208 0.194 1243.645 0.02301
-0.37689 -0.17563 0.55265 0.69160 0.47682 0.803 0.167 1243.675 0.02304
-0.37730 -0.17582 0.55325 0.69235 0.47872 0.740 0.162 1243.705 0.02306
-0.37770 -0.17602 0.55385 0.69310 0.48061 0.801 0.167 1243.735 0.02309
-0.37811 -0.17621 0.55445 0.69385 0.48250 0.882 0.173 1243.764 0.02311
-0.37852 -0.17640 0.55505 0.69461 0.48440 0.721 0.160 1243.794 0.02313
-0.37893 -0.17659 0.55565 0.69536 0.48629 0.660 0.155 1243.824 0.02316
-0.37934 -0.17678 0.55625 0.69611 0.48818 0.701 0.159 1243.854 0.02318
-0.37975 -0.17697 0.55685 0.69686 0.49008 0.842 0.170 1243.884 0.02321
-0.38016 -0.17716 0.55745 0.69761 0.49197 0.721 0.160 1243.914 0.02323
-0.38057 -0.17735 0.55805 0.69836 0.49387 0.802 0.167 1243.944 0.02326
-0.38098 -0.17754 0.55865 0.69911 0.49576 0.844 0.170 1243.974 0.02328
-0.38139 -0.17773 0.55925 0.69986 0.49765 0.660 0.156 1244.003 0.02331
-0.38180 -0.17792 0.55985 0.70061 0.49955 0.721 0.160 1244.033 0.02333
-0.38220 -0.17811 0.56045 0.70136 0.50144 0.862 0.171 1244.063 0.02336
-0.38261 -0.17830 0.56105 0.70211 0.50334 0.948 0.177 1244.093 0.02338
-0.38302 -0.17849 0.56165 0.70286 0.50523 0.960 0.177 1244.123 0.02341
-0.38343 -0.17868 0.56225 0.70361 0.50712 0.934 0.174 1244.153 0.02343
-0.38384 -0.17887 0.56285 0.70437 0.50902 0.940 0.174 1244.183 0.02345
-0.38425 -0.17907 0.56345 0.70512 0.51091 0.999 0.180 1244.213 0.02348
-0.38466 -0.17926 0.56405 0.70587 0.51281 0.970 0.177 1244.243 0.02350
-0.38507 -0.17945 0.56465 0.70662 0.51470 1.090 0.187 1244.272 0.02353
-0.38548 -0.17964 0.56525 0.70737 0.51660 1.261 0.195 1244.302 0.02355
-0.38589 -0.17983 0.56585 0.70812 0.51849 0.753 0.162 1244.332 0.02358
-0.38630 -0.18002 0.56645 0.70887 0.52039 1.220 0.194 1244.362 0.02360
-0.38671 -0.18021 0.56705 0.70962 0.52228 0.951 0.177 1244.392 0.02363
-0.38712 -0.18040 0.56765 0.71037 0.52418 0.871 0.171 1244.422 0.02365
-0.38753 -0.18059 0.56825 0.71112 0.52607 1.192 0.191 1244.452 0.02368
-0.38793 -0.18078 0.56885 0.71188 0.52797 0.708 0.159 1244.482 0.02370
-0.38834 -0.18097 0.56945 0.71263 0.52986 1.151 0.190 1244.511 0.02372
-0.38875 -0.18116 0.57005 0.71338 0.53176 0.951 0.177 1244.541 0.02375
-0.38916 -0.18135 0.57065 0.71413 0.53365 0.775 0.163 1244.571 0.02377
-0.38957 -0.18155 0.57125 0.71488 0.53555 1.379 0.204 1244.601 0.02380
-0.38998 -0.18174 0.57185 0.71563 0.53744 0.958 0.177 1244.631 0.02382
-0.39039 -0.18193 0.57245 0.71638 0.53934 1.305 0.199 1244.661 0.02385
-0.39080 -0.18212 0.57305 0.71714 0.54123 1.040 0.182 1244.691 0.02387
-0.39121 -0.18231 0.57365 0.71789 0.54313 1.073 0.184 1244.721 0.02390
-0.39162 -0.18250 0.57426 0.71864 0.54502 1.166 0.190 1244.750 0.02392
-0.39203 -0.18269 0.57486 0.71939 0.54692 1.297 0.199 1244.780 0.02395
-0.39244 -0.18288 0.57546 0.72014 0.54882 1.522 0.198 1244.810 0.02397
-0.39285 -0.18307 0.57606 0.72089 0.55071 0.863 0.168 1244.840 0.02400
-0.39326 -0.18326 0.57666 0.72164 0.55261 1.043 0.182 1244.870 0.02402
-0.39367 -0.18345 0.57726 0.72240 0.55450 0.961 0.175 1244.900 0.02404
-0.39408 -0.18364 0.57786 0.72315 0.55640 0.846 0.168 1244.930 0.02407
-0.39449 -0.18384 0.57846 0.72390 0.55829 1.245 0.195 1244.960 0.02409
-0.39490 -0.18403 0.57906 0.72465 0.56019 1.104 0.186 1244.989 0.02412
-0.39531 -0.18422 0.57966 0.72540 0.56209 1.152 0.190 1245.019 0.02414
-0.39572 -0.18441 0.58026 0.72615 0.56398 1.101 0.186 1245.049 0.02417
-0.39612 -0.18460 0.58086 0.72691 0.56588 0.992 0.178 1245.079 0.02419
-0.39653 -0.18479 0.58146 0.72766 0.56778 0.829 0.165 1245.109 0.02422
-0.39694 -0.18498 0.58206 0.72841 0.56967 1.033 0.181 1245.139 0.02424
-0.39735 -0.18517 0.58266 0.72916 0.57157 0.729 0.157 1245.169 0.02427
-0.39776 -0.18536 0.58326 0.72991 0.57347 0.749 0.158 1245.199 0.02429
-0.39817 -0.18555 0.58387 0.73066 0.57536 0.912 0.172 1245.229 0.02431
-0.39858 -0.18574 0.58447 0.73142 0.57726 1.115 0.189 1245.258 0.02434
-0.39899 -0.18594 0.58507 0.73217 0.57916 1.034 0.182 1245.288 0.02436
-0.39940 -0.18613 0.58567 0.73292 0.58105 1.095 0.187 1245.318 0.02439
-0.39981 -0.18632 0.58627 0.73367 0.58295 0.893 0.172 1245.348 0.02441
-0.40022 -0.18651 0.58687 0.73442 0.58485 0.954 0.176 1245.378 0.02444
-0.40063 -0.18670 0.58747 0.73518 0.58674 1.076 0.186 1245.408 0.02446
-0.40104 -0.18689 0.58807 0.73593 0.58864 1.138 0.190 1245.438 0.02449
-0.40145 -0.18708 0.58867 0.73668 0.59054 0.974 0.178 1245.468 0.02451
-0.40186 -0.18727 0.58927 0.73743 0.59244 1.259 0.198 1245.497 0.02454
-0.40227 -0.18746 0.58987 0.73819 0.59433 0.975 0.177 1245.527 0.02456
-0.40268 -0.18765 0.59048 0.73894 0.59623 0.935 0.175 1245.557 0.02458
-0.40309 -0.18785 0.59108 0.73969 0.59813 1.099 0.187 1245.587 0.02461
-0.40350 -0.18804 0.59168 0.74044 0.60003 0.876 0.172 1245.617 0.02463
-0.40391 -0.18823 0.59228 0.74119 0.60192 0.673 0.154 1245.647 0.02466
-0.40432 -0.18842 0.59288 0.74195 0.60382 0.897 0.173 1245.677 0.02468
-0.40473 -0.18861 0.59348 0.74270 0.60572 0.815 0.168 1245.707 0.02471
-0.40514 -0.18880 0.59408 0.74345 0.60762 1.017 0.181 1245.736 0.02473
-0.40555 -0.18899 0.59468 0.74420 0.60951 0.816 0.168 1245.766 0.02476
-0.40596 -0.18918 0.59529 0.74496 0.61141 1.099 0.187 1245.796 0.02478
-0.40637 -0.18937 0.59589 0.74571 0.61331 1.080 0.186 1245.826 0.02481
-0.40678 -0.18957 0.59649 0.74646 0.61521 0.897 0.173 1245.856 0.02483
-0.40719 -0.18976 0.59709 0.74721 0.61711 0.938 0.176 1245.886 0.02486
-0.40760 -0.18995 0.59769 0.74797 0.61900 1.100 0.187 1245.916 0.02488
-0.40801 -0.19014 0.59829 0.74872 0.62090 1.141 0.190 1245.946 0.02490
-0.40842 -0.19033 0.59889 0.74947 0.62280 0.960 0.177 1245.975 0.02493
-0.40883 -0.19052 0.59949 0.75022 0.62470 1.040 0.183 1246.005 0.02495
-0.40924 -0.19071 0.60010 0.75098 0.62660 0.756 0.163 1246.035 0.02498
-0.40965 -0.19090 0.60070 0.75173 0.62850 0.918 0.175 1246.065 0.02500
-0.41006 -0.19109 0.60130 0.75248 0.63040 0.979 0.178 1246.095 0.02503
-0.41047 -0.19129 0.60190 0.75323 0.63229 0.898 0.173 1246.125 0.02505
-0.41088 -0.19148 0.60250 0.75399 0.63419 0.818 0.167 1246.155 0.02508
-0.41129 -0.19167 0.60310 0.75474 0.63609 0.899 0.173 1246.185 0.02510
-0.41170 -0.19186 0.60370 0.75549 0.63799 0.858 0.170 1246.215 0.02513
-0.41211 -0.19205 0.60431 0.75624 0.63989 0.941 0.176 1246.244 0.02515
-0.41252 -0.19224 0.60491 0.75700 0.64179 0.820 0.167 1246.274 0.02517
-0.41293 -0.19243 0.60551 0.75775 0.64369 1.122 0.188 1246.304 0.02520
-0.41334 -0.19262 0.60611 0.75850 0.64559 1.000 0.180 1246.334 0.02522
-0.41375 -0.19281 0.60671 0.75926 0.64749 0.918 0.174 1246.364 0.02525
-0.41416 -0.19301 0.60731 0.76001 0.64939 0.858 0.170 1246.394 0.02527
-0.41457 -0.19320 0.60792 0.76076 0.65129 0.959 0.177 1246.424 0.02530
-0.41498 -0.19339 0.60852 0.76151 0.65318 1.141 0.189 1246.454 0.02532
-0.41540 -0.19358 0.60912 0.76227 0.65508 0.899 0.173 1246.483 0.02535
-0.41581 -0.19377 0.60972 0.76302 0.65698 0.940 0.176 1246.513 0.02537
-0.41622 -0.19396 0.61032 0.76377 0.65888 0.880 0.171 1246.543 0.02540
-0.41663 -0.19415 0.61092 0.76453 0.66078 1.062 0.184 1246.573 0.02542
-0.41704 -0.19434 0.61153 0.76528 0.66268 1.144 0.189 1246.603 0.02545
-0.41745 -0.19454 0.61213 0.76603 0.66458 1.204 0.193 1246.633 0.02547
-0.41786 -0.19473 0.61273 0.76679 0.66648 1.103 0.187 1246.663 0.02549
-0.41827 -0.19492 0.61333 0.76754 0.66838 1.002 0.180 1246.693 0.02552
-0.41868 -0.19511 0.61393 0.76829 0.67028 0.839 0.168 1246.722 0.02554
-0.41909 -0.19530 0.61454 0.76905 0.67218 1.102 0.187 1246.752 0.02557
-0.41950 -0.19549 0.61514 0.76980 0.67408 1.164 0.190 1246.782 0.02559
-0.41991 -0.19568 0.61574 0.77055 0.67598 1.003 0.180 1246.812 0.02562
-0.42032 -0.19587 0.61634 0.77131 0.67788 1.204 0.193 1246.842 0.02564
-0.42073 -0.19607 0.61694 0.77206 0.67978 0.940 0.176 1246.872 0.02567
-0.42114 -0.19626 0.61755 0.77281 0.68168 0.919 0.174 1246.902 0.02569
-0.42155 -0.19645 0.61815 0.77357 0.68358 0.998 0.180 1246.932 0.02572
-0.42196 -0.19664 0.61875 0.77432 0.68549 1.200 0.193 1246.961 0.02574
-0.42237 -0.19683 0.61935 0.77507 0.68739 1.119 0.187 1246.991 0.02576
-0.42278 -0.19702 0.61995 0.77583 0.68929 0.756 0.162 1247.021 0.02579
-0.42319 -0.19721 0.62056 0.77658 0.69119 0.999 0.180 1247.051 0.02581
-0.42361 -0.19741 0.62116 0.77733 0.69309 1.199 0.193 1247.081 0.02584
-0.42402 -0.19760 0.62176 0.77809 0.69499 1.097 0.186 1247.111 0.02586
-0.42443 -0.19779 0.62236 0.77884 0.69689 1.117 0.188 1247.141 0.02589
-0.42484 -0.19798 0.62296 0.77959 0.69879 1.016 0.181 1247.171 0.02591
-0.42525 -0.19817 0.62357 0.78035 0.70069 1.178 0.192 1247.201 0.02594
-0.42566 -0.19836 0.62417 0.78110 0.70259 0.844 0.168 1247.230 0.02596
-0.42607 -0.19855 0.62477 0.78186 0.70449 0.791 0.164 1247.260 0.02599
-0.42648 -0.19875 0.62537 0.78261 0.70640 1.005 0.180 1247.290 0.02601
-0.42689 -0.19894 0.62598 0.78336 0.70830 0.735 0.158 1247.320 0.02604
-0.42730 -0.19913 0.62658 0.78412 0.71020 1.098 0.185 1247.350 0.02606
-0.42771 -0.19932 0.62718 0.78487 0.71210 1.176 0.190 1247.380 0.02608
-0.42812 -0.19951 0.62778 0.78562 0.71400 0.791 0.162 1247.410 0.02611
-0.42853 -0.19970 0.62838 0.78638 0.71590 1.011 0.178 1247.440 0.02613
-0.42894 -0.19989 0.62899 0.78713 0.71781 1.103 0.185 1247.469 0.02616
-0.42936 -0.20009 0.62959 0.78789 0.71971 1.263 0.195 1247.499 0.02618
-0.42977 -0.20028 0.63019 0.78864 0.72161 1.141 0.187 1247.529 0.02621
-0.43018 -0.20047 0.63079 0.78939 0.72351 1.108 0.186 1247.559 0.02623
-0.43059 -0.20066 0.63140 0.79015 0.72541 0.985 0.178 1247.589 0.02626
-0.43100 -0.20085 0.63200 0.79090 0.72732 1.002 0.179 1247.619 0.02628
-0.43141 -0.20104 0.63260 0.79166 0.72922 1.138 0.173 1247.649 0.02631
-0.43182 -0.20123 0.63320 0.79241 0.73112 1.057 0.183 1247.679 0.02633
-0.43223 -0.20143 0.63381 0.79316 0.73302 1.184 0.191 1247.708 0.02635
-0.43264 -0.20162 0.63441 0.79392 0.73492 0.996 0.179 1247.738 0.02638
-0.43305 -0.20181 0.63501 0.79467 0.73683 1.056 0.183 1247.768 0.02640
-0.43346 -0.20200 0.63562 0.79543 0.73873 1.056 0.183 1247.798 0.02643
-0.43388 -0.20219 0.63622 0.79618 0.74063 1.057 0.183 1247.828 0.02645
-0.43429 -0.20238 0.63682 0.79693 0.74253 0.998 0.179 1247.858 0.02648
-0.43470 -0.20257 0.63742 0.79769 0.74444 0.978 0.178 1247.888 0.02650
-0.43511 -0.20277 0.63803 0.79844 0.74634 0.979 0.178 1247.918 0.02653
-0.43552 -0.20296 0.63863 0.79920 0.74824 0.899 0.172 1247.947 0.02655
-0.43593 -0.20315 0.63923 0.79995 0.75015 0.980 0.178 1247.977 0.02658
-0.43634 -0.20334 0.63983 0.80071 0.75205 0.799 0.165 1248.007 0.02660
-0.43675 -0.20353 0.64044 0.80146 0.75395 1.082 0.185 1248.037 0.02662
-0.43716 -0.20372 0.64104 0.80221 0.75585 1.022 0.180 1248.067 0.02665
-0.43758 -0.20392 0.64164 0.80297 0.75776 0.760 0.162 1248.097 0.02667
-0.43799 -0.20411 0.64225 0.80372 0.75966 0.821 0.166 1248.127 0.02670
-0.43840 -0.20430 0.64285 0.80448 0.76156 0.983 0.178 1248.157 0.02672
-0.43881 -0.20449 0.64345 0.80523 0.76347 0.822 0.166 1248.187 0.02675
-0.43922 -0.20468 0.64405 0.80599 0.76537 0.861 0.169 1248.216 0.02677
-0.43963 -0.20487 0.64466 0.80674 0.76727 1.043 0.182 1248.246 0.02680
-0.44004 -0.20507 0.64526 0.80750 0.76918 0.841 0.167 1248.276 0.02682
-0.44045 -0.20526 0.64586 0.80825 0.77108 1.063 0.183 1248.306 0.02685
-0.44086 -0.20545 0.64647 0.80901 0.77298 1.182 0.191 1248.336 0.02687
-0.44128 -0.20564 0.64707 0.80976 0.77489 1.122 0.187 1248.366 0.02690
-0.44169 -0.20583 0.64767 0.81051 0.77679 1.001 0.179 1248.396 0.02692
-0.44210 -0.20602 0.64828 0.81127 0.77870 0.598 0.148 1248.426 0.02694
-0.44251 -0.20622 0.64888 0.81202 0.78060 1.001 0.179 1248.455 0.02697
-0.44292 -0.20641 0.64948 0.81278 0.78250 1.040 0.181 1248.485 0.02699
-0.44333 -0.20660 0.65009 0.81353 0.78441 0.979 0.177 1248.515 0.02702
-0.44374 -0.20679 0.65069 0.81429 0.78631 0.778 0.163 1248.545 0.02704
-0.44416 -0.20698 0.65129 0.81504 0.78822 1.080 0.184 1248.575 0.02707
-0.44457 -0.20717 0.65189 0.81580 0.79012 1.020 0.180 1248.605 0.02709
-0.44498 -0.20737 0.65250 0.81655 0.79203 0.898 0.172 1248.635 0.02712
-0.44539 -0.20756 0.65310 0.81731 0.79393 1.138 0.188 1248.665 0.02714
-0.44580 -0.20775 0.65370 0.81806 0.79583 0.794 0.164 1248.694 0.02717
-0.44621 -0.20794 0.65431 0.81882 0.79774 0.914 0.173 1248.724 0.02719
-0.44662 -0.20813 0.65491 0.81957 0.79964 0.974 0.177 1248.754 0.02721
-0.44704 -0.20832 0.65551 0.82033 0.80155 0.733 0.160 1248.784 0.02724
-0.44745 -0.20852 0.65612 0.82108 0.80345 1.055 0.183 1248.814 0.02726
-0.44786 -0.20871 0.65672 0.82184 0.80536 1.176 0.190 1248.844 0.02729
-0.44827 -0.20890 0.65732 0.82259 0.80726 0.974 0.177 1248.874 0.02731
-0.44868 -0.20909 0.65793 0.82335 0.80917 0.892 0.171 1248.904 0.02734
-0.44909 -0.20928 0.65853 0.82410 0.81107 1.033 0.181 1248.933 0.02736
-0.44950 -0.20947 0.65914 0.82486 0.81298 0.831 0.167 1248.963 0.02739
-0.44992 -0.20967 0.65974 0.82561 0.81488 1.133 0.187 1248.993 0.02741
-0.45033 -0.20986 0.66034 0.82637 0.81679 0.891 0.171 1249.023 0.02744
-0.45074 -0.21005 0.66095 0.82712 0.81869 1.172 0.190 1249.053 0.02746
-0.45115 -0.21024 0.66155 0.82788 0.82060 0.971 0.177 1249.083 0.02749
-0.45156 -0.21043 0.66215 0.82864 0.82250 0.849 0.168 1249.113 0.02751
-0.45197 -0.21063 0.66276 0.82939 0.82441 1.010 0.180 1249.143 0.02753
-0.45239 -0.21082 0.66336 0.83015 0.82631 1.129 0.188 1249.173 0.02756
-0.45280 -0.21101 0.66396 0.83090 0.82822 1.169 0.190 1249.202 0.02758
-0.45321 -0.21120 0.66457 0.83166 0.83013 0.647 0.153 1249.232 0.02761
-0.45362 -0.21139 0.66517 0.83241 0.83203 0.867 0.170 1249.262 0.02763
-0.45403 -0.21158 0.66577 0.83317 0.83394 1.008 0.179 1249.292 0.02766
-0.45444 -0.21178 0.66638 0.83392 0.83584 1.048 0.182 1249.322 0.02768
-0.45486 -0.21197 0.66698 0.83468 0.83775 0.867 0.170 1249.352 0.02771
-0.45527 -0.21216 0.66759 0.83543 0.83966 1.028 0.181 1249.382 0.02773
-0.45568 -0.21235 0.66819 0.83619 0.84156 1.047 0.182 1249.412 0.02776
-0.45609 -0.21254 0.66879 0.83695 0.84347 1.087 0.185 1249.441 0.02778
-0.45650 -0.21274 0.66940 0.83770 0.84537 1.089 0.184 1249.471 0.02780
-0.45691 -0.21293 0.67000 0.83846 0.84728 1.136 0.187 1249.501 0.02783
-0.45733 -0.21312 0.67061 0.83921 0.84919 0.970 0.175 1249.531 0.02785
-0.45774 -0.21331 0.67121 0.83997 0.85109 1.161 0.187 1249.561 0.02788
-0.45815 -0.21350 0.67181 0.84072 0.85300 0.748 0.159 1249.591 0.02790
-0.45856 -0.21370 0.67242 0.84148 0.85491 0.966 0.175 1249.621 0.02793
-0.45897 -0.21389 0.67302 0.84224 0.85681 0.888 0.170 1249.651 0.02795
-0.45939 -0.21408 0.67362 0.84299 0.85872 0.795 0.164 1249.680 0.02798
-0.45980 -0.21427 0.67423 0.84375 0.86063 1.145 0.187 1249.710 0.02800
-0.46021 -0.21446 0.67483 0.84450 0.86253 1.047 0.181 1249.740 0.02803
-0.46062 -0.21466 0.67544 0.84526 0.86444 0.843 0.165 1249.770 0.02805
-0.46103 -0.21485 0.67604 0.84602 0.86635 1.004 0.178 1249.800 0.02808
-0.46145 -0.21504 0.67664 0.84677 0.86825 0.947 0.172 1249.830 0.02810
-0.46186 -0.21523 0.67725 0.84753 0.87016 1.060 0.180 1249.860 0.02812
-0.46227 -0.21542 0.67785 0.84828 0.87207 0.893 0.169 1249.890 0.02815
-0.46268 -0.21562 0.67846 0.84904 0.87398 1.097 0.183 1249.919 0.02817
-0.46309 -0.21581 0.67906 0.84980 0.87588 0.882 0.169 1249.949 0.02820
-0.46351 -0.21600 0.67967 0.85055 0.87779 0.731 0.159 1249.979 0.02822
-0.46392 -0.21619 0.68027 0.85131 0.87970 0.910 0.172 1250.009 0.02825
-0.46433 -0.21638 0.68087 0.85206 0.88160 0.568 0.146 1250.039 0.02827
-0.46474 -0.21658 0.68148 0.85282 0.88351 0.668 0.154 1250.069 0.02830
-0.46515 -0.21677 0.68208 0.85358 0.88542 0.649 0.152 1250.099 0.02832
-0.46557 -0.21696 0.68269 0.85433 0.88733 0.689 0.156 1250.129 0.02835
-0.46598 -0.21715 0.68329 0.85509 0.88924 0.728 0.159 1250.158 0.02837
-0.46639 -0.21734 0.68390 0.85585 0.89114 0.608 0.149 1250.188 0.02839
-0.46680 -0.21754 0.68450 0.85660 0.89305 0.349 0.124 1250.218 0.02842
-0.46721 -0.21773 0.68510 0.85736 0.89496 0.329 0.122 1250.248 0.02844
-0.46763 -0.21792 0.68571 0.85811 0.89687 0.309 0.120 1250.278 0.02847
-0.46804 -0.21811 0.68631 0.85887 0.89878 0.470 0.136 1250.308 0.02849
-0.46845 -0.21830 0.68692 0.85963 0.90068 0.510 0.140 1250.338 0.02852
-0.46886 -0.21850 0.68752 0.86038 0.90259 0.930 0.173 1250.368 0.02854
-0.46928 -0.21869 0.68813 0.86114 0.90450 0.730 0.159 1250.398 0.02857
-0.46969 -0.21888 0.68873 0.86190 0.90641 0.550 0.144 1250.427 0.02859
-0.47010 -0.21907 0.68934 0.86265 0.90832 0.751 0.160 1250.457 0.02862
-0.47051 -0.21926 0.68994 0.86341 0.91023 0.731 0.158 1250.487 0.02864
-0.47092 -0.21946 0.69054 0.86417 0.91213 0.470 0.136 1250.517 0.02866
-0.47134 -0.21965 0.69115 0.86492 0.91404 0.531 0.142 1250.547 0.02869
-0.47175 -0.21984 0.69175 0.86568 0.91595 0.871 0.169 1250.577 0.02871
-0.47216 -0.22003 0.69236 0.86644 0.91786 0.851 0.167 1250.607 0.02874
-0.47257 -0.22023 0.69296 0.86719 0.91977 1.111 0.185 1250.637 0.02876
-0.47299 -0.22042 0.69357 0.86795 0.92168 0.712 0.156 1250.666 0.02879
-0.47340 -0.22061 0.69417 0.86871 0.92359 1.092 0.184 1250.696 0.02881
-0.47381 -0.22080 0.69478 0.86946 0.92550 0.952 0.174 1250.726 0.02884
-0.47422 -0.22099 0.69538 0.87022 0.92740 0.911 0.171 1250.756 0.02886
-0.47464 -0.22119 0.69599 0.87098 0.92931 0.910 0.171 1250.786 0.02889
-0.47505 -0.22138 0.69659 0.87173 0.93122 1.309 0.197 1250.816 0.02891
-0.47546 -0.22157 0.69720 0.87249 0.93313 0.949 0.174 1250.846 0.02894
-0.47587 -0.22176 0.69780 0.87325 0.93504 0.967 0.175 1250.876 0.02896
-0.47629 -0.22196 0.69841 0.87400 0.93695 1.046 0.181 1250.905 0.02898
-0.47670 -0.22215 0.69901 0.87476 0.93886 1.067 0.182 1250.935 0.02901
-0.47711 -0.22234 0.69962 0.87552 0.94077 1.068 0.182 1250.965 0.02903
-0.47752 -0.22253 0.70022 0.87628 0.94268 0.808 0.164 1250.995 0.02906
-0.47794 -0.22272 0.70083 0.87703 0.94459 0.987 0.177 1251.025 0.02908
-0.47835 -0.22292 0.70143 0.87779 0.94650 0.947 0.174 1251.055 0.02911
-0.47876 -0.22311 0.70204 0.87855 0.94841 0.687 0.155 1251.085 0.02913
-0.47917 -0.22330 0.70264 0.87930 0.95032 1.085 0.183 1251.115 0.02916
-0.47959 -0.22349 0.70325 0.88006 0.95223 0.986 0.177 1251.144 0.02918
-0.48000 -0.22369 0.70385 0.88082 0.95414 1.185 0.190 1251.174 0.02921
-0.48041 -0.22388 0.70446 0.88157 0.95605 0.906 0.171 1251.204 0.02923
-0.48082 -0.22407 0.70506 0.88233 0.95796 0.887 0.169 1251.234 0.02925
-0.48124 -0.22426 0.70567 0.88309 0.95987 0.826 0.165 1251.264 0.02928
-0.48165 -0.22445 0.70627 0.88385 0.96178 0.946 0.174 1251.294 0.02930
-0.48206 -0.22465 0.70688 0.88460 0.96369 1.044 0.180 1251.324 0.02933
-0.48247 -0.22484 0.70748 0.88536 0.96560 1.083 0.183 1251.354 0.02935
-0.48289 -0.22503 0.70809 0.88612 0.96751 0.963 0.175 1251.384 0.02938
-0.48330 -0.22522 0.70869 0.88688 0.96942 0.684 0.155 1251.413 0.02940
-0.48371 -0.22542 0.70930 0.88763 0.97133 0.782 0.162 1251.443 0.02943
-0.48413 -0.22561 0.70990 0.88839 0.97324 0.762 0.161 1251.473 0.02945
-0.48454 -0.22580 0.71051 0.88915 0.97515 0.881 0.169 1251.503 0.02948
-0.48495 -0.22599 0.71111 0.88991 0.97706 1.021 0.179 1251.533 0.02950
-0.48536 -0.22619 0.71172 0.89066 0.97898 1.041 0.180 1251.563 0.02953
-0.48578 -0.22638 0.71232 0.89142 0.98089 0.902 0.171 1251.593 0.02955
-0.48619 -0.22657 0.71293 0.89218 0.98280 1.180 0.189 1251.623 0.02957
-0.48660 -0.22676 0.71353 0.89294 0.98471 0.980 0.175 1251.652 0.02960
-0.48702 -0.22696 0.71414 0.89369 0.98662 0.921 0.172 1251.682 0.02962
-0.48743 -0.22715 0.71475 0.89445 0.98853 1.160 0.188 1251.712 0.02965
-0.48784 -0.22734 0.71535 0.89521 0.99044 0.960 0.175 1251.742 0.02967
-0.48825 -0.22753 0.71596 0.89597 0.99235 1.079 0.182 1251.772 0.02970
-0.48867 -0.22772 0.71656 0.89672 0.99427 1.020 0.179 1251.802 0.02972
-0.48908 -0.22792 0.71717 0.89748 0.99618 0.880 0.169 1251.832 0.02975
-0.48949 -0.22811 0.71777 0.89824 0.99809 0.999 0.177 1251.862 0.02977
-0.48991 -0.22830 0.71838 0.89900 1.00000 1.078 0.182 1251.891 0.02980
