x y z dist_scaled dist_frac flux_norm
-0.38095 -0.10290 0.31125 0.50258 0.00000 1.172
-0.38152 -0.10305 0.31171 0.50333 0.00188 0.930
-0.38208 -0.10321 0.31217 0.50407 0.00375 1.205
-0.38264 -0.10336 0.31263 0.50481 0.00563 1.102
-0.38321 -0.10351 0.31309 0.50556 0.00751 0.790
-0.38377 -0.10366 0.31355 0.50630 0.00938 1.167
-0.38434 -0.10382 0.31401 0.50705 0.01126 0.892
-0.38490 -0.10397 0.31447 0.50779 0.01313 1.371
-0.38546 -0.10412 0.31493 0.50853 0.01501 1.509
-0.38603 -0.10427 0.31539 0.50928 0.01689 1.132
-0.38659 -0.10442 0.31586 0.51002 0.01876 1.337
-0.38715 -0.10458 0.31632 0.51077 0.02064 0.856
-0.38772 -0.10473 0.31678 0.51151 0.02252 0.889
-0.38828 -0.10488 0.31724 0.51225 0.02440 1.025
-0.38885 -0.10503 0.31770 0.51300 0.02627 0.990
-0.38941 -0.10519 0.31816 0.51374 0.02815 0.819
-0.38997 -0.10534 0.31862 0.51449 0.03003 1.160
-0.39054 -0.10549 0.31908 0.51523 0.03190 0.885
-0.39110 -0.10564 0.31954 0.51597 0.03378 1.120
-0.39167 -0.10580 0.32000 0.51672 0.03566 1.053
-0.39223 -0.10595 0.32046 0.51746 0.03754 1.122
-0.39280 -0.10610 0.32092 0.51821 0.03941 0.885
-0.39336 -0.10625 0.32139 0.51895 0.04129 1.258
-0.39392 -0.10641 0.32185 0.51970 0.04317 0.947
-0.39449 -0.10656 0.32231 0.52044 0.04505 1.083
-0.39505 -0.10671 0.32277 0.52118 0.04692 1.150
-0.39562 -0.10686 0.32323 0.52193 0.04880 1.046
-0.39618 -0.10702 0.32369 0.52267 0.05068 0.978
-0.39674 -0.10717 0.32415 0.52342 0.05256 1.113
-0.39731 -0.10732 0.32461 0.52416 0.05444 1.150
-0.39787 -0.10747 0.32507 0.52491 0.05631 1.321
-0.39844 -0.10762 0.32553 0.52565 0.05819 1.048
-0.39900 -0.10778 0.32600 0.52640 0.06007 0.879
-0.39957 -0.10793 0.32646 0.52714 0.06195 0.944
-0.40013 -0.10808 0.32692 0.52788 0.06383 1.215
-0.40070 -0.10823 0.32738 0.52863 0.06571 1.079
-0.40126 -0.10839 0.32784 0.52937 0.06758 1.009
-0.40182 -0.10854 0.32830 0.53012 0.06946 0.669
-0.40239 -0.10869 0.32876 0.53086 0.07134 0.905
-0.40295 -0.10884 0.32922 0.53161 0.07322 1.280
-0.40352 -0.10900 0.32969 0.53235 0.07510 0.907
-0.40408 -0.10915 0.33015 0.53310 0.07698 1.143
-0.40465 -0.10930 0.33061 0.53384 0.07886 1.009
-0.40521 -0.10945 0.33107 0.53459 0.08074 1.210
-0.40578 -0.10961 0.33153 0.53533 0.08261 1.499
-0.40634 -0.10976 0.33199 0.53608 0.08449 1.141
-0.40691 -0.10991 0.33245 0.53682 0.08637 1.336
-0.40747 -0.11006 0.33291 0.53757 0.08825 1.298
-0.40804 -0.11022 0.33338 0.53831 0.09013 0.795
-0.40860 -0.11037 0.33384 0.53906 0.09201 0.914
-0.40916 -0.11052 0.33430 0.53980 0.09389 0.795
-0.40973 -0.11067 0.33476 0.54055 0.09577 0.437
-0.41029 -0.11083 0.33522 0.54129 0.09765 0.965
-0.41086 -0.11098 0.33568 0.54204 0.09953 1.025
-0.41142 -0.11113 0.33614 0.54278 0.10141 1.290
-0.41199 -0.11129 0.33661 0.54353 0.10329 0.894
-0.41255 -0.11144 0.33707 0.54427 0.10517 1.232
-0.41312 -0.11159 0.33753 0.54502 0.10705 1.051
-0.41368 -0.11174 0.33799 0.54576 0.10893 0.816
-0.41425 -0.11190 0.33845 0.54651 0.11081 0.650
-0.41481 -0.11205 0.33891 0.54725 0.11269 0.897
-0.41538 -0.11220 0.33938 0.54800 0.11457 0.420
-0.41594 -0.11235 0.33984 0.54874 0.11645 0.400
-0.41651 -0.11251 0.34030 0.54949 0.11833 0.669
-0.41707 -0.11266 0.34076 0.55024 0.12021 0.400
-0.41764 -0.11281 0.34122 0.55098 0.12209 0.567
-0.41820 -0.11296 0.34168 0.55173 0.12397 0.466
-0.41877 -0.11312 0.34215 0.55247 0.12585 0.566
-0.41933 -0.11327 0.34261 0.55322 0.12773 0.835
-0.41990 -0.11342 0.34307 0.55396 0.12961 1.034
-0.42046 -0.11357 0.34353 0.55471 0.13149 0.902
-0.42103 -0.11373 0.34399 0.55545 0.13338 0.601
-0.42159 -0.11388 0.34445 0.55620 0.13526 1.003
-0.42216 -0.11403 0.34492 0.55695 0.13714 1.202
-0.42272 -0.11419 0.34538 0.55769 0.13902 0.700
-0.42329 -0.11434 0.34584 0.55844 0.14090 0.865
-0.42385 -0.11449 0.34630 0.55918 0.14278 0.965
-0.42442 -0.11464 0.34676 0.55993 0.14466 0.866
-0.42499 -0.11480 0.34722 0.56067 0.14654 1.031
-0.42555 -0.11495 0.34769 0.56142 0.14843 0.932
-0.42612 -0.11510 0.34815 0.56217 0.15031 1.367
-0.42668 -0.11525 0.34861 0.56291 0.15219 0.963
-0.42725 -0.11541 0.34907 0.56366 0.15407 1.196
-0.42781 -0.11556 0.34953 0.56440 0.15595 0.797
-0.42838 -0.11571 0.35000 0.56515 0.15783 0.861
-0.42894 -0.11586 0.35046 0.56590 0.15972 0.661
-0.42951 -0.11602 0.35092 0.56664 0.16160 0.961
-0.43007 -0.11617 0.35138 0.56739 0.16348 0.727
-0.43064 -0.11632 0.35184 0.56813 0.16536 0.895
-0.43121 -0.11648 0.35231 0.56888 0.16724 0.761
-0.43177 -0.11663 0.35277 0.56963 0.16913 1.092
-0.43234 -0.11678 0.35323 0.57037 0.17101 0.594
-0.43290 -0.11693 0.35369 0.57112 0.17289 1.025
-0.43347 -0.11709 0.35416 0.57186 0.17477 0.926
-0.43403 -0.11724 0.35462 0.57261 0.17665 0.825
-0.43460 -0.11739 0.35508 0.57336 0.17854 1.124
-0.43516 -0.11755 0.35554 0.57410 0.18042 0.726
-0.43573 -0.11770 0.35600 0.57485 0.18230 1.090
-0.43630 -0.11785 0.35647 0.57560 0.18419 0.992
-0.43686 -0.11800 0.35693 0.57634 0.18607 0.825
-0.43743 -0.11816 0.35739 0.57709 0.18795 1.122
-0.43799 -0.11831 0.35785 0.57784 0.18983 1.286
-0.43856 -0.11846 0.35831 0.57858 0.19172 1.119
-0.43913 -0.11862 0.35878 0.57933 0.19360 1.053
-0.43969 -0.11877 0.35924 0.58007 0.19548 0.954
-0.44026 -0.11892 0.35970 0.58082 0.19737 0.754
-0.44082 -0.11907 0.36016 0.58157 0.19925 0.853
-0.44139 -0.11923 0.36063 0.58231 0.20113 1.380
-0.44195 -0.11938 0.36109 0.58306 0.20302 1.117
-0.44252 -0.11953 0.36155 0.58381 0.20490 0.886
-0.44309 -0.11969 0.36201 0.58455 0.20678 1.346
-0.44365 -0.11984 0.36248 0.58530 0.20867 1.018
-0.44422 -0.11999 0.36294 0.58605 0.21055 1.147
-0.44478 -0.12014 0.36340 0.58679 0.21243 1.081
-0.44535 -0.12030 0.36386 0.58754 0.21432 0.916
-0.44592 -0.12045 0.36433 0.58829 0.21620 1.374
-0.44648 -0.12060 0.36479 0.58904 0.21809 1.012
-0.44705 -0.12076 0.36525 0.58978 0.21997 0.847
-0.44761 -0.12091 0.36571 0.59053 0.22185 0.683
-0.44818 -0.12106 0.36618 0.59128 0.22374 0.621
-0.44875 -0.12121 0.36664 0.59202 0.22562 0.916
-0.44931 -0.12137 0.36710 0.59277 0.22751 0.589
-0.44988 -0.12152 0.36756 0.59352 0.22939 0.523
-0.45045 -0.12167 0.36803 0.59426 0.23128 0.162
-0.45101 -0.12183 0.36849 0.59501 0.23316 0.325
-0.45158 -0.12198 0.36895 0.59576 0.23504 0.096
-0.45214 -0.12213 0.36941 0.59650 0.23693 0.128
-0.45271 -0.12228 0.36988 0.59725 0.23881 0.256
-0.45328 -0.12244 0.37034 0.59800 0.24070 0.223
-0.45384 -0.12259 0.37080 0.59875 0.24258 0.419
-0.45441 -0.12274 0.37127 0.59949 0.24447 0.517
-0.45498 -0.12290 0.37173 0.60024 0.24635 0.387
-0.45554 -0.12305 0.37219 0.60099 0.24824 0.423
-0.45611 -0.12320 0.37265 0.60174 0.25012 0.326
-0.45668 -0.12336 0.37312 0.60248 0.25201 0.195
-0.45724 -0.12351 0.37358 0.60323 0.25389 0.065
-0.45781 -0.12366 0.37404 0.60398 0.25578 0.000
-0.45837 -0.12381 0.37451 0.60472 0.25766 0.099
-0.45894 -0.12397 0.37497 0.60547 0.25955 0.164
-0.45951 -0.12412 0.37543 0.60622 0.26144 0.099
-0.46007 -0.12427 0.37589 0.60697 0.26332 0.525
-0.46064 -0.12443 0.37636 0.60771 0.26521 0.786
-0.46121 -0.12458 0.37682 0.60846 0.26709 0.687
-0.46177 -0.12473 0.37728 0.60921 0.26898 1.014
-0.46234 -0.12489 0.37775 0.60996 0.27086 1.111
-0.46291 -0.12504 0.37821 0.61070 0.27275 0.951
-0.46347 -0.12519 0.37867 0.61145 0.27464 1.027
-0.46404 -0.12535 0.37913 0.61220 0.27652 0.782
-0.46461 -0.12550 0.37960 0.61295 0.27841 1.143
-0.46517 -0.12565 0.38006 0.61370 0.28029 1.030
-0.46574 -0.12580 0.38052 0.61444 0.28218 1.124
-0.46631 -0.12596 0.38099 0.61519 0.28407 1.028
-0.46688 -0.12611 0.38145 0.61594 0.28595 1.297
-0.46744 -0.12626 0.38191 0.61669 0.28784 0.888
-0.46801 -0.12642 0.38238 0.61743 0.28973 0.826
-0.46858 -0.12657 0.38284 0.61818 0.29161 0.703
-0.46914 -0.12672 0.38330 0.61893 0.29350 1.270
-0.46971 -0.12688 0.38377 0.61968 0.29539 0.967
-0.47028 -0.12703 0.38423 0.62043 0.29727 1.088
-0.47084 -0.12718 0.38469 0.62117 0.29916 1.301
-0.47141 -0.12734 0.38516 0.62192 0.30105 1.151
-0.47198 -0.12749 0.38562 0.62267 0.30293 0.871
-0.47254 -0.12764 0.38608 0.62342 0.30482 1.330
-0.47311 -0.12780 0.38655 0.62417 0.30671 0.781
-0.47368 -0.12795 0.38701 0.62491 0.30859 0.843
-0.47425 -0.12810 0.38747 0.62566 0.31048 0.969
-0.47481 -0.12825 0.38794 0.62641 0.31237 0.904
-0.47538 -0.12841 0.38840 0.62716 0.31426 1.035
-0.47595 -0.12856 0.38886 0.62791 0.31614 1.131
-0.47651 -0.12871 0.38933 0.62866 0.31803 1.167
-0.47708 -0.12887 0.38979 0.62940 0.31992 0.824
-0.47765 -0.12902 0.39025 0.63015 0.32181 1.253
-0.47822 -0.12917 0.39072 0.63090 0.32369 0.991
-0.47878 -0.12933 0.39118 0.63165 0.32558 1.061
-0.47935 -0.12948 0.39164 0.63240 0.32747 0.979
-0.47992 -0.12963 0.39211 0.63315 0.32936 1.012
-0.48048 -0.12979 0.39257 0.63389 0.33125 0.689
-0.48105 -0.12994 0.39303 0.63464 0.33313 0.994
-0.48162 -0.13009 0.39350 0.63539 0.33502 0.900
-0.48219 -0.13025 0.39396 0.63614 0.33691 1.109
-0.48275 -0.13040 0.39442 0.63689 0.33880 0.824
-0.48332 -0.13055 0.39489 0.63764 0.34069 0.729
-0.48389 -0.13071 0.39535 0.63838 0.34258 0.938
-0.48446 -0.13086 0.39581 0.63913 0.34446 1.074
-0.48502 -0.13101 0.39628 0.63988 0.34635 1.079
-0.48559 -0.13117 0.39674 0.64063 0.34824 0.900
-0.48616 -0.13132 0.39721 0.64138 0.35013 0.999
-0.48673 -0.13147 0.39767 0.64213 0.35202 0.816
-0.48729 -0.13163 0.39813 0.64288 0.35391 0.985
-0.48786 -0.13178 0.39860 0.64363 0.35580 0.773
-0.48843 -0.13193 0.39906 0.64437 0.35769 0.775
-0.48900 -0.13209 0.39952 0.64512 0.35957 1.002
-0.48956 -0.13224 0.39999 0.64587 0.36146 0.775
-0.49013 -0.13239 0.40045 0.64662 0.36335 0.902
-0.49070 -0.13255 0.40092 0.64737 0.36524 0.905
-0.49127 -0.13270 0.40138 0.64812 0.36713 1.188
-0.49184 -0.13285 0.40184 0.64887 0.36902 1.002
-0.49240 -0.13301 0.40231 0.64962 0.37091 0.868
-0.49297 -0.13316 0.40277 0.65037 0.37280 1.292
-0.49354 -0.13331 0.40323 0.65111 0.37469 1.179
-0.49411 -0.13347 0.40370 0.65186 0.37658 1.032
-0.49467 -0.13362 0.40416 0.65261 0.37847 0.807
-0.49524 -0.13377 0.40463 0.65336 0.38036 0.775
-0.49581 -0.13393 0.40509 0.65411 0.38225 1.291
-0.49638 -0.13408 0.40555 0.65486 0.38414 1.290
-0.49695 -0.13423 0.40602 0.65561 0.38603 0.808
-0.49751 -0.13439 0.40648 0.65636 0.38792 1.161
-0.49808 -0.13454 0.40695 0.65711 0.38981 1.193
-0.49865 -0.13469 0.40741 0.65786 0.39170 0.839
-0.49922 -0.13485 0.40787 0.65861 0.39359 1.065
-0.49979 -0.13500 0.40834 0.65936 0.39548 0.935
-0.50035 -0.13515 0.40880 0.66011 0.39737 1.223
-0.50092 -0.13531 0.40927 0.66085 0.39926 1.189
-0.50149 -0.13546 0.40973 0.66160 0.40115 1.092
-0.50206 -0.13561 0.41019 0.66235 0.40304 0.902
-0.50263 -0.13577 0.41066 0.66310 0.40493 0.933
-0.50319 -0.13592 0.41112 0.66385 0.40682 0.900
-0.50376 -0.13607 0.41159 0.66460 0.40871 0.868
-0.50433 -0.13623 0.41205 0.66535 0.41060 1.061
-0.50490 -0.13638 0.41252 0.66610 0.41249 0.739
-0.50547 -0.13654 0.41298 0.66685 0.41438 1.058
-0.50603 -0.13669 0.41344 0.66760 0.41628 0.801
-0.50660 -0.13684 0.41391 0.66835 0.41817 0.929
-0.50717 -0.13700 0.41437 0.66910 0.42006 1.572
-0.50774 -0.13715 0.41484 0.66985 0.42195 0.673
-0.50831 -0.13730 0.41530 0.67060 0.42384 0.830
-0.50888 -0.13746 0.41577 0.67135 0.42573 1.053
-0.50944 -0.13761 0.41623 0.67210 0.42762 1.085
-0.51001 -0.13776 0.41669 0.67285 0.42951 0.956
-0.51058 -0.13792 0.41716 0.67360 0.43141 0.634
-0.51115 -0.13807 0.41762 0.67435 0.43330 1.020
-0.51172 -0.13822 0.41809 0.67510 0.43519 1.086
-0.51229 -0.13838 0.41855 0.67585 0.43708 1.023
-0.51285 -0.13853 0.41902 0.67660 0.43897 0.800
-0.51342 -0.13868 0.41948 0.67735 0.44087 1.249
-0.51399 -0.13884 0.41995 0.67810 0.44276 1.022
-0.51456 -0.13899 0.42041 0.67885 0.44465 0.702
-0.51513 -0.13914 0.42087 0.67960 0.44654 1.022
-0.51570 -0.13930 0.42134 0.68035 0.44843 1.085
-0.51627 -0.13945 0.42180 0.68110 0.45033 0.988
-0.51683 -0.13961 0.42227 0.68185 0.45222 1.276
-0.51740 -0.13976 0.42273 0.68260 0.45411 0.860
-0.51797 -0.13991 0.42320 0.68335 0.45600 1.242
-0.51854 -0.14007 0.42366 0.68410 0.45790 1.339
-0.51911 -0.14022 0.42413 0.68485 0.45979 0.860
-0.51968 -0.14037 0.42459 0.68560 0.46168 1.150
-0.52025 -0.14053 0.42506 0.68635 0.46357 1.149
-0.52081 -0.14068 0.42552 0.68710 0.46547 1.341
-0.52138 -0.14083 0.42598 0.68785 0.46736 1.086
-0.52195 -0.14099 0.42645 0.68860 0.46925 1.084
-0.52252 -0.14114 0.42691 0.68935 0.47114 1.020
-0.52309 -0.14130 0.42738 0.69010 0.47304 0.860
-0.52366 -0.14145 0.42784 0.69085 0.47493 0.923
-0.52423 -0.14160 0.42831 0.69160 0.47682 0.891
-0.52480 -0.14176 0.42877 0.69235 0.47872 0.891
-0.52537 -0.14191 0.42924 0.69310 0.48061 0.925
-0.52593 -0.14206 0.42970 0.69385 0.48250 0.988
-0.52650 -0.14222 0.43017 0.69461 0.48440 1.022
-0.52707 -0.14237 0.43063 0.69536 0.48629 1.311
-0.52764 -0.14252 0.43110 0.69611 0.48818 0.831
-0.52821 -0.14268 0.43156 0.69686 0.49008 0.946
-0.52878 -0.14283 0.43203 0.69761 0.49197 1.030
-0.52935 -0.14299 0.43249 0.69836 0.49387 1.094
-0.52992 -0.14314 0.43296 0.69911 0.49576 0.981
-0.53049 -0.14329 0.43342 0.69986 0.49765 1.372
-0.53106 -0.14345 0.43389 0.70061 0.49955 1.020
-0.53162 -0.14360 0.43435 0.70136 0.50144 1.163
-0.53219 -0.14375 0.43482 0.70211 0.50334 1.151
-0.53276 -0.14391 0.43528 0.70286 0.50523 1.109
-0.53333 -0.14406 0.43575 0.70361 0.50712 0.658
-0.53390 -0.14422 0.43621 0.70437 0.50902 0.920
-0.53447 -0.14437 0.43668 0.70512 0.51091 0.635
-0.53504 -0.14452 0.43714 0.70587 0.51281 1.007
-0.53561 -0.14468 0.43761 0.70662 0.51470 1.014
-0.53618 -0.14483 0.43807 0.70737 0.51660 0.921
-0.53675 -0.14498 0.43854 0.70812 0.51849 0.834
-0.53732 -0.14514 0.43900 0.70887 0.52039 0.877
-0.53789 -0.14529 0.43947 0.70962 0.52228 1.198
-0.53846 -0.14545 0.43993 0.71037 0.52418 0.778
-0.53903 -0.14560 0.44040 0.71112 0.52607 0.735
-0.53959 -0.14575 0.44086 0.71188 0.52797 1.397
-0.54016 -0.14591 0.44133 0.71263 0.52986 0.952
-0.54073 -0.14606 0.44179 0.71338 0.53176 1.238
-0.54130 -0.14622 0.44226 0.71413 0.53365 1.047
-0.54187 -0.14637 0.44272 0.71488 0.53555 0.856
-0.54244 -0.14652 0.44319 0.71563 0.53744 0.793
-0.54301 -0.14668 0.44366 0.71638 0.53934 0.856
-0.54358 -0.14683 0.44412 0.71714 0.54123 1.012
-0.54415 -0.14698 0.44459 0.71789 0.54313 0.757
-0.54472 -0.14714 0.44505 0.71864 0.54502 0.564
-0.54529 -0.14729 0.44552 0.71939 0.54692 0.788
-0.54586 -0.14745 0.44598 0.72014 0.54882 0.979
-0.54643 -0.14760 0.44645 0.72089 0.55071 0.725
-0.54700 -0.14775 0.44691 0.72164 0.55261 0.821
-0.54757 -0.14791 0.44738 0.72240 0.55450 1.233
-0.54814 -0.14806 0.44784 0.72315 0.55640 0.947
-0.54871 -0.14822 0.44831 0.72390 0.55829 1.392
-0.54928 -0.14837 0.44878 0.72465 0.56019 0.661
-0.54985 -0.14852 0.44924 0.72540 0.56209 1.139
-0.55042 -0.14868 0.44971 0.72615 0.56398 1.045
-0.55099 -0.14883 0.45017 0.72691 0.56588 1.045
-0.55156 -0.14898 0.45064 0.72766 0.56778 1.173
-0.55213 -0.14914 0.45110 0.72841 0.56967 1.078
-0.55270 -0.14929 0.45157 0.72916 0.57157 0.792
-0.55327 -0.14945 0.45203 0.72991 0.57347 1.333
-0.55384 -0.14960 0.45250 0.73066 0.57536 1.079
-0.55441 -0.14975 0.45297 0.73142 0.57726 0.984
-0.55498 -0.14991 0.45343 0.73217 0.57916 0.636
-0.55555 -0.15006 0.45390 0.73292 0.58105 1.241
-0.55612 -0.15022 0.45436 0.73367 0.58295 1.465
-0.55669 -0.15037 0.45483 0.73442 0.58485 0.860
-0.55726 -0.15052 0.45529 0.73518 0.58674 1.145
-0.55783 -0.15068 0.45576 0.73593 0.58864 0.857
-0.55840 -0.15083 0.45623 0.73668 0.59054 1.620
-0.55897 -0.15099 0.45669 0.73743 0.59244 1.112
-0.55954 -0.15114 0.45716 0.73819 0.59433 0.858
-0.56011 -0.15129 0.45762 0.73894 0.59623 0.890
-0.56068 -0.15145 0.45809 0.73969 0.59813 0.826
-0.56125 -0.15160 0.45855 0.74044 0.60003 0.985
-0.56182 -0.15176 0.45902 0.74119 0.60192 0.633
-0.56239 -0.15191 0.45949 0.74195 0.60382 1.013
-0.56296 -0.15206 0.45995 0.74270 0.60572 1.363
-0.56353 -0.15222 0.46042 0.74345 0.60762 1.331
-0.56410 -0.15237 0.46088 0.74420 0.60951 0.791
-0.56467 -0.15253 0.46135 0.74496 0.61141 1.076
-0.56524 -0.15268 0.46182 0.74571 0.61331 1.280
-0.56581 -0.15283 0.46228 0.74646 0.61521 1.078
-0.56638 -0.15299 0.46275 0.74721 0.61711 1.419
-0.56695 -0.15314 0.46321 0.74797 0.61900 1.059
-0.56752 -0.15330 0.46368 0.74872 0.62090 1.024
-0.56809 -0.15345 0.46415 0.74947 0.62280 0.798
-0.56866 -0.15361 0.46461 0.75022 0.62470 1.083
-0.56923 -0.15376 0.46508 0.75098 0.62660 1.179
-0.56980 -0.15391 0.46554 0.75173 0.62850 0.982
-0.57037 -0.15407 0.46601 0.75248 0.63040 0.748
-0.57094 -0.15422 0.46648 0.75323 0.63229 1.098
-0.57151 -0.15438 0.46694 0.75399 0.63419 0.849
-0.57208 -0.15453 0.46741 0.75474 0.63609 0.817
-0.57266 -0.15468 0.46787 0.75549 0.63799 0.837
-0.57323 -0.15484 0.46834 0.75624 0.63989 0.998
-0.57380 -0.15499 0.46881 0.75700 0.64179 1.229
-0.57437 -0.15515 0.46927 0.75775 0.64369 0.995
-0.57494 -0.15530 0.46974 0.75850 0.64559 0.974
-0.57551 -0.15545 0.47021 0.75926 0.64749 0.873
-0.57608 -0.15561 0.47067 0.76001 0.64939 0.865
-0.57665 -0.15576 0.47114 0.76076 0.65129 0.658
-0.57722 -0.15592 0.47161 0.76151 0.65318 0.753
-0.57779 -0.15607 0.47207 0.76227 0.65508 0.945
-0.57836 -0.15623 0.47254 0.76302 0.65698 0.787
-0.57893 -0.15638 0.47300 0.76377 0.65888 0.914
-0.57950 -0.15653 0.47347 0.76453 0.66078 1.009
-0.58007 -0.15669 0.47394 0.76528 0.66268 1.168
-0.58065 -0.15684 0.47440 0.76603 0.66458 0.851
-0.58122 -0.15700 0.47487 0.76679 0.66648 1.011
-0.58179 -0.15715 0.47534 0.76754 0.66838 1.106
-0.58236 -0.15730 0.47580 0.76829 0.67028 1.233
-0.58293 -0.15746 0.47627 0.76905 0.67218 0.788
-0.58350 -0.15761 0.47674 0.76980 0.67408 0.820
-0.58407 -0.15777 0.47720 0.77055 0.67598 0.978
-0.58464 -0.15792 0.47767 0.77131 0.67788 0.979
-0.58521 -0.15808 0.47814 0.77206 0.67978 0.979
-0.58578 -0.15823 0.47860 0.77281 0.68168 1.328
-0.58636 -0.15838 0.47907 0.77357 0.68358 0.821
-0.58693 -0.15854 0.47953 0.77432 0.68549 0.981
-0.58750 -0.15869 0.48000 0.77507 0.68739 0.757
-0.58807 -0.15885 0.48047 0.77583 0.68929 0.631
-0.58864 -0.15900 0.48093 0.77658 0.69119 0.758
-0.58921 -0.15916 0.48140 0.77733 0.69309 0.694
-0.58978 -0.15931 0.48187 0.77809 0.69499 0.948
-0.59035 -0.15946 0.48233 0.77884 0.69689 0.439
-0.59092 -0.15962 0.48280 0.77959 0.69879 0.567
-0.59150 -0.15977 0.48327 0.78035 0.70069 0.472
-0.59207 -0.15993 0.48373 0.78110 0.70259 0.632
-0.59264 -0.16008 0.48420 0.78186 0.70449 0.568
-0.59321 -0.16024 0.48467 0.78261 0.70640 0.791
-0.59378 -0.16039 0.48514 0.78336 0.70830 0.665
-0.59435 -0.16054 0.48560 0.78412 0.71020 0.950
-0.59492 -0.16070 0.48607 0.78487 0.71210 0.919
-0.59549 -0.16085 0.48654 0.78562 0.71400 1.110
-0.59607 -0.16101 0.48700 0.78638 0.71590 1.014
-0.59664 -0.16116 0.48747 0.78713 0.71781 0.728
-0.59721 -0.16132 0.48794 0.78789 0.71971 1.238
-0.59778 -0.16147 0.48840 0.78864 0.72161 1.109
-0.59835 -0.16163 0.48887 0.78939 0.72351 1.141
-0.59892 -0.16178 0.48934 0.79015 0.72541 1.173
-0.59950 -0.16193 0.48980 0.79090 0.72732 1.173
-0.60007 -0.16209 0.49027 0.79166 0.72922 0.724
-0.60064 -0.16224 0.49074 0.79241 0.73112 1.073
-0.60121 -0.16240 0.49120 0.79316 0.73302 1.137
-0.60178 -0.16255 0.49167 0.79392 0.73492 0.787
-0.60235 -0.16271 0.49214 0.79467 0.73683 1.263
-0.60292 -0.16286 0.49261 0.79543 0.73873 0.882
-0.60350 -0.16301 0.49307 0.79618 0.74063 1.233
-0.60407 -0.16317 0.49354 0.79693 0.74253 1.106
-0.60464 -0.16332 0.49401 0.79769 0.74444 1.298
-0.60521 -0.16348 0.49447 0.79844 0.74634 1.107
-0.60578 -0.16363 0.49494 0.79920 0.74824 1.269
-0.60635 -0.16379 0.49541 0.79995 0.75015 0.917
-0.60693 -0.16394 0.49588 0.80071 0.75205 0.883
-0.60750 -0.16410 0.49634 0.80146 0.75395 0.945
-0.60807 -0.16425 0.49681 0.80221 0.75585 0.944
-0.60864 -0.16440 0.49728 0.80297 0.75776 1.275
-0.60921 -0.16456 0.49774 0.80372 0.75966 0.848
-0.60979 -0.16471 0.49821 0.80448 0.76156 0.866
-0.61036 -0.16487 0.49868 0.80523 0.76347 1.165
-0.61093 -0.16502 0.49915 0.80599 0.76537 1.091
-0.61150 -0.16518 0.49961 0.80674 0.76727 1.040
-0.61207 -0.16533 0.50008 0.80750 0.76918 1.028
-0.61265 -0.16549 0.50055 0.80825 0.77108 1.391
-0.61322 -0.16564 0.50102 0.80901 0.77298 1.104
-0.61379 -0.16580 0.50148 0.80976 0.77489 0.784
-0.61436 -0.16595 0.50195 0.81051 0.77679 1.199
-0.61493 -0.16610 0.50242 0.81127 0.77870 0.945
-0.61551 -0.16626 0.50289 0.81202 0.78060 1.173
-0.61608 -0.16641 0.50335 0.81278 0.78250 0.981
-0.61665 -0.16657 0.50382 0.81353 0.78441 0.598
-0.61722 -0.16672 0.50429 0.81429 0.78631 1.204
-0.61779 -0.16688 0.50476 0.81504 0.78822 0.887
-0.61837 -0.16703 0.50522 0.81580 0.79012 1.112
-0.61894 -0.16719 0.50569 0.81655 0.79203 0.856
-0.61951 -0.16734 0.50616 0.81731 0.79393 0.824
-0.62008 -0.16750 0.50663 0.81806 0.79583 1.177
-0.62066 -0.16765 0.50709 0.81882 0.79774 0.888
-0.62123 -0.16780 0.50756 0.81957 0.79964 1.305
-0.62180 -0.16796 0.50803 0.82033 0.80155 1.146
-0.62237 -0.16811 0.50850 0.82108 0.80345 0.988
-0.62295 -0.16827 0.50896 0.82184 0.80536 0.924
-0.62352 -0.16842 0.50943 0.82259 0.80726 1.405
-0.62409 -0.16858 0.50990 0.82335 0.80917 1.242
-0.62466 -0.16873 0.51037 0.82410 0.81107 1.148
-0.62523 -0.16889 0.51083 0.82486 0.81298 0.853
-0.62581 -0.16904 0.51130 0.82561 0.81488 1.036
-0.62638 -0.16920 0.51177 0.82637 0.81679 1.075
-0.62695 -0.16935 0.51224 0.82712 0.81869 1.038
-0.62752 -0.16951 0.51270 0.82788 0.82060 1.027
-0.62810 -0.16966 0.51317 0.82864 0.82250 0.866
-0.62867 -0.16981 0.51364 0.82939 0.82441 1.109
-0.62924 -0.16997 0.51411 0.83015 0.82631 0.988
-0.62981 -0.17012 0.51458 0.83090 0.82822 1.391
-0.63039 -0.17028 0.51504 0.83166 0.83013 1.072
-0.63096 -0.17043 0.51551 0.83241 0.83203 1.162
-0.63153 -0.17059 0.51598 0.83317 0.83394 1.081
-0.63211 -0.17074 0.51645 0.83392 0.83584 1.157
-0.63268 -0.17090 0.51692 0.83468 0.83775 1.154
-0.63325 -0.17105 0.51738 0.83543 0.83966 0.847
-0.63382 -0.17121 0.51785 0.83619 0.84156 1.044
-0.63440 -0.17136 0.51832 0.83695 0.84347 0.837
-0.63497 -0.17152 0.51879 0.83770 0.84537 1.443
-0.63554 -0.17167 0.51926 0.83846 0.84728 1.348
-0.63611 -0.17183 0.51972 0.83921 0.84919 1.027
-0.63669 -0.17198 0.52019 0.83997 0.85109 1.058
-0.63726 -0.17213 0.52066 0.84072 0.85300 0.799
-0.63783 -0.17229 0.52113 0.84148 0.85491 1.343
-0.63841 -0.17244 0.52160 0.84224 0.85681 1.078
-0.63898 -0.17260 0.52206 0.84299 0.85872 1.275
-0.63955 -0.17275 0.52253 0.84375 0.86063 1.062
-0.64013 -0.17291 0.52300 0.84450 0.86253 1.212
-0.64070 -0.17306 0.52347 0.84526 0.86444 1.026
-0.64127 -0.17322 0.52394 0.84602 0.86635 1.141
-0.64184 -0.17337 0.52440 0.84677 0.86825 1.167
-0.64242 -0.17353 0.52487 0.84753 0.87016 1.392
-0.64299 -0.17368 0.52534 0.84828 0.87207 0.999
-0.64356 -0.17384 0.52581 0.84904 0.87398 0.950
-0.64414 -0.17399 0.52628 0.84980 0.87588 0.824
-0.64471 -0.17415 0.52675 0.85055 0.87779 1.377
-0.64528 -0.17430 0.52721 0.85131 0.87970 0.868
-0.64586 -0.17446 0.52768 0.85206 0.88160 0.951
-0.64643 -0.17461 0.52815 0.85282 0.88351 1.361
-0.64700 -0.17477 0.52862 0.85358 0.88542 0.929
-0.64758 -0.17492 0.52909 0.85433 0.88733 1.249
-0.64815 -0.17508 0.52956 0.85509 0.88924 1.121
-0.64872 -0.17523 0.53002 0.85585 0.89114 0.703
-0.64930 -0.17539 0.53049 0.85660 0.89305 1.188
-0.64987 -0.17554 0.53096 0.85736 0.89496 0.768
-0.65044 -0.17570 0.53143 0.85811 0.89687 0.833
-0.65102 -0.17585 0.53190 0.85887 0.89878 1.316
-0.65159 -0.17601 0.53237 0.85963 0.90068 0.834
-0.65216 -0.17616 0.53283 0.86038 0.90259 0.834
-0.65274 -0.17631 0.53330 0.86114 0.90450 0.900
-0.65331 -0.17647 0.53377 0.86190 0.90641 0.576
-0.65388 -0.17662 0.53424 0.86265 0.90832 0.577
-0.65446 -0.17678 0.53471 0.86341 0.91023 0.415
-0.65503 -0.17693 0.53518 0.86417 0.91213 0.254
-0.65560 -0.17709 0.53565 0.86492 0.91404 0.611
-0.65618 -0.17724 0.53611 0.86568 0.91595 0.515
-0.65675 -0.17740 0.53658 0.86644 0.91786 0.712
-0.65732 -0.17755 0.53705 0.86719 0.91977 1.387
-0.65790 -0.17771 0.53752 0.86795 0.92168 0.839
-0.65847 -0.17786 0.53799 0.86871 0.92359 1.001
-0.65904 -0.17802 0.53846 0.86946 0.92550 0.937
-0.65962 -0.17817 0.53893 0.87022 0.92740 1.263
-0.66019 -0.17833 0.53939 0.87098 0.92931 1.037
-0.66077 -0.17848 0.53986 0.87173 0.93122 0.845
-0.66134 -0.17864 0.54033 0.87249 0.93313 1.233
-0.66191 -0.17879 0.54080 0.87325 0.93504 0.908
-0.66249 -0.17895 0.54127 0.87400 0.93695 1.397
-0.66306 -0.17910 0.54174 0.87476 0.93886 1.202
-0.66363 -0.17926 0.54221 0.87552 0.94077 1.430
-0.66421 -0.17941 0.54268 0.87628 0.94268 1.009
-0.66478 -0.17957 0.54314 0.87703 0.94459 1.269
-0.66536 -0.17972 0.54361 0.87779 0.94650 1.366
-0.66593 -0.17988 0.54408 0.87855 0.94841 1.433
-0.66650 -0.18003 0.54455 0.87930 0.95032 1.270
-0.66708 -0.18019 0.54502 0.88006 0.95223 0.814
-0.66765 -0.18034 0.54549 0.88082 0.95414 1.173
-0.66822 -0.18050 0.54596 0.88157 0.95605 0.816
-0.66880 -0.18065 0.54643 0.88233 0.95796 1.468
-0.66937 -0.18081 0.54690 0.88309 0.95987 0.752
-0.66995 -0.18096 0.54736 0.88385 0.96178 1.079
-0.67052 -0.18112 0.54783 0.88460 0.96369 0.688
-0.67109 -0.18127 0.54830 0.88536 0.96560 0.721
-0.67167 -0.18143 0.54877 0.88612 0.96751 0.394
-0.67224 -0.18158 0.54924 0.88688 0.96942 0.555
-0.67282 -0.18174 0.54971 0.88763 0.97133 0.687
-0.67339 -0.18189 0.55018 0.88839 0.97324 0.622
-0.67397 -0.18205 0.55065 0.88915 0.97515 0.655
-0.67454 -0.18220 0.55112 0.88991 0.97706 0.753
-0.67511 -0.18236 0.55159 0.89066 0.97898 0.687
-0.67569 -0.18251 0.55206 0.89142 0.98089 0.459
-0.67626 -0.18267 0.55252 0.89218 0.98280 0.297
-0.67684 -0.18283 0.55299 0.89294 0.98471 0.297
-0.67741 -0.18298 0.55346 0.89369 0.98662 0.100
-0.67798 -0.18314 0.55393 0.89445 0.98853 0.165
-0.67856 -0.18329 0.55440 0.89521 0.99044 0.066
-0.67913 -0.18345 0.55487 0.89597 0.99235 0.296
-0.67971 -0.18360 0.55534 0.89672 0.99427 0.132
-0.68028 -0.18376 0.55581 0.89748 0.99618 0.623
-0.68086 -0.18391 0.55628 0.89824 0.99809 0.689
-0.68143 -0.18407 0.55675 0.89900 1.00000 0.984
