x y z dist_scaled dist_frac flux_norm
-0.18208 0.37423 0.28175 0.50258 0.00000 0.917
-0.18235 0.37479 0.28217 0.50333 0.00188 0.918
-0.18262 0.37534 0.28259 0.50407 0.00375 0.956
-0.18289 0.37590 0.28301 0.50481 0.00563 0.987
-0.18316 0.37645 0.28342 0.50556 0.00751 0.993
-0.18343 0.37700 0.28384 0.50630 0.00938 1.002
-0.18369 0.37756 0.28426 0.50705 0.01126 1.018
-0.18396 0.37811 0.28467 0.50779 0.01313 0.995
-0.18423 0.37867 0.28509 0.50853 0.01501 1.005
-0.18450 0.37922 0.28551 0.50928 0.01689 1.008
-0.18477 0.37977 0.28592 0.51002 0.01876 0.985
-0.18504 0.38033 0.28634 0.51077 0.02064 0.975
-0.18531 0.38088 0.28676 0.51151 0.02252 0.971
-0.18558 0.38144 0.28718 0.51225 0.02440 0.955
-0.18585 0.38199 0.28759 0.51300 0.02627 1.011
-0.18612 0.38254 0.28801 0.51374 0.02815 1.029
-0.18639 0.38310 0.28843 0.51449 0.03003 1.064
-0.18666 0.38365 0.28884 0.51523 0.03190 1.011
-0.18693 0.38421 0.28926 0.51597 0.03378 1.000
-0.18720 0.38476 0.28968 0.51672 0.03566 1.032
-0.18747 0.38531 0.29010 0.51746 0.03754 1.057
-0.18774 0.38587 0.29051 0.51821 0.03941 1.031
-0.18801 0.38642 0.29093 0.51895 0.04129 0.997
-0.18828 0.38698 0.29135 0.51970 0.04317 0.966
-0.18855 0.38753 0.29177 0.52044 0.04505 0.973
-0.18882 0.38809 0.29218 0.52118 0.04692 0.932
-0.18909 0.38864 0.29260 0.52193 0.04880 0.966
-0.18936 0.38919 0.29302 0.52267 0.05068 0.983
-0.18963 0.38975 0.29344 0.52342 0.05256 0.964
-0.18990 0.39030 0.29385 0.52416 0.05444 0.959
-0.19017 0.39086 0.29427 0.52491 0.05631 0.966
-0.19044 0.39141 0.29469 0.52565 0.05819 1.031
-0.19070 0.39197 0.29510 0.52640 0.06007 1.004
-0.19097 0.39252 0.29552 0.52714 0.06195 1.037
-0.19124 0.39307 0.29594 0.52788 0.06383 1.024
-0.19151 0.39363 0.29636 0.52863 0.06571 1.011
-0.19178 0.39418 0.29677 0.52937 0.06758 1.010
-0.19205 0.39474 0.29719 0.53012 0.06946 0.971
-0.19232 0.39529 0.29761 0.53086 0.07134 0.999
-0.19259 0.39585 0.29803 0.53161 0.07322 0.970
-0.19286 0.39640 0.29844 0.53235 0.07510 1.000
-0.19313 0.39696 0.29886 0.53310 0.07698 1.001
-0.19340 0.39751 0.29928 0.53384 0.07886 0.998
-0.19367 0.39807 0.29970 0.53459 0.08074 1.010
-0.19394 0.39862 0.30011 0.53533 0.08261 1.017
-0.19421 0.39917 0.30053 0.53608 0.08449 1.020
-0.19448 0.39973 0.30095 0.53682 0.08637 1.010
-0.19475 0.40028 0.30137 0.53757 0.08825 0.976
-0.19502 0.40084 0.30179 0.53831 0.09013 1.015
-0.19529 0.40139 0.30220 0.53906 0.09201 1.024
-0.19556 0.40195 0.30262 0.53980 0.09389 1.044
-0.19583 0.40250 0.30304 0.54055 0.09577 1.021
-0.19610 0.40306 0.30346 0.54129 0.09765 1.029
-0.19637 0.40361 0.30387 0.54204 0.09953 0.999
-0.19664 0.40417 0.30429 0.54278 0.10141 0.982
-0.19691 0.40472 0.30471 0.54353 0.10329 0.963
-0.19718 0.40528 0.30513 0.54427 0.10517 0.997
-0.19745 0.40583 0.30554 0.54502 0.10705 1.013
-0.19772 0.40639 0.30596 0.54576 0.10893 1.046
-0.19799 0.40694 0.30638 0.54651 0.11081 0.991
-0.19826 0.40750 0.30680 0.54725 0.11269 0.964
-0.19853 0.40805 0.30722 0.54800 0.11457 0.998
-0.19880 0.40861 0.30763 0.54874 0.11645 0.958
-0.19907 0.40916 0.30805 0.54949 0.11833 0.993
-0.19934 0.40972 0.30847 0.55024 0.12021 0.950
-0.19961 0.41027 0.30889 0.55098 0.12209 0.948
-0.19988 0.41083 0.30931 0.55173 0.12397 0.966
-0.20015 0.41138 0.30972 0.55247 0.12585 0.938
-0.20042 0.41194 0.31014 0.55322 0.12773 0.942
-0.20069 0.41249 0.31056 0.55396 0.12961 0.943
-0.20096 0.41305 0.31098 0.55471 0.13149 0.902
-0.20123 0.41360 0.31140 0.55545 0.13338 0.944
-0.20150 0.41416 0.31181 0.55620 0.13526 0.915
-0.20177 0.41471 0.31223 0.55695 0.13714 0.950
-0.20204 0.41527 0.31265 0.55769 0.13902 0.971
-0.20231 0.41582 0.31307 0.55844 0.14090 0.968
-0.20258 0.41638 0.31349 0.55918 0.14278 0.945
-0.20285 0.41694 0.31390 0.55993 0.14466 0.935
-0.20312 0.41749 0.31432 0.56067 0.14654 0.932
-0.20339 0.41805 0.31474 0.56142 0.14843 0.916
-0.20366 0.41860 0.31516 0.56217 0.15031 0.932
-0.20393 0.41916 0.31558 0.56291 0.15219 0.928
-0.20420 0.41971 0.31599 0.56366 0.15407 0.902
-0.20447 0.42027 0.31641 0.56440 0.15595 0.894
-0.20474 0.42082 0.31683 0.56515 0.15783 0.893
-0.20502 0.42138 0.31725 0.56590 0.15972 0.890
-0.20529 0.42193 0.31767 0.56664 0.16160 0.874
-0.20556 0.42249 0.31809 0.56739 0.16348 0.881
-0.20583 0.42305 0.31850 0.56813 0.16536 0.898
-0.20610 0.42360 0.31892 0.56888 0.16724 0.875
-0.20637 0.42416 0.31934 0.56963 0.16913 0.868
-0.20664 0.42471 0.31976 0.57037 0.17101 0.884
-0.20691 0.42527 0.32018 0.57112 0.17289 0.869
-0.20718 0.42582 0.32060 0.57186 0.17477 0.929
-0.20745 0.42638 0.32101 0.57261 0.17665 0.948
-0.20772 0.42693 0.32143 0.57336 0.17854 0.926
-0.20799 0.42749 0.32185 0.57410 0.18042 0.966
-0.20826 0.42805 0.32227 0.57485 0.18230 0.934
-0.20853 0.42860 0.32269 0.57560 0.18419 0.967
-0.20880 0.42916 0.32311 0.57634 0.18607 0.972
-0.20907 0.42971 0.32352 0.57709 0.18795 0.981
-0.20934 0.43027 0.32394 0.57784 0.18983 0.960
-0.20961 0.43082 0.32436 0.57858 0.19172 0.975
-0.20988 0.43138 0.32478 0.57933 0.19360 0.967
-0.21015 0.43194 0.32520 0.58007 0.19548 0.970
-0.21042 0.43249 0.32562 0.58082 0.19737 0.979
-0.21069 0.43305 0.32604 0.58157 0.19925 1.016
-0.21096 0.43360 0.32645 0.58231 0.20113 0.987
-0.21123 0.43416 0.32687 0.58306 0.20302 0.995
-0.21150 0.43472 0.32729 0.58381 0.20490 0.980
-0.21177 0.43527 0.32771 0.58455 0.20678 0.972
-0.21205 0.43583 0.32813 0.58530 0.20867 1.017
-0.21232 0.43638 0.32855 0.58605 0.21055 1.037
-0.21259 0.43694 0.32897 0.58679 0.21243 0.990
-0.21286 0.43750 0.32938 0.58754 0.21432 0.979
-0.21313 0.43805 0.32980 0.58829 0.21620 0.980
-0.21340 0.43861 0.33022 0.58904 0.21809 0.989
-0.21367 0.43916 0.33064 0.58978 0.21997 0.976
-0.21394 0.43972 0.33106 0.59053 0.22185 0.976
-0.21421 0.44028 0.33148 0.59128 0.22374 0.951
-0.21448 0.44083 0.33190 0.59202 0.22562 0.906
-0.21475 0.44139 0.33231 0.59277 0.22751 0.897
-0.21502 0.44195 0.33273 0.59352 0.22939 0.916
-0.21529 0.44250 0.33315 0.59426 0.23128 0.882
-0.21556 0.44306 0.33357 0.59501 0.23316 0.882
-0.21583 0.44361 0.33399 0.59576 0.23504 0.927
-0.21610 0.44417 0.33441 0.59650 0.23693 0.920
-0.21637 0.44473 0.33483 0.59725 0.23881 0.956
-0.21665 0.44528 0.33525 0.59800 0.24070 0.896
-0.21692 0.44584 0.33567 0.59875 0.24258 0.932
-0.21719 0.44640 0.33608 0.59949 0.24447 0.922
-0.21746 0.44695 0.33650 0.60024 0.24635 0.835
-0.21773 0.44751 0.33692 0.60099 0.24824 0.750
-0.21800 0.44807 0.33734 0.60174 0.25012 0.707
-0.21827 0.44862 0.33776 0.60248 0.25201 0.646
-0.21854 0.44918 0.33818 0.60323 0.25389 0.613
-0.21881 0.44973 0.33860 0.60398 0.25578 0.592
-0.21908 0.45029 0.33902 0.60472 0.25766 0.668
-0.21935 0.45085 0.33944 0.60547 0.25955 0.758
-0.21962 0.45140 0.33986 0.60622 0.26144 0.801
-0.21989 0.45196 0.34027 0.60697 0.26332 0.856
-0.22017 0.45252 0.34069 0.60771 0.26521 0.911
-0.22044 0.45307 0.34111 0.60846 0.26709 0.960
-0.22071 0.45363 0.34153 0.60921 0.26898 0.960
-0.22098 0.45419 0.34195 0.60996 0.27086 0.929
-0.22125 0.45474 0.34237 0.61070 0.27275 1.024
-0.22152 0.45530 0.34279 0.61145 0.27464 0.996
-0.22179 0.45586 0.34321 0.61220 0.27652 0.951
-0.22206 0.45641 0.34363 0.61295 0.27841 0.957
-0.22233 0.45697 0.34405 0.61370 0.28029 0.974
-0.22260 0.45753 0.34447 0.61444 0.28218 0.990
-0.22287 0.45808 0.34488 0.61519 0.28407 0.978
-0.22314 0.45864 0.34530 0.61594 0.28595 1.018
-0.22342 0.45920 0.34572 0.61669 0.28784 0.976
-0.22369 0.45976 0.34614 0.61743 0.28973 1.034
-0.22396 0.46031 0.34656 0.61818 0.29161 1.005
-0.22423 0.46087 0.34698 0.61893 0.29350 1.002
-0.22450 0.46143 0.34740 0.61968 0.29539 1.022
-0.22477 0.46198 0.34782 0.62043 0.29727 0.979
-0.22504 0.46254 0.34824 0.62117 0.29916 0.988
-0.22531 0.46310 0.34866 0.62192 0.30105 1.004
-0.22558 0.46365 0.34908 0.62267 0.30293 0.972
-0.22585 0.46421 0.34950 0.62342 0.30482 1.011
-0.22613 0.46477 0.34992 0.62417 0.30671 1.016
-0.22640 0.46532 0.35034 0.62491 0.30859 1.026
-0.22667 0.46588 0.35075 0.62566 0.31048 0.996
-0.22694 0.46644 0.35117 0.62641 0.31237 0.989
-0.22721 0.46700 0.35159 0.62716 0.31426 1.009
-0.22748 0.46755 0.35201 0.62791 0.31614 0.967
-0.22775 0.46811 0.35243 0.62866 0.31803 1.013
-0.22802 0.46867 0.35285 0.62940 0.31992 0.970
-0.22829 0.46922 0.35327 0.63015 0.32181 1.030
-0.22857 0.46978 0.35369 0.63090 0.32369 1.009
-0.22884 0.47034 0.35411 0.63165 0.32558 1.013
-0.22911 0.47090 0.35453 0.63240 0.32747 1.008
-0.22938 0.47145 0.35495 0.63315 0.32936 0.995
-0.22965 0.47201 0.35537 0.63389 0.33125 0.964
-0.22992 0.47257 0.35579 0.63464 0.33313 0.979
-0.23019 0.47313 0.35621 0.63539 0.33502 0.991
-0.23046 0.47368 0.35663 0.63614 0.33691 0.967
-0.23073 0.47424 0.35705 0.63689 0.33880 0.986
-0.23101 0.47480 0.35747 0.63764 0.34069 0.951
-0.23128 0.47536 0.35789 0.63838 0.34258 0.994
-0.23155 0.47591 0.35831 0.63913 0.34446 0.988
-0.23182 0.47647 0.35873 0.63988 0.34635 0.940
-0.23209 0.47703 0.35915 0.64063 0.34824 0.927
-0.23236 0.47759 0.35957 0.64138 0.35013 0.984
-0.23263 0.47814 0.35999 0.64213 0.35202 0.999
-0.23290 0.47870 0.36041 0.64288 0.35391 1.002
-0.23318 0.47926 0.36083 0.64363 0.35580 1.011
-0.23345 0.47982 0.36125 0.64437 0.35769 1.038
-0.23372 0.48037 0.36167 0.64512 0.35957 0.998
-0.23399 0.48093 0.36208 0.64587 0.36146 0.989
-0.23426 0.48149 0.36250 0.64662 0.36335 0.999
-0.23453 0.48205 0.36292 0.64737 0.36524 0.997
-0.23480 0.48260 0.36334 0.64812 0.36713 0.948
-0.23507 0.48316 0.36376 0.64887 0.36902 0.928
-0.23535 0.48372 0.36418 0.64962 0.37091 0.934
-0.23562 0.48428 0.36460 0.65037 0.37280 0.982
-0.23589 0.48483 0.36502 0.65111 0.37469 0.995
-0.23616 0.48539 0.36544 0.65186 0.37658 1.010
-0.23643 0.48595 0.36586 0.65261 0.37847 0.999
-0.23670 0.48651 0.36628 0.65336 0.38036 0.981
-0.23697 0.48707 0.36670 0.65411 0.38225 0.911
-0.23725 0.48762 0.36712 0.65486 0.38414 0.978
-0.23752 0.48818 0.36754 0.65561 0.38603 0.960
-0.23779 0.48874 0.36796 0.65636 0.38792 0.985
-0.23806 0.48930 0.36838 0.65711 0.38981 0.950
-0.23833 0.48986 0.36880 0.65786 0.39170 0.977
-0.23860 0.49041 0.36922 0.65861 0.39359 0.989
-0.23887 0.49097 0.36964 0.65936 0.39548 0.928
-0.23915 0.49153 0.37006 0.66011 0.39737 0.921
-0.23942 0.49209 0.37048 0.66085 0.39926 0.934
-0.23969 0.49265 0.37090 0.66160 0.40115 0.925
-0.23996 0.49320 0.37132 0.66235 0.40304 0.919
-0.24023 0.49376 0.37174 0.66310 0.40493 0.888
-0.24050 0.49432 0.37217 0.66385 0.40682 0.861
-0.24077 0.49488 0.37259 0.66460 0.40871 0.904
-0.24105 0.49544 0.37301 0.66535 0.41060 0.871
-0.24132 0.49599 0.37343 0.66610 0.41249 0.860
-0.24159 0.49655 0.37385 0.66685 0.41438 0.868
-0.24186 0.49711 0.37427 0.66760 0.41628 0.891
-0.24213 0.49767 0.37469 0.66835 0.41817 0.928
-0.24240 0.49823 0.37511 0.66910 0.42006 0.914
-0.24268 0.49878 0.37553 0.66985 0.42195 0.936
-0.24295 0.49934 0.37595 0.67060 0.42384 0.941
-0.24322 0.49990 0.37637 0.67135 0.42573 0.920
-0.24349 0.50046 0.37679 0.67210 0.42762 0.934
-0.24376 0.50102 0.37721 0.67285 0.42951 0.934
-0.24403 0.50158 0.37763 0.67360 0.43141 0.956
-0.24431 0.50213 0.37805 0.67435 0.43330 0.947
-0.24458 0.50269 0.37847 0.67510 0.43519 0.939
-0.24485 0.50325 0.37889 0.67585 0.43708 0.975
-0.24512 0.50381 0.37931 0.67660 0.43897 0.943
-0.24539 0.50437 0.37973 0.67735 0.44087 1.017
-0.24566 0.50493 0.38015 0.67810 0.44276 0.994
-0.24594 0.50549 0.38057 0.67885 0.44465 1.008
-0.24621 0.50604 0.38099 0.67960 0.44654 1.002
-0.24648 0.50660 0.38141 0.68035 0.44843 1.035
-0.24675 0.50716 0.38183 0.68110 0.45033 0.992
-0.24702 0.50772 0.38225 0.68185 0.45222 0.976
-0.24729 0.50828 0.38267 0.68260 0.45411 0.974
-0.24757 0.50884 0.38309 0.68335 0.45600 0.956
-0.24784 0.50940 0.38352 0.68410 0.45790 0.992
-0.24811 0.50995 0.38394 0.68485 0.45979 1.000
-0.24838 0.51051 0.38436 0.68560 0.46168 1.004
-0.24865 0.51107 0.38478 0.68635 0.46357 0.984
-0.24893 0.51163 0.38520 0.68710 0.46547 0.948
-0.24920 0.51219 0.38562 0.68785 0.46736 1.007
-0.24947 0.51275 0.38604 0.68860 0.46925 1.024
-0.24974 0.51331 0.38646 0.68935 0.47114 1.007
-0.25001 0.51387 0.38688 0.69010 0.47304 1.032
-0.25028 0.51442 0.38730 0.69085 0.47493 0.980
-0.25056 0.51498 0.38772 0.69160 0.47682 1.003
-0.25083 0.51554 0.38814 0.69235 0.47872 1.006
-0.25110 0.51610 0.38856 0.69310 0.48061 0.981
-0.25137 0.51666 0.38898 0.69385 0.48250 0.959
-0.25164 0.51722 0.38941 0.69461 0.48440 0.968
-0.25192 0.51778 0.38983 0.69536 0.48629 1.036
-0.25219 0.51834 0.39025 0.69611 0.48818 0.963
-0.25246 0.51890 0.39067 0.69686 0.49008 0.993
-0.25273 0.51945 0.39109 0.69761 0.49197 0.957
-0.25300 0.52001 0.39151 0.69836 0.49387 0.950
-0.25328 0.52057 0.39193 0.69911 0.49576 0.915
-0.25355 0.52113 0.39235 0.69986 0.49765 0.926
-0.25382 0.52169 0.39277 0.70061 0.49955 0.889
-0.25409 0.52225 0.39319 0.70136 0.50144 0.879
-0.25436 0.52281 0.39361 0.70211 0.50334 0.907
-0.25464 0.52337 0.39404 0.70286 0.50523 0.943
-0.25491 0.52393 0.39446 0.70361 0.50712 0.927
-0.25518 0.52449 0.39488 0.70437 0.50902 0.936
-0.25545 0.52505 0.39530 0.70512 0.51091 0.947
-0.25572 0.52560 0.39572 0.70587 0.51281 0.964
-0.25600 0.52616 0.39614 0.70662 0.51470 0.944
-0.25627 0.52672 0.39656 0.70737 0.51660 0.986
-0.25654 0.52728 0.39698 0.70812 0.51849 0.946
-0.25681 0.52784 0.39740 0.70887 0.52039 0.962
-0.25709 0.52840 0.39782 0.70962 0.52228 0.998
-0.25736 0.52896 0.39825 0.71037 0.52418 0.962
-0.25763 0.52952 0.39867 0.71112 0.52607 0.994
-0.25790 0.53008 0.39909 0.71188 0.52797 0.974
-0.25817 0.53064 0.39951 0.71263 0.52986 1.002
-0.25845 0.53120 0.39993 0.71338 0.53176 1.025
-0.25872 0.53176 0.40035 0.71413 0.53365 0.961
-0.25899 0.53232 0.40077 0.71488 0.53555 0.939
-0.25926 0.53288 0.40119 0.71563 0.53744 0.965
-0.25953 0.53344 0.40161 0.71638 0.53934 0.975
-0.25981 0.53399 0.40204 0.71714 0.54123 0.938
-0.26008 0.53455 0.40246 0.71789 0.54313 0.964
-0.26035 0.53511 0.40288 0.71864 0.54502 0.991
-0.26062 0.53567 0.40330 0.71939 0.54692 0.940
-0.26090 0.53623 0.40372 0.72014 0.54882 0.992
-0.26117 0.53679 0.40414 0.72089 0.55071 1.006
-0.26144 0.53735 0.40456 0.72164 0.55261 0.984
-0.26171 0.53791 0.40499 0.72240 0.55450 0.973
-0.26198 0.53847 0.40541 0.72315 0.55640 0.997
-0.26226 0.53903 0.40583 0.72390 0.55829 1.002
-0.26253 0.53959 0.40625 0.72465 0.56019 1.013
-0.26280 0.54015 0.40667 0.72540 0.56209 1.041
-0.26307 0.54071 0.40709 0.72615 0.56398 0.998
-0.26335 0.54127 0.40751 0.72691 0.56588 1.040
-0.26362 0.54183 0.40794 0.72766 0.56778 0.967
-0.26389 0.54239 0.40836 0.72841 0.56967 0.972
-0.26416 0.54295 0.40878 0.72916 0.57157 0.984
-0.26444 0.54351 0.40920 0.72991 0.57347 1.054
-0.26471 0.54407 0.40962 0.73066 0.57536 0.992
-0.26498 0.54463 0.41004 0.73142 0.57726 0.987
-0.26525 0.54519 0.41046 0.73217 0.57916 1.021
-0.26553 0.54575 0.41089 0.73292 0.58105 1.009
-0.26580 0.54631 0.41131 0.73367 0.58295 1.003
-0.26607 0.54687 0.41173 0.73442 0.58485 0.988
-0.26634 0.54743 0.41215 0.73518 0.58674 1.010
-0.26662 0.54799 0.41257 0.73593 0.58864 1.027
-0.26689 0.54855 0.41299 0.73668 0.59054 1.011
-0.26716 0.54911 0.41342 0.73743 0.59244 0.965
-0.26743 0.54967 0.41384 0.73819 0.59433 1.004
-0.26771 0.55023 0.41426 0.73894 0.59623 1.006
-0.26798 0.55079 0.41468 0.73969 0.59813 1.010
-0.26825 0.55135 0.41510 0.74044 0.60003 1.016
-0.26852 0.55191 0.41552 0.74119 0.60192 1.010
-0.26880 0.55247 0.41595 0.74195 0.60382 0.994
-0.26907 0.55303 0.41637 0.74270 0.60572 1.003
-0.26934 0.55359 0.41679 0.74345 0.60762 1.012
-0.26961 0.55415 0.41721 0.74420 0.60951 0.985
-0.26989 0.55471 0.41763 0.74496 0.61141 1.014
-0.27016 0.55527 0.41805 0.74571 0.61331 1.028
-0.27043 0.55583 0.41848 0.74646 0.61521 0.982
-0.27070 0.55639 0.41890 0.74721 0.61711 1.022
-0.27098 0.55695 0.41932 0.74797 0.61900 1.004
-0.27125 0.55751 0.41974 0.74872 0.62090 0.972
-0.27152 0.55807 0.42016 0.74947 0.62280 1.014
-0.27179 0.55863 0.42059 0.75022 0.62470 1.003
-0.27207 0.55919 0.42101 0.75098 0.62660 1.004
-0.27234 0.55975 0.42143 0.75173 0.62850 0.976
-0.27261 0.56031 0.42185 0.75248 0.63040 0.989
-0.27288 0.56087 0.42227 0.75323 0.63229 1.013
-0.27316 0.56143 0.42270 0.75399 0.63419 0.979
-0.27343 0.56200 0.42312 0.75474 0.63609 0.961
-0.27370 0.56256 0.42354 0.75549 0.63799 1.013
-0.27398 0.56312 0.42396 0.75624 0.63989 0.951
-0.27425 0.56368 0.42438 0.75700 0.64179 1.031
-0.27452 0.56424 0.42481 0.75775 0.64369 0.973
-0.27479 0.56480 0.42523 0.75850 0.64559 1.000
-0.27507 0.56536 0.42565 0.75926 0.64749 0.999
-0.27534 0.56592 0.42607 0.76001 0.64939 0.990
-0.27561 0.56648 0.42649 0.76076 0.65129 0.954
-0.27588 0.56704 0.42692 0.76151 0.65318 0.995
-0.27616 0.56760 0.42734 0.76227 0.65508 0.991
-0.27643 0.56816 0.42776 0.76302 0.65698 0.997
-0.27670 0.56872 0.42818 0.76377 0.65888 1.019
-0.27698 0.56928 0.42860 0.76453 0.66078 1.008
-0.27725 0.56984 0.42903 0.76528 0.66268 1.041
-0.27752 0.57041 0.42945 0.76603 0.66458 1.004
-0.27779 0.57097 0.42987 0.76679 0.66648 0.984
-0.27807 0.57153 0.43029 0.76754 0.66838 1.019
-0.27834 0.57209 0.43072 0.76829 0.67028 1.015
-0.27861 0.57265 0.43114 0.76905 0.67218 1.007
-0.27889 0.57321 0.43156 0.76980 0.67408 0.976
-0.27916 0.57377 0.43198 0.77055 0.67598 0.997
-0.27943 0.57433 0.43240 0.77131 0.67788 0.996
-0.27970 0.57489 0.43283 0.77206 0.67978 0.988
-0.27998 0.57545 0.43325 0.77281 0.68168 0.967
-0.28025 0.57601 0.43367 0.77357 0.68358 0.955
-0.28052 0.57658 0.43409 0.77432 0.68549 0.975
-0.28080 0.57714 0.43452 0.77507 0.68739 0.995
-0.28107 0.57770 0.43494 0.77583 0.68929 1.008
-0.28134 0.57826 0.43536 0.77658 0.69119 0.999
-0.28162 0.57882 0.43578 0.77733 0.69309 0.990
-0.28189 0.57938 0.43621 0.77809 0.69499 1.046
-0.28216 0.57994 0.43663 0.77884 0.69689 0.989
-0.28243 0.58050 0.43705 0.77959 0.69879 1.018
-0.28271 0.58106 0.43747 0.78035 0.70069 1.008
-0.28298 0.58163 0.43790 0.78110 0.70259 1.027
-0.28325 0.58219 0.43832 0.78186 0.70449 0.997
-0.28353 0.58275 0.43874 0.78261 0.70640 0.976
-0.28380 0.58331 0.43916 0.78336 0.70830 0.995
-0.28407 0.58387 0.43959 0.78412 0.71020 0.957
-0.28435 0.58443 0.44001 0.78487 0.71210 0.996
-0.28462 0.58499 0.44043 0.78562 0.71400 0.998
-0.28489 0.58555 0.44085 0.78638 0.71590 1.028
-0.28517 0.58612 0.44128 0.78713 0.71781 1.007
-0.28544 0.58668 0.44170 0.78789 0.71971 1.006
-0.28571 0.58724 0.44212 0.78864 0.72161 0.998
-0.28598 0.58780 0.44254 0.78939 0.72351 1.028
-0.28626 0.58836 0.44297 0.79015 0.72541 1.009
-0.28653 0.58892 0.44339 0.79090 0.72732 1.023
-0.28680 0.58948 0.44381 0.79166 0.72922 0.991
-0.28708 0.59005 0.44424 0.79241 0.73112 0.999
-0.28735 0.59061 0.44466 0.79316 0.73302 1.033
-0.28762 0.59117 0.44508 0.79392 0.73492 0.996
-0.28790 0.59173 0.44550 0.79467 0.73683 1.026
-0.28817 0.59229 0.44593 0.79543 0.73873 1.046
-0.28844 0.59285 0.44635 0.79618 0.74063 1.000
-0.28872 0.59341 0.44677 0.79693 0.74253 1.068
-0.28899 0.59398 0.44720 0.79769 0.74444 0.994
-0.28926 0.59454 0.44762 0.79844 0.74634 1.013
-0.28954 0.59510 0.44804 0.79920 0.74824 0.980
-0.28981 0.59566 0.44846 0.79995 0.75015 1.020
-0.29008 0.59622 0.44889 0.80071 0.75205 0.964
-0.29036 0.59679 0.44931 0.80146 0.75395 1.002
-0.29063 0.59735 0.44973 0.80221 0.75585 1.002
-0.29090 0.59791 0.45016 0.80297 0.75776 0.979
-0.29118 0.59847 0.45058 0.80372 0.75966 0.996
-0.29145 0.59903 0.45100 0.80448 0.76156 1.031
-0.29172 0.59959 0.45142 0.80523 0.76347 0.994
-0.29200 0.60016 0.45185 0.80599 0.76537 0.997
-0.29227 0.60072 0.45227 0.80674 0.76727 1.010
-0.29254 0.60128 0.45269 0.80750 0.76918 0.971
-0.29282 0.60184 0.45312 0.80825 0.77108 0.969
-0.29309 0.60240 0.45354 0.80901 0.77298 0.965
-0.29336 0.60297 0.45396 0.80976 0.77489 1.011
-0.29364 0.60353 0.45439 0.81051 0.77679 0.986
-0.29391 0.60409 0.45481 0.81127 0.77870 1.016
-0.29418 0.60465 0.45523 0.81202 0.78060 0.985
-0.29446 0.60521 0.45566 0.81278 0.78250 1.019
-0.29473 0.60578 0.45608 0.81353 0.78441 0.987
-0.29500 0.60634 0.45650 0.81429 0.78631 0.980
-0.29528 0.60690 0.45692 0.81504 0.78822 1.006
-0.29555 0.60746 0.45735 0.81580 0.79012 0.977
-0.29582 0.60802 0.45777 0.81655 0.79203 1.007
-0.29610 0.60859 0.45819 0.81731 0.79393 0.966
-0.29637 0.60915 0.45862 0.81806 0.79583 0.997
-0.29664 0.60971 0.45904 0.81882 0.79774 0.963
-0.29692 0.61027 0.45946 0.81957 0.79964 1.007
-0.29719 0.61083 0.45989 0.82033 0.80155 1.013
-0.29747 0.61140 0.46031 0.82108 0.80345 0.985
-0.29774 0.61196 0.46073 0.82184 0.80536 0.986
-0.29801 0.61252 0.46116 0.82259 0.80726 0.997
-0.29829 0.61308 0.46158 0.82335 0.80917 1.000
-0.29856 0.61365 0.46200 0.82410 0.81107 1.032
-0.29883 0.61421 0.46243 0.82486 0.81298 0.990
-0.29911 0.61477 0.46285 0.82561 0.81488 1.017
-0.29938 0.61533 0.46327 0.82637 0.81679 1.030
-0.29965 0.61590 0.46370 0.82712 0.81869 0.978
-0.29993 0.61646 0.46412 0.82788 0.82060 1.032
-0.30020 0.61702 0.46454 0.82864 0.82250 0.971
-0.30048 0.61758 0.46497 0.82939 0.82441 1.027
-0.30075 0.61815 0.46539 0.83015 0.82631 1.033
-0.30102 0.61871 0.46582 0.83090 0.82822 1.013
-0.30130 0.61927 0.46624 0.83166 0.83013 0.998
-0.30157 0.61983 0.46666 0.83241 0.83203 0.943
-0.30184 0.62040 0.46709 0.83317 0.83394 1.015
-0.30212 0.62096 0.46751 0.83392 0.83584 0.996
-0.30239 0.62152 0.46793 0.83468 0.83775 1.020
-0.30266 0.62208 0.46836 0.83543 0.83966 0.978
-0.30294 0.62265 0.46878 0.83619 0.84156 0.986
-0.30321 0.62321 0.46920 0.83695 0.84347 0.975
-0.30349 0.62377 0.46963 0.83770 0.84537 0.977
-0.30376 0.62433 0.47005 0.83846 0.84728 1.028
-0.30403 0.62490 0.47047 0.83921 0.84919 1.041
-0.30431 0.62546 0.47090 0.83997 0.85109 1.005
-0.30458 0.62602 0.47132 0.84072 0.85300 1.037
-0.30486 0.62658 0.47175 0.84148 0.85491 0.983
-0.30513 0.62715 0.47217 0.84224 0.85681 0.973
-0.30540 0.62771 0.47259 0.84299 0.85872 0.981
-0.30568 0.62827 0.47302 0.84375 0.86063 1.004
-0.30595 0.62884 0.47344 0.84450 0.86253 0.963
-0.30622 0.62940 0.47386 0.84526 0.86444 0.957
-0.30650 0.62996 0.47429 0.84602 0.86635 0.982
-0.30677 0.63052 0.47471 0.84677 0.86825 0.964
-0.30705 0.63109 0.47514 0.84753 0.87016 0.974
-0.30732 0.63165 0.47556 0.84828 0.87207 0.922
-0.30759 0.63221 0.47598 0.84904 0.87398 0.957
-0.30787 0.63278 0.47641 0.84980 0.87588 0.888
-0.30814 0.63334 0.47683 0.85055 0.87779 0.954
-0.30842 0.63390 0.47726 0.85131 0.87970 0.939
-0.30869 0.63447 0.47768 0.85206 0.88160 0.915
-0.30896 0.63503 0.47810 0.85282 0.88351 0.940
-0.30924 0.63559 0.47853 0.85358 0.88542 0.942
-0.30951 0.63616 0.47895 0.85433 0.88733 0.988
-0.30979 0.63672 0.47937 0.85509 0.88924 0.969
-0.31006 0.63728 0.47980 0.85585 0.89114 0.939
-0.31033 0.63784 0.48022 0.85660 0.89305 0.896
-0.31061 0.63841 0.48065 0.85736 0.89496 0.847
-0.31088 0.63897 0.48107 0.85811 0.89687 0.822
-0.31116 0.63953 0.48149 0.85887 0.89878 0.764
-0.31143 0.64010 0.48192 0.85963 0.90068 0.624
-0.31170 0.64066 0.48234 0.86038 0.90259 0.492
-0.31198 0.64122 0.48277 0.86114 0.90450 0.403
-0.31225 0.64179 0.48319 0.86190 0.90641 0.450
-0.31253 0.64235 0.48362 0.86265 0.90832 0.408
-0.31280 0.64291 0.48404 0.86341 0.91023 0.420
-0.31307 0.64348 0.48446 0.86417 0.91213 0.498
-0.31335 0.64404 0.48489 0.86492 0.91404 0.696
-0.31362 0.64460 0.48531 0.86568 0.91595 0.814
-0.31390 0.64517 0.48574 0.86644 0.91786 0.888
-0.31417 0.64573 0.48616 0.86719 0.91977 0.929
-0.31444 0.64629 0.48658 0.86795 0.92168 0.945
-0.31472 0.64686 0.48701 0.86871 0.92359 0.936
-0.31499 0.64742 0.48743 0.86946 0.92550 0.945
-0.31527 0.64798 0.48786 0.87022 0.92740 0.929
-0.31554 0.64855 0.48828 0.87098 0.92931 0.956
-0.31582 0.64911 0.48871 0.87173 0.93122 0.959
-0.31609 0.64968 0.48913 0.87249 0.93313 0.995
-0.31636 0.65024 0.48955 0.87325 0.93504 0.994
-0.31664 0.65080 0.48998 0.87400 0.93695 0.937
-0.31691 0.65137 0.49040 0.87476 0.93886 0.952
-0.31719 0.65193 0.49083 0.87552 0.94077 0.953
-0.31746 0.65249 0.49125 0.87628 0.94268 0.987
-0.31773 0.65306 0.49168 0.87703 0.94459 1.000
-0.31801 0.65362 0.49210 0.87779 0.94650 0.997
-0.31828 0.65419 0.49253 0.87855 0.94841 0.981
-0.31856 0.65475 0.49295 0.87930 0.95032 0.993
-0.31883 0.65531 0.49337 0.88006 0.95223 0.997
-0.31911 0.65588 0.49380 0.88082 0.95414 1.007
-0.31938 0.65644 0.49422 0.88157 0.95605 1.016
-0.31966 0.65700 0.49465 0.88233 0.95796 0.981
-0.31993 0.65757 0.49507 0.88309 0.95987 0.998
-0.32020 0.65813 0.49550 0.88385 0.96178 0.991
-0.32048 0.65870 0.49592 0.88460 0.96369 0.991
-0.32075 0.65926 0.49635 0.88536 0.96560 0.991
-0.32103 0.65982 0.49677 0.88612 0.96751 0.999
-0.32130 0.66039 0.49720 0.88688 0.96942 1.026
-0.32158 0.66095 0.49762 0.88763 0.97133 0.977
-0.32185 0.66152 0.49804 0.88839 0.97324 0.959
-0.32212 0.66208 0.49847 0.88915 0.97515 0.965
-0.32240 0.66264 0.49889 0.88991 0.97706 0.947
-0.32267 0.66321 0.49932 0.89066 0.97898 0.994
-0.32295 0.66377 0.49974 0.89142 0.98089 1.008
-0.32322 0.66434 0.50017 0.89218 0.98280 1.038
-0.32350 0.66490 0.50059 0.89294 0.98471 1.005
-0.32377 0.66546 0.50102 0.89369 0.98662 1.015
-0.32405 0.66603 0.50144 0.89445 0.98853 0.985
-0.32432 0.66659 0.50187 0.89521 0.99044 0.980
-0.32459 0.66716 0.50229 0.89597 0.99235 1.006
-0.32487 0.66772 0.50272 0.89672 0.99427 1.020
-0.32514 0.66829 0.50314 0.89748 0.99618 0.971
-0.32542 0.66885 0.50357 0.89824 0.99809 0.970
-0.32569 0.66941 0.50399 0.89900 1.00000 0.985
