x y z dist_scaled dist_frac flux_norm
0.13417 0.08849 0.47603 0.50243 0.00000 0.943
0.13437 0.08862 0.47673 0.50317 0.00188 0.873
0.13457 0.08875 0.47744 0.50391 0.00375 0.946
0.13477 0.08888 0.47814 0.50466 0.00563 1.014
0.13496 0.08901 0.47885 0.50540 0.00750 0.957
0.13516 0.08914 0.47955 0.50615 0.00938 0.966
0.13536 0.08927 0.48026 0.50689 0.01126 1.019
0.13556 0.08940 0.48096 0.50763 0.01313 1.035
0.13576 0.08953 0.48167 0.50838 0.01501 0.929
0.13596 0.08966 0.48237 0.50912 0.01689 1.014
0.13616 0.08980 0.48308 0.50987 0.01876 0.991
0.13635 0.08993 0.48378 0.51061 0.02064 0.999
0.13655 0.09006 0.48449 0.51136 0.02252 0.925
0.13675 0.09019 0.48519 0.51210 0.02440 0.906
0.13695 0.09032 0.48590 0.51285 0.02627 0.984
0.13715 0.09045 0.48660 0.51359 0.02815 0.946
0.13735 0.09058 0.48731 0.51433 0.03003 1.006
0.13755 0.09071 0.48801 0.51508 0.03190 0.979
0.13775 0.09084 0.48872 0.51582 0.03378 0.966
0.13795 0.09098 0.48942 0.51657 0.03566 0.870
0.13814 0.09111 0.49013 0.51731 0.03754 0.866
0.13834 0.09124 0.49084 0.51806 0.03941 1.045
0.13854 0.09137 0.49154 0.51880 0.04129 1.042
0.13874 0.09150 0.49225 0.51955 0.04317 1.029
0.13894 0.09163 0.49295 0.52029 0.04505 0.858
0.13914 0.09176 0.49366 0.52104 0.04692 0.953
0.13934 0.09189 0.49436 0.52178 0.04880 0.972
0.13954 0.09202 0.49507 0.52253 0.05068 0.986
0.13974 0.09216 0.49577 0.52327 0.05256 0.928
0.13993 0.09229 0.49648 0.52401 0.05444 0.909
0.14013 0.09242 0.49719 0.52476 0.05631 0.988
0.14033 0.09255 0.49789 0.52550 0.05819 0.932
0.14053 0.09268 0.49860 0.52625 0.06007 1.017
0.14073 0.09281 0.49930 0.52699 0.06195 1.072
0.14093 0.09294 0.50001 0.52774 0.06383 0.910
0.14113 0.09307 0.50072 0.52848 0.06571 1.016
0.14133 0.09321 0.50142 0.52923 0.06758 1.052
0.14153 0.09334 0.50213 0.52997 0.06946 1.022
0.14172 0.09347 0.50283 0.53072 0.07134 1.066
0.14192 0.09360 0.50354 0.53146 0.07322 1.027
0.14212 0.09373 0.50424 0.53221 0.07510 0.919
0.14232 0.09386 0.50495 0.53295 0.07698 1.063
0.14252 0.09399 0.50566 0.53370 0.07886 1.021
0.14272 0.09412 0.50636 0.53445 0.08074 1.012
0.14292 0.09426 0.50707 0.53519 0.08261 1.048
0.14312 0.09439 0.50778 0.53594 0.08449 0.950
0.14332 0.09452 0.50848 0.53668 0.08637 1.020
0.14352 0.09465 0.50919 0.53743 0.08825 0.954
0.14371 0.09478 0.50989 0.53817 0.09013 0.964
0.14391 0.09491 0.51060 0.53892 0.09201 0.910
0.14411 0.09504 0.51131 0.53966 0.09389 0.969
0.14431 0.09517 0.51201 0.54041 0.09577 1.011
0.14451 0.09531 0.51272 0.54115 0.09765 1.015
0.14471 0.09544 0.51342 0.54190 0.09953 1.036
0.14491 0.09557 0.51413 0.54264 0.10141 1.108
0.14511 0.09570 0.51484 0.54339 0.10329 1.069
0.14531 0.09583 0.51554 0.54414 0.10517 0.944
0.14551 0.09596 0.51625 0.54488 0.10705 1.053
0.14571 0.09609 0.51696 0.54563 0.10893 0.883
0.14590 0.09622 0.51766 0.54637 0.11081 0.916
0.14610 0.09636 0.51837 0.54712 0.11269 0.972
0.14630 0.09649 0.51908 0.54786 0.11457 0.943
0.14650 0.09662 0.51978 0.54861 0.11645 0.967
0.14670 0.09675 0.52049 0.54935 0.11833 0.966
0.14690 0.09688 0.52120 0.55010 0.12021 0.948
0.14710 0.09701 0.52190 0.55085 0.12209 0.872
0.14730 0.09714 0.52261 0.55159 0.12397 0.932
0.14750 0.09728 0.52332 0.55234 0.12585 0.893
0.14770 0.09741 0.52402 0.55308 0.12773 1.009
0.14790 0.09754 0.52473 0.55383 0.12961 0.891
0.14810 0.09767 0.52544 0.55458 0.13149 1.000
0.14829 0.09780 0.52614 0.55532 0.13337 0.954
0.14849 0.09793 0.52685 0.55607 0.13526 1.094
0.14869 0.09806 0.52756 0.55681 0.13714 0.885
0.14889 0.09819 0.52826 0.55756 0.13902 1.018
0.14909 0.09833 0.52897 0.55831 0.14090 0.982
0.14929 0.09846 0.52968 0.55905 0.14278 0.926
0.14949 0.09859 0.53038 0.55980 0.14466 1.096
0.14969 0.09872 0.53109 0.56054 0.14654 0.930
0.14989 0.09885 0.53180 0.56129 0.14842 0.983
0.15009 0.09898 0.53250 0.56204 0.15031 0.937
0.15029 0.09911 0.53321 0.56278 0.15219 0.828
0.15049 0.09925 0.53392 0.56353 0.15407 0.964
0.15069 0.09938 0.53463 0.56428 0.15595 0.939
0.15088 0.09951 0.53533 0.56502 0.15783 1.058
0.15108 0.09964 0.53604 0.56577 0.15971 0.955
0.15128 0.09977 0.53675 0.56651 0.16160 0.976
0.15148 0.09990 0.53745 0.56726 0.16348 0.934
0.15168 0.10003 0.53816 0.56801 0.16536 0.884
0.15188 0.10017 0.53887 0.56875 0.16724 0.994
0.15208 0.10030 0.53958 0.56950 0.16912 0.882
0.15228 0.10043 0.54028 0.57025 0.17101 0.855
0.15248 0.10056 0.54099 0.57099 0.17289 0.908
0.15268 0.10069 0.54170 0.57174 0.17477 1.048
0.15288 0.10082 0.54240 0.57249 0.17665 0.876
0.15308 0.10096 0.54311 0.57323 0.17854 0.996
0.15328 0.10109 0.54382 0.57398 0.18042 0.984
0.15348 0.10122 0.54453 0.57473 0.18230 0.916
0.15368 0.10135 0.54523 0.57547 0.18418 1.060
0.15387 0.10148 0.54594 0.57622 0.18607 1.065
0.15407 0.10161 0.54665 0.57697 0.18795 1.054
0.15427 0.10174 0.54736 0.57771 0.18983 0.907
0.15447 0.10188 0.54806 0.57846 0.19172 1.000
0.15467 0.10201 0.54877 0.57921 0.19360 0.858
0.15487 0.10214 0.54948 0.57995 0.19548 0.923
0.15507 0.10227 0.55019 0.58070 0.19737 0.908
0.15527 0.10240 0.55089 0.58145 0.19925 1.004
0.15547 0.10253 0.55160 0.58219 0.20113 1.074
0.15567 0.10266 0.55231 0.58294 0.20302 0.946
0.15587 0.10280 0.55302 0.58369 0.20490 0.973
0.15607 0.10293 0.55373 0.58443 0.20678 1.055
0.15627 0.10306 0.55443 0.58518 0.20867 1.016
0.15647 0.10319 0.55514 0.58593 0.21055 1.052
0.15667 0.10332 0.55585 0.58668 0.21243 1.102
0.15687 0.10345 0.55656 0.58742 0.21432 0.975
0.15707 0.10359 0.55726 0.58817 0.21620 0.996
0.15727 0.10372 0.55797 0.58892 0.21809 1.137
0.15747 0.10385 0.55868 0.58966 0.21997 0.961
0.15766 0.10398 0.55939 0.59041 0.22185 0.873
0.15786 0.10411 0.56010 0.59116 0.22374 0.968
0.15806 0.10424 0.56080 0.59191 0.22562 0.803
0.15826 0.10438 0.56151 0.59265 0.22751 0.970
0.15846 0.10451 0.56222 0.59340 0.22939 1.025
0.15866 0.10464 0.56293 0.59415 0.23127 0.930
0.15886 0.10477 0.56364 0.59490 0.23316 0.951
0.15906 0.10490 0.56434 0.59564 0.23504 0.998
0.15926 0.10503 0.56505 0.59639 0.23693 0.982
0.15946 0.10517 0.56576 0.59714 0.23881 0.972
0.15966 0.10530 0.56647 0.59789 0.24070 0.975
0.15986 0.10543 0.56718 0.59863 0.24258 0.928
0.16006 0.10556 0.56789 0.59938 0.24447 0.979
0.16026 0.10569 0.56859 0.60013 0.24635 0.875
0.16046 0.10582 0.56930 0.60088 0.24824 1.044
0.16066 0.10596 0.57001 0.60162 0.25012 0.980
0.16086 0.10609 0.57072 0.60237 0.25201 0.993
0.16106 0.10622 0.57143 0.60312 0.25389 1.008
0.16126 0.10635 0.57214 0.60387 0.25578 0.960
0.16146 0.10648 0.57284 0.60461 0.25766 0.974
0.16166 0.10661 0.57355 0.60536 0.25955 0.907
0.16186 0.10675 0.57426 0.60611 0.26143 0.968
0.16206 0.10688 0.57497 0.60686 0.26332 1.002
0.16226 0.10701 0.57568 0.60760 0.26521 0.998
0.16246 0.10714 0.57639 0.60835 0.26709 1.030
0.16266 0.10727 0.57710 0.60910 0.26898 1.014
0.16286 0.10740 0.57780 0.60985 0.27086 1.017
0.16305 0.10754 0.57851 0.61060 0.27275 0.865
0.16325 0.10767 0.57922 0.61134 0.27463 1.133
0.16345 0.10780 0.57993 0.61209 0.27652 0.933
0.16365 0.10793 0.58064 0.61284 0.27841 0.938
0.16385 0.10806 0.58135 0.61359 0.28029 0.961
0.16405 0.10819 0.58206 0.61434 0.28218 1.083
0.16425 0.10833 0.58277 0.61508 0.28407 0.993
0.16445 0.10846 0.58347 0.61583 0.28595 0.999
0.16465 0.10859 0.58418 0.61658 0.28784 1.024
0.16485 0.10872 0.58489 0.61733 0.28972 1.122
0.16505 0.10885 0.58560 0.61808 0.29161 0.936
0.16525 0.10898 0.58631 0.61883 0.29350 0.973
0.16545 0.10912 0.58702 0.61957 0.29538 0.994
0.16565 0.10925 0.58773 0.62032 0.29727 0.913
0.16585 0.10938 0.58844 0.62107 0.29916 1.050
0.16605 0.10951 0.58915 0.62182 0.30105 1.075
0.16625 0.10964 0.58985 0.62257 0.30293 1.037
0.16645 0.10978 0.59056 0.62332 0.30482 1.006
0.16665 0.10991 0.59127 0.62406 0.30671 0.996
0.16685 0.11004 0.59198 0.62481 0.30859 0.997
0.16705 0.11017 0.59269 0.62556 0.31048 1.033
0.16725 0.11030 0.59340 0.62631 0.31237 0.945
0.16745 0.11043 0.59411 0.62706 0.31426 0.938
0.16765 0.11057 0.59482 0.62781 0.31614 1.028
0.16785 0.11070 0.59553 0.62855 0.31803 0.970
0.16805 0.11083 0.59624 0.62930 0.31992 0.964
0.16825 0.11096 0.59695 0.63005 0.32181 0.970
0.16845 0.11109 0.59766 0.63080 0.32369 1.039
0.16865 0.11123 0.59836 0.63155 0.32558 0.896
0.16885 0.11136 0.59907 0.63230 0.32747 0.944
0.16905 0.11149 0.59978 0.63305 0.32936 0.912
0.16925 0.11162 0.60049 0.63380 0.33125 1.052
0.16945 0.11175 0.60120 0.63454 0.33313 0.967
0.16965 0.11189 0.60191 0.63529 0.33502 1.006
0.16985 0.11202 0.60262 0.63604 0.33691 1.030
0.17005 0.11215 0.60333 0.63679 0.33880 1.062
0.17025 0.11228 0.60404 0.63754 0.34069 1.062
0.17045 0.11241 0.60475 0.63829 0.34257 0.992
0.17065 0.11254 0.60546 0.63904 0.34446 1.180
0.17085 0.11268 0.60617 0.63979 0.34635 1.065
0.17105 0.11281 0.60688 0.64054 0.34824 1.067
0.17125 0.11294 0.60759 0.64128 0.35013 0.985
0.17145 0.11307 0.60830 0.64203 0.35202 1.055
0.17165 0.11320 0.60901 0.64278 0.35391 1.033
0.17185 0.11334 0.60972 0.64353 0.35580 0.897
0.17205 0.11347 0.61043 0.64428 0.35768 1.090
0.17225 0.11360 0.61114 0.64503 0.35957 0.929
0.17245 0.11373 0.61185 0.64578 0.36146 1.056
0.17265 0.11386 0.61256 0.64653 0.36335 0.935
0.17285 0.11400 0.61327 0.64728 0.36524 1.011
0.17305 0.11413 0.61398 0.64803 0.36713 0.974
0.17325 0.11426 0.61469 0.64878 0.36902 0.939
0.17345 0.11439 0.61540 0.64953 0.37091 0.929
0.17365 0.11452 0.61611 0.65028 0.37280 0.916
0.17385 0.11466 0.61682 0.65102 0.37469 0.985
0.17405 0.11479 0.61753 0.65177 0.37658 0.897
0.17425 0.11492 0.61824 0.65252 0.37847 0.945
0.17445 0.11505 0.61895 0.65327 0.38036 0.958
0.17465 0.11518 0.61966 0.65402 0.38225 1.034
0.17485 0.11532 0.62037 0.65477 0.38414 0.965
0.17505 0.11545 0.62108 0.65552 0.38603 0.903
0.17525 0.11558 0.62179 0.65627 0.38792 1.024
0.17545 0.11571 0.62250 0.65702 0.38981 0.863
0.17565 0.11584 0.62321 0.65777 0.39170 1.034
0.17585 0.11598 0.62392 0.65852 0.39359 0.981
0.17605 0.11611 0.62463 0.65927 0.39548 0.899
0.17625 0.11624 0.62534 0.66002 0.39737 1.002
0.17645 0.11637 0.62605 0.66077 0.39926 0.944
0.17665 0.11650 0.62676 0.66152 0.40115 1.005
0.17685 0.11664 0.62747 0.66227 0.40304 0.945
0.17705 0.11677 0.62818 0.66302 0.40493 0.937
0.17725 0.11690 0.62889 0.66377 0.40682 1.054
0.17745 0.11703 0.62960 0.66452 0.40871 0.989
0.17765 0.11716 0.63031 0.66527 0.41060 0.927
0.17785 0.11730 0.63102 0.66602 0.41249 0.920
0.17806 0.11743 0.63173 0.66677 0.41438 0.937
0.17826 0.11756 0.63244 0.66752 0.41627 1.001
0.17846 0.11769 0.63315 0.66827 0.41817 0.929
0.17866 0.11782 0.63386 0.66902 0.42006 1.011
0.17886 0.11796 0.63458 0.66977 0.42195 0.975
0.17906 0.11809 0.63529 0.67052 0.42384 0.939
0.17926 0.11822 0.63600 0.67127 0.42573 0.898
0.17946 0.11835 0.63671 0.67202 0.42762 0.939
0.17966 0.11849 0.63742 0.67277 0.42951 0.882
0.17986 0.11862 0.63813 0.67352 0.43141 1.027
0.18006 0.11875 0.63884 0.67427 0.43330 1.043
0.18026 0.11888 0.63955 0.67502 0.43519 0.938
0.18046 0.11901 0.64026 0.67577 0.43708 1.089
0.18066 0.11915 0.64097 0.67652 0.43897 1.038
0.18086 0.11928 0.64168 0.67727 0.44086 1.032
0.18106 0.11941 0.64239 0.67802 0.44276 1.000
0.18126 0.11954 0.64310 0.67877 0.44465 0.959
0.18146 0.11967 0.64382 0.67952 0.44654 0.972
0.18166 0.11981 0.64453 0.68027 0.44843 1.022
0.18186 0.11994 0.64524 0.68102 0.45032 1.035
0.18206 0.12007 0.64595 0.68177 0.45222 0.890
0.18226 0.12020 0.64666 0.68252 0.45411 0.953
0.18246 0.12034 0.64737 0.68327 0.45600 1.095
0.18266 0.12047 0.64808 0.68402 0.45789 0.945
0.18286 0.12060 0.64879 0.68477 0.45979 1.040
0.18306 0.12073 0.64950 0.68553 0.46168 1.016
0.18326 0.12086 0.65022 0.68628 0.46357 1.005
0.18347 0.12100 0.65093 0.68703 0.46546 0.957
0.18367 0.12113 0.65164 0.68778 0.46736 1.102
0.18387 0.12126 0.65235 0.68853 0.46925 0.998
0.18407 0.12139 0.65306 0.68928 0.47114 0.961
0.18427 0.12152 0.65377 0.69003 0.47304 1.015
0.18447 0.12166 0.65448 0.69078 0.47493 1.074
0.18467 0.12179 0.65519 0.69153 0.47682 0.915
0.18487 0.12192 0.65591 0.69228 0.47872 1.085
0.18507 0.12205 0.65662 0.69303 0.48061 0.842
0.18527 0.12219 0.65733 0.69378 0.48250 0.981
0.18547 0.12232 0.65804 0.69453 0.48440 0.982
0.18567 0.12245 0.65875 0.69529 0.48629 1.012
0.18587 0.12258 0.65946 0.69604 0.48818 1.084
0.18607 0.12272 0.66018 0.69679 0.49008 0.912
0.18627 0.12285 0.66089 0.69754 0.49197 1.086
0.18647 0.12298 0.66160 0.69829 0.49386 0.967
0.18667 0.12311 0.66231 0.69904 0.49576 0.975
0.18687 0.12324 0.66302 0.69979 0.49765 1.095
0.18707 0.12338 0.66373 0.70054 0.49955 1.088
0.18728 0.12351 0.66444 0.70129 0.50144 0.992
0.18748 0.12364 0.66516 0.70205 0.50333 0.989
0.18768 0.12377 0.66587 0.70280 0.50523 1.038
0.18788 0.12391 0.66658 0.70355 0.50712 1.013
0.18808 0.12404 0.66729 0.70430 0.50902 0.961
0.18828 0.12417 0.66800 0.70505 0.51091 1.011
0.18848 0.12430 0.66872 0.70580 0.51281 0.947
0.18868 0.12444 0.66943 0.70655 0.51470 0.913
0.18888 0.12457 0.67014 0.70730 0.51660 0.988
0.18908 0.12470 0.67085 0.70806 0.51849 0.989
0.18928 0.12483 0.67156 0.70881 0.52038 0.981
0.18948 0.12496 0.67228 0.70956 0.52228 0.892
0.18968 0.12510 0.67299 0.71031 0.52417 0.961
0.18988 0.12523 0.67370 0.71106 0.52607 0.916
0.19008 0.12536 0.67441 0.71181 0.52796 1.104
0.19028 0.12549 0.67512 0.71256 0.52986 0.928
0.19049 0.12563 0.67584 0.71332 0.53175 1.010
0.19069 0.12576 0.67655 0.71407 0.53365 0.977
0.19089 0.12589 0.67726 0.71482 0.53555 0.940
0.19109 0.12602 0.67797 0.71557 0.53744 0.948
0.19129 0.12616 0.67868 0.71632 0.53934 0.868
0.19149 0.12629 0.67940 0.71707 0.54123 0.945
0.19169 0.12642 0.68011 0.71783 0.54313 0.958
0.19189 0.12655 0.68082 0.71858 0.54502 0.916
0.19209 0.12669 0.68153 0.71933 0.54692 0.951
0.19229 0.12682 0.68225 0.72008 0.54881 0.918
0.19249 0.12695 0.68296 0.72083 0.55071 0.940
0.19269 0.12708 0.68367 0.72159 0.55261 0.940
0.19289 0.12722 0.68438 0.72234 0.55450 0.871
0.19310 0.12735 0.68510 0.72309 0.55640 0.820
0.19330 0.12748 0.68581 0.72384 0.55829 0.813
0.19350 0.12761 0.68652 0.72459 0.56019 0.781
0.19370 0.12774 0.68723 0.72535 0.56209 0.841
0.19390 0.12788 0.68795 0.72610 0.56398 0.858
0.19410 0.12801 0.68866 0.72685 0.56588 0.807
0.19430 0.12814 0.68937 0.72760 0.56778 0.918
0.19450 0.12827 0.69008 0.72835 0.56967 0.934
0.19470 0.12841 0.69080 0.72911 0.57157 0.921
0.19490 0.12854 0.69151 0.72986 0.57346 0.896
0.19510 0.12867 0.69222 0.73061 0.57536 0.987
0.19530 0.12880 0.69293 0.73136 0.57726 0.976
0.19551 0.12894 0.69365 0.73212 0.57916 0.983
0.19571 0.12907 0.69436 0.73287 0.58105 0.969
0.19591 0.12920 0.69507 0.73362 0.58295 0.966
0.19611 0.12933 0.69578 0.73437 0.58485 0.961
0.19631 0.12947 0.69650 0.73512 0.58674 0.921
0.19651 0.12960 0.69721 0.73588 0.58864 1.012
0.19671 0.12973 0.69792 0.73663 0.59054 0.941
0.19691 0.12986 0.69864 0.73738 0.59243 0.806
0.19711 0.13000 0.69935 0.73813 0.59433 0.985
0.19731 0.13013 0.70006 0.73889 0.59623 0.981
0.19751 0.13026 0.70078 0.73964 0.59813 0.923
0.19772 0.13039 0.70149 0.74039 0.60002 1.047
0.19792 0.13053 0.70220 0.74114 0.60192 1.002
0.19812 0.13066 0.70291 0.74190 0.60382 0.943
0.19832 0.13079 0.70363 0.74265 0.60572 1.037
0.19852 0.13092 0.70434 0.74340 0.60762 1.055
0.19872 0.13106 0.70505 0.74416 0.60951 0.875
0.19892 0.13119 0.70577 0.74491 0.61141 0.951
0.19912 0.13132 0.70648 0.74566 0.61331 1.016
0.19932 0.13146 0.70719 0.74641 0.61521 1.041
0.19952 0.13159 0.70791 0.74717 0.61711 0.977
0.19973 0.13172 0.70862 0.74792 0.61900 0.978
0.19993 0.13185 0.70933 0.74867 0.62090 1.089
0.20013 0.13199 0.71005 0.74942 0.62280 1.018
0.20033 0.13212 0.71076 0.75018 0.62470 0.887
0.20053 0.13225 0.71147 0.75093 0.62660 1.047
0.20073 0.13238 0.71219 0.75168 0.62850 0.945
0.20093 0.13252 0.71290 0.75244 0.63039 0.946
0.20113 0.13265 0.71361 0.75319 0.63229 0.993
0.20133 0.13278 0.71433 0.75394 0.63419 0.953
0.20154 0.13291 0.71504 0.75470 0.63609 1.018
0.20174 0.13305 0.71575 0.75545 0.63799 0.974
0.20194 0.13318 0.71647 0.75620 0.63989 0.965
0.20214 0.13331 0.71718 0.75696 0.64179 0.976
0.20234 0.13344 0.71789 0.75771 0.64369 0.976
0.20254 0.13358 0.71861 0.75846 0.64559 0.976
0.20274 0.13371 0.71932 0.75921 0.64749 0.994
0.20294 0.13384 0.72004 0.75997 0.64938 1.004
0.20314 0.13397 0.72075 0.76072 0.65128 0.925
0.20335 0.13411 0.72146 0.76147 0.65318 1.055
0.20355 0.13424 0.72218 0.76223 0.65508 0.997
0.20375 0.13437 0.72289 0.76298 0.65698 1.083
0.20395 0.13451 0.72360 0.76373 0.65888 1.111
0.20415 0.13464 0.72432 0.76449 0.66078 0.964
0.20435 0.13477 0.72503 0.76524 0.66268 0.965
0.20455 0.13490 0.72575 0.76599 0.66458 1.006
0.20475 0.13504 0.72646 0.76675 0.66648 1.037
0.20496 0.13517 0.72717 0.76750 0.66838 1.058
0.20516 0.13530 0.72789 0.76826 0.67028 1.019
0.20536 0.13543 0.72860 0.76901 0.67218 0.847
0.20556 0.13557 0.72932 0.76976 0.67408 0.901
0.20576 0.13570 0.73003 0.77052 0.67598 0.991
0.20596 0.13583 0.73074 0.77127 0.67788 0.999
0.20616 0.13597 0.73146 0.77202 0.67978 0.950
0.20636 0.13610 0.73217 0.77278 0.68168 0.947
0.20657 0.13623 0.73289 0.77353 0.68358 1.017
0.20677 0.13636 0.73360 0.77428 0.68548 1.039
0.20697 0.13650 0.73431 0.77504 0.68739 0.922
0.20717 0.13663 0.73503 0.77579 0.68929 0.952
0.20737 0.13676 0.73574 0.77655 0.69119 0.979
0.20757 0.13689 0.73646 0.77730 0.69309 0.901
0.20777 0.13703 0.73717 0.77805 0.69499 1.063
0.20797 0.13716 0.73789 0.77881 0.69689 1.065
0.20818 0.13729 0.73860 0.77956 0.69879 0.990
0.20838 0.13743 0.73931 0.78032 0.70069 0.926
0.20858 0.13756 0.74003 0.78107 0.70259 1.024
0.20878 0.13769 0.74074 0.78182 0.70449 1.051
0.20898 0.13782 0.74146 0.78258 0.70640 0.975
0.20918 0.13796 0.74217 0.78333 0.70830 0.945
0.20938 0.13809 0.74289 0.78409 0.71020 0.985
0.20959 0.13822 0.74360 0.78484 0.71210 1.011
0.20979 0.13836 0.74432 0.78559 0.71400 1.044
0.20999 0.13849 0.74503 0.78635 0.71590 1.035
0.21019 0.13862 0.74574 0.78710 0.71780 1.001
0.21039 0.13875 0.74646 0.78786 0.71971 0.943
0.21059 0.13889 0.74717 0.78861 0.72161 1.188
0.21079 0.13902 0.74789 0.78937 0.72351 1.061
0.21100 0.13915 0.74860 0.79012 0.72541 1.130
0.21120 0.13929 0.74932 0.79087 0.72731 1.044
0.21140 0.13942 0.75003 0.79163 0.72922 1.027
0.21160 0.13955 0.75075 0.79238 0.73112 1.040
0.21180 0.13968 0.75146 0.79314 0.73302 0.998
0.21200 0.13982 0.75218 0.79389 0.73492 0.924
0.21220 0.13995 0.75289 0.79465 0.73683 0.918
0.21241 0.14008 0.75361 0.79540 0.73873 1.015
0.21261 0.14022 0.75432 0.79616 0.74063 0.887
0.21281 0.14035 0.75504 0.79691 0.74253 1.011
0.21301 0.14048 0.75575 0.79766 0.74444 1.005
0.21321 0.14061 0.75647 0.79842 0.74634 0.976
0.21341 0.14075 0.75718 0.79917 0.74824 1.113
0.21361 0.14088 0.75790 0.79993 0.75014 1.008
0.21382 0.14101 0.75861 0.80068 0.75205 0.952
0.21402 0.14115 0.75933 0.80144 0.75395 1.066
0.21422 0.14128 0.76004 0.80219 0.75585 0.971
0.21442 0.14141 0.76076 0.80295 0.75776 0.956
0.21462 0.14154 0.76147 0.80370 0.75966 1.004
0.21482 0.14168 0.76219 0.80446 0.76156 1.096
0.21503 0.14181 0.76290 0.80521 0.76347 0.957
0.21523 0.14194 0.76362 0.80597 0.76537 1.024
0.21543 0.14208 0.76433 0.80672 0.76727 1.055
0.21563 0.14221 0.76505 0.80748 0.76918 1.018
0.21583 0.14234 0.76576 0.80823 0.77108 0.865
0.21603 0.14248 0.76648 0.80899 0.77298 0.956
0.21624 0.14261 0.76719 0.80974 0.77489 0.998
0.21644 0.14274 0.76791 0.81050 0.77679 1.030
0.21664 0.14287 0.76862 0.81125 0.77870 0.926
0.21684 0.14301 0.76934 0.81201 0.78060 1.066
0.21704 0.14314 0.77006 0.81276 0.78250 0.978
0.21724 0.14327 0.77077 0.81352 0.78441 1.034
0.21745 0.14341 0.77149 0.81427 0.78631 0.899
0.21765 0.14354 0.77220 0.81503 0.78822 1.050
0.21785 0.14367 0.77292 0.81578 0.79012 1.029
0.21805 0.14381 0.77363 0.81654 0.79202 1.131
0.21825 0.14394 0.77435 0.81729 0.79393 1.006
0.21845 0.14407 0.77506 0.81805 0.79583 1.020
0.21866 0.14420 0.77578 0.81880 0.79774 0.978
0.21886 0.14434 0.77650 0.81956 0.79964 1.004
0.21906 0.14447 0.77721 0.82031 0.80155 0.967
0.21926 0.14460 0.77793 0.82107 0.80345 0.981
0.21946 0.14474 0.77864 0.82183 0.80536 1.054
0.21966 0.14487 0.77936 0.82258 0.80726 1.061
0.21987 0.14500 0.78007 0.82334 0.80917 1.023
0.22007 0.14514 0.78079 0.82409 0.81107 1.021
0.22027 0.14527 0.78151 0.82485 0.81298 1.096
0.22047 0.14540 0.78222 0.82560 0.81488 1.074
0.22067 0.14553 0.78294 0.82636 0.81679 0.918
0.22087 0.14567 0.78365 0.82711 0.81869 0.934
0.22108 0.14580 0.78437 0.82787 0.82060 0.967
0.22128 0.14593 0.78509 0.82863 0.82250 0.923
0.22148 0.14607 0.78580 0.82938 0.82441 1.013
0.22168 0.14620 0.78652 0.83014 0.82631 0.986
0.22188 0.14633 0.78723 0.83089 0.82822 1.080
0.22209 0.14647 0.78795 0.83165 0.83013 0.957
0.22229 0.14660 0.78867 0.83240 0.83203 1.076
0.22249 0.14673 0.78938 0.83316 0.83394 1.031
0.22269 0.14687 0.79010 0.83392 0.83584 0.949
0.22289 0.14700 0.79081 0.83467 0.83775 0.973
0.22309 0.14713 0.79153 0.83543 0.83965 0.798
0.22330 0.14727 0.79225 0.83618 0.84156 0.933
0.22350 0.14740 0.79296 0.83694 0.84347 0.935
0.22370 0.14753 0.79368 0.83770 0.84537 1.018
0.22390 0.14766 0.79440 0.83845 0.84728 1.052
0.22410 0.14780 0.79511 0.83921 0.84919 1.078
0.22431 0.14793 0.79583 0.83996 0.85109 1.031
0.22451 0.14806 0.79654 0.84072 0.85300 1.071
0.22471 0.14820 0.79726 0.84148 0.85491 1.042
0.22491 0.14833 0.79798 0.84223 0.85681 1.017
0.22511 0.14846 0.79869 0.84299 0.85872 0.981
0.22532 0.14860 0.79941 0.84374 0.86063 0.968
0.22552 0.14873 0.80013 0.84450 0.86253 1.020
0.22572 0.14886 0.80084 0.84526 0.86444 0.959
0.22592 0.14900 0.80156 0.84601 0.86635 0.913
0.22612 0.14913 0.80228 0.84677 0.86825 0.866
0.22633 0.14926 0.80299 0.84753 0.87016 0.977
0.22653 0.14940 0.80371 0.84828 0.87207 1.078
0.22673 0.14953 0.80443 0.84904 0.87397 0.953
0.22693 0.14966 0.80514 0.84980 0.87588 1.017
0.22713 0.14980 0.80586 0.85055 0.87779 0.928
0.22734 0.14993 0.80658 0.85131 0.87970 0.987
0.22754 0.15006 0.80729 0.85206 0.88160 0.971
0.22774 0.15020 0.80801 0.85282 0.88351 1.013
0.22794 0.15033 0.80873 0.85358 0.88542 0.987
0.22814 0.15046 0.80944 0.85433 0.88733 1.010
0.22835 0.15059 0.81016 0.85509 0.88924 0.942
0.22855 0.15073 0.81088 0.85585 0.89114 0.898
0.22875 0.15086 0.81159 0.85660 0.89305 1.104
0.22895 0.15099 0.81231 0.85736 0.89496 0.874
0.22915 0.15113 0.81303 0.85812 0.89687 0.781
0.22936 0.15126 0.81375 0.85887 0.89877 0.727
0.22956 0.15139 0.81446 0.85963 0.90068 0.604
0.22976 0.15153 0.81518 0.86039 0.90259 0.413
0.22996 0.15166 0.81590 0.86114 0.90450 0.485
0.23016 0.15179 0.81661 0.86190 0.90641 0.568
0.23037 0.15193 0.81733 0.86266 0.90832 0.587
0.23057 0.15206 0.81805 0.86342 0.91022 0.666
0.23077 0.15219 0.81876 0.86417 0.91213 0.583
0.23097 0.15233 0.81948 0.86493 0.91404 0.606
0.23117 0.15246 0.82020 0.86569 0.91595 0.622
0.23138 0.15259 0.82092 0.86644 0.91786 0.665
0.23158 0.15273 0.82163 0.86720 0.91977 0.677
0.23178 0.15286 0.82235 0.86796 0.92168 0.877
0.23198 0.15299 0.82307 0.86871 0.92359 0.850
0.23219 0.15313 0.82379 0.86947 0.92550 0.916
0.23239 0.15326 0.82450 0.87023 0.92740 0.993
0.23259 0.15339 0.82522 0.87099 0.92931 1.144
0.23279 0.15353 0.82594 0.87174 0.93122 0.914
0.23299 0.15366 0.82666 0.87250 0.93313 0.912
0.23320 0.15379 0.82737 0.87326 0.93504 1.009
0.23340 0.15393 0.82809 0.87401 0.93695 0.930
0.23360 0.15406 0.82881 0.87477 0.93886 1.043
0.23380 0.15419 0.82953 0.87553 0.94077 0.809
0.23401 0.15433 0.83024 0.87629 0.94268 0.970
0.23421 0.15446 0.83096 0.87704 0.94459 0.993
0.23441 0.15459 0.83168 0.87780 0.94650 0.964
0.23461 0.15473 0.83240 0.87856 0.94841 0.953
0.23481 0.15486 0.83311 0.87932 0.95032 0.935
0.23502 0.15499 0.83383 0.88007 0.95223 1.039
0.23522 0.15513 0.83455 0.88083 0.95414 0.999
0.23542 0.15526 0.83527 0.88159 0.95605 1.051
0.23562 0.15540 0.83598 0.88235 0.95796 1.098
0.23583 0.15553 0.83670 0.88310 0.95987 1.011
0.23603 0.15566 0.83742 0.88386 0.96178 0.896
0.23623 0.15580 0.83814 0.88462 0.96369 0.966
0.23643 0.15593 0.83886 0.88538 0.96560 0.986
0.23664 0.15606 0.83957 0.88613 0.96751 0.998
0.23684 0.15620 0.84029 0.88689 0.96942 0.920
0.23704 0.15633 0.84101 0.88765 0.97133 0.941
0.23724 0.15646 0.84173 0.88841 0.97324 0.990
0.23744 0.15660 0.84245 0.88917 0.97515 0.957
0.23765 0.15673 0.84316 0.88992 0.97706 1.037
0.23785 0.15686 0.84388 0.89068 0.97898 0.878
0.23805 0.15700 0.84460 0.89144 0.98089 0.936
0.23825 0.15713 0.84532 0.89220 0.98280 0.984
0.23846 0.15726 0.84604 0.89296 0.98471 1.002
0.23866 0.15740 0.84675 0.89371 0.98662 0.985
0.23886 0.15753 0.84747 0.89447 0.98853 0.943
0.23906 0.15766 0.84819 0.89523 0.99044 0.993
0.23927 0.15780 0.84891 0.89599 0.99235 0.941
0.23947 0.15793 0.84963 0.89675 0.99427 1.087
0.23967 0.15806 0.85034 0.89750 0.99618 1.008
0.23987 0.15820 0.85106 0.89826 0.99809 1.043
0.24008 0.15833 0.85178 0.89902 1.00000 0.891
