x y z dist_scaled dist_frac flux_norm wavelength redshift
0.29645 0.11821 0.38824 0.50258 0.00000 0.725 1236.115 0.01682
0.29689 0.11838 0.38882 0.50333 0.00188 0.960 1236.145 0.01684
0.29733 0.11856 0.38939 0.50407 0.00375 0.948 1236.175 0.01687
0.29777 0.11873 0.38997 0.50481 0.00563 0.985 1236.205 0.01689
0.29821 0.11891 0.39054 0.50556 0.00751 1.083 1236.235 0.01692
0.29865 0.11908 0.39112 0.50630 0.00938 1.021 1236.265 0.01694
0.29908 0.11926 0.39169 0.50705 0.01126 1.120 1236.295 0.01697
0.29952 0.11943 0.39226 0.50779 0.01313 1.021 1236.325 0.01699
0.29996 0.11961 0.39284 0.50853 0.01501 1.181 1236.355 0.01701
0.30040 0.11978 0.39341 0.50928 0.01689 0.884 1236.384 0.01704
0.30084 0.11996 0.39399 0.51002 0.01876 1.008 1236.414 0.01706
0.30128 0.12013 0.39456 0.51077 0.02064 0.834 1236.444 0.01709
0.30172 0.12031 0.39514 0.51151 0.02252 1.119 1236.474 0.01711
0.30216 0.12048 0.39571 0.51225 0.02440 0.921 1236.504 0.01714
0.30260 0.12066 0.39629 0.51300 0.02627 0.945 1236.534 0.01716
0.30303 0.12083 0.39686 0.51374 0.02815 1.155 1236.564 0.01719
0.30347 0.12101 0.39744 0.51449 0.03003 0.958 1236.594 0.01721
0.30391 0.12118 0.39801 0.51523 0.03190 1.006 1236.623 0.01724
0.30435 0.12136 0.39859 0.51597 0.03378 1.046 1236.653 0.01726
0.30479 0.12153 0.39916 0.51672 0.03566 1.042 1236.683 0.01729
0.30523 0.12171 0.39974 0.51746 0.03754 0.949 1236.713 0.01731
0.30567 0.12188 0.40031 0.51821 0.03941 0.865 1236.743 0.01733
0.30611 0.12206 0.40089 0.51895 0.04129 0.992 1236.773 0.01736
0.30655 0.12223 0.40146 0.51970 0.04317 1.335 1236.803 0.01738
0.30699 0.12241 0.40204 0.52044 0.04505 0.692 1236.833 0.01741
0.30742 0.12258 0.40261 0.52118 0.04692 1.253 1236.862 0.01743
0.30786 0.12276 0.40319 0.52193 0.04880 1.049 1236.892 0.01746
0.30830 0.12293 0.40376 0.52267 0.05068 1.003 1236.922 0.01748
0.30874 0.12311 0.40434 0.52342 0.05256 0.818 1236.952 0.01751
0.30918 0.12328 0.40491 0.52416 0.05444 0.950 1236.982 0.01753
0.30962 0.12346 0.40549 0.52491 0.05631 0.999 1237.012 0.01756
0.31006 0.12363 0.40606 0.52565 0.05819 0.874 1237.042 0.01758
0.31050 0.12381 0.40664 0.52640 0.06007 1.066 1237.072 0.01760
0.31094 0.12398 0.40721 0.52714 0.06195 0.930 1237.101 0.01763
0.31138 0.12416 0.40779 0.52788 0.06383 0.694 1237.131 0.01765
0.31182 0.12433 0.40836 0.52863 0.06571 0.901 1237.161 0.01768
0.31226 0.12451 0.40894 0.52937 0.06758 0.871 1237.191 0.01770
0.31269 0.12468 0.40951 0.53012 0.06946 0.843 1237.221 0.01773
0.31313 0.12486 0.41009 0.53086 0.07134 1.078 1237.251 0.01775
0.31357 0.12503 0.41066 0.53161 0.07322 1.166 1237.281 0.01778
0.31401 0.12521 0.41124 0.53235 0.07510 1.107 1237.311 0.01780
0.31445 0.12539 0.41182 0.53310 0.07698 0.871 1237.341 0.01783
0.31489 0.12556 0.41239 0.53384 0.07886 1.078 1237.370 0.01785
0.31533 0.12574 0.41297 0.53459 0.08074 0.693 1237.400 0.01788
0.31577 0.12591 0.41354 0.53533 0.08261 1.016 1237.430 0.01790
0.31621 0.12609 0.41412 0.53608 0.08449 1.095 1237.460 0.01792
0.31665 0.12626 0.41469 0.53682 0.08637 0.869 1237.490 0.01795
0.31709 0.12644 0.41527 0.53757 0.08825 0.835 1237.520 0.01797
0.31753 0.12661 0.41584 0.53831 0.09013 1.165 1237.550 0.01800
0.31797 0.12679 0.41642 0.53906 0.09201 1.478 1237.580 0.01802
0.31841 0.12696 0.41699 0.53980 0.09389 1.010 1237.609 0.01805
0.31885 0.12714 0.41757 0.54055 0.09577 1.252 1237.639 0.01807
0.31929 0.12731 0.41815 0.54129 0.09765 1.028 1237.669 0.01810
0.31973 0.12749 0.41872 0.54204 0.09953 0.941 1237.699 0.01812
0.32016 0.12766 0.41930 0.54278 0.10141 0.959 1237.729 0.01815
0.32060 0.12784 0.41987 0.54353 0.10329 0.941 1237.759 0.01817
0.32104 0.12801 0.42045 0.54427 0.10517 0.819 1237.789 0.01819
0.32148 0.12819 0.42102 0.54502 0.10705 0.732 1237.819 0.01822
0.32192 0.12836 0.42160 0.54576 0.10893 1.096 1237.848 0.01824
0.32236 0.12854 0.42218 0.54651 0.11081 1.044 1237.878 0.01827
0.32280 0.12871 0.42275 0.54725 0.11269 0.959 1237.908 0.01829
0.32324 0.12889 0.42333 0.54800 0.11457 0.951 1237.938 0.01832
0.32368 0.12907 0.42390 0.54874 0.11645 1.014 1237.968 0.01834
0.32412 0.12924 0.42448 0.54949 0.11833 1.139 1237.998 0.01837
0.32456 0.12942 0.42505 0.55024 0.12021 1.210 1238.028 0.01839
0.32500 0.12959 0.42563 0.55098 0.12209 0.974 1238.058 0.01842
0.32544 0.12977 0.42621 0.55173 0.12397 0.943 1238.087 0.01844
0.32588 0.12994 0.42678 0.55247 0.12585 1.139 1238.117 0.01847
0.32632 0.13012 0.42736 0.55322 0.12773 0.939 1238.147 0.01849
0.32676 0.13029 0.42793 0.55396 0.12961 0.851 1238.177 0.01851
0.32720 0.13047 0.42851 0.55471 0.13149 0.847 1238.207 0.01854
0.32764 0.13064 0.42909 0.55545 0.13338 1.178 1238.237 0.01856
0.32808 0.13082 0.42966 0.55620 0.13526 1.110 1238.267 0.01859
0.32852 0.13099 0.43024 0.55695 0.13714 0.900 1238.297 0.01861
0.32896 0.13117 0.43081 0.55769 0.13902 0.903 1238.327 0.01864
0.32940 0.13135 0.43139 0.55844 0.14090 1.020 1238.356 0.01866
0.32984 0.13152 0.43197 0.55918 0.14278 1.222 1238.386 0.01869
0.33028 0.13170 0.43254 0.55993 0.14466 0.842 1238.416 0.01871
0.33072 0.13187 0.43312 0.56067 0.14654 0.867 1238.446 0.01874
0.33116 0.13205 0.43369 0.56142 0.14843 0.842 1238.476 0.01876
0.33160 0.13222 0.43427 0.56217 0.15031 0.952 1238.506 0.01878
0.33204 0.13240 0.43485 0.56291 0.15219 1.123 1238.536 0.01881
0.33248 0.13257 0.43542 0.56366 0.15407 1.185 1238.566 0.01883
0.33292 0.13275 0.43600 0.56440 0.15595 1.025 1238.595 0.01886
0.33336 0.13292 0.43658 0.56515 0.15783 1.368 1238.625 0.01888
0.33380 0.13310 0.43715 0.56590 0.15972 1.025 1238.655 0.01891
0.33424 0.13327 0.43773 0.56664 0.16160 1.086 1238.685 0.01893
0.33468 0.13345 0.43830 0.56739 0.16348 1.025 1238.715 0.01896
0.33512 0.13363 0.43888 0.56813 0.16536 0.939 1238.745 0.01898
0.33556 0.13380 0.43946 0.56888 0.16724 0.951 1238.775 0.01901
0.33600 0.13398 0.44003 0.56963 0.16913 0.816 1238.805 0.01903
0.33644 0.13415 0.44061 0.57037 0.17101 1.060 1238.834 0.01905
0.33688 0.13433 0.44119 0.57112 0.17289 0.926 1238.864 0.01908
0.33732 0.13450 0.44176 0.57186 0.17477 1.110 1238.894 0.01910
0.33776 0.13468 0.44234 0.57261 0.17665 0.707 1238.924 0.01913
0.33820 0.13485 0.44292 0.57336 0.17854 0.817 1238.954 0.01915
0.33864 0.13503 0.44349 0.57410 0.18042 0.655 1238.984 0.01918
0.33908 0.13521 0.44407 0.57485 0.18230 0.843 1239.014 0.01920
0.33952 0.13538 0.44465 0.57560 0.18419 0.990 1239.044 0.01923
0.33996 0.13556 0.44522 0.57634 0.18607 1.052 1239.073 0.01925
0.34040 0.13573 0.44580 0.57709 0.18795 1.011 1239.103 0.01928
0.34084 0.13591 0.44637 0.57784 0.18983 1.115 1239.133 0.01930
0.34128 0.13608 0.44695 0.57858 0.19172 0.925 1239.163 0.01933
0.34172 0.13626 0.44753 0.57933 0.19360 1.343 1239.193 0.01935
0.34216 0.13643 0.44810 0.58007 0.19548 0.651 1239.223 0.01937
0.34260 0.13661 0.44868 0.58082 0.19737 0.672 1239.253 0.01940
0.34304 0.13679 0.44926 0.58157 0.19925 0.986 1239.283 0.01942
0.34348 0.13696 0.44983 0.58231 0.20113 0.985 1239.313 0.01945
0.34392 0.13714 0.45041 0.58306 0.20302 0.839 1239.342 0.01947
0.34436 0.13731 0.45099 0.58381 0.20490 0.943 1239.372 0.01950
0.34480 0.13749 0.45157 0.58455 0.20678 0.901 1239.402 0.01952
0.34524 0.13766 0.45214 0.58530 0.20867 0.964 1239.432 0.01955
0.34568 0.13784 0.45272 0.58605 0.21055 1.027 1239.462 0.01957
0.34613 0.13801 0.45330 0.58679 0.21243 1.132 1239.492 0.01960
0.34657 0.13819 0.45387 0.58754 0.21432 0.881 1239.522 0.01962
0.34701 0.13837 0.45445 0.58829 0.21620 0.755 1239.552 0.01964
0.34745 0.13854 0.45503 0.58904 0.21809 0.922 1239.581 0.01967
0.34789 0.13872 0.45560 0.58978 0.21997 0.942 1239.611 0.01969
0.34833 0.13889 0.45618 0.59053 0.22185 1.108 1239.641 0.01972
0.34877 0.13907 0.45676 0.59128 0.22374 0.857 1239.671 0.01974
0.34921 0.13924 0.45733 0.59202 0.22562 0.858 1239.701 0.01977
0.34965 0.13942 0.45791 0.59277 0.22751 0.899 1239.731 0.01979
0.35009 0.13960 0.45849 0.59352 0.22939 1.023 1239.761 0.01982
0.35053 0.13977 0.45907 0.59426 0.23128 0.688 1239.791 0.01984
0.35097 0.13995 0.45964 0.59501 0.23316 0.648 1239.820 0.01987
0.35141 0.14012 0.46022 0.59576 0.23504 0.856 1239.850 0.01989
0.35185 0.14030 0.46080 0.59650 0.23693 1.481 1239.880 0.01992
0.35229 0.14047 0.46137 0.59725 0.23881 1.106 1239.910 0.01994
0.35273 0.14065 0.46195 0.59800 0.24070 0.981 1239.940 0.01996
0.35318 0.14083 0.46253 0.59875 0.24258 0.784 1239.970 0.01999
0.35362 0.14100 0.46311 0.59949 0.24447 0.836 1240.000 0.02001
0.35406 0.14118 0.46368 0.60024 0.24635 1.055 1240.030 0.02004
0.35450 0.14135 0.46426 0.60099 0.24824 1.225 1240.059 0.02006
0.35494 0.14153 0.46484 0.60174 0.25012 0.932 1240.089 0.02009
0.35538 0.14170 0.46541 0.60248 0.25201 0.911 1240.119 0.02011
0.35582 0.14188 0.46599 0.60323 0.25389 0.932 1240.149 0.02014
0.35626 0.14206 0.46657 0.60398 0.25578 1.008 1240.179 0.02016
0.35670 0.14223 0.46715 0.60472 0.25766 0.634 1240.209 0.02019
0.35714 0.14241 0.46772 0.60547 0.25955 0.973 1240.239 0.02021
0.35758 0.14258 0.46830 0.60622 0.26144 1.014 1240.269 0.02023
0.35802 0.14276 0.46888 0.60697 0.26332 1.033 1240.299 0.02026
0.35847 0.14294 0.46946 0.60771 0.26521 0.748 1240.328 0.02028
0.35891 0.14311 0.47003 0.60846 0.26709 0.907 1240.358 0.02031
0.35935 0.14329 0.47061 0.60921 0.26898 0.949 1240.388 0.02033
0.35979 0.14346 0.47119 0.60996 0.27086 0.882 1240.418 0.02036
0.36023 0.14364 0.47177 0.61070 0.27275 0.946 1240.448 0.02038
0.36067 0.14381 0.47234 0.61145 0.27464 1.079 1240.478 0.02041
0.36111 0.14399 0.47292 0.61220 0.27652 1.218 1240.508 0.02043
0.36155 0.14417 0.47350 0.61295 0.27841 1.083 1240.538 0.02046
0.36199 0.14434 0.47408 0.61370 0.28029 0.978 1240.567 0.02048
0.36243 0.14452 0.47465 0.61444 0.28218 1.258 1240.597 0.02050
0.36288 0.14469 0.47523 0.61519 0.28407 1.187 1240.627 0.02053
0.36332 0.14487 0.47581 0.61594 0.28595 1.150 1240.657 0.02055
0.36376 0.14505 0.47639 0.61669 0.28784 0.903 1240.687 0.02058
0.36420 0.14522 0.47696 0.61743 0.28973 1.073 1240.717 0.02060
0.36464 0.14540 0.47754 0.61818 0.29161 1.013 1240.747 0.02063
0.36508 0.14557 0.47812 0.61893 0.29350 1.122 1240.777 0.02065
0.36552 0.14575 0.47870 0.61968 0.29539 0.808 1240.806 0.02068
0.36596 0.14592 0.47928 0.62043 0.29727 0.904 1240.836 0.02070
0.36640 0.14610 0.47985 0.62117 0.29916 0.746 1240.866 0.02073
0.36685 0.14628 0.48043 0.62192 0.30105 0.940 1240.896 0.02075
0.36729 0.14645 0.48101 0.62267 0.30293 0.988 1240.926 0.02078
0.36773 0.14663 0.48159 0.62342 0.30482 0.842 1240.956 0.02080
0.36817 0.14680 0.48216 0.62417 0.30671 1.073 1240.986 0.02082
0.36861 0.14698 0.48274 0.62491 0.30859 0.819 1241.016 0.02085
0.36905 0.14716 0.48332 0.62566 0.31048 0.965 1241.045 0.02087
0.36949 0.14733 0.48390 0.62641 0.31237 1.050 1241.075 0.02090
0.36993 0.14751 0.48448 0.62716 0.31426 1.207 1241.105 0.02092
0.37038 0.14768 0.48505 0.62791 0.31614 0.953 1241.135 0.02095
0.37082 0.14786 0.48563 0.62866 0.31803 0.893 1241.165 0.02097
0.37126 0.14804 0.48621 0.62940 0.31992 1.122 1241.195 0.02100
0.37170 0.14821 0.48679 0.63015 0.32181 0.941 1241.225 0.02102
0.37214 0.14839 0.48737 0.63090 0.32369 0.928 1241.255 0.02105
0.37258 0.14856 0.48794 0.63165 0.32558 0.904 1241.285 0.02107
0.37302 0.14874 0.48852 0.63240 0.32747 0.952 1241.314 0.02109
0.37347 0.14892 0.48910 0.63315 0.32936 0.867 1241.344 0.02112
0.37391 0.14909 0.48968 0.63389 0.33125 0.963 1241.374 0.02114
0.37435 0.14927 0.49026 0.63464 0.33313 0.951 1241.404 0.02117
0.37479 0.14944 0.49084 0.63539 0.33502 0.951 1241.434 0.02119
0.37523 0.14962 0.49141 0.63614 0.33691 0.918 1241.464 0.02122
0.37567 0.14980 0.49199 0.63689 0.33880 0.836 1241.494 0.02124
0.37611 0.14997 0.49257 0.63764 0.34069 0.922 1241.524 0.02127
0.37656 0.15015 0.49315 0.63838 0.34258 0.751 1241.553 0.02129
0.37700 0.15032 0.49373 0.63913 0.34446 1.058 1241.583 0.02132
0.37744 0.15050 0.49431 0.63988 0.34635 0.836 1241.613 0.02134
0.37788 0.15068 0.49488 0.64063 0.34824 1.329 1241.643 0.02137
0.37832 0.15085 0.49546 0.64138 0.35013 0.972 1241.673 0.02139
0.37876 0.15103 0.49604 0.64213 0.35202 0.887 1241.703 0.02141
0.37921 0.15121 0.49662 0.64288 0.35391 1.006 1241.733 0.02144
0.37965 0.15138 0.49720 0.64363 0.35580 0.937 1241.763 0.02146
0.38009 0.15156 0.49778 0.64437 0.35769 0.682 1241.792 0.02149
0.38053 0.15173 0.49835 0.64512 0.35957 0.955 1241.822 0.02151
0.38097 0.15191 0.49893 0.64587 0.36146 1.074 1241.852 0.02154
0.38141 0.15209 0.49951 0.64662 0.36335 0.938 1241.882 0.02156
0.38186 0.15226 0.50009 0.64737 0.36524 0.921 1241.912 0.02159
0.38230 0.15244 0.50067 0.64812 0.36713 0.924 1241.942 0.02161
0.38274 0.15261 0.50125 0.64887 0.36902 0.875 1241.972 0.02164
0.38318 0.15279 0.50183 0.64962 0.37091 0.947 1242.002 0.02166
0.38362 0.15297 0.50240 0.65037 0.37280 1.213 1242.031 0.02168
0.38407 0.15314 0.50298 0.65111 0.37469 1.140 1242.061 0.02171
0.38451 0.15332 0.50356 0.65186 0.37658 0.848 1242.091 0.02173
0.38495 0.15350 0.50414 0.65261 0.37847 0.973 1242.121 0.02176
0.38539 0.15367 0.50472 0.65336 0.38036 0.836 1242.151 0.02178
0.38583 0.15385 0.50530 0.65411 0.38225 1.231 1242.181 0.02181
0.38627 0.15402 0.50588 0.65486 0.38414 1.033 1242.211 0.02183
0.38672 0.15420 0.50645 0.65561 0.38603 1.018 1242.241 0.02186
0.38716 0.15438 0.50703 0.65636 0.38792 1.109 1242.271 0.02188
0.38760 0.15455 0.50761 0.65711 0.38981 1.034 1242.300 0.02191
0.38804 0.15473 0.50819 0.65786 0.39170 1.156 1242.330 0.02193
0.38848 0.15491 0.50877 0.65861 0.39359 1.019 1242.360 0.02196
0.38893 0.15508 0.50935 0.65936 0.39548 0.988 1242.390 0.02198
0.38937 0.15526 0.50993 0.66011 0.39737 0.927 1242.420 0.02200
0.38981 0.15543 0.51051 0.66085 0.39926 0.942 1242.450 0.02203
0.39025 0.15561 0.51109 0.66160 0.40115 1.093 1242.480 0.02205
0.39069 0.15579 0.51166 0.66235 0.40304 0.972 1242.510 0.02208
0.39114 0.15596 0.51224 0.66310 0.40493 0.880 1242.539 0.02210
0.39158 0.15614 0.51282 0.66385 0.40682 1.078 1242.569 0.02213
0.39202 0.15632 0.51340 0.66460 0.40871 1.139 1242.599 0.02215
0.39246 0.15649 0.51398 0.66535 0.41060 1.184 1242.629 0.02218
0.39290 0.15667 0.51456 0.66610 0.41249 0.790 1242.659 0.02220
0.39335 0.15684 0.51514 0.66685 0.41438 1.168 1242.689 0.02223
0.39379 0.15702 0.51572 0.66760 0.41628 0.881 1242.719 0.02225
0.39423 0.15720 0.51630 0.66835 0.41817 0.986 1242.749 0.02227
0.39467 0.15737 0.51688 0.66910 0.42006 1.062 1242.778 0.02230
0.39512 0.15755 0.51746 0.66985 0.42195 1.233 1242.808 0.02232
0.39556 0.15773 0.51803 0.67060 0.42384 0.838 1242.838 0.02235
0.39600 0.15790 0.51861 0.67135 0.42573 0.837 1242.868 0.02237
0.39644 0.15808 0.51919 0.67210 0.42762 1.029 1242.898 0.02240
0.39689 0.15825 0.51977 0.67285 0.42951 0.789 1242.928 0.02242
0.39733 0.15843 0.52035 0.67360 0.43141 1.089 1242.958 0.02245
0.39777 0.15861 0.52093 0.67435 0.43330 0.694 1242.988 0.02247
0.39821 0.15878 0.52151 0.67510 0.43519 1.017 1243.017 0.02250
0.39865 0.15896 0.52209 0.67585 0.43708 0.968 1243.047 0.02252
0.39910 0.15914 0.52267 0.67660 0.43897 1.065 1243.077 0.02254
0.39954 0.15931 0.52325 0.67735 0.44087 0.921 1243.107 0.02257
0.39998 0.15949 0.52383 0.67810 0.44276 0.944 1243.137 0.02259
0.40042 0.15967 0.52441 0.67885 0.44465 1.051 1243.167 0.02262
0.40087 0.15984 0.52499 0.67960 0.44654 0.908 1243.197 0.02264
0.40131 0.16002 0.52557 0.68035 0.44843 1.206 1243.227 0.02267
0.40175 0.16020 0.52614 0.68110 0.45033 1.204 1243.257 0.02269
0.40219 0.16037 0.52672 0.68185 0.45222 0.989 1243.286 0.02272
0.40264 0.16055 0.52730 0.68260 0.45411 0.882 1243.316 0.02274
0.40308 0.16072 0.52788 0.68335 0.45600 1.001 1243.346 0.02277
0.40352 0.16090 0.52846 0.68410 0.45790 0.822 1243.376 0.02279
0.40396 0.16108 0.52904 0.68485 0.45979 1.097 1243.406 0.02282
0.40441 0.16125 0.52962 0.68560 0.46168 1.073 1243.436 0.02284
0.40485 0.16143 0.53020 0.68635 0.46357 0.870 1243.466 0.02286
0.40529 0.16161 0.53078 0.68710 0.46547 1.049 1243.496 0.02289
0.40573 0.16178 0.53136 0.68785 0.46736 1.001 1243.525 0.02291
0.40618 0.16196 0.53194 0.68860 0.46925 1.048 1243.555 0.02294
0.40662 0.16214 0.53252 0.68935 0.47114 0.987 1243.585 0.02296
0.40706 0.16231 0.53310 0.69010 0.47304 0.868 1243.615 0.02299
0.40750 0.16249 0.53368 0.69085 0.47493 1.011 1243.645 0.02301
0.40795 0.16267 0.53426 0.69160 0.47682 0.951 1243.675 0.02304
0.40839 0.16284 0.53484 0.69235 0.47872 0.951 1243.705 0.02306
0.40883 0.16302 0.53542 0.69310 0.48061 0.927 1243.735 0.02309
0.40928 0.16320 0.53600 0.69385 0.48250 0.962 1243.764 0.02311
0.40972 0.16337 0.53658 0.69461 0.48440 1.081 1243.794 0.02313
0.41016 0.16355 0.53716 0.69536 0.48629 0.914 1243.824 0.02316
0.41060 0.16373 0.53774 0.69611 0.48818 0.854 1243.854 0.02318
0.41105 0.16390 0.53832 0.69686 0.49008 0.866 1243.884 0.02321
0.41149 0.16408 0.53890 0.69761 0.49197 1.105 1243.914 0.02323
0.41193 0.16425 0.53948 0.69836 0.49387 1.010 1243.944 0.02326
0.41237 0.16443 0.54006 0.69911 0.49576 1.104 1243.974 0.02328
0.41282 0.16461 0.54064 0.69986 0.49765 0.998 1244.003 0.02331
0.41326 0.16478 0.54122 0.70061 0.49955 1.065 1244.033 0.02333
0.41370 0.16496 0.54180 0.70136 0.50144 0.957 1244.063 0.02336
0.41415 0.16514 0.54238 0.70211 0.50334 0.983 1244.093 0.02338
0.41459 0.16531 0.54296 0.70286 0.50523 1.130 1244.123 0.02341
0.41503 0.16549 0.54354 0.70361 0.50712 1.232 1244.153 0.02343
0.41548 0.16567 0.54412 0.70437 0.50902 0.946 1244.183 0.02345
0.41592 0.16584 0.54470 0.70512 0.51091 1.374 1244.213 0.02348
0.41636 0.16602 0.54528 0.70587 0.51281 0.911 1244.243 0.02350
0.41680 0.16620 0.54586 0.70662 0.51470 0.809 1244.272 0.02353
0.41725 0.16637 0.54644 0.70737 0.51660 1.035 1244.302 0.02355
0.41769 0.16655 0.54702 0.70812 0.51849 1.187 1244.332 0.02358
0.41813 0.16673 0.54760 0.70887 0.52039 0.852 1244.362 0.02360
0.41858 0.16690 0.54818 0.70962 0.52228 0.813 1244.392 0.02363
0.41902 0.16708 0.54876 0.71037 0.52418 1.029 1244.422 0.02365
0.41946 0.16726 0.54934 0.71112 0.52607 0.761 1244.452 0.02368
0.41991 0.16743 0.54992 0.71188 0.52797 1.077 1244.482 0.02370
0.42035 0.16761 0.55050 0.71263 0.52986 0.923 1244.511 0.02372
0.42079 0.16779 0.55108 0.71338 0.53176 0.946 1244.541 0.02375
0.42124 0.16796 0.55166 0.71413 0.53365 0.983 1244.571 0.02377
0.42168 0.16814 0.55224 0.71488 0.53555 0.994 1244.601 0.02380
0.42212 0.16832 0.55282 0.71563 0.53744 1.030 1244.631 0.02382
0.42256 0.16849 0.55340 0.71638 0.53934 1.148 1244.661 0.02385
0.42301 0.16867 0.55398 0.71714 0.54123 1.100 1244.691 0.02387
0.42345 0.16885 0.55456 0.71789 0.54313 1.065 1244.721 0.02390
0.42389 0.16902 0.55514 0.71864 0.54502 1.017 1244.750 0.02392
0.42434 0.16920 0.55572 0.71939 0.54692 1.183 1244.780 0.02395
0.42478 0.16938 0.55631 0.72014 0.54882 1.124 1244.810 0.02397
0.42522 0.16955 0.55689 0.72089 0.55071 1.017 1244.840 0.02400
0.42567 0.16973 0.55747 0.72164 0.55261 0.970 1244.870 0.02402
0.42611 0.16991 0.55805 0.72240 0.55450 0.945 1244.900 0.02404
0.42655 0.17009 0.55863 0.72315 0.55640 0.923 1244.930 0.02407
0.42700 0.17026 0.55921 0.72390 0.55829 0.958 1244.960 0.02409
0.42744 0.17044 0.55979 0.72465 0.56019 0.817 1244.989 0.02412
0.42788 0.17062 0.56037 0.72540 0.56209 0.852 1245.019 0.02414
0.42833 0.17079 0.56095 0.72615 0.56398 1.142 1245.049 0.02417
0.42877 0.17097 0.56153 0.72691 0.56588 1.137 1245.079 0.02419
0.42921 0.17115 0.56211 0.72766 0.56778 0.939 1245.109 0.02422
0.42966 0.17132 0.56269 0.72841 0.56967 1.007 1245.139 0.02424
0.43010 0.17150 0.56327 0.72916 0.57157 1.061 1245.169 0.02427
0.43054 0.17168 0.56385 0.72991 0.57347 1.080 1245.199 0.02429
0.43099 0.17185 0.56443 0.73066 0.57536 0.816 1245.229 0.02431
0.43143 0.17203 0.56502 0.73142 0.57726 1.094 1245.258 0.02434
0.43188 0.17221 0.56560 0.73217 0.57916 1.034 1245.288 0.02436
0.43232 0.17238 0.56618 0.73292 0.58105 1.200 1245.318 0.02439
0.43276 0.17256 0.56676 0.73367 0.58295 0.861 1245.348 0.02441
0.43321 0.17274 0.56734 0.73442 0.58485 0.830 1245.378 0.02444
0.43365 0.17291 0.56792 0.73518 0.58674 0.967 1245.408 0.02446
0.43409 0.17309 0.56850 0.73593 0.58864 0.936 1245.438 0.02449
0.43454 0.17327 0.56908 0.73668 0.59054 0.891 1245.468 0.02451
0.43498 0.17345 0.56966 0.73743 0.59244 0.941 1245.497 0.02454
0.43542 0.17362 0.57024 0.73819 0.59433 0.936 1245.527 0.02456
0.43587 0.17380 0.57083 0.73894 0.59623 0.885 1245.557 0.02458
0.43631 0.17398 0.57141 0.73969 0.59813 0.919 1245.587 0.02461
0.43676 0.17415 0.57199 0.74044 0.60003 0.896 1245.617 0.02463
0.43720 0.17433 0.57257 0.74119 0.60192 0.871 1245.647 0.02466
0.43764 0.17451 0.57315 0.74195 0.60382 0.824 1245.677 0.02468
0.43809 0.17468 0.57373 0.74270 0.60572 0.765 1245.707 0.02471
0.43853 0.17486 0.57431 0.74345 0.60762 1.012 1245.736 0.02473
0.43897 0.17504 0.57489 0.74420 0.60951 1.048 1245.766 0.02476
0.43942 0.17521 0.57547 0.74496 0.61141 0.871 1245.796 0.02478
0.43986 0.17539 0.57606 0.74571 0.61331 0.894 1245.826 0.02481
0.44031 0.17557 0.57664 0.74646 0.61521 1.012 1245.856 0.02483
0.44075 0.17575 0.57722 0.74721 0.61711 0.965 1245.886 0.02486
0.44119 0.17592 0.57780 0.74797 0.61900 0.976 1245.916 0.02488
0.44164 0.17610 0.57838 0.74872 0.62090 1.200 1245.946 0.02490
0.44208 0.17628 0.57896 0.74947 0.62280 0.893 1245.975 0.02493
0.44252 0.17645 0.57954 0.75022 0.62470 1.081 1246.005 0.02495
0.44297 0.17663 0.58012 0.75098 0.62660 0.893 1246.035 0.02498
0.44341 0.17681 0.58071 0.75173 0.62850 1.094 1246.065 0.02500
0.44386 0.17698 0.58129 0.75248 0.63040 0.881 1246.095 0.02503
0.44430 0.17716 0.58187 0.75323 0.63229 0.775 1246.125 0.02505
0.44474 0.17734 0.58245 0.75399 0.63419 1.141 1246.155 0.02508
0.44519 0.17752 0.58303 0.75474 0.63609 0.967 1246.185 0.02510
0.44563 0.17769 0.58361 0.75549 0.63799 0.650 1246.215 0.02513
0.44608 0.17787 0.58419 0.75624 0.63989 0.967 1246.244 0.02515
0.44652 0.17805 0.58478 0.75700 0.64179 1.097 1246.274 0.02517
0.44696 0.17822 0.58536 0.75775 0.64369 0.841 1246.304 0.02520
0.44741 0.17840 0.58594 0.75850 0.64559 0.950 1246.334 0.02522
0.44785 0.17858 0.58652 0.75926 0.64749 1.012 1246.364 0.02525
0.44830 0.17876 0.58710 0.76001 0.64939 1.104 1246.394 0.02527
0.44874 0.17893 0.58768 0.76076 0.65129 0.987 1246.424 0.02530
0.44919 0.17911 0.58827 0.76151 0.65318 0.921 1246.454 0.02532
0.44963 0.17929 0.58885 0.76227 0.65508 0.803 1246.483 0.02535
0.45007 0.17946 0.58943 0.76302 0.65698 0.714 1246.513 0.02537
0.45052 0.17964 0.59001 0.76377 0.65888 0.911 1246.543 0.02540
0.45096 0.17982 0.59059 0.76453 0.66078 0.936 1246.573 0.02542
0.45141 0.17999 0.59117 0.76528 0.66268 1.343 1246.603 0.02545
0.45185 0.18017 0.59176 0.76603 0.66458 1.132 1246.633 0.02547
0.45229 0.18035 0.59234 0.76679 0.66648 1.065 1246.663 0.02549
0.45274 0.18053 0.59292 0.76754 0.66838 0.627 1246.693 0.02552
0.45318 0.18070 0.59350 0.76829 0.67028 1.188 1246.722 0.02554
0.45363 0.18088 0.59408 0.76905 0.67218 1.185 1246.752 0.02557
0.45407 0.18106 0.59467 0.76980 0.67408 0.988 1246.782 0.02559
0.45452 0.18123 0.59525 0.77055 0.67598 1.117 1246.812 0.02562
0.45496 0.18141 0.59583 0.77131 0.67788 1.033 1246.842 0.02564
0.45541 0.18159 0.59641 0.77206 0.67978 1.217 1246.872 0.02567
0.45585 0.18177 0.59699 0.77281 0.68168 1.183 1246.902 0.02569
0.45629 0.18194 0.59758 0.77357 0.68358 1.133 1246.932 0.02572
0.45674 0.18212 0.59816 0.77432 0.68549 0.983 1246.961 0.02574
0.45718 0.18230 0.59874 0.77507 0.68739 0.767 1246.991 0.02576
0.45763 0.18248 0.59932 0.77583 0.68929 1.065 1247.021 0.02579
0.45807 0.18265 0.59990 0.77658 0.69119 0.932 1247.051 0.02581
0.45852 0.18283 0.60049 0.77733 0.69309 1.081 1247.081 0.02584
0.45896 0.18301 0.60107 0.77809 0.69499 1.048 1247.111 0.02586
0.45941 0.18318 0.60165 0.77884 0.69689 1.215 1247.141 0.02589
0.45985 0.18336 0.60223 0.77959 0.69879 1.115 1247.171 0.02591
0.46029 0.18354 0.60281 0.78035 0.70069 0.866 1247.201 0.02594
0.46074 0.18372 0.60340 0.78110 0.70259 0.832 1247.230 0.02596
0.46118 0.18389 0.60398 0.78186 0.70449 1.196 1247.260 0.02599
0.46163 0.18407 0.60456 0.78261 0.70640 1.146 1247.290 0.02601
0.46207 0.18425 0.60514 0.78336 0.70830 1.311 1247.320 0.02604
0.46252 0.18443 0.60573 0.78412 0.71020 0.996 1247.350 0.02606
0.46296 0.18460 0.60631 0.78487 0.71210 1.129 1247.380 0.02608
0.46341 0.18478 0.60689 0.78562 0.71400 1.041 1247.410 0.02611
0.46385 0.18496 0.60747 0.78638 0.71590 1.041 1247.440 0.02613
0.46430 0.18513 0.60806 0.78713 0.71781 1.041 1247.469 0.02616
0.46474 0.18531 0.60864 0.78789 0.71971 0.842 1247.499 0.02618
0.46519 0.18549 0.60922 0.78864 0.72161 1.007 1247.529 0.02621
0.46563 0.18567 0.60980 0.78939 0.72351 0.924 1247.559 0.02623
0.46607 0.18584 0.61038 0.79015 0.72541 0.970 1247.589 0.02626
0.46652 0.18602 0.61097 0.79090 0.72732 0.982 1247.619 0.02628
0.46696 0.18620 0.61155 0.79166 0.72922 0.900 1247.649 0.02631
0.46741 0.18638 0.61213 0.79241 0.73112 0.806 1247.679 0.02633
0.46785 0.18655 0.61271 0.79316 0.73302 0.700 1247.708 0.02635
0.46830 0.18673 0.61330 0.79392 0.73492 0.770 1247.738 0.02638
0.46874 0.18691 0.61388 0.79467 0.73683 0.935 1247.768 0.02640
0.46919 0.18709 0.61446 0.79543 0.73873 0.771 1247.798 0.02643
0.46963 0.18726 0.61504 0.79618 0.74063 0.735 1247.828 0.02645
0.47008 0.18744 0.61563 0.79693 0.74253 0.771 1247.858 0.02648
0.47052 0.18762 0.61621 0.79769 0.74444 0.688 1247.888 0.02650
0.47097 0.18779 0.61679 0.79844 0.74634 0.771 1247.918 0.02653
0.47141 0.18797 0.61738 0.79920 0.74824 0.994 1247.947 0.02655
0.47186 0.18815 0.61796 0.79995 0.75015 0.758 1247.977 0.02658
0.47230 0.18833 0.61854 0.80071 0.75205 0.606 1248.007 0.02660
0.47275 0.18850 0.61912 0.80146 0.75395 0.722 1248.037 0.02662
0.47319 0.18868 0.61971 0.80221 0.75585 0.723 1248.067 0.02665
0.47364 0.18886 0.62029 0.80297 0.75776 0.841 1248.097 0.02667
0.47408 0.18904 0.62087 0.80372 0.75966 0.746 1248.127 0.02670
0.47453 0.18921 0.62146 0.80448 0.76156 0.770 1248.157 0.02672
0.47497 0.18939 0.62204 0.80523 0.76347 0.747 1248.187 0.02675
0.47542 0.18957 0.62262 0.80599 0.76537 0.758 1248.216 0.02677
0.47586 0.18975 0.62320 0.80674 0.76727 0.957 1248.246 0.02680
0.47631 0.18992 0.62379 0.80750 0.76918 0.922 1248.276 0.02682
0.47675 0.19010 0.62437 0.80825 0.77108 1.168 1248.306 0.02685
0.47720 0.19028 0.62495 0.80901 0.77298 0.980 1248.336 0.02687
0.47764 0.19046 0.62554 0.80976 0.77489 0.957 1248.366 0.02690
0.47809 0.19063 0.62612 0.81051 0.77679 0.911 1248.396 0.02692
0.47853 0.19081 0.62670 0.81127 0.77870 0.887 1248.426 0.02694
0.47898 0.19099 0.62728 0.81202 0.78060 0.876 1248.455 0.02697
0.47942 0.19117 0.62787 0.81278 0.78250 0.887 1248.485 0.02699
0.47987 0.19134 0.62845 0.81353 0.78441 0.887 1248.515 0.02702
0.48031 0.19152 0.62903 0.81429 0.78631 1.085 1248.545 0.02704
0.48076 0.19170 0.62962 0.81504 0.78822 0.853 1248.575 0.02707
0.48121 0.19188 0.63020 0.81580 0.79012 0.979 1248.605 0.02709
0.48165 0.19205 0.63078 0.81655 0.79203 1.000 1248.635 0.02712
0.48210 0.19223 0.63137 0.81731 0.79393 0.874 1248.665 0.02714
0.48254 0.19241 0.63195 0.81806 0.79583 1.014 1248.694 0.02717
0.48299 0.19259 0.63253 0.81882 0.79774 0.892 1248.724 0.02719
0.48343 0.19276 0.63312 0.81957 0.79964 0.899 1248.754 0.02721
0.48388 0.19294 0.63370 0.82033 0.80155 1.200 1248.784 0.02724
0.48432 0.19312 0.63428 0.82108 0.80345 1.048 1248.814 0.02726
0.48477 0.19330 0.63487 0.82184 0.80536 1.034 1248.844 0.02729
0.48521 0.19348 0.63545 0.82259 0.80726 0.804 1248.874 0.02731
0.48566 0.19365 0.63603 0.82335 0.80917 1.022 1248.904 0.02734
0.48610 0.19383 0.63662 0.82410 0.81107 1.254 1248.933 0.02736
0.48655 0.19401 0.63720 0.82486 0.81298 0.806 1248.963 0.02739
0.48700 0.19419 0.63778 0.82561 0.81488 0.899 1248.993 0.02741
0.48744 0.19436 0.63837 0.82637 0.81679 0.941 1249.023 0.02744
0.48789 0.19454 0.63895 0.82712 0.81869 0.901 1249.053 0.02746
0.48833 0.19472 0.63953 0.82788 0.82060 1.138 1249.083 0.02749
0.48878 0.19490 0.64012 0.82864 0.82250 0.982 1249.113 0.02751
0.48922 0.19507 0.64070 0.82939 0.82441 1.151 1249.143 0.02753
0.48967 0.19525 0.64128 0.83015 0.82631 0.706 1249.173 0.02756
0.49011 0.19543 0.64187 0.83090 0.82822 0.870 1249.202 0.02758
0.49056 0.19561 0.64245 0.83166 0.83013 1.176 1249.232 0.02761
0.49101 0.19578 0.64303 0.83241 0.83203 1.153 1249.262 0.02763
0.49145 0.19596 0.64362 0.83317 0.83394 1.035 1249.292 0.02766
0.49190 0.19614 0.64420 0.83392 0.83584 0.637 1249.322 0.02768
0.49234 0.19632 0.64479 0.83468 0.83775 0.848 1249.352 0.02771
0.49279 0.19650 0.64537 0.83543 0.83966 1.044 1249.382 0.02773
0.49323 0.19667 0.64595 0.83619 0.84156 0.940 1249.412 0.02776
0.49368 0.19685 0.64654 0.83695 0.84347 1.054 1249.441 0.02778
0.49412 0.19703 0.64712 0.83770 0.84537 1.022 1249.471 0.02780
0.49457 0.19721 0.64770 0.83846 0.84728 0.741 1249.501 0.02783
0.49502 0.19738 0.64829 0.83921 0.84919 0.824 1249.531 0.02785
0.49546 0.19756 0.64887 0.83997 0.85109 1.237 1249.561 0.02788
0.49591 0.19774 0.64946 0.84072 0.85300 0.789 1249.591 0.02790
0.49635 0.19792 0.65004 0.84148 0.85491 1.169 1249.621 0.02793
0.49680 0.19810 0.65062 0.84224 0.85681 1.169 1249.651 0.02795
0.49725 0.19827 0.65121 0.84299 0.85872 0.807 1249.680 0.02798
0.49769 0.19845 0.65179 0.84375 0.86063 0.872 1249.710 0.02800
0.49814 0.19863 0.65237 0.84450 0.86253 1.003 1249.740 0.02803
0.49858 0.19881 0.65296 0.84526 0.86444 0.970 1249.770 0.02805
0.49903 0.19898 0.65354 0.84602 0.86635 1.069 1249.800 0.02808
0.49947 0.19916 0.65413 0.84677 0.86825 0.870 1249.830 0.02810
0.49992 0.19934 0.65471 0.84753 0.87016 1.019 1249.860 0.02812
0.50037 0.19952 0.65529 0.84828 0.87207 0.855 1249.890 0.02815
0.50081 0.19970 0.65588 0.84904 0.87398 1.118 1249.919 0.02817
0.50126 0.19987 0.65646 0.84980 0.87588 1.021 1249.949 0.02820
0.50170 0.20005 0.65705 0.85055 0.87779 0.965 1249.979 0.02822
0.50215 0.20023 0.65763 0.85131 0.87970 0.918 1250.009 0.02825
0.50260 0.20041 0.65822 0.85206 0.88160 0.801 1250.039 0.02827
0.50304 0.20058 0.65880 0.85282 0.88351 1.104 1250.069 0.02830
0.50349 0.20076 0.65938 0.85358 0.88542 1.187 1250.099 0.02832
0.50393 0.20094 0.65997 0.85433 0.88733 1.023 1250.129 0.02835
0.50438 0.20112 0.66055 0.85509 0.88924 0.930 1250.158 0.02837
0.50483 0.20130 0.66114 0.85585 0.89114 0.883 1250.188 0.02839
0.50527 0.20147 0.66172 0.85660 0.89305 1.094 1250.218 0.02842
0.50572 0.20165 0.66230 0.85736 0.89496 0.872 1250.248 0.02844
0.50617 0.20183 0.66289 0.85811 0.89687 0.941 1250.278 0.02847
0.50661 0.20201 0.66347 0.85887 0.89878 0.965 1250.308 0.02849
0.50706 0.20219 0.66406 0.85963 0.90068 0.988 1250.338 0.02852
0.50750 0.20236 0.66464 0.86038 0.90259 0.953 1250.368 0.02854
0.50795 0.20254 0.66523 0.86114 0.90450 0.732 1250.398 0.02857
0.50840 0.20272 0.66581 0.86190 0.90641 0.616 1250.427 0.02859
0.50884 0.20290 0.66639 0.86265 0.90832 0.580 1250.457 0.02862
0.50929 0.20308 0.66698 0.86341 0.91023 0.604 1250.487 0.02864
0.50974 0.20325 0.66756 0.86417 0.91213 0.685 1250.517 0.02866
0.51018 0.20343 0.66815 0.86492 0.91404 0.522 1250.547 0.02869
0.51063 0.20361 0.66873 0.86568 0.91595 0.569 1250.577 0.02871
0.51107 0.20379 0.66932 0.86644 0.91786 0.534 1250.607 0.02874
0.51152 0.20396 0.66990 0.86719 0.91977 0.476 1250.637 0.02876
0.51197 0.20414 0.67049 0.86795 0.92168 0.545 1250.666 0.02879
0.51241 0.20432 0.67107 0.86871 0.92359 0.930 1250.696 0.02881
0.51286 0.20450 0.67166 0.86946 0.92550 0.814 1250.726 0.02884
0.51331 0.20468 0.67224 0.87022 0.92740 0.883 1250.756 0.02886
0.51375 0.20485 0.67282 0.87098 0.92931 1.129 1250.786 0.02889
0.51420 0.20503 0.67341 0.87173 0.93122 0.814 1250.816 0.02891
0.51465 0.20521 0.67399 0.87249 0.93313 0.779 1250.846 0.02894
0.51509 0.20539 0.67458 0.87325 0.93504 0.907 1250.876 0.02896
0.51554 0.20557 0.67516 0.87400 0.93695 0.884 1250.905 0.02898
0.51598 0.20574 0.67575 0.87476 0.93886 0.919 1250.935 0.02901
0.51643 0.20592 0.67633 0.87552 0.94077 1.001 1250.965 0.02903
0.51688 0.20610 0.67692 0.87628 0.94268 1.071 1250.995 0.02906
0.51732 0.20628 0.67750 0.87703 0.94459 0.943 1251.025 0.02908
0.51777 0.20646 0.67809 0.87779 0.94650 1.153 1251.055 0.02911
0.51822 0.20664 0.67867 0.87855 0.94841 1.001 1251.085 0.02913
0.51866 0.20681 0.67926 0.87930 0.95032 1.281 1251.115 0.02916
0.51911 0.20699 0.67984 0.88006 0.95223 1.094 1251.144 0.02918
0.51956 0.20717 0.68043 0.88082 0.95414 0.651 1251.174 0.02921
0.52000 0.20735 0.68101 0.88157 0.95605 0.954 1251.204 0.02923
0.52045 0.20753 0.68160 0.88233 0.95796 0.930 1251.234 0.02925
0.52090 0.20770 0.68218 0.88309 0.95987 1.164 1251.264 0.02928
0.52134 0.20788 0.68277 0.88385 0.96178 1.081 1251.294 0.02930
0.52179 0.20806 0.68335 0.88460 0.96369 0.941 1251.324 0.02933
0.52224 0.20824 0.68394 0.88536 0.96560 0.953 1251.354 0.02935
0.52268 0.20842 0.68452 0.88612 0.96751 1.059 1251.384 0.02938
0.52313 0.20859 0.68511 0.88688 0.96942 1.082 1251.413 0.02940
0.52358 0.20877 0.68569 0.88763 0.97133 1.082 1251.443 0.02943
0.52402 0.20895 0.68628 0.88839 0.97324 0.919 1251.473 0.02945
0.52447 0.20913 0.68686 0.88915 0.97515 1.093 1251.503 0.02948
0.52492 0.20931 0.68745 0.88991 0.97706 1.024 1251.533 0.02950
0.52536 0.20949 0.68803 0.89066 0.97898 1.186 1251.563 0.02953
0.52581 0.20966 0.68862 0.89142 0.98089 0.988 1251.593 0.02955
0.52626 0.20984 0.68920 0.89218 0.98280 1.071 1251.623 0.02957
0.52671 0.21002 0.68979 0.89294 0.98471 1.176 1251.652 0.02960
0.52715 0.21020 0.69037 0.89369 0.98662 1.176 1251.682 0.02962
0.52760 0.21038 0.69096 0.89445 0.98853 0.966 1251.712 0.02965
0.52805 0.21055 0.69154 0.89521 0.99044 0.954 1251.742 0.02967
0.52849 0.21073 0.69213 0.89597 0.99235 0.943 1251.772 0.02970
0.52894 0.21091 0.69271 0.89672 0.99427 1.178 1251.802 0.02972
0.52939 0.21109 0.69330 0.89748 0.99618 0.943 1251.832 0.02975
0.52983 0.21127 0.69389 0.89824 0.99809 1.095 1251.862 0.02977
0.53028 0.21145 0.69447 0.89900 1.00000 0.967 1251.891 0.02980
