x y z dist_scaled dist_frac flux_norm
0.31528 0.14738 0.36237 0.50243 0.00000 1.027
0.31574 0.14760 0.36290 0.50317 0.00188 0.879
0.31621 0.14782 0.36344 0.50391 0.00375 0.945
0.31668 0.14804 0.36398 0.50466 0.00563 0.999
0.31715 0.14826 0.36451 0.50540 0.00750 0.976
0.31761 0.14848 0.36505 0.50615 0.00938 1.065
0.31808 0.14869 0.36559 0.50689 0.01126 0.969
0.31855 0.14891 0.36612 0.50763 0.01313 0.950
0.31901 0.14913 0.36666 0.50838 0.01501 0.950
0.31948 0.14935 0.36720 0.50912 0.01689 1.044
0.31995 0.14957 0.36773 0.50987 0.01876 0.928
0.32041 0.14979 0.36827 0.51061 0.02064 1.070
0.32088 0.15000 0.36881 0.51136 0.02252 1.096
0.32135 0.15022 0.36934 0.51210 0.02440 1.104
0.32182 0.15044 0.36988 0.51285 0.02627 1.113
0.32228 0.15066 0.37042 0.51359 0.02815 0.953
0.32275 0.15088 0.37096 0.51433 0.03003 1.023
0.32322 0.15110 0.37149 0.51508 0.03190 0.775
0.32368 0.15131 0.37203 0.51582 0.03378 0.942
0.32415 0.15153 0.37257 0.51657 0.03566 1.048
0.32462 0.15175 0.37310 0.51731 0.03754 1.074
0.32509 0.15197 0.37364 0.51806 0.03941 0.932
0.32555 0.15219 0.37418 0.51880 0.04129 0.993
0.32602 0.15241 0.37471 0.51955 0.04317 0.913
0.32649 0.15263 0.37525 0.52029 0.04505 0.887
0.32696 0.15284 0.37579 0.52104 0.04692 0.877
0.32742 0.15306 0.37633 0.52178 0.04880 0.991
0.32789 0.15328 0.37686 0.52253 0.05068 1.008
0.32836 0.15350 0.37740 0.52327 0.05256 0.823
0.32882 0.15372 0.37794 0.52401 0.05444 1.025
0.32929 0.15394 0.37847 0.52476 0.05631 1.121
0.32976 0.15415 0.37901 0.52550 0.05819 1.015
0.33023 0.15437 0.37955 0.52625 0.06007 0.883
0.33069 0.15459 0.38009 0.52699 0.06195 0.935
0.33116 0.15481 0.38062 0.52774 0.06383 0.987
0.33163 0.15503 0.38116 0.52848 0.06571 0.873
0.33210 0.15525 0.38170 0.52923 0.06758 0.934
0.33256 0.15547 0.38224 0.52997 0.06946 0.776
0.33303 0.15568 0.38277 0.53072 0.07134 0.889
0.33350 0.15590 0.38331 0.53146 0.07322 0.871
0.33397 0.15612 0.38385 0.53221 0.07510 0.987
0.33443 0.15634 0.38439 0.53295 0.07698 0.999
0.33490 0.15656 0.38492 0.53370 0.07886 0.952
0.33537 0.15678 0.38546 0.53445 0.08074 1.030
0.33584 0.15700 0.38600 0.53519 0.08261 0.955
0.33631 0.15721 0.38653 0.53594 0.08449 0.932
0.33677 0.15743 0.38707 0.53668 0.08637 1.102
0.33724 0.15765 0.38761 0.53743 0.08825 1.066
0.33771 0.15787 0.38815 0.53817 0.09013 0.983
0.33818 0.15809 0.38869 0.53892 0.09201 0.919
0.33864 0.15831 0.38922 0.53966 0.09389 0.959
0.33911 0.15853 0.38976 0.54041 0.09577 1.010
0.33958 0.15874 0.39030 0.54115 0.09765 1.041
0.34005 0.15896 0.39084 0.54190 0.09953 1.056
0.34052 0.15918 0.39137 0.54264 0.10141 1.105
0.34098 0.15940 0.39191 0.54339 0.10329 0.983
0.34145 0.15962 0.39245 0.54414 0.10517 1.029
0.34192 0.15984 0.39299 0.54488 0.10705 1.069
0.34239 0.16006 0.39352 0.54563 0.10893 0.993
0.34285 0.16028 0.39406 0.54637 0.11081 1.041
0.34332 0.16049 0.39460 0.54712 0.11269 1.023
0.34379 0.16071 0.39514 0.54786 0.11457 1.059
0.34426 0.16093 0.39568 0.54861 0.11645 1.057
0.34473 0.16115 0.39621 0.54935 0.11833 1.012
0.34519 0.16137 0.39675 0.55010 0.12021 1.043
0.34566 0.16159 0.39729 0.55085 0.12209 1.083
0.34613 0.16181 0.39783 0.55159 0.12397 0.972
0.34660 0.16203 0.39836 0.55234 0.12585 1.169
0.34707 0.16224 0.39890 0.55308 0.12773 0.928
0.34753 0.16246 0.39944 0.55383 0.12961 0.854
0.34800 0.16268 0.39998 0.55458 0.13149 0.910
0.34847 0.16290 0.40052 0.55532 0.13337 1.086
0.34894 0.16312 0.40105 0.55607 0.13526 1.043
0.34941 0.16334 0.40159 0.55681 0.13714 0.978
0.34987 0.16356 0.40213 0.55756 0.13902 0.831
0.35034 0.16378 0.40267 0.55831 0.14090 1.062
0.35081 0.16400 0.40321 0.55905 0.14278 0.926
0.35128 0.16421 0.40375 0.55980 0.14466 1.012
0.35175 0.16443 0.40428 0.56054 0.14654 0.986
0.35222 0.16465 0.40482 0.56129 0.14842 0.881
0.35268 0.16487 0.40536 0.56204 0.15031 0.916
0.35315 0.16509 0.40590 0.56278 0.15219 1.032
0.35362 0.16531 0.40644 0.56353 0.15407 1.067
0.35409 0.16553 0.40697 0.56428 0.15595 0.989
0.35456 0.16575 0.40751 0.56502 0.15783 0.876
0.35503 0.16597 0.40805 0.56577 0.15971 0.997
0.35549 0.16618 0.40859 0.56651 0.16160 0.941
0.35596 0.16640 0.40913 0.56726 0.16348 0.993
0.35643 0.16662 0.40967 0.56801 0.16536 0.911
0.35690 0.16684 0.41020 0.56875 0.16724 0.959
0.35737 0.16706 0.41074 0.56950 0.16912 0.925
0.35784 0.16728 0.41128 0.57025 0.17101 0.910
0.35830 0.16750 0.41182 0.57099 0.17289 0.998
0.35877 0.16772 0.41236 0.57174 0.17477 0.935
0.35924 0.16794 0.41290 0.57249 0.17665 0.917
0.35971 0.16816 0.41343 0.57323 0.17854 0.848
0.36018 0.16837 0.41397 0.57398 0.18042 0.908
0.36065 0.16859 0.41451 0.57473 0.18230 0.870
0.36112 0.16881 0.41505 0.57547 0.18418 1.014
0.36158 0.16903 0.41559 0.57622 0.18607 0.954
0.36205 0.16925 0.41613 0.57697 0.18795 0.890
0.36252 0.16947 0.41667 0.57771 0.18983 0.937
0.36299 0.16969 0.41720 0.57846 0.19172 0.863
0.36346 0.16991 0.41774 0.57921 0.19360 0.931
0.36393 0.17013 0.41828 0.57995 0.19548 0.908
0.36440 0.17035 0.41882 0.58070 0.19737 0.896
0.36486 0.17056 0.41936 0.58145 0.19925 0.834
0.36533 0.17078 0.41990 0.58219 0.20113 1.015
0.36580 0.17100 0.42044 0.58294 0.20302 1.060
0.36627 0.17122 0.42098 0.58369 0.20490 0.952
0.36674 0.17144 0.42151 0.58443 0.20678 1.020
0.36721 0.17166 0.42205 0.58518 0.20867 0.900
0.36768 0.17188 0.42259 0.58593 0.21055 0.951
0.36815 0.17210 0.42313 0.58668 0.21243 0.922
0.36861 0.17232 0.42367 0.58742 0.21432 0.973
0.36908 0.17254 0.42421 0.58817 0.21620 0.950
0.36955 0.17276 0.42475 0.58892 0.21809 1.091
0.37002 0.17298 0.42529 0.58966 0.21997 0.994
0.37049 0.17319 0.42582 0.59041 0.22185 1.033
0.37096 0.17341 0.42636 0.59116 0.22374 0.846
0.37143 0.17363 0.42690 0.59191 0.22562 0.926
0.37190 0.17385 0.42744 0.59265 0.22751 1.032
0.37237 0.17407 0.42798 0.59340 0.22939 1.004
0.37283 0.17429 0.42852 0.59415 0.23127 0.970
0.37330 0.17451 0.42906 0.59490 0.23316 1.009
0.37377 0.17473 0.42960 0.59564 0.23504 0.916
0.37424 0.17495 0.43014 0.59639 0.23693 0.860
0.37471 0.17517 0.43068 0.59714 0.23881 0.940
0.37518 0.17539 0.43121 0.59789 0.24070 0.870
0.37565 0.17561 0.43175 0.59863 0.24258 0.903
0.37612 0.17583 0.43229 0.59938 0.24447 0.906
0.37659 0.17604 0.43283 0.60013 0.24635 1.046
0.37706 0.17626 0.43337 0.60088 0.24824 1.030
0.37752 0.17648 0.43391 0.60162 0.25012 1.138
0.37799 0.17670 0.43445 0.60237 0.25201 0.979
0.37846 0.17692 0.43499 0.60312 0.25389 0.910
0.37893 0.17714 0.43553 0.60387 0.25578 0.981
0.37940 0.17736 0.43607 0.60461 0.25766 1.044
0.37987 0.17758 0.43661 0.60536 0.25955 0.807
0.38034 0.17780 0.43715 0.60611 0.26143 0.925
0.38081 0.17802 0.43769 0.60686 0.26332 1.000
0.38128 0.17824 0.43823 0.60760 0.26521 0.983
0.38175 0.17846 0.43876 0.60835 0.26709 0.785
0.38222 0.17868 0.43930 0.60910 0.26898 0.889
0.38269 0.17890 0.43984 0.60985 0.27086 0.970
0.38316 0.17912 0.44038 0.61060 0.27275 0.813
0.38363 0.17934 0.44092 0.61134 0.27463 0.980
0.38409 0.17955 0.44146 0.61209 0.27652 0.908
0.38456 0.17977 0.44200 0.61284 0.27841 0.971
0.38503 0.17999 0.44254 0.61359 0.28029 1.009
0.38550 0.18021 0.44308 0.61434 0.28218 0.853
0.38597 0.18043 0.44362 0.61508 0.28407 0.861
0.38644 0.18065 0.44416 0.61583 0.28595 0.903
0.38691 0.18087 0.44470 0.61658 0.28784 0.906
0.38738 0.18109 0.44524 0.61733 0.28972 1.166
0.38785 0.18131 0.44578 0.61808 0.29161 0.981
0.38832 0.18153 0.44632 0.61883 0.29350 0.977
0.38879 0.18175 0.44686 0.61957 0.29538 0.864
0.38926 0.18197 0.44740 0.62032 0.29727 1.035
0.38973 0.18219 0.44794 0.62107 0.29916 0.984
0.39020 0.18241 0.44848 0.62182 0.30105 0.938
0.39067 0.18263 0.44902 0.62257 0.30293 1.200
0.39114 0.18285 0.44956 0.62332 0.30482 0.979
0.39161 0.18307 0.45010 0.62406 0.30671 1.062
0.39208 0.18329 0.45064 0.62481 0.30859 0.978
0.39255 0.18351 0.45118 0.62556 0.31048 0.995
0.39302 0.18373 0.45172 0.62631 0.31237 0.978
0.39349 0.18394 0.45226 0.62706 0.31426 0.973
0.39396 0.18416 0.45280 0.62781 0.31614 1.035
0.39443 0.18438 0.45334 0.62855 0.31803 1.001
0.39489 0.18460 0.45387 0.62930 0.31992 0.906
0.39536 0.18482 0.45441 0.63005 0.32181 0.972
0.39583 0.18504 0.45495 0.63080 0.32369 0.922
0.39630 0.18526 0.45549 0.63155 0.32558 1.000
0.39677 0.18548 0.45603 0.63230 0.32747 0.991
0.39724 0.18570 0.45657 0.63305 0.32936 0.999
0.39771 0.18592 0.45711 0.63380 0.33125 1.036
0.39818 0.18614 0.45765 0.63454 0.33313 0.936
0.39865 0.18636 0.45819 0.63529 0.33502 0.957
0.39912 0.18658 0.45874 0.63604 0.33691 0.861
0.39959 0.18680 0.45928 0.63679 0.33880 1.031
0.40006 0.18702 0.45982 0.63754 0.34069 0.910
0.40053 0.18724 0.46036 0.63829 0.34257 1.009
0.40100 0.18746 0.46090 0.63904 0.34446 0.947
0.40147 0.18768 0.46144 0.63979 0.34635 1.013
0.40194 0.18790 0.46198 0.64054 0.34824 0.980
0.40241 0.18812 0.46252 0.64128 0.35013 1.091
0.40288 0.18834 0.46306 0.64203 0.35202 1.128
0.40335 0.18856 0.46360 0.64278 0.35391 0.942
0.40382 0.18878 0.46414 0.64353 0.35580 0.991
0.40429 0.18900 0.46468 0.64428 0.35768 1.073
0.40476 0.18922 0.46522 0.64503 0.35957 0.974
0.40523 0.18944 0.46576 0.64578 0.36146 0.895
0.40570 0.18966 0.46630 0.64653 0.36335 1.096
0.40617 0.18988 0.46684 0.64728 0.36524 0.960
0.40664 0.19010 0.46738 0.64803 0.36713 1.022
0.40711 0.19032 0.46792 0.64878 0.36902 0.936
0.40758 0.19054 0.46846 0.64953 0.37091 1.017
0.40805 0.19076 0.46900 0.65028 0.37280 1.061
0.40853 0.19098 0.46954 0.65102 0.37469 1.119
0.40900 0.19120 0.47008 0.65177 0.37658 0.958
0.40947 0.19141 0.47062 0.65252 0.37847 0.957
0.40994 0.19163 0.47116 0.65327 0.38036 0.958
0.41041 0.19185 0.47170 0.65402 0.38225 1.040
0.41088 0.19207 0.47224 0.65477 0.38414 1.027
0.41135 0.19229 0.47278 0.65552 0.38603 0.915
0.41182 0.19251 0.47332 0.65627 0.38792 1.067
0.41229 0.19273 0.47387 0.65702 0.38981 0.952
0.41276 0.19295 0.47441 0.65777 0.39170 0.874
0.41323 0.19317 0.47495 0.65852 0.39359 0.935
0.41370 0.19339 0.47549 0.65927 0.39548 0.930
0.41417 0.19361 0.47603 0.66002 0.39737 1.000
0.41464 0.19383 0.47657 0.66077 0.39926 0.884
0.41511 0.19405 0.47711 0.66152 0.40115 0.991
0.41558 0.19427 0.47765 0.66227 0.40304 0.838
0.41605 0.19449 0.47819 0.66302 0.40493 1.010
0.41652 0.19471 0.47873 0.66377 0.40682 0.883
0.41699 0.19493 0.47927 0.66452 0.40871 0.936
0.41746 0.19515 0.47981 0.66527 0.41060 0.923
0.41793 0.19537 0.48035 0.66602 0.41249 0.992
0.41840 0.19559 0.48090 0.66677 0.41438 0.857
0.41887 0.19581 0.48144 0.66752 0.41627 0.848
0.41935 0.19603 0.48198 0.66827 0.41817 0.876
0.41982 0.19625 0.48252 0.66902 0.42006 0.880
0.42029 0.19647 0.48306 0.66977 0.42195 0.847
0.42076 0.19669 0.48360 0.67052 0.42384 0.961
0.42123 0.19691 0.48414 0.67127 0.42573 0.912
0.42170 0.19713 0.48468 0.67202 0.42762 0.916
0.42217 0.19735 0.48522 0.67277 0.42951 1.017
0.42264 0.19757 0.48576 0.67352 0.43141 0.825
0.42311 0.19779 0.48631 0.67427 0.43330 0.992
0.42358 0.19801 0.48685 0.67502 0.43519 1.029
0.42405 0.19823 0.48739 0.67577 0.43708 0.890
0.42452 0.19845 0.48793 0.67652 0.43897 1.007
0.42499 0.19867 0.48847 0.67727 0.44086 0.998
0.42547 0.19889 0.48901 0.67802 0.44276 0.949
0.42594 0.19911 0.48955 0.67877 0.44465 0.888
0.42641 0.19933 0.49009 0.67952 0.44654 0.908
0.42688 0.19955 0.49063 0.68027 0.44843 0.924
0.42735 0.19977 0.49118 0.68102 0.45032 0.976
0.42782 0.20000 0.49172 0.68177 0.45222 1.065
0.42829 0.20022 0.49226 0.68252 0.45411 1.036
0.42876 0.20044 0.49280 0.68327 0.45600 0.902
0.42923 0.20066 0.49334 0.68402 0.45789 1.003
0.42970 0.20088 0.49388 0.68477 0.45979 0.995
0.43017 0.20110 0.49442 0.68553 0.46168 1.014
0.43065 0.20132 0.49497 0.68628 0.46357 1.030
0.43112 0.20154 0.49551 0.68703 0.46546 0.954
0.43159 0.20176 0.49605 0.68778 0.46736 1.015
0.43206 0.20198 0.49659 0.68853 0.46925 0.915
0.43253 0.20220 0.49713 0.68928 0.47114 1.115
0.43300 0.20242 0.49767 0.69003 0.47304 1.047
0.43347 0.20264 0.49821 0.69078 0.47493 1.076
0.43394 0.20286 0.49876 0.69153 0.47682 1.010
0.43441 0.20308 0.49930 0.69228 0.47872 1.033
0.43489 0.20330 0.49984 0.69303 0.48061 1.118
0.43536 0.20352 0.50038 0.69378 0.48250 0.828
0.43583 0.20374 0.50092 0.69453 0.48440 0.987
0.43630 0.20396 0.50146 0.69529 0.48629 1.011
0.43677 0.20418 0.50201 0.69604 0.48818 1.183
0.43724 0.20440 0.50255 0.69679 0.49008 0.990
0.43771 0.20462 0.50309 0.69754 0.49197 1.134
0.43818 0.20484 0.50363 0.69829 0.49386 1.044
0.43866 0.20506 0.50417 0.69904 0.49576 0.955
0.43913 0.20528 0.50471 0.69979 0.49765 0.937
0.43960 0.20550 0.50526 0.70054 0.49955 1.028
0.44007 0.20572 0.50580 0.70129 0.50144 1.051
0.44054 0.20594 0.50634 0.70205 0.50333 1.015
0.44101 0.20616 0.50688 0.70280 0.50523 1.022
0.44148 0.20638 0.50742 0.70355 0.50712 1.014
0.44196 0.20660 0.50796 0.70430 0.50902 0.958
0.44243 0.20682 0.50851 0.70505 0.51091 1.085
0.44290 0.20704 0.50905 0.70580 0.51281 0.989
0.44337 0.20726 0.50959 0.70655 0.51470 0.980
0.44384 0.20748 0.51013 0.70730 0.51660 1.020
0.44431 0.20771 0.51067 0.70806 0.51849 0.964
0.44478 0.20793 0.51122 0.70881 0.52038 0.963
0.44526 0.20815 0.51176 0.70956 0.52228 1.079
0.44573 0.20837 0.51230 0.71031 0.52417 1.023
0.44620 0.20859 0.51284 0.71106 0.52607 0.934
0.44667 0.20881 0.51338 0.71181 0.52796 0.938
0.44714 0.20903 0.51393 0.71256 0.52986 0.942
0.44761 0.20925 0.51447 0.71332 0.53175 0.961
0.44809 0.20947 0.51501 0.71407 0.53365 0.964
0.44856 0.20969 0.51555 0.71482 0.53555 1.012
0.44903 0.20991 0.51609 0.71557 0.53744 1.063
0.44950 0.21013 0.51664 0.71632 0.53934 0.955
0.44997 0.21035 0.51718 0.71707 0.54123 0.959
0.45044 0.21057 0.51772 0.71783 0.54313 1.014
0.45092 0.21079 0.51826 0.71858 0.54502 1.013
0.45139 0.21101 0.51881 0.71933 0.54692 0.905
0.45186 0.21123 0.51935 0.72008 0.54881 0.853
0.45233 0.21145 0.51989 0.72083 0.55071 0.967
0.45280 0.21167 0.52043 0.72159 0.55261 0.934
0.45327 0.21189 0.52097 0.72234 0.55450 0.979
0.45375 0.21212 0.52152 0.72309 0.55640 1.085
0.45422 0.21234 0.52206 0.72384 0.55829 0.984
0.45469 0.21256 0.52260 0.72459 0.56019 0.999
0.45516 0.21278 0.52314 0.72535 0.56209 1.019
0.45563 0.21300 0.52369 0.72610 0.56398 1.066
0.45611 0.21322 0.52423 0.72685 0.56588 1.098
0.45658 0.21344 0.52477 0.72760 0.56778 0.976
0.45705 0.21366 0.52531 0.72835 0.56967 0.940
0.45752 0.21388 0.52586 0.72911 0.57157 0.994
0.45799 0.21410 0.52640 0.72986 0.57346 0.943
0.45847 0.21432 0.52694 0.73061 0.57536 0.903
0.45894 0.21454 0.52748 0.73136 0.57726 0.898
0.45941 0.21476 0.52803 0.73212 0.57916 0.969
0.45988 0.21498 0.52857 0.73287 0.58105 1.040
0.46035 0.21520 0.52911 0.73362 0.58295 1.063
0.46083 0.21542 0.52965 0.73437 0.58485 0.963
0.46130 0.21565 0.53020 0.73512 0.58674 0.987
0.46177 0.21587 0.53074 0.73588 0.58864 0.982
0.46224 0.21609 0.53128 0.73663 0.59054 0.990
0.46272 0.21631 0.53182 0.73738 0.59243 0.942
0.46319 0.21653 0.53237 0.73813 0.59433 0.961
0.46366 0.21675 0.53291 0.73889 0.59623 1.004
0.46413 0.21697 0.53345 0.73964 0.59813 0.965
0.46460 0.21719 0.53400 0.74039 0.60002 0.983
0.46508 0.21741 0.53454 0.74114 0.60192 0.955
0.46555 0.21763 0.53508 0.74190 0.60382 1.112
0.46602 0.21785 0.53562 0.74265 0.60572 0.990
0.46649 0.21807 0.53617 0.74340 0.60762 1.017
0.46697 0.21829 0.53671 0.74416 0.60951 1.051
0.46744 0.21852 0.53725 0.74491 0.61141 0.906
0.46791 0.21874 0.53780 0.74566 0.61331 0.835
0.46838 0.21896 0.53834 0.74641 0.61521 1.065
0.46885 0.21918 0.53888 0.74717 0.61711 0.944
0.46933 0.21940 0.53942 0.74792 0.61900 0.923
0.46980 0.21962 0.53997 0.74867 0.62090 0.974
0.47027 0.21984 0.54051 0.74942 0.62280 0.962
0.47074 0.22006 0.54105 0.75018 0.62470 1.102
0.47122 0.22028 0.54160 0.75093 0.62660 0.970
0.47169 0.22050 0.54214 0.75168 0.62850 0.967
0.47216 0.22072 0.54268 0.75244 0.63039 0.920
0.47263 0.22094 0.54323 0.75319 0.63229 0.991
0.47311 0.22117 0.54377 0.75394 0.63419 1.002
0.47358 0.22139 0.54431 0.75470 0.63609 0.977
0.47405 0.22161 0.54486 0.75545 0.63799 0.992
0.47452 0.22183 0.54540 0.75620 0.63989 0.905
0.47500 0.22205 0.54594 0.75696 0.64179 1.028
0.47547 0.22227 0.54648 0.75771 0.64369 1.021
0.47594 0.22249 0.54703 0.75846 0.64559 0.918
0.47642 0.22271 0.54757 0.75921 0.64749 0.877
0.47689 0.22293 0.54811 0.75997 0.64938 0.987
0.47736 0.22315 0.54866 0.76072 0.65128 0.988
0.47783 0.22338 0.54920 0.76147 0.65318 0.979
0.47831 0.22360 0.54974 0.76223 0.65508 0.775
0.47878 0.22382 0.55029 0.76298 0.65698 1.032
0.47925 0.22404 0.55083 0.76373 0.65888 0.953
0.47972 0.22426 0.55137 0.76449 0.66078 0.750
0.48020 0.22448 0.55192 0.76524 0.66268 0.726
0.48067 0.22470 0.55246 0.76599 0.66458 0.834
0.48114 0.22492 0.55300 0.76675 0.66648 0.791
0.48162 0.22514 0.55355 0.76750 0.66838 0.725
0.48209 0.22536 0.55409 0.76826 0.67028 0.760
0.48256 0.22559 0.55464 0.76901 0.67218 0.724
0.48303 0.22581 0.55518 0.76976 0.67408 0.808
0.48351 0.22603 0.55572 0.77052 0.67598 0.906
0.48398 0.22625 0.55627 0.77127 0.67788 0.996
0.48445 0.22647 0.55681 0.77202 0.67978 1.029
0.48493 0.22669 0.55735 0.77278 0.68168 1.036
0.48540 0.22691 0.55790 0.77353 0.68358 0.843
0.48587 0.22713 0.55844 0.77428 0.68548 0.986
0.48635 0.22735 0.55898 0.77504 0.68739 0.946
0.48682 0.22758 0.55953 0.77579 0.68929 1.049
0.48729 0.22780 0.56007 0.77655 0.69119 0.954
0.48776 0.22802 0.56062 0.77730 0.69309 1.057
0.48824 0.22824 0.56116 0.77805 0.69499 1.006
0.48871 0.22846 0.56170 0.77881 0.69689 1.103
0.48918 0.22868 0.56225 0.77956 0.69879 1.042
0.48966 0.22890 0.56279 0.78032 0.70069 1.041
0.49013 0.22912 0.56333 0.78107 0.70259 0.916
0.49060 0.22934 0.56388 0.78182 0.70449 1.014
0.49108 0.22957 0.56442 0.78258 0.70640 0.983
0.49155 0.22979 0.56497 0.78333 0.70830 0.929
0.49202 0.23001 0.56551 0.78409 0.71020 0.993
0.49250 0.23023 0.56605 0.78484 0.71210 0.920
0.49297 0.23045 0.56660 0.78559 0.71400 0.969
0.49344 0.23067 0.56714 0.78635 0.71590 1.006
0.49392 0.23089 0.56769 0.78710 0.71780 1.089
0.49439 0.23111 0.56823 0.78786 0.71971 0.986
0.49486 0.23134 0.56877 0.78861 0.72161 0.891
0.49534 0.23156 0.56932 0.78937 0.72351 1.041
0.49581 0.23178 0.56986 0.79012 0.72541 1.003
0.49628 0.23200 0.57041 0.79087 0.72731 0.938
0.49676 0.23222 0.57095 0.79163 0.72922 0.854
0.49723 0.23244 0.57149 0.79238 0.73112 1.019
0.49770 0.23266 0.57204 0.79314 0.73302 1.068
0.49818 0.23288 0.57258 0.79389 0.73492 0.991
0.49865 0.23311 0.57313 0.79465 0.73683 1.111
0.49912 0.23333 0.57367 0.79540 0.73873 1.035
0.49960 0.23355 0.57421 0.79616 0.74063 1.027
0.50007 0.23377 0.57476 0.79691 0.74253 0.992
0.50054 0.23399 0.57530 0.79766 0.74444 1.040
0.50102 0.23421 0.57585 0.79842 0.74634 1.036
0.50149 0.23443 0.57639 0.79917 0.74824 0.982
0.50196 0.23466 0.57694 0.79993 0.75014 1.004
0.50244 0.23488 0.57748 0.80068 0.75205 1.000
0.50291 0.23510 0.57802 0.80144 0.75395 0.999
0.50338 0.23532 0.57857 0.80219 0.75585 0.962
0.50386 0.23554 0.57911 0.80295 0.75776 1.076
0.50433 0.23576 0.57966 0.80370 0.75966 1.053
0.50481 0.23598 0.58020 0.80446 0.76156 1.074
0.50528 0.23621 0.58075 0.80521 0.76347 0.917
0.50575 0.23643 0.58129 0.80597 0.76537 0.957
0.50623 0.23665 0.58184 0.80672 0.76727 1.001
0.50670 0.23687 0.58238 0.80748 0.76918 1.005
0.50717 0.23709 0.58292 0.80823 0.77108 0.996
0.50765 0.23731 0.58347 0.80899 0.77298 1.048
0.50812 0.23753 0.58401 0.80974 0.77489 1.086
0.50860 0.23776 0.58456 0.81050 0.77679 0.988
0.50907 0.23798 0.58510 0.81125 0.77870 1.037
0.50954 0.23820 0.58565 0.81201 0.78060 1.091
0.51002 0.23842 0.58619 0.81276 0.78250 1.102
0.51049 0.23864 0.58674 0.81352 0.78441 0.994
0.51096 0.23886 0.58728 0.81427 0.78631 0.925
0.51144 0.23908 0.58783 0.81503 0.78822 0.953
0.51191 0.23931 0.58837 0.81578 0.79012 1.060
0.51239 0.23953 0.58891 0.81654 0.79202 0.970
0.51286 0.23975 0.58946 0.81729 0.79393 0.934
0.51333 0.23997 0.59000 0.81805 0.79583 0.916
0.51381 0.24019 0.59055 0.81880 0.79774 0.964
0.51428 0.24041 0.59109 0.81956 0.79964 1.052
0.51476 0.24064 0.59164 0.82031 0.80155 0.976
0.51523 0.24086 0.59218 0.82107 0.80345 0.975
0.51570 0.24108 0.59273 0.82183 0.80536 1.022
0.51618 0.24130 0.59327 0.82258 0.80726 1.047
0.51665 0.24152 0.59382 0.82334 0.80917 0.882
0.51713 0.24174 0.59436 0.82409 0.81107 0.943
0.51760 0.24197 0.59491 0.82485 0.81298 1.001
0.51807 0.24219 0.59545 0.82560 0.81488 0.931
0.51855 0.24241 0.59600 0.82636 0.81679 0.995
0.51902 0.24263 0.59654 0.82711 0.81869 0.940
0.51950 0.24285 0.59709 0.82787 0.82060 0.808
0.51997 0.24307 0.59763 0.82863 0.82250 0.953
0.52045 0.24330 0.59818 0.82938 0.82441 1.068
0.52092 0.24352 0.59872 0.83014 0.82631 1.001
0.52139 0.24374 0.59927 0.83089 0.82822 0.957
0.52187 0.24396 0.59981 0.83165 0.83013 0.956
0.52234 0.24418 0.60036 0.83240 0.83203 0.959
0.52282 0.24440 0.60090 0.83316 0.83394 0.911
0.52329 0.24463 0.60145 0.83392 0.83584 1.019
0.52377 0.24485 0.60199 0.83467 0.83775 0.986
0.52424 0.24507 0.60254 0.83543 0.83965 1.079
0.52471 0.24529 0.60308 0.83618 0.84156 1.032
0.52519 0.24551 0.60363 0.83694 0.84347 0.968
0.52566 0.24573 0.60417 0.83770 0.84537 0.977
0.52614 0.24596 0.60472 0.83845 0.84728 0.977
0.52661 0.24618 0.60527 0.83921 0.84919 0.952
0.52709 0.24640 0.60581 0.83996 0.85109 0.970
0.52756 0.24662 0.60636 0.84072 0.85300 0.883
0.52804 0.24684 0.60690 0.84148 0.85491 0.940
0.52851 0.24707 0.60745 0.84223 0.85681 1.001
0.52898 0.24729 0.60799 0.84299 0.85872 0.909
0.52946 0.24751 0.60854 0.84374 0.86063 0.985
0.52993 0.24773 0.60908 0.84450 0.86253 1.108
0.53041 0.24795 0.60963 0.84526 0.86444 1.036
0.53088 0.24817 0.61017 0.84601 0.86635 1.091
0.53136 0.24840 0.61072 0.84677 0.86825 1.010
0.53183 0.24862 0.61126 0.84753 0.87016 1.071
0.53231 0.24884 0.61181 0.84828 0.87207 1.026
0.53278 0.24906 0.61236 0.84904 0.87397 1.130
0.53326 0.24928 0.61290 0.84980 0.87588 1.062
0.53373 0.24951 0.61345 0.85055 0.87779 1.019
0.53421 0.24973 0.61399 0.85131 0.87970 1.009
0.53468 0.24995 0.61454 0.85206 0.88160 1.168
0.53515 0.25017 0.61508 0.85282 0.88351 1.106
0.53563 0.25039 0.61563 0.85358 0.88542 1.025
0.53610 0.25062 0.61617 0.85433 0.88733 0.879
0.53658 0.25084 0.61672 0.85509 0.88924 0.986
0.53705 0.25106 0.61727 0.85585 0.89114 1.022
0.53753 0.25128 0.61781 0.85660 0.89305 1.026
0.53800 0.25150 0.61836 0.85736 0.89496 0.959
0.53848 0.25173 0.61890 0.85812 0.89687 1.075
0.53895 0.25195 0.61945 0.85887 0.89877 1.013
0.53943 0.25217 0.62000 0.85963 0.90068 0.923
0.53990 0.25239 0.62054 0.86039 0.90259 0.960
0.54038 0.25261 0.62109 0.86114 0.90450 0.829
0.54085 0.25284 0.62163 0.86190 0.90641 0.749
0.54133 0.25306 0.62218 0.86266 0.90832 0.720
0.54180 0.25328 0.62272 0.86342 0.91022 0.668
0.54228 0.25350 0.62327 0.86417 0.91213 0.640
0.54275 0.25372 0.62382 0.86493 0.91404 0.542
0.54323 0.25395 0.62436 0.86569 0.91595 0.478
0.54370 0.25417 0.62491 0.86644 0.91786 0.422
0.54418 0.25439 0.62545 0.86720 0.91977 0.573
0.54465 0.25461 0.62600 0.86796 0.92168 0.728
0.54513 0.25483 0.62655 0.86871 0.92359 0.910
0.54560 0.25506 0.62709 0.86947 0.92550 0.985
0.54608 0.25528 0.62764 0.87023 0.92740 0.974
0.54655 0.25550 0.62818 0.87099 0.92931 1.073
0.54703 0.25572 0.62873 0.87174 0.93122 0.971
0.54750 0.25594 0.62928 0.87250 0.93313 0.960
0.54798 0.25617 0.62982 0.87326 0.93504 0.928
0.54845 0.25639 0.63037 0.87401 0.93695 0.958
0.54893 0.25661 0.63092 0.87477 0.93886 1.016
0.54940 0.25683 0.63146 0.87553 0.94077 1.031
0.54988 0.25706 0.63201 0.87629 0.94268 1.004
0.55035 0.25728 0.63255 0.87704 0.94459 1.103
0.55083 0.25750 0.63310 0.87780 0.94650 0.934
0.55131 0.25772 0.63365 0.87856 0.94841 1.046
0.55178 0.25794 0.63419 0.87932 0.95032 1.137
0.55226 0.25817 0.63474 0.88007 0.95223 0.972
0.55273 0.25839 0.63529 0.88083 0.95414 1.075
0.55321 0.25861 0.63583 0.88159 0.95605 0.992
0.55368 0.25883 0.63638 0.88235 0.95796 0.973
0.55416 0.25905 0.63692 0.88310 0.95987 1.065
0.55463 0.25928 0.63747 0.88386 0.96178 0.988
0.55511 0.25950 0.63802 0.88462 0.96369 1.106
0.55558 0.25972 0.63856 0.88538 0.96560 0.936
0.55606 0.25994 0.63911 0.88613 0.96751 0.969
0.55653 0.26017 0.63966 0.88689 0.96942 0.890
0.55701 0.26039 0.64020 0.88765 0.97133 0.920
0.55749 0.26061 0.64075 0.88841 0.97324 0.945
0.55796 0.26083 0.64130 0.88917 0.97515 0.948
0.55844 0.26106 0.64184 0.88992 0.97706 0.997
0.55891 0.26128 0.64239 0.89068 0.97898 0.949
0.55939 0.26150 0.64294 0.89144 0.98089 1.037
0.55986 0.26172 0.64348 0.89220 0.98280 0.923
0.56034 0.26194 0.64403 0.89296 0.98471 0.998
0.56081 0.26217 0.64458 0.89371 0.98662 1.101
0.56129 0.26239 0.64512 0.89447 0.98853 0.996
0.56177 0.26261 0.64567 0.89523 0.99044 0.908
0.56224 0.26283 0.64622 0.89599 0.99235 0.957
0.56272 0.26306 0.64676 0.89675 0.99427 1.052
0.56319 0.26328 0.64731 0.89750 0.99618 1.042
0.56367 0.26350 0.64786 0.89826 0.99809 0.871
0.56414 0.26372 0.64840 0.89902 1.00000 1.026
