x y z dist_scaled dist_frac flux_norm sig_norm wavelength redshift
-0.42339 0.00421 0.27076 0.50258 0.00000 1.430 0.283 1236.115 0.01682
-0.42402 0.00421 0.27116 0.50333 0.00188 1.297 0.273 1236.145 0.01684
-0.42465 0.00422 0.27156 0.50407 0.00375 1.138 0.257 1236.175 0.01687
-0.42527 0.00423 0.27196 0.50481 0.00563 1.049 0.251 1236.205 0.01689
-0.42590 0.00423 0.27236 0.50556 0.00751 0.992 0.245 1236.235 0.01692
-0.42653 0.00424 0.27276 0.50630 0.00938 1.224 0.264 1236.265 0.01694
-0.42715 0.00424 0.27316 0.50705 0.01126 1.188 0.257 1236.295 0.01697
-0.42778 0.00425 0.27356 0.50779 0.01313 0.938 0.239 1236.325 0.01699
-0.42841 0.00426 0.27396 0.50853 0.01501 1.229 0.263 1236.355 0.01701
-0.42903 0.00426 0.27437 0.50928 0.01689 0.991 0.244 1236.384 0.01704
-0.42966 0.00427 0.27477 0.51002 0.01876 1.225 0.261 1236.414 0.01706
-0.43029 0.00428 0.27517 0.51077 0.02064 1.339 0.269 1236.444 0.01709
-0.43091 0.00428 0.27557 0.51151 0.02252 1.202 0.257 1236.474 0.01711
-0.43154 0.00429 0.27597 0.51225 0.02440 1.030 0.244 1236.504 0.01714
-0.43217 0.00429 0.27637 0.51300 0.02627 1.248 0.261 1236.534 0.01716
-0.43279 0.00430 0.27677 0.51374 0.02815 1.000 0.239 1236.564 0.01719
-0.43342 0.00431 0.27717 0.51449 0.03003 1.080 0.247 1236.594 0.01721
-0.43405 0.00431 0.27757 0.51523 0.03190 1.538 0.282 1236.623 0.01724
-0.43467 0.00432 0.27797 0.51597 0.03378 0.868 0.229 1236.653 0.01726
-0.43530 0.00432 0.27837 0.51672 0.03566 1.039 0.244 1236.683 0.01729
-0.43593 0.00433 0.27878 0.51746 0.03754 1.065 0.246 1236.713 0.01731
-0.43655 0.00434 0.27918 0.51821 0.03941 1.021 0.345 1236.743 0.01733
-0.43718 0.00434 0.27958 0.51895 0.04129 1.274 0.262 1236.773 0.01736
-0.43781 0.00435 0.27998 0.51970 0.04317 0.654 0.207 1236.803 0.01738
-0.43844 0.00436 0.28038 0.52044 0.04505 0.439 0.181 1236.833 0.01741
-0.43906 0.00436 0.28078 0.52118 0.04692 0.468 0.185 1236.862 0.01743
-0.43969 0.00437 0.28118 0.52193 0.04880 0.192 0.145 1236.892 0.01746
-0.44032 0.00437 0.28158 0.52267 0.05068 0.040 0.115 1236.922 0.01748
-0.44094 0.00438 0.28198 0.52342 0.05256 0.252 0.155 1236.952 0.01751
-0.44157 0.00439 0.28238 0.52416 0.05444 0.131 0.134 1236.982 0.01753
-0.44220 0.00439 0.28279 0.52491 0.05631 0.071 0.121 1237.012 0.01756
-0.44283 0.00440 0.28319 0.52565 0.05819 0.041 0.113 1237.042 0.01758
-0.44345 0.00441 0.28359 0.52640 0.06007 0.339 0.165 1237.072 0.01760
-0.44408 0.00441 0.28399 0.52714 0.06195 0.457 0.181 1237.101 0.01763
-0.44471 0.00442 0.28439 0.52788 0.06383 0.336 0.165 1237.131 0.01765
-0.44533 0.00442 0.28479 0.52863 0.06571 0.216 0.146 1237.161 0.01768
-0.44596 0.00443 0.28519 0.52937 0.06758 0.275 0.155 1237.191 0.01770
-0.44659 0.00444 0.28559 0.53012 0.06946 0.155 0.136 1237.221 0.01773
-0.44722 0.00444 0.28599 0.53086 0.07134 0.156 0.136 1237.251 0.01775
-0.44784 0.00445 0.28640 0.53161 0.07322 0.098 0.125 1237.281 0.01778
-0.44847 0.00446 0.28680 0.53235 0.07510 0.215 0.145 1237.311 0.01780
-0.44910 0.00446 0.28720 0.53310 0.07698 0.185 0.140 1237.341 0.01783
-0.44973 0.00447 0.28760 0.53384 0.07886 0.562 0.189 1237.370 0.01785
-0.45035 0.00447 0.28800 0.53459 0.08074 0.765 0.210 1237.400 0.01788
-0.45098 0.00448 0.28840 0.53533 0.08261 0.619 0.194 1237.430 0.01790
-0.45161 0.00449 0.28880 0.53608 0.08449 0.905 0.221 1237.460 0.01792
-0.45224 0.00449 0.28921 0.53682 0.08637 0.932 0.223 1237.490 0.01795
-0.45286 0.00450 0.28961 0.53757 0.08825 0.959 0.225 1237.520 0.01797
-0.45349 0.00451 0.29001 0.53831 0.09013 0.670 0.198 1237.550 0.01800
-0.45412 0.00451 0.29041 0.53906 0.09201 1.041 0.231 1237.580 0.01802
-0.45475 0.00452 0.29081 0.53980 0.09389 1.038 0.231 1237.609 0.01805
-0.45538 0.00452 0.29121 0.54055 0.09577 1.062 0.232 1237.639 0.01807
-0.45600 0.00453 0.29161 0.54129 0.09765 1.059 0.231 1237.669 0.01810
-0.45663 0.00454 0.29201 0.54204 0.09953 1.001 0.227 1237.699 0.01812
-0.45726 0.00454 0.29242 0.54278 0.10141 1.195 0.239 1237.729 0.01815
-0.45789 0.00455 0.29282 0.54353 0.10329 1.108 0.234 1237.759 0.01817
-0.45851 0.00456 0.29322 0.54427 0.10517 0.573 0.186 1237.789 0.01819
-0.45914 0.00456 0.29362 0.54502 0.10705 1.018 0.226 1237.819 0.01822
-0.45977 0.00457 0.29402 0.54576 0.10893 1.127 0.235 1237.848 0.01824
-0.46040 0.00457 0.29442 0.54651 0.11081 1.068 0.230 1237.878 0.01827
-0.46103 0.00458 0.29483 0.54725 0.11269 1.037 0.227 1237.908 0.01829
-0.46165 0.00459 0.29523 0.54800 0.11457 1.034 0.226 1237.938 0.01832
-0.46228 0.00459 0.29563 0.54874 0.11645 1.362 0.248 1237.968 0.01834
-0.46291 0.00460 0.29603 0.54949 0.11833 1.165 0.233 1237.998 0.01837
-0.46354 0.00461 0.29643 0.55024 0.12021 1.381 0.249 1238.028 0.01839
-0.46417 0.00461 0.29683 0.55098 0.12209 0.967 0.220 1238.058 0.01842
-0.46479 0.00462 0.29723 0.55173 0.12397 1.129 0.232 1238.087 0.01844
-0.46542 0.00462 0.29764 0.55247 0.12585 1.154 0.233 1238.117 0.01847
-0.46605 0.00463 0.29804 0.55322 0.12773 0.908 0.213 1238.147 0.01849
-0.46668 0.00464 0.29844 0.55396 0.12961 1.557 0.259 1238.177 0.01851
-0.46731 0.00464 0.29884 0.55471 0.13149 1.012 0.221 1238.207 0.01854
-0.46793 0.00465 0.29924 0.55545 0.13338 1.144 0.231 1238.237 0.01856
-0.46856 0.00466 0.29964 0.55620 0.13526 0.952 0.216 1238.267 0.01859
-0.46919 0.00466 0.30005 0.55695 0.13714 0.761 0.199 1238.297 0.01861
-0.46982 0.00467 0.30045 0.55769 0.13902 0.839 0.205 1238.327 0.01864
-0.47045 0.00467 0.30085 0.55844 0.14090 0.810 0.203 1238.356 0.01866
-0.47107 0.00468 0.30125 0.55918 0.14278 0.835 0.205 1238.386 0.01869
-0.47170 0.00469 0.30165 0.55993 0.14466 1.152 0.228 1238.416 0.01871
-0.47233 0.00469 0.30206 0.56067 0.14654 0.936 0.213 1238.446 0.01874
-0.47296 0.00470 0.30246 0.56142 0.14843 0.827 0.203 1238.476 0.01876
-0.47359 0.00471 0.30286 0.56217 0.15031 1.088 0.224 1238.506 0.01878
-0.47422 0.00471 0.30326 0.56291 0.15219 0.717 0.193 1238.536 0.01881
-0.47484 0.00472 0.30366 0.56366 0.15407 0.846 0.204 1238.566 0.01883
-0.47547 0.00472 0.30406 0.56440 0.15595 0.583 0.179 1238.595 0.01886
-0.47610 0.00473 0.30447 0.56515 0.15783 0.581 0.178 1238.625 0.01888
-0.47673 0.00474 0.30487 0.56590 0.15972 0.763 0.195 1238.655 0.01891
-0.47736 0.00474 0.30527 0.56664 0.16160 0.658 0.185 1238.685 0.01893
-0.47799 0.00475 0.30567 0.56739 0.16348 0.709 0.190 1238.715 0.01896
-0.47862 0.00476 0.30607 0.56813 0.16536 0.837 0.201 1238.745 0.01898
-0.47924 0.00476 0.30648 0.56888 0.16724 0.991 0.213 1238.775 0.01901
-0.47987 0.00477 0.30688 0.56963 0.16913 1.015 0.215 1238.805 0.01903
-0.48050 0.00477 0.30728 0.57037 0.17101 0.601 0.178 1238.834 0.01905
-0.48113 0.00478 0.30768 0.57112 0.17289 0.832 0.200 1238.864 0.01908
-0.48176 0.00479 0.30808 0.57186 0.17477 0.959 0.210 1238.894 0.01910
-0.48239 0.00479 0.30849 0.57261 0.17665 0.726 0.190 1238.924 0.01913
-0.48302 0.00480 0.30889 0.57336 0.17854 1.109 0.221 1238.954 0.01915
-0.48364 0.00481 0.30929 0.57410 0.18042 0.980 0.210 1238.984 0.01918
-0.48427 0.00481 0.30969 0.57485 0.18230 1.155 0.223 1239.014 0.01920
-0.48490 0.00482 0.31009 0.57560 0.18419 0.949 0.207 1239.044 0.01923
-0.48553 0.00482 0.31050 0.57634 0.18607 0.998 0.209 1239.073 0.01925
-0.48616 0.00483 0.31090 0.57709 0.18795 0.792 0.192 1239.103 0.01928
-0.48679 0.00484 0.31130 0.57784 0.18983 0.979 0.208 1239.133 0.01930
-0.48742 0.00484 0.31170 0.57858 0.19172 0.837 0.195 1239.163 0.01933
-0.48805 0.00485 0.31210 0.57933 0.19360 0.983 0.207 1239.193 0.01935
-0.48867 0.00486 0.31251 0.58007 0.19548 0.888 0.199 1239.223 0.01937
-0.48930 0.00486 0.31291 0.58082 0.19737 1.242 0.225 1239.253 0.01940
-0.48993 0.00487 0.31331 0.58157 0.19925 1.060 0.210 1239.283 0.01942
-0.49056 0.00487 0.31371 0.58231 0.20113 1.014 0.207 1239.313 0.01945
-0.49119 0.00488 0.31412 0.58306 0.20302 0.964 0.203 1239.342 0.01947
-0.49182 0.00489 0.31452 0.58381 0.20490 1.214 0.221 1239.372 0.01950
-0.49245 0.00489 0.31492 0.58455 0.20678 0.998 0.206 1239.402 0.01952
-0.49308 0.00490 0.31532 0.58530 0.20867 0.984 0.204 1239.432 0.01955
-0.49371 0.00491 0.31572 0.58605 0.21055 1.023 0.207 1239.462 0.01957
-0.49434 0.00491 0.31613 0.58679 0.21243 0.953 0.201 1239.492 0.01960
-0.49496 0.00492 0.31653 0.58754 0.21432 0.759 0.184 1239.522 0.01962
-0.49559 0.00492 0.31693 0.58829 0.21620 0.644 0.174 1239.552 0.01964
-0.49622 0.00493 0.31733 0.58904 0.21809 0.859 0.194 1239.581 0.01967
-0.49685 0.00494 0.31774 0.58978 0.21997 0.990 0.203 1239.611 0.01969
-0.49748 0.00494 0.31814 0.59053 0.22185 0.964 0.203 1239.641 0.01972
-0.49811 0.00495 0.31854 0.59128 0.22374 0.787 0.189 1239.671 0.01974
-0.49874 0.00496 0.31894 0.59202 0.22562 1.099 0.211 1239.701 0.01977
-0.49937 0.00496 0.31935 0.59277 0.22751 0.991 0.201 1239.731 0.01979
-0.50000 0.00497 0.31975 0.59352 0.22939 0.690 0.178 1239.761 0.01982
-0.50063 0.00497 0.32015 0.59426 0.23128 1.001 0.203 1239.791 0.01984
-0.50126 0.00498 0.32055 0.59501 0.23316 0.737 0.180 1239.820 0.01987
-0.50189 0.00499 0.32096 0.59576 0.23504 0.678 0.174 1239.850 0.01989
-0.50252 0.00499 0.32136 0.59650 0.23693 0.850 0.190 1239.880 0.01992
-0.50314 0.00500 0.32176 0.59725 0.23881 1.055 0.205 1239.910 0.01994
-0.50377 0.00501 0.32216 0.59800 0.24070 1.180 0.214 1239.940 0.01996
-0.50440 0.00501 0.32257 0.59875 0.24258 1.054 0.206 1239.970 0.01999
-0.50503 0.00502 0.32297 0.59949 0.24447 1.015 0.202 1240.000 0.02001
-0.50566 0.00502 0.32337 0.60024 0.24635 0.865 0.190 1240.030 0.02004
-0.50629 0.00503 0.32377 0.60099 0.24824 0.768 0.181 1240.059 0.02006
-0.50692 0.00504 0.32418 0.60174 0.25012 1.039 0.202 1240.089 0.02009
-0.50755 0.00504 0.32458 0.60248 0.25201 0.786 0.183 1240.119 0.02011
-0.50818 0.00505 0.32498 0.60323 0.25389 1.000 0.201 1240.149 0.02014
-0.50881 0.00506 0.32538 0.60398 0.25578 0.759 0.182 1240.179 0.02016
-0.50944 0.00506 0.32579 0.60472 0.25766 1.015 0.202 1240.209 0.02019
-0.51007 0.00507 0.32619 0.60547 0.25955 1.015 0.202 1240.239 0.02021
-0.51070 0.00507 0.32659 0.60622 0.26144 1.035 0.201 1240.269 0.02023
-0.51133 0.00508 0.32699 0.60697 0.26332 0.730 0.179 1240.299 0.02026
-0.51196 0.00509 0.32740 0.60771 0.26521 0.914 0.194 1240.328 0.02028
-0.51259 0.00509 0.32780 0.60846 0.26709 1.028 0.202 1240.358 0.02031
-0.51322 0.00510 0.32820 0.60921 0.26898 0.817 0.186 1240.388 0.02033
-0.51385 0.00511 0.32861 0.60996 0.27086 0.839 0.187 1240.418 0.02036
-0.51448 0.00511 0.32901 0.61070 0.27275 0.907 0.192 1240.448 0.02038
-0.51511 0.00512 0.32941 0.61145 0.27464 0.744 0.179 1240.478 0.02041
-0.51574 0.00512 0.32981 0.61220 0.27652 0.789 0.183 1240.508 0.02043
-0.51637 0.00513 0.33022 0.61295 0.27841 0.787 0.182 1240.538 0.02046
-0.51700 0.00514 0.33062 0.61370 0.28029 0.786 0.182 1240.567 0.02048
-0.51763 0.00514 0.33102 0.61444 0.28218 1.242 0.212 1240.597 0.02050
-0.51826 0.00515 0.33143 0.61519 0.28407 0.966 0.196 1240.627 0.02053
-0.51889 0.00516 0.33183 0.61594 0.28595 0.965 0.195 1240.657 0.02055
-0.51952 0.00516 0.33223 0.61669 0.28784 1.168 0.206 1240.687 0.02058
-0.52015 0.00517 0.33263 0.61743 0.28973 0.985 0.195 1240.717 0.02060
-0.52078 0.00517 0.33304 0.61818 0.29161 0.779 0.180 1240.747 0.02063
-0.52141 0.00518 0.33344 0.61893 0.29350 1.027 0.199 1240.777 0.02065
-0.52204 0.00519 0.33384 0.61968 0.29539 1.139 0.207 1240.806 0.02068
-0.52267 0.00519 0.33425 0.62043 0.29727 1.137 0.205 1240.836 0.02070
-0.52330 0.00520 0.33465 0.62117 0.29916 0.932 0.191 1240.866 0.02073
-0.52393 0.00521 0.33505 0.62192 0.30105 0.841 0.184 1240.896 0.02075
-0.52456 0.00521 0.33545 0.62267 0.30293 1.087 0.202 1240.926 0.02078
-0.52519 0.00522 0.33586 0.62342 0.30482 0.995 0.195 1240.956 0.02080
-0.52582 0.00522 0.33626 0.62417 0.30671 1.038 0.198 1240.986 0.02082
-0.52645 0.00523 0.33666 0.62491 0.30859 0.992 0.195 1241.016 0.02085
-0.52708 0.00524 0.33707 0.62566 0.31048 0.855 0.184 1241.045 0.02087
-0.52771 0.00524 0.33747 0.62641 0.31237 0.786 0.178 1241.075 0.02090
-0.52834 0.00525 0.33787 0.62716 0.31426 0.986 0.194 1241.105 0.02092
-0.52897 0.00526 0.33828 0.62791 0.31614 0.918 0.188 1241.135 0.02095
-0.52960 0.00526 0.33868 0.62866 0.31803 0.983 0.193 1241.165 0.02097
-0.53023 0.00527 0.33908 0.62940 0.31992 0.959 0.191 1241.195 0.02100
-0.53086 0.00527 0.33948 0.63015 0.32181 1.222 0.208 1241.225 0.02102
-0.53149 0.00528 0.33989 0.63090 0.32369 1.175 0.205 1241.255 0.02105
-0.53212 0.00529 0.34029 0.63165 0.32558 0.931 0.189 1241.285 0.02107
-0.53275 0.00529 0.34069 0.63240 0.32747 1.040 0.196 1241.314 0.02109
-0.53338 0.00530 0.34110 0.63315 0.32936 0.862 0.183 1241.344 0.02112
-0.53401 0.00531 0.34150 0.63389 0.33125 0.861 0.183 1241.374 0.02114
-0.53464 0.00531 0.34190 0.63464 0.33313 0.882 0.182 1241.404 0.02117
-0.53527 0.00532 0.34231 0.63539 0.33502 0.924 0.187 1241.434 0.02119
-0.53590 0.00532 0.34271 0.63614 0.33691 0.748 0.171 1241.464 0.02122
-0.53654 0.00533 0.34311 0.63689 0.33880 1.052 0.196 1241.494 0.02124
-0.53717 0.00534 0.34352 0.63764 0.34069 1.159 0.202 1241.524 0.02127
-0.53780 0.00534 0.34392 0.63838 0.34258 0.896 0.184 1241.553 0.02129
-0.53843 0.00535 0.34432 0.63913 0.34446 0.765 0.174 1241.583 0.02132
-0.53906 0.00536 0.34473 0.63988 0.34635 1.024 0.193 1241.613 0.02134
-0.53969 0.00536 0.34513 0.64063 0.34824 0.741 0.171 1241.643 0.02137
-0.54032 0.00537 0.34553 0.64138 0.35013 0.934 0.186 1241.673 0.02139
-0.54095 0.00537 0.34594 0.64213 0.35202 0.868 0.179 1241.703 0.02141
-0.54158 0.00538 0.34634 0.64288 0.35391 0.931 0.186 1241.733 0.02144
-0.54221 0.00539 0.34674 0.64363 0.35580 0.972 0.189 1241.763 0.02146
-0.54284 0.00539 0.34715 0.64437 0.35769 0.735 0.170 1241.792 0.02149
-0.54347 0.00540 0.34755 0.64512 0.35957 0.969 0.187 1241.822 0.02151
-0.54410 0.00541 0.34795 0.64587 0.36146 0.882 0.180 1241.852 0.02154
-0.54474 0.00541 0.34836 0.64662 0.36335 1.030 0.190 1241.882 0.02156
-0.54537 0.00542 0.34876 0.64737 0.36524 0.709 0.167 1241.912 0.02159
-0.54600 0.00542 0.34916 0.64812 0.36713 0.814 0.175 1241.942 0.02161
-0.54663 0.00543 0.34957 0.64887 0.36902 1.047 0.191 1241.972 0.02164
-0.54726 0.00544 0.34997 0.64962 0.37091 0.982 0.186 1242.002 0.02166
-0.54789 0.00544 0.35038 0.65037 0.37280 1.065 0.192 1242.031 0.02168
-0.54852 0.00545 0.35078 0.65111 0.37469 1.064 0.192 1242.061 0.02171
-0.54915 0.00546 0.35118 0.65186 0.37658 1.041 0.189 1242.091 0.02173
-0.54978 0.00546 0.35159 0.65261 0.37847 0.871 0.177 1242.121 0.02176
-0.55041 0.00547 0.35199 0.65336 0.38036 1.038 0.188 1242.151 0.02178
-0.55105 0.00547 0.35239 0.65411 0.38225 0.931 0.182 1242.181 0.02181
-0.55168 0.00548 0.35280 0.65486 0.38414 1.456 0.215 1242.211 0.02183
-0.55231 0.00549 0.35320 0.65561 0.38603 1.055 0.190 1242.241 0.02186
-0.55294 0.00549 0.35360 0.65636 0.38792 0.761 0.169 1242.271 0.02188
-0.55357 0.00550 0.35401 0.65711 0.38981 0.989 0.185 1242.300 0.02191
-0.55420 0.00551 0.35441 0.65786 0.39170 0.948 0.184 1242.330 0.02193
-0.55483 0.00551 0.35481 0.65861 0.39359 1.050 0.189 1242.360 0.02196
-0.55546 0.00552 0.35522 0.65936 0.39548 1.070 0.192 1242.390 0.02198
-0.55609 0.00553 0.35562 0.66011 0.39737 0.860 0.177 1242.420 0.02200
-0.55673 0.00553 0.35603 0.66085 0.39926 0.693 0.163 1242.450 0.02203
-0.55736 0.00554 0.35643 0.66160 0.40115 0.692 0.162 1242.480 0.02205
-0.55799 0.00554 0.35683 0.66235 0.40304 0.712 0.164 1242.510 0.02208
-0.55862 0.00555 0.35724 0.66310 0.40493 0.751 0.167 1242.539 0.02210
-0.55925 0.00556 0.35764 0.66385 0.40682 0.750 0.167 1242.569 0.02213
-0.55988 0.00556 0.35804 0.66460 0.40871 0.707 0.164 1242.599 0.02215
-0.56051 0.00557 0.35845 0.66535 0.41060 0.686 0.161 1242.629 0.02218
-0.56115 0.00558 0.35885 0.66610 0.41249 0.571 0.150 1242.659 0.02220
-0.56178 0.00558 0.35926 0.66685 0.41438 0.739 0.163 1242.689 0.02223
-0.56241 0.00559 0.35966 0.66760 0.41628 0.672 0.157 1242.719 0.02225
-0.56304 0.00559 0.36006 0.66835 0.41817 0.656 0.155 1242.749 0.02227
-0.56367 0.00560 0.36047 0.66910 0.42006 0.712 0.161 1242.778 0.02230
-0.56430 0.00561 0.36087 0.66985 0.42195 0.644 0.155 1242.808 0.02232
-0.56494 0.00561 0.36128 0.67060 0.42384 0.723 0.162 1242.838 0.02235
-0.56557 0.00562 0.36168 0.67135 0.42573 0.801 0.167 1242.868 0.02237
-0.56620 0.00563 0.36208 0.67210 0.42762 0.781 0.167 1242.898 0.02240
-0.56683 0.00563 0.36249 0.67285 0.42951 0.898 0.176 1242.928 0.02242
-0.56746 0.00564 0.36289 0.67360 0.43141 0.853 0.172 1242.958 0.02245
-0.56809 0.00564 0.36330 0.67435 0.43330 1.187 0.194 1242.988 0.02247
-0.56873 0.00565 0.36370 0.67510 0.43519 0.853 0.170 1243.017 0.02250
-0.56936 0.00566 0.36410 0.67585 0.43708 0.996 0.181 1243.047 0.02252
-0.56999 0.00566 0.36451 0.67660 0.43897 0.920 0.176 1243.077 0.02254
-0.57062 0.00567 0.36491 0.67735 0.44087 1.052 0.186 1243.107 0.02257
-0.57125 0.00568 0.36532 0.67810 0.44276 0.955 0.180 1243.137 0.02259
-0.57188 0.00568 0.36572 0.67885 0.44465 1.015 0.184 1243.167 0.02262
-0.57252 0.00569 0.36612 0.67960 0.44654 0.753 0.164 1243.197 0.02264
-0.57315 0.00569 0.36653 0.68035 0.44843 1.012 0.184 1243.227 0.02267
-0.57378 0.00570 0.36693 0.68110 0.45033 0.890 0.173 1243.257 0.02269
-0.57441 0.00571 0.36734 0.68185 0.45222 0.949 0.177 1243.286 0.02272
-0.57504 0.00571 0.36774 0.68260 0.45411 1.048 0.184 1243.316 0.02274
-0.57568 0.00572 0.36814 0.68335 0.45600 1.206 0.193 1243.346 0.02277
-0.57631 0.00573 0.36855 0.68410 0.45790 0.886 0.174 1243.376 0.02279
-0.57694 0.00573 0.36895 0.68485 0.45979 1.164 0.191 1243.406 0.02282
-0.57757 0.00574 0.36936 0.68560 0.46168 0.984 0.181 1243.436 0.02284
-0.57820 0.00574 0.36976 0.68635 0.46357 1.141 0.190 1243.466 0.02286
-0.57884 0.00575 0.37017 0.68710 0.46547 1.200 0.194 1243.496 0.02289
-0.57947 0.00576 0.37057 0.68785 0.46736 0.981 0.178 1243.525 0.02291
-0.58010 0.00576 0.37097 0.68860 0.46925 1.019 0.183 1243.555 0.02294
-0.58073 0.00577 0.37138 0.68935 0.47114 1.157 0.190 1243.585 0.02296
-0.58136 0.00578 0.37178 0.69010 0.47304 0.899 0.173 1243.615 0.02299
-0.58200 0.00578 0.37219 0.69085 0.47493 0.799 0.166 1243.645 0.02301
-0.58263 0.00579 0.37259 0.69160 0.47682 0.936 0.176 1243.675 0.02304
-0.58326 0.00580 0.37300 0.69235 0.47872 0.798 0.165 1243.705 0.02306
-0.58389 0.00580 0.37340 0.69310 0.48061 0.934 0.175 1243.735 0.02309
-0.58453 0.00581 0.37380 0.69385 0.48250 0.855 0.170 1243.764 0.02311
-0.58516 0.00581 0.37421 0.69461 0.48440 0.871 0.171 1243.794 0.02313
-0.58579 0.00582 0.37461 0.69536 0.48629 0.753 0.162 1243.824 0.02316
-0.58642 0.00583 0.37502 0.69611 0.48818 0.832 0.168 1243.854 0.02318
-0.58706 0.00583 0.37542 0.69686 0.49008 0.792 0.164 1243.884 0.02321
-0.58769 0.00584 0.37583 0.69761 0.49197 0.908 0.173 1243.914 0.02323
-0.58832 0.00585 0.37623 0.69836 0.49387 1.024 0.180 1243.944 0.02326
-0.58895 0.00585 0.37663 0.69911 0.49576 0.886 0.171 1243.974 0.02328
-0.58959 0.00586 0.37704 0.69986 0.49765 0.865 0.170 1244.003 0.02331
-0.59022 0.00586 0.37744 0.70061 0.49955 0.767 0.162 1244.033 0.02333
-0.59085 0.00587 0.37785 0.70136 0.50144 1.057 0.183 1244.063 0.02336
-0.59148 0.00588 0.37825 0.70211 0.50334 0.979 0.177 1244.093 0.02338
-0.59212 0.00588 0.37866 0.70286 0.50523 0.958 0.176 1244.123 0.02341
-0.59275 0.00589 0.37906 0.70361 0.50712 0.801 0.164 1244.153 0.02343
-0.59338 0.00590 0.37947 0.70437 0.50902 1.072 0.182 1244.183 0.02345
-0.59401 0.00590 0.37987 0.70512 0.51091 1.013 0.179 1244.213 0.02348
-0.59465 0.00591 0.38028 0.70587 0.51281 1.051 0.182 1244.243 0.02350
-0.59528 0.00591 0.38068 0.70662 0.51470 0.837 0.166 1244.272 0.02353
-0.59591 0.00592 0.38108 0.70737 0.51660 0.836 0.166 1244.302 0.02355
-0.59654 0.00593 0.38149 0.70812 0.51849 0.990 0.177 1244.332 0.02358
-0.59718 0.00593 0.38189 0.70887 0.52039 0.756 0.160 1244.362 0.02360
-0.59781 0.00594 0.38230 0.70962 0.52228 0.908 0.170 1244.392 0.02363
-0.59844 0.00595 0.38270 0.71037 0.52418 0.696 0.155 1244.422 0.02365
-0.59908 0.00595 0.38311 0.71112 0.52607 0.830 0.164 1244.452 0.02368
-0.59971 0.00596 0.38351 0.71188 0.52797 0.867 0.167 1244.482 0.02370
-0.60034 0.00596 0.38392 0.71263 0.52986 0.866 0.168 1244.511 0.02372
-0.60097 0.00597 0.38432 0.71338 0.53176 0.881 0.168 1244.541 0.02375
-0.60161 0.00598 0.38473 0.71413 0.53365 0.751 0.157 1244.571 0.02377
-0.60224 0.00598 0.38513 0.71488 0.53555 0.804 0.162 1244.601 0.02380
-0.60287 0.00599 0.38554 0.71563 0.53744 0.752 0.157 1244.631 0.02382
-0.60351 0.00600 0.38594 0.71638 0.53934 0.786 0.160 1244.661 0.02385
-0.60414 0.00600 0.38635 0.71714 0.54123 0.711 0.154 1244.691 0.02387
-0.60477 0.00601 0.38675 0.71789 0.54313 0.707 0.153 1244.721 0.02390
-0.60540 0.00602 0.38716 0.71864 0.54502 0.644 0.149 1244.750 0.02392
-0.60604 0.00602 0.38756 0.71939 0.54692 0.712 0.153 1244.780 0.02395
-0.60667 0.00603 0.38797 0.72014 0.54882 0.779 0.159 1244.810 0.02397
-0.60730 0.00603 0.38837 0.72089 0.55071 0.714 0.153 1244.840 0.02400
-0.60794 0.00604 0.38878 0.72164 0.55261 0.771 0.159 1244.870 0.02402
-0.60857 0.00605 0.38918 0.72240 0.55450 0.852 0.163 1244.900 0.02404
-0.60920 0.00605 0.38959 0.72315 0.55640 1.166 0.201 1244.930 0.02407
-0.60984 0.00606 0.38999 0.72390 0.55829 1.065 0.226 1244.960 0.02409
-0.61047 0.00607 0.39040 0.72465 0.56019 0.788 0.160 1244.989 0.02412
-0.61110 0.00607 0.39080 0.72540 0.56209 0.888 0.165 1245.019 0.02414
-0.61174 0.00608 0.39120 0.72615 0.56398 1.056 0.177 1245.049 0.02417
-0.61237 0.00608 0.39161 0.72691 0.56588 1.017 0.174 1245.079 0.02419
-0.61300 0.00609 0.39201 0.72766 0.56778 1.072 0.177 1245.109 0.02422
-0.61364 0.00610 0.39242 0.72841 0.56967 0.828 0.162 1245.139 0.02424
-0.61427 0.00610 0.39282 0.72916 0.57157 0.940 0.168 1245.169 0.02427
-0.61490 0.00611 0.39323 0.72991 0.57347 1.163 0.183 1245.199 0.02429
-0.61554 0.00612 0.39364 0.73066 0.57536 0.938 0.169 1245.229 0.02431
-0.61617 0.00612 0.39404 0.73142 0.57726 0.827 0.163 1245.258 0.02434
-0.61680 0.00613 0.39445 0.73217 0.57916 1.275 0.190 1245.288 0.02436
-0.61744 0.00613 0.39485 0.73292 0.58105 0.901 0.166 1245.318 0.02439
-0.61807 0.00614 0.39526 0.73367 0.58295 0.974 0.173 1245.348 0.02441
-0.61870 0.00615 0.39566 0.73442 0.58485 0.974 0.171 1245.378 0.02444
-0.61934 0.00615 0.39607 0.73518 0.58674 0.954 0.170 1245.408 0.02446
-0.61997 0.00616 0.39647 0.73593 0.58864 0.822 0.160 1245.438 0.02449
-0.62060 0.00617 0.39688 0.73668 0.59054 0.821 0.161 1245.468 0.02451
-0.62124 0.00617 0.39728 0.73743 0.59244 1.024 0.174 1245.497 0.02454
-0.62187 0.00618 0.39769 0.73819 0.59433 0.912 0.167 1245.527 0.02456
-0.62251 0.00618 0.39809 0.73894 0.59623 0.893 0.165 1245.557 0.02458
-0.62314 0.00619 0.39850 0.73969 0.59813 0.837 0.161 1245.587 0.02461
-0.62377 0.00620 0.39890 0.74044 0.60003 0.688 0.151 1245.617 0.02463
-0.62441 0.00620 0.39931 0.74119 0.60192 1.112 0.179 1245.647 0.02466
-0.62504 0.00621 0.39971 0.74195 0.60382 1.164 0.181 1245.677 0.02468
-0.62567 0.00622 0.40012 0.74270 0.60572 1.163 0.181 1245.707 0.02471
-0.62631 0.00622 0.40052 0.74345 0.60762 1.073 0.176 1245.736 0.02473
-0.62694 0.00623 0.40093 0.74420 0.60951 0.797 0.159 1245.766 0.02476
-0.62758 0.00624 0.40133 0.74496 0.61141 0.998 0.171 1245.796 0.02478
-0.62821 0.00624 0.40174 0.74571 0.61331 1.217 0.184 1245.826 0.02481
-0.62884 0.00625 0.40214 0.74646 0.61521 0.905 0.166 1245.856 0.02483
-0.62948 0.00625 0.40255 0.74721 0.61711 0.703 0.151 1245.886 0.02486
-0.63011 0.00626 0.40296 0.74797 0.61900 0.958 0.170 1245.916 0.02488
-0.63075 0.00627 0.40336 0.74872 0.62090 0.902 0.164 1245.946 0.02490
-0.63138 0.00627 0.40377 0.74947 0.62280 0.975 0.171 1245.975 0.02493
-0.63201 0.00628 0.40417 0.75022 0.62470 0.901 0.166 1246.005 0.02495
-0.63265 0.00629 0.40458 0.75098 0.62660 1.193 0.184 1246.035 0.02498
-0.63328 0.00629 0.40498 0.75173 0.62850 0.991 0.172 1246.065 0.02500
-0.63392 0.00630 0.40539 0.75248 0.63040 1.228 0.184 1246.095 0.02503
-0.63455 0.00630 0.40579 0.75323 0.63229 1.026 0.173 1246.125 0.02505
-0.63518 0.00631 0.40620 0.75399 0.63419 1.117 0.178 1246.155 0.02508
-0.63582 0.00632 0.40660 0.75474 0.63609 1.025 0.172 1246.185 0.02510
-0.63645 0.00632 0.40701 0.75549 0.63799 1.097 0.176 1246.215 0.02513
-0.63709 0.00633 0.40742 0.75624 0.63989 1.241 0.185 1246.244 0.02515
-0.63772 0.00634 0.40782 0.75700 0.64179 1.041 0.160 1246.274 0.02517
-0.63835 0.00634 0.40823 0.75775 0.64369 1.039 0.173 1246.304 0.02520
-0.63899 0.00635 0.40863 0.75850 0.64559 1.400 0.193 1246.334 0.02522
-0.63962 0.00635 0.40904 0.75926 0.64749 1.236 0.183 1246.364 0.02525
-0.64026 0.00636 0.40944 0.76001 0.64939 1.018 0.171 1246.394 0.02527
-0.64089 0.00637 0.40985 0.76076 0.65129 1.035 0.171 1246.424 0.02530
-0.64153 0.00637 0.41025 0.76151 0.65318 1.071 0.174 1246.454 0.02532
-0.64216 0.00638 0.41066 0.76227 0.65508 1.124 0.177 1246.483 0.02535
-0.64279 0.00639 0.41107 0.76302 0.65698 1.032 0.171 1246.513 0.02537
-0.64343 0.00639 0.41147 0.76377 0.65888 1.158 0.178 1246.543 0.02540
-0.64406 0.00640 0.41188 0.76453 0.66078 1.032 0.171 1246.573 0.02542
-0.64470 0.00641 0.41228 0.76528 0.66268 1.159 0.179 1246.603 0.02545
-0.64533 0.00641 0.41269 0.76603 0.66458 1.121 0.176 1246.633 0.02547
-0.64597 0.00642 0.41309 0.76679 0.66648 0.976 0.168 1246.663 0.02549
-0.64660 0.00642 0.41350 0.76754 0.66838 1.211 0.183 1246.693 0.02552
-0.64724 0.00643 0.41391 0.76829 0.67028 1.174 0.180 1246.722 0.02554
-0.64787 0.00644 0.41431 0.76905 0.67218 1.029 0.171 1246.752 0.02557
-0.64850 0.00644 0.41472 0.76980 0.67408 1.190 0.181 1246.782 0.02559
-0.64914 0.00645 0.41512 0.77055 0.67598 1.260 0.185 1246.812 0.02562
-0.64977 0.00646 0.41553 0.77131 0.67788 0.991 0.168 1246.842 0.02564
-0.65041 0.00646 0.41594 0.77206 0.67978 1.259 0.184 1246.872 0.02567
-0.65104 0.00647 0.41634 0.77281 0.68168 0.989 0.169 1246.902 0.02569
-0.65168 0.00647 0.41675 0.77357 0.68358 1.113 0.176 1246.932 0.02572
-0.65231 0.00648 0.41715 0.77432 0.68549 1.131 0.176 1246.961 0.02574
-0.65295 0.00649 0.41756 0.77507 0.68739 1.041 0.171 1246.991 0.02576
-0.65358 0.00649 0.41797 0.77583 0.68929 1.432 0.193 1247.021 0.02579
-0.65422 0.00650 0.41837 0.77658 0.69119 1.163 0.178 1247.051 0.02581
-0.65485 0.00651 0.41878 0.77733 0.69309 1.234 0.181 1247.081 0.02584
-0.65549 0.00651 0.41918 0.77809 0.69499 1.091 0.162 1247.111 0.02586
-0.65612 0.00652 0.41959 0.77884 0.69689 1.233 0.181 1247.141 0.02589
-0.65676 0.00653 0.41999 0.77959 0.69879 1.197 0.180 1247.171 0.02591
-0.65739 0.00653 0.42040 0.78035 0.70069 1.179 0.178 1247.201 0.02594
-0.65803 0.00654 0.42081 0.78110 0.70259 1.072 0.173 1247.230 0.02596
-0.65866 0.00654 0.42121 0.78186 0.70449 1.301 0.186 1247.260 0.02599
-0.65930 0.00655 0.42162 0.78261 0.70640 0.964 0.164 1247.290 0.02601
-0.65993 0.00656 0.42203 0.78336 0.70830 1.052 0.171 1247.320 0.02604
-0.66057 0.00656 0.42243 0.78412 0.71020 0.945 0.166 1247.350 0.02606
-0.66120 0.00657 0.42284 0.78487 0.71210 1.104 0.173 1247.380 0.02608
-0.66184 0.00658 0.42324 0.78562 0.71400 1.157 0.178 1247.410 0.02611
-0.66247 0.00658 0.42365 0.78638 0.71590 1.190 0.178 1247.440 0.02613
-0.66311 0.00659 0.42406 0.78713 0.71781 1.154 0.177 1247.469 0.02616
-0.66374 0.00659 0.42446 0.78789 0.71971 1.178 0.178 1247.499 0.02618
-0.66438 0.00660 0.42487 0.78864 0.72161 1.498 0.186 1247.529 0.02621
-0.66501 0.00661 0.42527 0.78939 0.72351 1.118 0.174 1247.559 0.02623
-0.66565 0.00661 0.42568 0.79015 0.72541 1.184 0.178 1247.589 0.02626
-0.66628 0.00662 0.42609 0.79090 0.72732 1.236 0.181 1247.619 0.02628
-0.66692 0.00663 0.42649 0.79166 0.72922 1.082 0.173 1247.649 0.02631
-0.66755 0.00663 0.42690 0.79241 0.73112 1.227 0.180 1247.679 0.02633
-0.66819 0.00664 0.42731 0.79316 0.73302 1.185 0.179 1247.708 0.02635
-0.66882 0.00665 0.42771 0.79392 0.73492 1.004 0.167 1247.738 0.02638
-0.66946 0.00665 0.42812 0.79467 0.73683 1.270 0.184 1247.768 0.02640
-0.67009 0.00666 0.42852 0.79543 0.73873 1.307 0.186 1247.798 0.02643
-0.67073 0.00666 0.42893 0.79618 0.74063 1.244 0.182 1247.828 0.02645
-0.67136 0.00667 0.42934 0.79693 0.74253 0.982 0.165 1247.858 0.02648
-0.67200 0.00668 0.42974 0.79769 0.74444 1.183 0.177 1247.888 0.02650
-0.67263 0.00668 0.43015 0.79844 0.74634 1.099 0.173 1247.918 0.02653
-0.67327 0.00669 0.43056 0.79920 0.74824 1.163 0.176 1247.947 0.02655
-0.67391 0.00670 0.43096 0.79995 0.75015 1.007 0.167 1247.977 0.02658
-0.67454 0.00670 0.43137 0.80071 0.75205 1.529 0.186 1248.007 0.02660
-0.67518 0.00671 0.43177 0.80146 0.75395 0.897 0.160 1248.037 0.02662
-0.67581 0.00671 0.43218 0.80221 0.75585 0.880 0.160 1248.067 0.02665
-0.67645 0.00672 0.43259 0.80297 0.75776 1.039 0.169 1248.097 0.02667
-0.67708 0.00673 0.43299 0.80372 0.75966 0.945 0.163 1248.127 0.02670
-0.67772 0.00673 0.43340 0.80448 0.76156 0.989 0.165 1248.157 0.02672
-0.67835 0.00674 0.43381 0.80523 0.76347 0.872 0.157 1248.187 0.02675
-0.67899 0.00675 0.43421 0.80599 0.76537 1.010 0.166 1248.216 0.02677
-0.67963 0.00675 0.43462 0.80674 0.76727 1.062 0.170 1248.246 0.02680
-0.68026 0.00676 0.43503 0.80750 0.76918 1.333 0.187 1248.276 0.02682
-0.68090 0.00677 0.43543 0.80825 0.77108 1.178 0.177 1248.306 0.02685
-0.68153 0.00677 0.43584 0.80901 0.77298 0.855 0.156 1248.336 0.02687
-0.68217 0.00678 0.43625 0.80976 0.77489 1.059 0.171 1248.366 0.02690
-0.68280 0.00678 0.43665 0.81051 0.77679 1.188 0.177 1248.396 0.02692
-0.68344 0.00679 0.43706 0.81127 0.77870 1.039 0.168 1248.426 0.02694
-0.68408 0.00680 0.43747 0.81202 0.78060 0.963 0.163 1248.455 0.02697
-0.68471 0.00680 0.43787 0.81278 0.78250 0.909 0.159 1248.485 0.02699
-0.68535 0.00681 0.43828 0.81353 0.78441 1.136 0.174 1248.515 0.02702
-0.68598 0.00682 0.43869 0.81429 0.78631 1.022 0.167 1248.545 0.02704
-0.68662 0.00682 0.43909 0.81504 0.78822 1.024 0.168 1248.575 0.02707
-0.68726 0.00683 0.43950 0.81580 0.79012 1.170 0.177 1248.605 0.02709
-0.68789 0.00683 0.43991 0.81655 0.79203 1.200 0.177 1248.635 0.02712
-0.68853 0.00684 0.44031 0.81731 0.79393 0.854 0.157 1248.665 0.02714
-0.68916 0.00685 0.44072 0.81806 0.79583 0.958 0.163 1248.694 0.02717
-0.68980 0.00685 0.44113 0.81882 0.79774 1.043 0.168 1248.724 0.02719
-0.69044 0.00686 0.44153 0.81957 0.79964 1.009 0.166 1248.754 0.02721
-0.69107 0.00687 0.44194 0.82033 0.80155 1.044 0.156 1248.784 0.02724
-0.69171 0.00687 0.44235 0.82108 0.80345 0.835 0.155 1248.814 0.02726
-0.69234 0.00688 0.44275 0.82184 0.80536 0.870 0.158 1248.844 0.02729
-0.69298 0.00689 0.44316 0.82259 0.80726 1.059 0.168 1248.874 0.02731
-0.69362 0.00689 0.44357 0.82335 0.80917 1.007 0.166 1248.904 0.02734
-0.69425 0.00690 0.44397 0.82410 0.81107 1.215 0.179 1248.933 0.02736
-0.69489 0.00690 0.44438 0.82486 0.81298 1.110 0.172 1248.963 0.02739
-0.69553 0.00691 0.44479 0.82561 0.81488 1.144 0.173 1248.993 0.02741
-0.69616 0.00692 0.44519 0.82637 0.81679 1.248 0.179 1249.023 0.02744
-0.69680 0.00692 0.44560 0.82712 0.81869 0.886 0.158 1249.053 0.02746
-0.69743 0.00693 0.44601 0.82788 0.82060 0.834 0.155 1249.083 0.02749
-0.69807 0.00694 0.44642 0.82864 0.82250 0.989 0.164 1249.113 0.02751
-0.69871 0.00694 0.44682 0.82939 0.82441 1.023 0.167 1249.143 0.02753
-0.69934 0.00695 0.44723 0.83015 0.82631 0.885 0.158 1249.173 0.02756
-0.69998 0.00695 0.44764 0.83090 0.82822 0.920 0.161 1249.202 0.02758
-0.70062 0.00696 0.44804 0.83166 0.83013 1.039 0.168 1249.232 0.02761
-0.70125 0.00697 0.44845 0.83241 0.83203 1.160 0.175 1249.262 0.02763
-0.70189 0.00697 0.44886 0.83317 0.83394 0.901 0.159 1249.292 0.02766
-0.70253 0.00698 0.44926 0.83392 0.83584 1.055 0.168 1249.322 0.02768
-0.70316 0.00699 0.44967 0.83468 0.83775 1.072 0.169 1249.352 0.02771
-0.70380 0.00699 0.45008 0.83543 0.83966 1.038 0.168 1249.382 0.02773
-0.70443 0.00700 0.45049 0.83619 0.84156 0.951 0.162 1249.412 0.02776
-0.70507 0.00701 0.45089 0.83695 0.84347 0.831 0.154 1249.441 0.02778
-0.70571 0.00701 0.45130 0.83770 0.84537 0.848 0.155 1249.471 0.02780
-0.70634 0.00702 0.45171 0.83846 0.84728 0.967 0.163 1249.501 0.02783
-0.70698 0.00702 0.45211 0.83921 0.84919 0.778 0.150 1249.531 0.02785
-0.70762 0.00703 0.45252 0.83997 0.85109 0.847 0.155 1249.561 0.02788
-0.70825 0.00704 0.45293 0.84072 0.85300 1.018 0.167 1249.591 0.02790
-0.70889 0.00704 0.45334 0.84148 0.85491 1.000 0.166 1249.621 0.02793
-0.70953 0.00705 0.45374 0.84224 0.85681 0.658 0.141 1249.651 0.02795
-0.71016 0.00706 0.45415 0.84299 0.85872 0.983 0.164 1249.680 0.02798
-0.71080 0.00706 0.45456 0.84375 0.86063 0.845 0.155 1249.710 0.02800
-0.71144 0.00707 0.45496 0.84450 0.86253 1.101 0.171 1249.740 0.02803
-0.71207 0.00707 0.45537 0.84526 0.86444 0.810 0.152 1249.770 0.02805
-0.71271 0.00708 0.45578 0.84602 0.86635 0.982 0.164 1249.800 0.02808
-0.71335 0.00709 0.45619 0.84677 0.86825 0.896 0.158 1249.830 0.02810
-0.71399 0.00709 0.45659 0.84753 0.87016 0.913 0.159 1249.860 0.02812
-0.71462 0.00710 0.45700 0.84828 0.87207 0.862 0.156 1249.890 0.02815
-0.71526 0.00711 0.45741 0.84904 0.87398 0.948 0.162 1249.919 0.02817
-0.71590 0.00711 0.45782 0.84980 0.87588 1.152 0.175 1249.949 0.02820
-0.71653 0.00712 0.45822 0.85055 0.87779 0.930 0.160 1249.979 0.02822
-0.71717 0.00713 0.45863 0.85131 0.87970 0.708 0.144 1250.009 0.02825
-0.71781 0.00713 0.45904 0.85206 0.88160 1.083 0.169 1250.039 0.02827
-0.71844 0.00714 0.45944 0.85282 0.88351 1.015 0.166 1250.069 0.02830
-0.71908 0.00714 0.45985 0.85358 0.88542 0.878 0.157 1250.099 0.02832
-0.71972 0.00715 0.46026 0.85433 0.88733 0.876 0.157 1250.129 0.02835
-0.72036 0.00716 0.46067 0.85509 0.88924 0.827 0.153 1250.158 0.02837
-0.72099 0.00716 0.46107 0.85585 0.89114 1.083 0.170 1250.188 0.02839
-0.72163 0.00717 0.46148 0.85660 0.89305 1.099 0.171 1250.218 0.02842
-0.72227 0.00718 0.46189 0.85736 0.89496 0.758 0.148 1250.248 0.02844
-0.72290 0.00718 0.46230 0.85811 0.89687 0.929 0.160 1250.278 0.02847
-0.72354 0.00719 0.46270 0.85887 0.89878 0.723 0.145 1250.308 0.02849
-0.72418 0.00720 0.46311 0.85963 0.90068 0.791 0.150 1250.338 0.02852
-0.72482 0.00720 0.46352 0.86038 0.90259 0.502 0.127 1250.368 0.02854
-0.72545 0.00721 0.46393 0.86114 0.90450 0.552 0.132 1250.398 0.02857
-0.72609 0.00721 0.46433 0.86190 0.90641 0.382 0.116 1250.427 0.02859
-0.72673 0.00722 0.46474 0.86265 0.90832 0.467 0.124 1250.457 0.02862
-0.72737 0.00723 0.46515 0.86341 0.91023 0.364 0.113 1250.487 0.02864
-0.72800 0.00723 0.46556 0.86417 0.91213 0.228 0.099 1250.517 0.02866
-0.72864 0.00724 0.46596 0.86492 0.91404 0.278 0.105 1250.547 0.02869
-0.72928 0.00725 0.46637 0.86568 0.91595 0.533 0.130 1250.577 0.02871
-0.72991 0.00725 0.46678 0.86644 0.91786 0.636 0.139 1250.607 0.02874
-0.73055 0.00726 0.46719 0.86719 0.91977 0.687 0.143 1250.637 0.02876
-0.73119 0.00726 0.46760 0.86795 0.92168 0.839 0.154 1250.666 0.02879
-0.73183 0.00727 0.46800 0.86871 0.92359 0.976 0.163 1250.696 0.02881
-0.73246 0.00728 0.46841 0.86946 0.92550 0.704 0.144 1250.726 0.02884
-0.73310 0.00728 0.46882 0.87022 0.92740 0.772 0.149 1250.756 0.02886
-0.73374 0.00729 0.46923 0.87098 0.92931 1.009 0.165 1250.786 0.02889
-0.73438 0.00730 0.46963 0.87173 0.93122 1.008 0.165 1250.816 0.02891
-0.73502 0.00730 0.47004 0.87249 0.93313 0.737 0.146 1250.846 0.02894
-0.73565 0.00731 0.47045 0.87325 0.93504 0.957 0.148 1250.876 0.02896
-0.73629 0.00732 0.47086 0.87400 0.93695 1.007 0.165 1250.905 0.02898
-0.73693 0.00732 0.47126 0.87476 0.93886 0.837 0.153 1250.935 0.02901
-0.73757 0.00733 0.47167 0.87552 0.94077 1.126 0.172 1250.965 0.02903
-0.73820 0.00733 0.47208 0.87628 0.94268 0.753 0.147 1250.995 0.02906
-0.73884 0.00734 0.47249 0.87703 0.94459 0.685 0.142 1251.025 0.02908
-0.73948 0.00735 0.47290 0.87779 0.94650 1.078 0.168 1251.055 0.02911
-0.74012 0.00735 0.47330 0.87855 0.94841 0.966 0.160 1251.085 0.02913
-0.74075 0.00736 0.47371 0.87930 0.95032 1.128 0.170 1251.115 0.02916
-0.74139 0.00737 0.47412 0.88006 0.95223 0.772 0.146 1251.144 0.02918
-0.74203 0.00737 0.47453 0.88082 0.95414 0.962 0.159 1251.174 0.02921
-0.74267 0.00738 0.47494 0.88157 0.95605 1.086 0.168 1251.204 0.02923
-0.74331 0.00739 0.47534 0.88233 0.95796 0.796 0.149 1251.234 0.02925
-0.74394 0.00739 0.47575 0.88309 0.95987 0.981 0.161 1251.264 0.02928
-0.74458 0.00740 0.47616 0.88385 0.96178 1.039 0.165 1251.294 0.02930
-0.74522 0.00740 0.47657 0.88460 0.96369 1.029 0.164 1251.324 0.02933
-0.74586 0.00741 0.47698 0.88536 0.96560 1.119 0.170 1251.354 0.02935
-0.74650 0.00742 0.47738 0.88612 0.96751 0.903 0.157 1251.384 0.02938
-0.74713 0.00742 0.47779 0.88688 0.96942 1.024 0.164 1251.413 0.02940
-0.74777 0.00743 0.47820 0.88763 0.97133 0.807 0.151 1251.443 0.02943
-0.74841 0.00744 0.47861 0.88839 0.97324 1.019 0.163 1251.473 0.02945
-0.74905 0.00744 0.47902 0.88915 0.97515 0.894 0.155 1251.503 0.02948
-0.74969 0.00745 0.47942 0.88991 0.97706 0.807 0.151 1251.533 0.02950
-0.75032 0.00745 0.47983 0.89066 0.97898 0.839 0.153 1251.563 0.02953
-0.75096 0.00746 0.48024 0.89142 0.98089 0.972 0.162 1251.593 0.02955
-0.75160 0.00747 0.48065 0.89218 0.98280 0.920 0.159 1251.623 0.02957
-0.75224 0.00747 0.48106 0.89294 0.98471 0.870 0.155 1251.652 0.02960
-0.75288 0.00748 0.48146 0.89369 0.98662 0.887 0.156 1251.682 0.02962
-0.75352 0.00749 0.48187 0.89445 0.98853 1.090 0.170 1251.712 0.02965
-0.75415 0.00749 0.48228 0.89521 0.99044 0.937 0.160 1251.742 0.02967
-0.75479 0.00750 0.48269 0.89597 0.99235 0.987 0.163 1251.772 0.02970
-0.75543 0.00751 0.48310 0.89672 0.99427 1.071 0.168 1251.802 0.02972
-0.75607 0.00751 0.48351 0.89748 0.99618 0.903 0.158 1251.832 0.02975
-0.75671 0.00752 0.48391 0.89824 0.99809 0.750 0.147 1251.862 0.02977
-0.75735 0.00752 0.48432 0.89900 1.00000 0.835 0.153 1251.891 0.02980
