x y z dist_scaled dist_frac flux_norm sig_norm wavelength redshift
-0.12974 0.18536 0.44877 0.50258 0.00000 0.973 0.104 1236.115 0.01682
-0.12993 0.18564 0.44944 0.50333 0.00188 0.914 0.101 1236.145 0.01684
-0.13013 0.18591 0.45010 0.50407 0.00375 1.146 0.106 1236.175 0.01687
-0.13032 0.18619 0.45076 0.50481 0.00563 0.923 0.101 1236.205 0.01689
-0.13051 0.18646 0.45143 0.50556 0.00751 1.021 0.106 1236.235 0.01692
-0.13070 0.18674 0.45209 0.50630 0.00938 1.001 0.099 1236.265 0.01694
-0.13089 0.18701 0.45276 0.50705 0.01126 1.148 0.106 1236.295 0.01697
-0.13109 0.18728 0.45342 0.50779 0.01313 1.185 0.113 1236.325 0.01699
-0.13128 0.18756 0.45409 0.50853 0.01501 0.835 0.102 1236.355 0.01701
-0.13147 0.18783 0.45475 0.50928 0.01689 0.933 0.096 1236.384 0.01704
-0.13166 0.18811 0.45541 0.51002 0.01876 0.951 0.097 1236.414 0.01706
-0.13185 0.18838 0.45608 0.51077 0.02064 1.107 0.104 1236.444 0.01709
-0.13205 0.18866 0.45674 0.51151 0.02252 0.990 0.104 1236.474 0.01711
-0.13224 0.18893 0.45741 0.51225 0.02440 0.960 0.103 1236.504 0.01714
-0.13243 0.18921 0.45807 0.51300 0.02627 1.036 0.101 1236.534 0.01716
-0.13262 0.18948 0.45874 0.51374 0.02815 0.921 0.107 1236.564 0.01719
-0.13281 0.18975 0.45940 0.51449 0.03003 0.921 0.100 1236.594 0.01721
-0.13301 0.19003 0.46007 0.51523 0.03190 1.037 0.101 1236.623 0.01724
-0.13320 0.19030 0.46073 0.51597 0.03378 0.920 0.101 1236.653 0.01726
-0.13339 0.19058 0.46139 0.51672 0.03566 1.074 0.103 1236.683 0.01729
-0.13358 0.19085 0.46206 0.51746 0.03754 0.910 0.106 1236.713 0.01731
-0.13377 0.19113 0.46272 0.51821 0.03941 0.968 0.103 1236.743 0.01733
-0.13397 0.19140 0.46339 0.51895 0.04129 1.016 0.105 1236.773 0.01736
-0.13416 0.19168 0.46405 0.51970 0.04317 0.966 0.103 1236.803 0.01738
-0.13435 0.19195 0.46472 0.52044 0.04505 1.054 0.102 1236.833 0.01741
-0.13454 0.19222 0.46538 0.52118 0.04692 1.045 0.101 1236.862 0.01743
-0.13474 0.19250 0.46605 0.52193 0.04880 1.025 0.106 1236.892 0.01746
-0.13493 0.19277 0.46671 0.52267 0.05068 1.054 0.102 1236.922 0.01748
-0.13512 0.19305 0.46738 0.52342 0.05256 1.101 0.104 1236.952 0.01751
-0.13531 0.19332 0.46804 0.52416 0.05444 1.182 0.107 1236.982 0.01753
-0.13550 0.19360 0.46871 0.52491 0.05631 1.028 0.106 1237.012 0.01756
-0.13570 0.19387 0.46937 0.52565 0.05819 1.077 0.103 1237.042 0.01758
-0.13589 0.19415 0.47004 0.52640 0.06007 1.042 0.107 1237.072 0.01760
-0.13608 0.19442 0.47070 0.52714 0.06195 1.103 0.109 1237.101 0.01763
-0.13627 0.19470 0.47137 0.52788 0.06383 0.865 0.103 1237.131 0.01765
-0.13647 0.19497 0.47203 0.52863 0.06571 1.001 0.105 1237.161 0.01768
-0.13666 0.19525 0.47270 0.52937 0.06758 0.962 0.103 1237.191 0.01770
-0.13685 0.19552 0.47336 0.53012 0.06946 1.002 0.105 1237.221 0.01773
-0.13704 0.19579 0.47403 0.53086 0.07134 1.197 0.108 1237.251 0.01775
-0.13723 0.19607 0.47469 0.53161 0.07322 0.922 0.100 1237.281 0.01778
-0.13743 0.19634 0.47536 0.53235 0.07510 1.067 0.102 1237.311 0.01780
-0.13762 0.19662 0.47602 0.53310 0.07698 1.022 0.100 1237.341 0.01783
-0.13781 0.19689 0.47669 0.53384 0.07886 1.022 0.100 1237.370 0.01785
-0.13800 0.19717 0.47735 0.53459 0.08074 1.032 0.100 1237.400 0.01788
-0.13820 0.19744 0.47802 0.53533 0.08261 0.820 0.107 1237.430 0.01790
-0.13839 0.19772 0.47868 0.53608 0.08449 1.151 0.106 1237.460 0.01792
-0.13858 0.19799 0.47935 0.53682 0.08637 0.963 0.097 1237.490 0.01795
-0.13877 0.19827 0.48001 0.53757 0.08825 0.913 0.106 1237.520 0.01797
-0.13896 0.19854 0.48068 0.53831 0.09013 0.854 0.103 1237.550 0.01800
-0.13916 0.19882 0.48134 0.53906 0.09201 0.941 0.101 1237.580 0.01802
-0.13935 0.19909 0.48201 0.53980 0.09389 1.018 0.100 1237.609 0.01805
-0.13954 0.19937 0.48267 0.54055 0.09577 0.960 0.102 1237.639 0.01807
-0.13973 0.19964 0.48334 0.54129 0.09765 0.921 0.095 1237.669 0.01810
-0.13993 0.19992 0.48400 0.54204 0.09953 1.036 0.100 1237.699 0.01812
-0.14012 0.20019 0.48467 0.54278 0.10141 0.815 0.094 1237.729 0.01815
-0.14031 0.20047 0.48533 0.54353 0.10329 0.900 0.099 1237.759 0.01817
-0.14050 0.20074 0.48600 0.54427 0.10517 0.852 0.097 1237.789 0.01819
-0.14070 0.20102 0.48666 0.54502 0.10705 0.948 0.101 1237.819 0.01822
-0.14089 0.20129 0.48733 0.54576 0.10893 1.016 0.110 1237.848 0.01824
-0.14108 0.20156 0.48800 0.54651 0.11081 0.977 0.109 1237.878 0.01827
-0.14127 0.20184 0.48866 0.54725 0.11269 1.100 0.103 1237.908 0.01829
-0.14147 0.20211 0.48933 0.54800 0.11457 1.021 0.100 1237.938 0.01832
-0.14166 0.20239 0.48999 0.54874 0.11645 0.944 0.101 1237.968 0.01834
-0.14185 0.20266 0.49066 0.54949 0.11833 0.961 0.103 1237.998 0.01837
-0.14204 0.20294 0.49132 0.55024 0.12021 0.969 0.097 1238.028 0.01839
-0.14224 0.20321 0.49199 0.55098 0.12209 0.986 0.103 1238.058 0.01842
-0.14243 0.20349 0.49265 0.55173 0.12397 1.113 0.104 1238.087 0.01844
-0.14262 0.20376 0.49332 0.55247 0.12585 0.930 0.101 1238.117 0.01847
-0.14281 0.20404 0.49399 0.55322 0.12773 1.020 0.105 1238.147 0.01849
-0.14301 0.20431 0.49465 0.55396 0.12961 1.013 0.105 1238.177 0.01851
-0.14320 0.20459 0.49532 0.55471 0.13149 0.976 0.097 1238.207 0.01854
-0.14339 0.20486 0.49598 0.55545 0.13338 1.109 0.104 1238.237 0.01856
-0.14358 0.20514 0.49665 0.55620 0.13526 1.019 0.105 1238.267 0.01859
-0.14378 0.20541 0.49732 0.55695 0.13714 1.000 0.098 1238.297 0.01861
-0.14397 0.20569 0.49798 0.55769 0.13902 0.836 0.102 1238.327 0.01864
-0.14416 0.20596 0.49865 0.55844 0.14090 0.818 0.100 1238.356 0.01866
-0.14435 0.20624 0.49931 0.55918 0.14278 0.942 0.106 1238.386 0.01869
-0.14455 0.20651 0.49998 0.55993 0.14466 0.932 0.106 1238.416 0.01871
-0.14474 0.20679 0.50064 0.56067 0.14654 0.874 0.098 1238.446 0.01874
-0.14493 0.20706 0.50131 0.56142 0.14843 0.692 0.099 1238.476 0.01876
-0.14512 0.20734 0.50198 0.56217 0.15031 0.988 0.109 1238.506 0.01878
-0.14532 0.20761 0.50264 0.56291 0.15219 1.075 0.107 1238.536 0.01881
-0.14551 0.20789 0.50331 0.56366 0.15407 0.891 0.098 1238.566 0.01883
-0.14570 0.20817 0.50397 0.56440 0.15595 0.798 0.099 1238.595 0.01886
-0.14589 0.20844 0.50464 0.56515 0.15783 0.674 0.099 1238.625 0.01888
-0.14609 0.20872 0.50531 0.56590 0.15972 0.959 0.102 1238.655 0.01891
-0.14628 0.20899 0.50597 0.56664 0.16160 0.961 0.102 1238.685 0.01893
-0.14647 0.20927 0.50664 0.56739 0.16348 0.949 0.102 1238.715 0.01896
-0.14666 0.20954 0.50731 0.56813 0.16536 0.924 0.100 1238.745 0.01898
-0.14686 0.20982 0.50797 0.56888 0.16724 1.192 0.112 1238.775 0.01901
-0.14705 0.21009 0.50864 0.56963 0.16913 1.038 0.100 1238.805 0.01903
-0.14724 0.21037 0.50930 0.57037 0.17101 0.996 0.104 1238.834 0.01905
-0.14743 0.21064 0.50997 0.57112 0.17289 1.036 0.100 1238.864 0.01908
-0.14763 0.21092 0.51064 0.57186 0.17477 0.952 0.102 1238.894 0.01910
-0.14782 0.21119 0.51130 0.57261 0.17665 0.945 0.101 1238.924 0.01913
-0.14801 0.21147 0.51197 0.57336 0.17854 0.937 0.095 1238.954 0.01915
-0.14820 0.21174 0.51264 0.57410 0.18042 0.999 0.098 1238.984 0.01918
-0.14840 0.21202 0.51330 0.57485 0.18230 1.084 0.102 1239.014 0.01920
-0.14859 0.21229 0.51397 0.57560 0.18419 1.098 0.103 1239.044 0.01923
-0.14878 0.21257 0.51464 0.57634 0.18607 0.883 0.104 1239.073 0.01925
-0.14898 0.21284 0.51530 0.57709 0.18795 1.081 0.102 1239.103 0.01928
-0.14917 0.21312 0.51597 0.57784 0.18983 1.111 0.103 1239.133 0.01930
-0.14936 0.21339 0.51663 0.57858 0.19172 1.073 0.102 1239.163 0.01933
-0.14955 0.21367 0.51730 0.57933 0.19360 0.863 0.097 1239.193 0.01935
-0.14975 0.21394 0.51797 0.58007 0.19548 1.148 0.105 1239.223 0.01937
-0.14994 0.21422 0.51863 0.58082 0.19737 1.158 0.105 1239.253 0.01940
-0.15013 0.21450 0.51930 0.58157 0.19925 1.014 0.099 1239.283 0.01942
-0.15032 0.21477 0.51997 0.58231 0.20113 0.966 0.096 1239.313 0.01945
-0.15052 0.21505 0.52063 0.58306 0.20302 0.786 0.098 1239.342 0.01947
-0.15071 0.21532 0.52130 0.58381 0.20490 0.976 0.102 1239.372 0.01950
-0.15090 0.21560 0.52197 0.58455 0.20678 1.146 0.105 1239.402 0.01952
-0.15110 0.21587 0.52263 0.58530 0.20867 1.013 0.099 1239.432 0.01955
-0.15129 0.21615 0.52330 0.58605 0.21055 0.880 0.098 1239.462 0.01957
-0.15148 0.21642 0.52397 0.58679 0.21243 1.212 0.108 1239.492 0.01960
-0.15167 0.21670 0.52463 0.58754 0.21432 0.824 0.101 1239.522 0.01962
-0.15187 0.21697 0.52530 0.58829 0.21620 0.834 0.095 1239.552 0.01964
-0.15206 0.21725 0.52597 0.58904 0.21809 0.956 0.096 1239.581 0.01967
-0.15225 0.21753 0.52664 0.58978 0.21997 0.937 0.099 1239.611 0.01969
-0.15244 0.21780 0.52730 0.59053 0.22185 1.117 0.109 1239.641 0.01972
-0.15264 0.21808 0.52797 0.59128 0.22374 0.889 0.103 1239.671 0.01974
-0.15283 0.21835 0.52864 0.59202 0.22562 0.832 0.100 1239.701 0.01977
-0.15302 0.21863 0.52930 0.59277 0.22751 0.974 0.097 1239.731 0.01979
-0.15322 0.21890 0.52997 0.59352 0.22939 0.954 0.101 1239.761 0.01982
-0.15341 0.21918 0.53064 0.59426 0.23128 0.971 0.102 1239.791 0.01984
-0.15360 0.21945 0.53130 0.59501 0.23316 0.864 0.107 1239.820 0.01987
-0.15379 0.21973 0.53197 0.59576 0.23504 0.911 0.101 1239.850 0.01989
-0.15399 0.22000 0.53264 0.59650 0.23693 0.891 0.100 1239.880 0.01992
-0.15418 0.22028 0.53331 0.59725 0.23881 0.867 0.103 1239.910 0.01994
-0.15437 0.22056 0.53397 0.59800 0.24070 0.896 0.098 1239.940 0.01996
-0.15457 0.22083 0.53464 0.59875 0.24258 0.942 0.101 1239.970 0.01999
-0.15476 0.22111 0.53531 0.59949 0.24447 1.103 0.108 1240.000 0.02001
-0.15495 0.22138 0.53597 0.60024 0.24635 1.055 0.100 1240.030 0.02004
-0.15514 0.22166 0.53664 0.60099 0.24824 1.008 0.098 1240.059 0.02006
-0.15534 0.22193 0.53731 0.60174 0.25012 0.980 0.097 1240.089 0.02009
-0.15553 0.22221 0.53798 0.60248 0.25201 0.929 0.100 1240.119 0.02011
-0.15572 0.22248 0.53864 0.60323 0.25389 1.012 0.104 1240.149 0.02014
-0.15592 0.22276 0.53931 0.60398 0.25578 1.090 0.102 1240.179 0.02016
-0.15611 0.22304 0.53998 0.60472 0.25766 0.958 0.101 1240.209 0.02019
-0.15630 0.22331 0.54065 0.60547 0.25955 0.836 0.095 1240.239 0.02021
-0.15650 0.22359 0.54131 0.60622 0.26144 0.805 0.100 1240.269 0.02023
-0.15669 0.22386 0.54198 0.60697 0.26332 1.053 0.100 1240.299 0.02026
-0.15688 0.22414 0.54265 0.60771 0.26521 0.973 0.096 1240.328 0.02028
-0.15707 0.22441 0.54332 0.60846 0.26709 0.919 0.100 1240.358 0.02031
-0.15727 0.22469 0.54398 0.60921 0.26898 0.850 0.101 1240.388 0.02033
-0.15746 0.22497 0.54465 0.60996 0.27086 0.881 0.097 1240.418 0.02036
-0.15765 0.22524 0.54532 0.61070 0.27275 0.851 0.101 1240.448 0.02038
-0.15785 0.22552 0.54599 0.61145 0.27464 0.576 0.092 1240.478 0.02041
-0.15804 0.22579 0.54665 0.61220 0.27652 0.596 0.093 1240.508 0.02043
-0.15823 0.22607 0.54732 0.61295 0.27841 0.791 0.098 1240.538 0.02046
-0.15843 0.22634 0.54799 0.61370 0.28029 0.820 0.107 1240.567 0.02048
-0.15862 0.22662 0.54866 0.61444 0.28218 0.644 0.096 1240.597 0.02050
-0.15881 0.22690 0.54932 0.61519 0.28407 0.904 0.110 1240.627 0.02053
-0.15900 0.22717 0.54999 0.61594 0.28595 0.733 0.101 1240.657 0.02055
-0.15920 0.22745 0.55066 0.61669 0.28784 1.062 0.101 1240.687 0.02058
-0.15939 0.22772 0.55133 0.61743 0.28973 1.052 0.106 1240.717 0.02060
-0.15958 0.22800 0.55199 0.61818 0.29161 0.902 0.104 1240.747 0.02063
-0.15978 0.22828 0.55266 0.61893 0.29350 1.024 0.099 1240.777 0.02065
-0.15997 0.22855 0.55333 0.61968 0.29539 0.986 0.097 1240.806 0.02068
-0.16016 0.22883 0.55400 0.62043 0.29727 0.788 0.098 1240.836 0.02070
-0.16036 0.22910 0.55467 0.62117 0.29916 0.961 0.101 1240.866 0.02073
-0.16055 0.22938 0.55533 0.62192 0.30105 0.986 0.097 1240.896 0.02075
-0.16074 0.22965 0.55600 0.62267 0.30293 0.783 0.098 1240.926 0.02078
-0.16093 0.22993 0.55667 0.62342 0.30482 0.945 0.100 1240.956 0.02080
-0.16113 0.23021 0.55734 0.62417 0.30671 1.043 0.100 1240.986 0.02082
-0.16132 0.23048 0.55801 0.62491 0.30859 0.775 0.096 1241.016 0.02085
-0.16151 0.23076 0.55867 0.62566 0.31048 1.078 0.101 1241.045 0.02087
-0.16171 0.23103 0.55934 0.62641 0.31237 0.919 0.099 1241.075 0.02090
-0.16190 0.23131 0.56001 0.62716 0.31426 0.789 0.099 1241.105 0.02092
-0.16209 0.23159 0.56068 0.62791 0.31614 0.844 0.101 1241.135 0.02095
-0.16229 0.23186 0.56135 0.62866 0.31803 0.873 0.097 1241.165 0.02097
-0.16248 0.23214 0.56201 0.62940 0.31992 1.044 0.100 1241.195 0.02100
-0.16267 0.23241 0.56268 0.63015 0.32181 0.753 0.095 1241.225 0.02102
-0.16287 0.23269 0.56335 0.63090 0.32369 0.841 0.095 1241.255 0.02105
-0.16306 0.23297 0.56402 0.63165 0.32558 0.879 0.097 1241.285 0.02107
-0.16325 0.23324 0.56469 0.63240 0.32747 1.000 0.103 1241.314 0.02109
-0.16345 0.23352 0.56536 0.63315 0.32936 1.042 0.099 1241.344 0.02112
-0.16364 0.23379 0.56602 0.63389 0.33125 0.876 0.097 1241.374 0.02114
-0.16383 0.23407 0.56669 0.63464 0.33313 1.018 0.098 1241.404 0.02117
-0.16403 0.23435 0.56736 0.63539 0.33502 1.061 0.100 1241.434 0.02119
-0.16422 0.23462 0.56803 0.63614 0.33691 0.908 0.099 1241.464 0.02122
-0.16441 0.23490 0.56870 0.63689 0.33880 0.814 0.099 1241.494 0.02124
-0.16461 0.23517 0.56937 0.63764 0.34069 0.994 0.097 1241.524 0.02127
-0.16480 0.23545 0.57003 0.63838 0.34258 0.976 0.101 1241.553 0.02129
-0.16499 0.23573 0.57070 0.63913 0.34446 0.791 0.093 1241.583 0.02132
-0.16519 0.23600 0.57137 0.63988 0.34635 0.909 0.104 1241.613 0.02134
-0.16538 0.23628 0.57204 0.64063 0.34824 0.792 0.098 1241.643 0.02137
-0.16557 0.23656 0.57271 0.64138 0.35013 1.019 0.098 1241.673 0.02139
-0.16576 0.23683 0.57338 0.64213 0.35202 0.998 0.097 1241.703 0.02141
-0.16596 0.23711 0.57405 0.64288 0.35391 0.963 0.101 1241.733 0.02144
-0.16615 0.23738 0.57471 0.64363 0.35580 0.870 0.102 1241.763 0.02146
-0.16634 0.23766 0.57538 0.64437 0.35769 0.921 0.099 1241.792 0.02149
-0.16654 0.23794 0.57605 0.64512 0.35957 1.114 0.103 1241.822 0.02151
-0.16673 0.23821 0.57672 0.64587 0.36146 0.971 0.101 1241.852 0.02154
-0.16692 0.23849 0.57739 0.64662 0.36335 1.073 0.101 1241.882 0.02156
-0.16712 0.23876 0.57806 0.64737 0.36524 0.821 0.100 1241.912 0.02159
-0.16731 0.23904 0.57873 0.64812 0.36713 0.821 0.093 1241.942 0.02161
-0.16750 0.23932 0.57940 0.64887 0.36902 0.913 0.098 1241.972 0.02164
-0.16770 0.23959 0.58006 0.64962 0.37091 1.044 0.099 1242.002 0.02166
-0.16789 0.23987 0.58073 0.65037 0.37280 1.045 0.099 1242.031 0.02168
-0.16808 0.24015 0.58140 0.65111 0.37469 0.960 0.100 1242.061 0.02171
-0.16828 0.24042 0.58207 0.65186 0.37658 0.942 0.100 1242.091 0.02173
-0.16847 0.24070 0.58274 0.65261 0.37847 0.876 0.102 1242.121 0.02176
-0.16867 0.24097 0.58341 0.65336 0.38036 1.137 0.104 1242.151 0.02178
-0.16886 0.24125 0.58408 0.65411 0.38225 1.100 0.102 1242.181 0.02181
-0.16905 0.24153 0.58475 0.65486 0.38414 1.015 0.098 1242.211 0.02183
-0.16925 0.24180 0.58542 0.65561 0.38603 0.932 0.099 1242.241 0.02186
-0.16944 0.24208 0.58608 0.65636 0.38792 1.025 0.098 1242.271 0.02188
-0.16963 0.24236 0.58675 0.65711 0.38981 0.922 0.099 1242.300 0.02191
-0.16983 0.24263 0.58742 0.65786 0.39170 0.810 0.104 1242.330 0.02193
-0.17002 0.24291 0.58809 0.65861 0.39359 0.708 0.092 1242.360 0.02196
-0.17021 0.24319 0.58876 0.65936 0.39548 0.829 0.094 1242.390 0.02198
-0.17041 0.24346 0.58943 0.66011 0.39737 1.080 0.101 1242.420 0.02200
-0.17060 0.24374 0.59010 0.66085 0.39926 1.081 0.106 1242.450 0.02203
-0.17079 0.24401 0.59077 0.66160 0.40115 0.827 0.100 1242.480 0.02205
-0.17099 0.24429 0.59144 0.66235 0.40304 0.884 0.097 1242.510 0.02208
-0.17118 0.24457 0.59211 0.66310 0.40493 0.911 0.098 1242.539 0.02210
-0.17137 0.24484 0.59278 0.66385 0.40682 0.884 0.097 1242.569 0.02213
-0.17157 0.24512 0.59344 0.66460 0.40871 0.799 0.098 1242.599 0.02215
-0.17176 0.24540 0.59411 0.66535 0.41060 1.013 0.103 1242.629 0.02218
-0.17195 0.24567 0.59478 0.66610 0.41249 0.938 0.100 1242.659 0.02220
-0.17215 0.24595 0.59545 0.66685 0.41438 0.762 0.102 1242.689 0.02223
-0.17234 0.24623 0.59612 0.66760 0.41628 0.919 0.099 1242.719 0.02225
-0.17253 0.24650 0.59679 0.66835 0.41817 0.761 0.096 1242.749 0.02227
-0.17273 0.24678 0.59746 0.66910 0.42006 1.077 0.101 1242.778 0.02230
-0.17292 0.24706 0.59813 0.66985 0.42195 0.956 0.100 1242.808 0.02232
-0.17311 0.24733 0.59880 0.67060 0.42384 0.994 0.097 1242.838 0.02235
-0.17331 0.24761 0.59947 0.67135 0.42573 1.032 0.099 1242.868 0.02237
-0.17350 0.24789 0.60014 0.67210 0.42762 0.855 0.095 1242.898 0.02240
-0.17370 0.24816 0.60081 0.67285 0.42951 0.966 0.095 1242.928 0.02242
-0.17389 0.24844 0.60148 0.67360 0.43141 0.920 0.098 1242.958 0.02245
-0.17408 0.24872 0.60215 0.67435 0.43330 1.013 0.098 1242.988 0.02247
-0.17428 0.24899 0.60282 0.67510 0.43519 0.938 0.094 1243.017 0.02250
-0.17447 0.24927 0.60349 0.67585 0.43708 0.883 0.097 1243.047 0.02252
-0.17466 0.24954 0.60416 0.67660 0.43897 1.273 0.109 1243.077 0.02254
-0.17486 0.24982 0.60483 0.67735 0.44087 0.836 0.094 1243.107 0.02257
-0.17505 0.25010 0.60550 0.67810 0.44276 0.872 0.096 1243.137 0.02259
-0.17524 0.25037 0.60617 0.67885 0.44465 1.086 0.101 1243.167 0.02262
-0.17544 0.25065 0.60684 0.67960 0.44654 0.826 0.093 1243.197 0.02264
-0.17563 0.25093 0.60751 0.68035 0.44843 0.872 0.096 1243.227 0.02267
-0.17583 0.25120 0.60818 0.68110 0.45033 0.770 0.102 1243.257 0.02269
-0.17602 0.25148 0.60884 0.68185 0.45222 0.789 0.097 1243.286 0.02272
-0.17621 0.25176 0.60951 0.68260 0.45411 0.928 0.093 1243.316 0.02274
-0.17641 0.25203 0.61018 0.68335 0.45600 1.058 0.100 1243.346 0.02277
-0.17660 0.25231 0.61085 0.68410 0.45790 1.048 0.099 1243.376 0.02279
-0.17679 0.25259 0.61152 0.68485 0.45979 0.899 0.097 1243.406 0.02282
-0.17699 0.25286 0.61219 0.68560 0.46168 0.889 0.097 1243.436 0.02284
-0.17718 0.25314 0.61286 0.68635 0.46357 0.956 0.100 1243.466 0.02286
-0.17737 0.25342 0.61353 0.68710 0.46547 0.973 0.096 1243.496 0.02289
-0.17757 0.25370 0.61420 0.68785 0.46736 1.097 0.102 1243.525 0.02291
-0.17776 0.25397 0.61487 0.68860 0.46925 0.952 0.100 1243.555 0.02294
-0.17796 0.25425 0.61554 0.68935 0.47114 0.944 0.094 1243.585 0.02296
-0.17815 0.25453 0.61621 0.69010 0.47304 0.961 0.095 1243.615 0.02299
-0.17834 0.25480 0.61688 0.69085 0.47493 1.042 0.104 1243.645 0.02301
-0.17854 0.25508 0.61755 0.69160 0.47682 0.787 0.097 1243.675 0.02304
-0.17873 0.25536 0.61822 0.69235 0.47872 1.091 0.101 1243.705 0.02306
-0.17892 0.25563 0.61890 0.69310 0.48061 1.003 0.097 1243.735 0.02309
-0.17912 0.25591 0.61957 0.69385 0.48250 0.938 0.099 1243.764 0.02311
-0.17931 0.25619 0.62024 0.69461 0.48440 1.044 0.099 1243.794 0.02313
-0.17951 0.25646 0.62091 0.69536 0.48629 0.943 0.100 1243.824 0.02316
-0.17970 0.25674 0.62158 0.69611 0.48818 1.022 0.103 1243.854 0.02318
-0.17989 0.25702 0.62225 0.69686 0.49008 1.154 0.104 1243.884 0.02321
-0.18009 0.25729 0.62292 0.69761 0.49197 1.075 0.106 1243.914 0.02323
-0.18028 0.25757 0.62359 0.69836 0.49387 0.897 0.098 1243.944 0.02326
-0.18047 0.25785 0.62426 0.69911 0.49576 1.011 0.103 1243.974 0.02328
-0.18067 0.25812 0.62493 0.69986 0.49765 0.912 0.092 1244.003 0.02331
-0.18086 0.25840 0.62560 0.70061 0.49955 0.900 0.098 1244.033 0.02333
-0.18106 0.25868 0.62627 0.70136 0.50144 0.971 0.101 1244.063 0.02336
-0.18125 0.25896 0.62694 0.70211 0.50334 0.914 0.093 1244.093 0.02338
-0.18144 0.25923 0.62761 0.70286 0.50523 0.947 0.094 1244.123 0.02341
-0.18164 0.25951 0.62828 0.70361 0.50712 1.055 0.099 1244.153 0.02343
-0.18183 0.25979 0.62895 0.70437 0.50902 1.109 0.102 1244.183 0.02345
-0.18203 0.26006 0.62962 0.70512 0.51091 1.127 0.103 1244.213 0.02348
-0.18222 0.26034 0.63029 0.70587 0.51281 0.940 0.099 1244.243 0.02350
-0.18241 0.26062 0.63096 0.70662 0.51470 0.784 0.097 1244.272 0.02353
-0.18261 0.26089 0.63163 0.70737 0.51660 1.016 0.098 1244.302 0.02355
-0.18280 0.26117 0.63230 0.70812 0.51849 1.053 0.099 1244.332 0.02358
-0.18299 0.26145 0.63297 0.70887 0.52039 1.044 0.099 1244.362 0.02360
-0.18319 0.26172 0.63365 0.70962 0.52228 0.951 0.105 1244.392 0.02363
-0.18338 0.26200 0.63432 0.71037 0.52418 0.831 0.094 1244.422 0.02365
-0.18358 0.26228 0.63499 0.71112 0.52607 0.952 0.094 1244.452 0.02368
-0.18377 0.26256 0.63566 0.71188 0.52797 0.924 0.099 1244.482 0.02370
-0.18396 0.26283 0.63633 0.71263 0.52986 0.757 0.101 1244.511 0.02372
-0.18416 0.26311 0.63700 0.71338 0.53176 0.729 0.099 1244.541 0.02375
-0.18435 0.26339 0.63767 0.71413 0.53365 0.904 0.097 1244.571 0.02377
-0.18455 0.26366 0.63834 0.71488 0.53555 0.775 0.096 1244.601 0.02380
-0.18474 0.26394 0.63901 0.71563 0.53744 0.849 0.094 1244.631 0.02382
-0.18493 0.26422 0.63968 0.71638 0.53934 0.766 0.102 1244.661 0.02385
-0.18513 0.26450 0.64035 0.71714 0.54123 0.775 0.096 1244.691 0.02387
-0.18532 0.26477 0.64102 0.71789 0.54313 0.849 0.095 1244.721 0.02390
-0.18552 0.26505 0.64170 0.71864 0.54502 0.988 0.101 1244.750 0.02392
-0.18571 0.26533 0.64237 0.71939 0.54692 0.933 0.093 1244.780 0.02395
-0.18590 0.26560 0.64304 0.72014 0.54882 1.015 0.097 1244.810 0.02397
-0.18610 0.26588 0.64371 0.72089 0.55071 0.969 0.100 1244.840 0.02400
-0.18629 0.26616 0.64438 0.72164 0.55261 0.933 0.099 1244.870 0.02402
-0.18649 0.26644 0.64505 0.72240 0.55450 0.804 0.098 1244.900 0.02404
-0.18668 0.26671 0.64572 0.72315 0.55640 1.007 0.097 1244.930 0.02407
-0.18687 0.26699 0.64639 0.72390 0.55829 0.998 0.097 1244.960 0.02409
-0.18707 0.26727 0.64706 0.72465 0.56019 1.082 0.101 1244.989 0.02412
-0.18726 0.26754 0.64774 0.72540 0.56209 1.081 0.101 1245.019 0.02414
-0.18746 0.26782 0.64841 0.72615 0.56398 1.100 0.101 1245.049 0.02417
-0.18765 0.26810 0.64908 0.72691 0.56588 0.849 0.095 1245.079 0.02419
-0.18784 0.26838 0.64975 0.72766 0.56778 0.942 0.094 1245.109 0.02422
-0.18804 0.26865 0.65042 0.72841 0.56967 0.951 0.094 1245.139 0.02424
-0.18823 0.26893 0.65109 0.72916 0.57157 0.980 0.101 1245.169 0.02427
-0.18843 0.26921 0.65176 0.72991 0.57347 0.989 0.096 1245.199 0.02429
-0.18862 0.26949 0.65243 0.73066 0.57536 1.091 0.101 1245.229 0.02431
-0.18881 0.26976 0.65311 0.73142 0.57726 1.137 0.103 1245.258 0.02434
-0.18901 0.27004 0.65378 0.73217 0.57916 1.009 0.097 1245.288 0.02436
-0.18920 0.27032 0.65445 0.73292 0.58105 1.120 0.102 1245.318 0.02439
-0.18940 0.27060 0.65512 0.73367 0.58295 1.055 0.099 1245.348 0.02441
-0.18959 0.27087 0.65579 0.73442 0.58485 0.980 0.096 1245.378 0.02444
-0.18979 0.27115 0.65646 0.73518 0.58674 1.048 0.104 1245.408 0.02446
-0.18998 0.27143 0.65713 0.73593 0.58864 1.031 0.104 1245.438 0.02449
-0.19017 0.27170 0.65781 0.73668 0.59054 0.894 0.097 1245.468 0.02451
-0.19037 0.27198 0.65848 0.73743 0.59244 0.889 0.097 1245.497 0.02454
-0.19056 0.27226 0.65915 0.73819 0.59433 0.952 0.094 1245.527 0.02456
-0.19076 0.27254 0.65982 0.73894 0.59623 0.961 0.095 1245.557 0.02458
-0.19095 0.27281 0.66049 0.73969 0.59813 0.861 0.095 1245.587 0.02461
-0.19114 0.27309 0.66116 0.74044 0.60003 1.107 0.107 1245.617 0.02463
-0.19134 0.27337 0.66184 0.74119 0.60192 0.868 0.095 1245.647 0.02466
-0.19153 0.27365 0.66251 0.74195 0.60382 0.946 0.100 1245.677 0.02468
-0.19173 0.27392 0.66318 0.74270 0.60572 1.011 0.097 1245.707 0.02471
-0.19192 0.27420 0.66385 0.74345 0.60762 0.916 0.092 1245.736 0.02473
-0.19212 0.27448 0.66452 0.74420 0.60951 0.835 0.094 1245.766 0.02476
-0.19231 0.27476 0.66520 0.74496 0.61141 0.951 0.100 1245.796 0.02478
-0.19250 0.27503 0.66587 0.74571 0.61331 1.106 0.102 1245.826 0.02481
-0.19270 0.27531 0.66654 0.74646 0.61521 0.964 0.095 1245.856 0.02483
-0.19289 0.27559 0.66721 0.74721 0.61711 0.994 0.096 1245.886 0.02486
-0.19309 0.27587 0.66788 0.74797 0.61900 1.055 0.105 1245.916 0.02488
-0.19328 0.27614 0.66855 0.74872 0.62090 0.949 0.099 1245.946 0.02490
-0.19348 0.27642 0.66923 0.74947 0.62280 1.156 0.104 1245.975 0.02493
-0.19367 0.27670 0.66990 0.75022 0.62470 1.071 0.100 1246.005 0.02495
-0.19386 0.27698 0.67057 0.75098 0.62660 0.886 0.096 1246.035 0.02498
-0.19406 0.27725 0.67124 0.75173 0.62850 1.042 0.099 1246.065 0.02500
-0.19425 0.27753 0.67191 0.75248 0.63040 1.050 0.099 1246.095 0.02503
-0.19445 0.27781 0.67259 0.75323 0.63229 0.948 0.099 1246.125 0.02505
-0.19464 0.27809 0.67326 0.75399 0.63419 0.820 0.099 1246.155 0.02508
-0.19484 0.27836 0.67393 0.75474 0.63609 1.152 0.104 1246.185 0.02510
-0.19503 0.27864 0.67460 0.75549 0.63799 1.031 0.098 1246.215 0.02513
-0.19522 0.27892 0.67528 0.75624 0.63989 1.017 0.103 1246.244 0.02515
-0.19542 0.27920 0.67595 0.75700 0.64179 0.931 0.099 1246.274 0.02517
-0.19561 0.27948 0.67662 0.75775 0.64369 0.906 0.098 1246.304 0.02520
-0.19581 0.27975 0.67729 0.75850 0.64559 1.057 0.099 1246.334 0.02522
-0.19600 0.28003 0.67796 0.75926 0.64749 1.052 0.099 1246.364 0.02525
-0.19620 0.28031 0.67864 0.76001 0.64939 0.899 0.098 1246.394 0.02527
-0.19639 0.28059 0.67931 0.76076 0.65129 1.179 0.105 1246.424 0.02530
-0.19658 0.28086 0.67998 0.76151 0.65318 1.068 0.100 1246.454 0.02532
-0.19678 0.28114 0.68065 0.76227 0.65508 0.996 0.106 1246.483 0.02535
-0.19697 0.28142 0.68133 0.76302 0.65698 1.079 0.103 1246.513 0.02537
-0.19717 0.28170 0.68200 0.76377 0.65888 1.016 0.109 1246.543 0.02540
-0.19736 0.28197 0.68267 0.76453 0.66078 1.025 0.098 1246.573 0.02542
-0.19756 0.28225 0.68334 0.76528 0.66268 1.010 0.097 1246.603 0.02545
-0.19775 0.28253 0.68402 0.76603 0.66458 1.099 0.101 1246.633 0.02547
-0.19795 0.28281 0.68469 0.76679 0.66648 0.912 0.098 1246.663 0.02549
-0.19814 0.28309 0.68536 0.76754 0.66838 0.957 0.100 1246.693 0.02552
-0.19833 0.28336 0.68603 0.76829 0.67028 0.916 0.092 1246.722 0.02554
-0.19853 0.28364 0.68671 0.76905 0.67218 1.055 0.099 1246.752 0.02557
-0.19872 0.28392 0.68738 0.76980 0.67408 0.956 0.094 1246.782 0.02559
-0.19892 0.28420 0.68805 0.77055 0.67598 0.994 0.096 1246.812 0.02562
-0.19911 0.28448 0.68872 0.77131 0.67788 1.096 0.101 1246.842 0.02564
-0.19931 0.28475 0.68940 0.77206 0.67978 0.975 0.095 1246.872 0.02567
-0.19950 0.28503 0.69007 0.77281 0.68168 0.941 0.094 1246.902 0.02569
-0.19970 0.28531 0.69074 0.77357 0.68358 0.943 0.099 1246.932 0.02572
-0.19989 0.28559 0.69141 0.77432 0.68549 0.911 0.098 1246.961 0.02574
-0.20008 0.28586 0.69209 0.77507 0.68739 1.151 0.104 1246.991 0.02576
-0.20028 0.28614 0.69276 0.77583 0.68929 0.897 0.097 1247.021 0.02579
-0.20047 0.28642 0.69343 0.77658 0.69119 1.019 0.103 1247.051 0.02581
-0.20067 0.28670 0.69411 0.77733 0.69309 0.971 0.101 1247.081 0.02584
-0.20086 0.28698 0.69478 0.77809 0.69499 1.113 0.102 1247.111 0.02586
-0.20106 0.28725 0.69545 0.77884 0.69689 0.970 0.095 1247.141 0.02589
-0.20125 0.28753 0.69612 0.77959 0.69879 1.002 0.102 1247.171 0.02591
-0.20145 0.28781 0.69680 0.78035 0.70069 1.010 0.102 1247.201 0.02594
-0.20164 0.28809 0.69747 0.78110 0.70259 0.851 0.094 1247.230 0.02596
-0.20184 0.28837 0.69814 0.78186 0.70449 0.986 0.101 1247.260 0.02599
-0.20203 0.28864 0.69882 0.78261 0.70640 0.986 0.101 1247.290 0.02601
-0.20222 0.28892 0.69949 0.78336 0.70830 1.027 0.098 1247.320 0.02604
-0.20242 0.28920 0.70016 0.78412 0.71020 1.025 0.098 1247.350 0.02606
-0.20261 0.28948 0.70084 0.78487 0.71210 1.168 0.110 1247.380 0.02608
-0.20281 0.28976 0.70151 0.78562 0.71400 0.927 0.099 1247.410 0.02611
-0.20300 0.29003 0.70218 0.78638 0.71590 0.888 0.097 1247.440 0.02613
-0.20320 0.29031 0.70286 0.78713 0.71781 0.876 0.101 1247.469 0.02616
-0.20339 0.29059 0.70353 0.78789 0.71971 0.931 0.093 1247.499 0.02618
-0.20359 0.29087 0.70420 0.78864 0.72161 1.124 0.102 1247.529 0.02621
-0.20378 0.29115 0.70488 0.78939 0.72351 0.968 0.100 1247.559 0.02623
-0.20398 0.29142 0.70555 0.79015 0.72541 1.079 0.100 1247.589 0.02626
-0.20417 0.29170 0.70622 0.79090 0.72732 0.775 0.096 1247.619 0.02628
-0.20437 0.29198 0.70689 0.79166 0.72922 0.895 0.102 1247.649 0.02631
-0.20456 0.29226 0.70757 0.79241 0.73112 1.053 0.099 1247.679 0.02633
-0.20475 0.29254 0.70824 0.79316 0.73302 0.951 0.094 1247.708 0.02635
-0.20495 0.29281 0.70891 0.79392 0.73492 0.962 0.100 1247.738 0.02638
-0.20514 0.29309 0.70959 0.79467 0.73683 0.868 0.090 1247.768 0.02640
-0.20534 0.29337 0.71026 0.79543 0.73873 1.061 0.100 1247.798 0.02643
-0.20553 0.29365 0.71094 0.79618 0.74063 1.108 0.102 1247.828 0.02645
-0.20573 0.29393 0.71161 0.79693 0.74253 1.192 0.105 1247.858 0.02648
-0.20592 0.29421 0.71228 0.79769 0.74444 1.016 0.097 1247.888 0.02650
-0.20612 0.29448 0.71296 0.79844 0.74634 0.821 0.093 1247.918 0.02653
-0.20631 0.29476 0.71363 0.79920 0.74824 0.848 0.094 1247.947 0.02655
-0.20651 0.29504 0.71430 0.79995 0.75015 0.857 0.101 1247.977 0.02658
-0.20670 0.29532 0.71498 0.80071 0.75205 0.710 0.092 1248.007 0.02660
-0.20690 0.29560 0.71565 0.80146 0.75395 0.831 0.093 1248.037 0.02662
-0.20709 0.29588 0.71632 0.80221 0.75585 0.968 0.095 1248.067 0.02665
-0.20729 0.29615 0.71700 0.80297 0.75776 1.144 0.103 1248.097 0.02667
-0.20748 0.29643 0.71767 0.80372 0.75966 0.830 0.093 1248.127 0.02670
-0.20768 0.29671 0.71834 0.80448 0.76156 0.896 0.102 1248.157 0.02672
-0.20787 0.29699 0.71902 0.80523 0.76347 1.125 0.102 1248.187 0.02675
-0.20807 0.29727 0.71969 0.80599 0.76537 0.932 0.093 1248.216 0.02677
-0.20826 0.29754 0.72037 0.80674 0.76727 1.069 0.100 1248.246 0.02680
-0.20845 0.29782 0.72104 0.80750 0.76918 0.931 0.098 1248.276 0.02682
-0.20865 0.29810 0.72171 0.80825 0.77108 0.961 0.100 1248.306 0.02685
-0.20884 0.29838 0.72239 0.80901 0.77298 0.988 0.101 1248.336 0.02687
-0.20904 0.29866 0.72306 0.80976 0.77489 0.934 0.093 1248.366 0.02690
-0.20923 0.29894 0.72374 0.81051 0.77679 1.080 0.100 1248.396 0.02692
-0.20943 0.29921 0.72441 0.81127 0.77870 0.849 0.100 1248.426 0.02694
-0.20962 0.29949 0.72508 0.81202 0.78060 0.997 0.096 1248.455 0.02697
-0.20982 0.29977 0.72576 0.81278 0.78250 1.097 0.101 1248.485 0.02699
-0.21001 0.30005 0.72643 0.81353 0.78441 0.988 0.096 1248.515 0.02702
-0.21021 0.30033 0.72710 0.81429 0.78631 0.970 0.095 1248.545 0.02704
-0.21040 0.30061 0.72778 0.81504 0.78822 1.017 0.097 1248.575 0.02707
-0.21060 0.30089 0.72845 0.81580 0.79012 1.068 0.100 1248.605 0.02709
-0.21079 0.30116 0.72913 0.81655 0.79203 0.998 0.102 1248.635 0.02712
-0.21099 0.30144 0.72980 0.81731 0.79393 1.034 0.098 1248.665 0.02714
-0.21118 0.30172 0.73048 0.81806 0.79583 1.220 0.107 1248.694 0.02717
-0.21138 0.30200 0.73115 0.81882 0.79774 0.910 0.098 1248.724 0.02719
-0.21157 0.30228 0.73182 0.81957 0.79964 0.849 0.100 1248.754 0.02721
-0.21177 0.30256 0.73250 0.82033 0.80155 1.079 0.100 1248.784 0.02724
-0.21196 0.30283 0.73317 0.82108 0.80345 1.067 0.105 1248.814 0.02726
-0.21216 0.30311 0.73385 0.82184 0.80536 1.088 0.101 1248.844 0.02729
-0.21235 0.30339 0.73452 0.82259 0.80726 0.873 0.096 1248.874 0.02731
-0.21255 0.30367 0.73519 0.82335 0.80917 1.008 0.102 1248.904 0.02734
-0.21274 0.30395 0.73587 0.82410 0.81107 0.939 0.094 1248.933 0.02736
-0.21294 0.30423 0.73654 0.82486 0.81298 0.809 0.098 1248.963 0.02739
-0.21313 0.30451 0.73722 0.82561 0.81488 0.954 0.106 1248.993 0.02741
-0.21333 0.30478 0.73789 0.82637 0.81679 0.895 0.097 1249.023 0.02744
-0.21352 0.30506 0.73857 0.82712 0.81869 0.951 0.100 1249.053 0.02746
-0.21372 0.30534 0.73924 0.82788 0.82060 1.086 0.101 1249.083 0.02749
-0.21391 0.30562 0.73992 0.82864 0.82250 0.856 0.096 1249.113 0.02751
-0.21411 0.30590 0.74059 0.82939 0.82441 1.012 0.097 1249.143 0.02753
-0.21430 0.30618 0.74126 0.83015 0.82631 1.072 0.100 1249.173 0.02756
-0.21450 0.30646 0.74194 0.83090 0.82822 0.979 0.101 1249.202 0.02758
-0.21469 0.30673 0.74261 0.83166 0.83013 1.135 0.103 1249.232 0.02761
-0.21489 0.30701 0.74329 0.83241 0.83203 0.889 0.097 1249.262 0.02763
-0.21508 0.30729 0.74396 0.83317 0.83394 1.085 0.101 1249.292 0.02766
-0.21528 0.30757 0.74464 0.83392 0.83584 0.979 0.096 1249.322 0.02768
-0.21547 0.30785 0.74531 0.83468 0.83775 1.056 0.099 1249.352 0.02771
-0.21567 0.30813 0.74599 0.83543 0.83966 0.876 0.097 1249.382 0.02773
-0.21586 0.30841 0.74666 0.83619 0.84156 1.133 0.103 1249.412 0.02776
-0.21606 0.30868 0.74734 0.83695 0.84347 0.927 0.093 1249.441 0.02778
-0.21625 0.30896 0.74801 0.83770 0.84537 1.128 0.103 1249.471 0.02780
-0.21645 0.30924 0.74869 0.83846 0.84728 0.908 0.092 1249.501 0.02783
-0.21664 0.30952 0.74936 0.83921 0.84919 0.842 0.095 1249.531 0.02785
-0.21684 0.30980 0.75004 0.83997 0.85109 1.031 0.098 1249.561 0.02788
-0.21703 0.31008 0.75071 0.84072 0.85300 1.042 0.104 1249.591 0.02790
-0.21723 0.31036 0.75139 0.84148 0.85491 0.843 0.095 1249.621 0.02793
-0.21742 0.31064 0.75206 0.84224 0.85681 0.990 0.096 1249.651 0.02795
-0.21762 0.31091 0.75273 0.84299 0.85872 1.012 0.097 1249.680 0.02798
-0.21781 0.31119 0.75341 0.84375 0.86063 1.007 0.097 1249.710 0.02800
-0.21801 0.31147 0.75408 0.84450 0.86253 0.954 0.100 1249.740 0.02803
-0.21820 0.31175 0.75476 0.84526 0.86444 0.856 0.101 1249.770 0.02805
-0.21840 0.31203 0.75543 0.84602 0.86635 1.023 0.098 1249.800 0.02808
-0.21859 0.31231 0.75611 0.84677 0.86825 1.072 0.100 1249.830 0.02810
-0.21879 0.31259 0.75678 0.84753 0.87016 1.064 0.100 1249.860 0.02812
-0.21898 0.31287 0.75746 0.84828 0.87207 1.028 0.104 1249.890 0.02815
-0.21918 0.31315 0.75814 0.84904 0.87398 1.221 0.107 1249.919 0.02817
-0.21937 0.31342 0.75881 0.84980 0.87588 0.960 0.095 1249.949 0.02820
-0.21957 0.31370 0.75949 0.85055 0.87779 1.141 0.103 1249.979 0.02822
-0.21976 0.31398 0.76016 0.85131 0.87970 1.057 0.105 1250.009 0.02825
-0.21996 0.31426 0.76084 0.85206 0.88160 1.002 0.102 1250.039 0.02827
-0.22016 0.31454 0.76151 0.85282 0.88351 1.002 0.097 1250.069 0.02830
-0.22035 0.31482 0.76219 0.85358 0.88542 1.009 0.097 1250.099 0.02832
-0.22055 0.31510 0.76286 0.85433 0.88733 0.936 0.094 1250.129 0.02835
-0.22074 0.31538 0.76354 0.85509 0.88924 0.961 0.101 1250.158 0.02837
-0.22094 0.31566 0.76421 0.85585 0.89114 0.911 0.098 1250.188 0.02839
-0.22113 0.31593 0.76489 0.85660 0.89305 0.786 0.091 1250.218 0.02842
-0.22133 0.31621 0.76556 0.85736 0.89496 0.751 0.095 1250.248 0.02844
-0.22152 0.31649 0.76624 0.85811 0.89687 0.695 0.092 1250.278 0.02847
-0.22172 0.31677 0.76691 0.85887 0.89878 0.533 0.090 1250.308 0.02849
-0.22191 0.31705 0.76759 0.85963 0.90068 0.450 0.084 1250.338 0.02852
-0.22211 0.31733 0.76826 0.86038 0.90259 0.514 0.090 1250.368 0.02854
-0.22230 0.31761 0.76894 0.86114 0.90450 0.539 0.092 1250.398 0.02857
-0.22250 0.31789 0.76962 0.86190 0.90641 0.427 0.081 1250.427 0.02859
-0.22269 0.31817 0.77029 0.86265 0.90832 0.669 0.096 1250.457 0.02862
-0.22289 0.31845 0.77097 0.86341 0.91023 0.650 0.095 1250.487 0.02864
-0.22308 0.31872 0.77164 0.86417 0.91213 0.816 0.099 1250.517 0.02866
-0.22328 0.31900 0.77232 0.86492 0.91404 0.808 0.098 1250.547 0.02869
-0.22347 0.31928 0.77299 0.86568 0.91595 0.919 0.098 1250.577 0.02871
-0.22367 0.31956 0.77367 0.86644 0.91786 0.957 0.100 1250.607 0.02874
-0.22387 0.31984 0.77434 0.86719 0.91977 0.949 0.100 1250.637 0.02876
-0.22406 0.32012 0.77502 0.86795 0.92168 1.015 0.098 1250.666 0.02879
-0.22426 0.32040 0.77570 0.86871 0.92359 0.994 0.097 1250.696 0.02881
-0.22445 0.32068 0.77637 0.86946 0.92550 0.920 0.098 1250.726 0.02884
-0.22465 0.32096 0.77705 0.87022 0.92740 1.013 0.098 1250.756 0.02886
-0.22484 0.32124 0.77772 0.87098 0.92931 0.902 0.103 1250.786 0.02889
-0.22504 0.32152 0.77840 0.87173 0.93122 0.977 0.101 1250.816 0.02891
-0.22523 0.32179 0.77908 0.87249 0.93313 1.024 0.103 1250.846 0.02894
-0.22543 0.32207 0.77975 0.87325 0.93504 1.154 0.104 1250.876 0.02896
-0.22562 0.32235 0.78043 0.87400 0.93695 0.909 0.098 1250.905 0.02898
-0.22582 0.32263 0.78110 0.87476 0.93886 1.080 0.106 1250.935 0.02901
-0.22601 0.32291 0.78178 0.87552 0.94077 1.070 0.100 1250.965 0.02903
-0.22621 0.32319 0.78245 0.87628 0.94268 0.737 0.094 1250.995 0.02906
-0.22641 0.32347 0.78313 0.87703 0.94459 1.006 0.103 1251.025 0.02908
-0.22660 0.32375 0.78381 0.87779 0.94650 1.026 0.098 1251.055 0.02911
-0.22680 0.32403 0.78448 0.87855 0.94841 1.111 0.107 1251.085 0.02913
-0.22699 0.32431 0.78516 0.87930 0.95032 1.109 0.102 1251.115 0.02916
-0.22719 0.32459 0.78583 0.88006 0.95223 0.951 0.095 1251.144 0.02918
-0.22738 0.32487 0.78651 0.88082 0.95414 1.259 0.109 1251.174 0.02921
-0.22758 0.32514 0.78719 0.88157 0.95605 0.992 0.097 1251.204 0.02923
-0.22777 0.32542 0.78786 0.88233 0.95796 0.774 0.097 1251.234 0.02925
-0.22797 0.32570 0.78854 0.88309 0.95987 1.034 0.099 1251.264 0.02928
-0.22816 0.32598 0.78922 0.88385 0.96178 0.997 0.102 1251.294 0.02930
-0.22836 0.32626 0.78989 0.88460 0.96369 0.980 0.096 1251.324 0.02933
-0.22856 0.32654 0.79057 0.88536 0.96560 0.987 0.096 1251.354 0.02935
-0.22875 0.32682 0.79124 0.88612 0.96751 0.905 0.098 1251.384 0.02938
-0.22895 0.32710 0.79192 0.88688 0.96942 0.988 0.096 1251.413 0.02940
-0.22914 0.32738 0.79260 0.88763 0.97133 1.082 0.101 1251.443 0.02943
-0.22934 0.32766 0.79327 0.88839 0.97324 1.018 0.098 1251.473 0.02945
-0.22953 0.32794 0.79395 0.88915 0.97515 0.727 0.100 1251.503 0.02948
-0.22973 0.32822 0.79463 0.88991 0.97706 0.774 0.096 1251.533 0.02950
-0.22992 0.32850 0.79530 0.89066 0.97898 0.800 0.104 1251.563 0.02953
-0.23012 0.32878 0.79598 0.89142 0.98089 0.700 0.093 1251.593 0.02955
-0.23032 0.32906 0.79666 0.89218 0.98280 0.811 0.098 1251.623 0.02957
-0.23051 0.32934 0.79733 0.89294 0.98471 0.717 0.093 1251.652 0.02960
-0.23071 0.32961 0.79801 0.89369 0.98662 0.922 0.104 1251.682 0.02962
-0.23090 0.32989 0.79868 0.89445 0.98853 0.904 0.102 1251.712 0.02965
-0.23110 0.33017 0.79936 0.89521 0.99044 1.008 0.097 1251.742 0.02967
-0.23129 0.33045 0.80004 0.89597 0.99235 0.859 0.096 1251.772 0.02970
-0.23149 0.33073 0.80071 0.89672 0.99427 1.064 0.105 1251.802 0.02972
-0.23168 0.33101 0.80139 0.89748 0.99618 0.970 0.096 1251.832 0.02975
-0.23188 0.33129 0.80207 0.89824 0.99809 0.959 0.101 1251.862 0.02977
-0.23208 0.33157 0.80274 0.89900 1.00000 1.241 0.108 1251.891 0.02980
