x y z dist_scaled dist_frac flux_norm
0.29248 0.20010 0.35638 0.50258 0.00000 0.966
0.29291 0.20040 0.35691 0.50333 0.00188 1.256
0.29334 0.20069 0.35743 0.50407 0.00375 0.840
0.29377 0.20099 0.35796 0.50481 0.00563 1.089
0.29421 0.20129 0.35849 0.50556 0.00751 0.630
0.29464 0.20158 0.35902 0.50630 0.00938 0.964
0.29507 0.20188 0.35954 0.50705 0.01126 1.251
0.29551 0.20217 0.36007 0.50779 0.01313 1.168
0.29594 0.20247 0.36060 0.50853 0.01501 0.961
0.29637 0.20277 0.36113 0.50928 0.01689 0.999
0.29680 0.20306 0.36165 0.51002 0.01876 1.041
0.29724 0.20336 0.36218 0.51077 0.02064 1.163
0.29767 0.20366 0.36271 0.51151 0.02252 0.956
0.29810 0.20395 0.36324 0.51225 0.02440 0.709
0.29854 0.20425 0.36376 0.51300 0.02627 0.952
0.29897 0.20454 0.36429 0.51374 0.02815 1.282
0.29940 0.20484 0.36482 0.51449 0.03003 1.075
0.29984 0.20514 0.36535 0.51523 0.03190 0.827
0.30027 0.20543 0.36588 0.51597 0.03378 1.235
0.30070 0.20573 0.36640 0.51672 0.03566 0.946
0.30113 0.20603 0.36693 0.51746 0.03754 0.821
0.30157 0.20632 0.36746 0.51821 0.03941 1.068
0.30200 0.20662 0.36799 0.51895 0.04129 0.862
0.30243 0.20691 0.36851 0.51970 0.04317 0.902
0.30287 0.20721 0.36904 0.52044 0.04505 0.778
0.30330 0.20751 0.36957 0.52118 0.04692 0.739
0.30373 0.20780 0.37010 0.52193 0.04880 1.145
0.30417 0.20810 0.37063 0.52267 0.05068 1.063
0.30460 0.20840 0.37115 0.52342 0.05256 1.024
0.30503 0.20869 0.37168 0.52416 0.05444 0.820
0.30547 0.20899 0.37221 0.52491 0.05631 0.900
0.30590 0.20929 0.37274 0.52565 0.05819 0.897
0.30633 0.20958 0.37327 0.52640 0.06007 0.980
0.30677 0.20988 0.37379 0.52714 0.06195 1.141
0.30720 0.21018 0.37432 0.52788 0.06383 1.219
0.30763 0.21047 0.37485 0.52863 0.06571 1.383
0.30807 0.21077 0.37538 0.52937 0.06758 1.099
0.30850 0.21106 0.37591 0.53012 0.06946 0.898
0.30893 0.21136 0.37643 0.53086 0.07134 1.099
0.30937 0.21166 0.37696 0.53161 0.07322 0.814
0.30980 0.21195 0.37749 0.53235 0.07510 1.498
0.31023 0.21225 0.37802 0.53310 0.07698 1.500
0.31067 0.21255 0.37855 0.53384 0.07886 1.137
0.31110 0.21284 0.37907 0.53459 0.08074 1.137
0.31153 0.21314 0.37960 0.53533 0.08261 1.139
0.31197 0.21344 0.38013 0.53608 0.08449 1.140
0.31240 0.21373 0.38066 0.53682 0.08637 0.976
0.31283 0.21403 0.38119 0.53757 0.08825 1.137
0.31327 0.21433 0.38172 0.53831 0.09013 1.016
0.31370 0.21462 0.38224 0.53906 0.09201 1.296
0.31414 0.21492 0.38277 0.53980 0.09389 1.214
0.31457 0.21522 0.38330 0.54055 0.09577 0.935
0.31500 0.21551 0.38383 0.54129 0.09765 0.774
0.31544 0.21581 0.38436 0.54204 0.09953 1.054
0.31587 0.21611 0.38489 0.54278 0.10141 0.892
0.31630 0.21640 0.38541 0.54353 0.10329 1.132
0.31674 0.21670 0.38594 0.54427 0.10517 1.171
0.31717 0.21700 0.38647 0.54502 0.10705 1.165
0.31760 0.21729 0.38700 0.54576 0.10893 1.248
0.31804 0.21759 0.38753 0.54651 0.11081 0.885
0.31847 0.21789 0.38806 0.54725 0.11269 1.243
0.31891 0.21818 0.38858 0.54800 0.11457 0.887
0.31934 0.21848 0.38911 0.54874 0.11645 1.165
0.31977 0.21878 0.38964 0.54949 0.11833 1.124
0.32021 0.21907 0.39017 0.55024 0.12021 0.886
0.32064 0.21937 0.39070 0.55098 0.12209 0.727
0.32107 0.21967 0.39123 0.55173 0.12397 1.084
0.32151 0.21996 0.39176 0.55247 0.12585 1.123
0.32194 0.22026 0.39229 0.55322 0.12773 1.046
0.32238 0.22056 0.39281 0.55396 0.12961 1.005
0.32281 0.22086 0.39334 0.55471 0.13149 1.357
0.32324 0.22115 0.39387 0.55545 0.13338 1.200
0.32368 0.22145 0.39440 0.55620 0.13526 1.001
0.32411 0.22175 0.39493 0.55695 0.13714 0.964
0.32455 0.22204 0.39546 0.55769 0.13902 0.806
0.32498 0.22234 0.39599 0.55844 0.14090 0.764
0.32541 0.22264 0.39652 0.55918 0.14278 1.003
0.32585 0.22293 0.39704 0.55993 0.14466 1.199
0.32628 0.22323 0.39757 0.56067 0.14654 1.316
0.32672 0.22353 0.39810 0.56142 0.14843 1.117
0.32715 0.22382 0.39863 0.56217 0.15031 1.196
0.32758 0.22412 0.39916 0.56291 0.15219 1.231
0.32802 0.22442 0.39969 0.56366 0.15407 0.723
0.32845 0.22472 0.40022 0.56440 0.15595 1.037
0.32889 0.22501 0.40075 0.56515 0.15783 1.271
0.32932 0.22531 0.40128 0.56590 0.15972 1.075
0.32975 0.22561 0.40180 0.56664 0.16160 1.038
0.33019 0.22590 0.40233 0.56739 0.16348 0.957
0.33062 0.22620 0.40286 0.56813 0.16536 1.112
0.33106 0.22650 0.40339 0.56888 0.16724 0.759
0.33149 0.22679 0.40392 0.56963 0.16913 0.761
0.33193 0.22709 0.40445 0.57037 0.17101 0.877
0.33236 0.22739 0.40498 0.57112 0.17289 0.877
0.33279 0.22769 0.40551 0.57186 0.17477 0.839
0.33323 0.22798 0.40604 0.57261 0.17665 1.307
0.33366 0.22828 0.40657 0.57336 0.17854 0.800
0.33410 0.22858 0.40710 0.57410 0.18042 1.029
0.33453 0.22887 0.40762 0.57485 0.18230 0.717
0.33497 0.22917 0.40815 0.57560 0.18419 0.951
0.33540 0.22947 0.40868 0.57634 0.18607 0.960
0.33583 0.22977 0.40921 0.57709 0.18795 1.071
0.33627 0.23006 0.40974 0.57784 0.18983 1.023
0.33670 0.23036 0.41027 0.57858 0.19172 1.157
0.33714 0.23066 0.41080 0.57933 0.19360 0.993
0.33757 0.23095 0.41133 0.58007 0.19548 1.189
0.33801 0.23125 0.41186 0.58082 0.19737 1.571
0.33844 0.23155 0.41239 0.58157 0.19925 0.930
0.33888 0.23185 0.41292 0.58231 0.20113 1.053
0.33931 0.23214 0.41345 0.58306 0.20302 1.099
0.33974 0.23244 0.41398 0.58381 0.20490 1.067
0.34018 0.23274 0.41451 0.58455 0.20678 1.321
0.34061 0.23304 0.41504 0.58530 0.20867 1.173
0.34105 0.23333 0.41556 0.58605 0.21055 1.267
0.34148 0.23363 0.41609 0.58679 0.21243 1.134
0.34192 0.23393 0.41662 0.58754 0.21432 1.057
0.34235 0.23422 0.41715 0.58829 0.21620 1.172
0.34279 0.23452 0.41768 0.58904 0.21809 1.017
0.34322 0.23482 0.41821 0.58978 0.21997 1.095
0.34366 0.23512 0.41874 0.59053 0.22185 0.746
0.34409 0.23541 0.41927 0.59128 0.22374 0.938
0.34453 0.23571 0.41980 0.59202 0.22562 0.862
0.34496 0.23601 0.42033 0.59277 0.22751 0.978
0.34539 0.23631 0.42086 0.59352 0.22939 0.939
0.34583 0.23660 0.42139 0.59426 0.23128 0.974
0.34626 0.23690 0.42192 0.59501 0.23316 1.167
0.34670 0.23720 0.42245 0.59576 0.23504 0.899
0.34713 0.23750 0.42298 0.59650 0.23693 0.823
0.34757 0.23779 0.42351 0.59725 0.23881 0.976
0.34800 0.23809 0.42404 0.59800 0.24070 0.591
0.34844 0.23839 0.42457 0.59875 0.24258 0.859
0.34887 0.23869 0.42510 0.59949 0.24447 0.971
0.34931 0.23898 0.42563 0.60024 0.24635 1.009
0.34974 0.23928 0.42616 0.60099 0.24824 1.239
0.35018 0.23958 0.42669 0.60174 0.25012 0.664
0.35061 0.23988 0.42722 0.60248 0.25201 0.357
0.35105 0.24017 0.42775 0.60323 0.25389 0.509
0.35148 0.24047 0.42828 0.60398 0.25578 0.471
0.35192 0.24077 0.42881 0.60472 0.25766 0.585
0.35235 0.24107 0.42934 0.60547 0.25955 0.664
0.35279 0.24136 0.42987 0.60622 0.26144 0.512
0.35322 0.24166 0.43040 0.60697 0.26332 0.510
0.35366 0.24196 0.43093 0.60771 0.26521 0.584
0.35409 0.24226 0.43146 0.60846 0.26709 0.469
0.35453 0.24255 0.43199 0.60921 0.26898 0.279
0.35496 0.24285 0.43252 0.60996 0.27086 0.544
0.35540 0.24315 0.43305 0.61070 0.27275 0.811
0.35583 0.24345 0.43358 0.61145 0.27464 0.697
0.35627 0.24375 0.43411 0.61220 0.27652 0.620
0.35670 0.24404 0.43464 0.61295 0.27841 0.888
0.35714 0.24434 0.43517 0.61370 0.28029 0.774
0.35757 0.24464 0.43570 0.61444 0.28218 0.888
0.35801 0.24494 0.43623 0.61519 0.28407 0.926
0.35844 0.24523 0.43676 0.61594 0.28595 1.079
0.35888 0.24553 0.43729 0.61669 0.28784 0.811
0.35931 0.24583 0.43782 0.61743 0.28973 1.192
0.35975 0.24613 0.43835 0.61818 0.29161 0.733
0.36018 0.24642 0.43888 0.61893 0.29350 0.959
0.36062 0.24672 0.43941 0.61968 0.29539 0.846
0.36105 0.24702 0.43994 0.62043 0.29727 1.151
0.36149 0.24732 0.44047 0.62117 0.29916 0.808
0.36192 0.24762 0.44100 0.62192 0.30105 0.654
0.36236 0.24791 0.44153 0.62267 0.30293 0.656
0.36280 0.24821 0.44206 0.62342 0.30482 0.921
0.36323 0.24851 0.44259 0.62417 0.30671 0.844
0.36367 0.24881 0.44312 0.62491 0.30859 1.297
0.36410 0.24911 0.44366 0.62566 0.31048 0.844
0.36454 0.24940 0.44419 0.62641 0.31237 1.069
0.36497 0.24970 0.44472 0.62716 0.31426 1.034
0.36541 0.25000 0.44525 0.62791 0.31614 1.145
0.36584 0.25030 0.44578 0.62866 0.31803 0.994
0.36628 0.25059 0.44631 0.62940 0.31992 0.956
0.36671 0.25089 0.44684 0.63015 0.32181 0.804
0.36715 0.25119 0.44737 0.63090 0.32369 0.879
0.36758 0.25149 0.44790 0.63165 0.32558 0.689
0.36802 0.25179 0.44843 0.63240 0.32747 1.029
0.36846 0.25208 0.44896 0.63315 0.32936 0.992
0.36889 0.25238 0.44949 0.63389 0.33125 1.140
0.36933 0.25268 0.45002 0.63464 0.33313 0.954
0.36976 0.25298 0.45055 0.63539 0.33502 0.802
0.37020 0.25328 0.45108 0.63614 0.33691 0.900
0.37063 0.25357 0.45162 0.63689 0.33880 0.988
0.37107 0.25387 0.45215 0.63764 0.34069 0.953
0.37151 0.25417 0.45268 0.63838 0.34258 0.840
0.37194 0.25447 0.45321 0.63913 0.34446 0.881
0.37238 0.25477 0.45374 0.63988 0.34635 1.030
0.37281 0.25506 0.45427 0.64063 0.34824 0.966
0.37325 0.25536 0.45480 0.64138 0.35013 0.993
0.37368 0.25566 0.45533 0.64213 0.35202 1.393
0.37412 0.25596 0.45586 0.64288 0.35391 0.787
0.37456 0.25626 0.45639 0.64363 0.35580 1.086
0.37499 0.25656 0.45692 0.64437 0.35769 1.014
0.37543 0.25685 0.45745 0.64512 0.35957 0.781
0.37586 0.25715 0.45799 0.64587 0.36146 0.897
0.37630 0.25745 0.45852 0.64662 0.36335 0.612
0.37673 0.25775 0.45905 0.64737 0.36524 0.925
0.37717 0.25805 0.45958 0.64812 0.36713 1.059
0.37761 0.25834 0.46011 0.64887 0.36902 0.930
0.37804 0.25864 0.46064 0.64962 0.37091 1.107
0.37848 0.25894 0.46117 0.65037 0.37280 0.757
0.37891 0.25924 0.46170 0.65111 0.37469 0.782
0.37935 0.25954 0.46223 0.65186 0.37658 0.653
0.37979 0.25984 0.46277 0.65261 0.37847 0.722
0.38022 0.26013 0.46330 0.65336 0.38036 0.534
0.38066 0.26043 0.46383 0.65411 0.38225 0.458
0.38109 0.26073 0.46436 0.65486 0.38414 0.944
0.38153 0.26103 0.46489 0.65561 0.38603 0.942
0.38197 0.26133 0.46542 0.65636 0.38792 0.535
0.38240 0.26163 0.46595 0.65711 0.38981 1.389
0.38284 0.26192 0.46648 0.65786 0.39170 1.091
0.38327 0.26222 0.46702 0.65861 0.39359 1.130
0.38371 0.26252 0.46755 0.65936 0.39548 0.870
0.38415 0.26282 0.46808 0.66011 0.39737 1.130
0.38458 0.26312 0.46861 0.66085 0.39926 1.056
0.38502 0.26342 0.46914 0.66160 0.40115 0.941
0.38545 0.26371 0.46967 0.66235 0.40304 0.941
0.38589 0.26401 0.47020 0.66310 0.40493 0.681
0.38633 0.26431 0.47074 0.66385 0.40682 0.829
0.38676 0.26461 0.47127 0.66460 0.40871 1.019
0.38720 0.26491 0.47180 0.66535 0.41060 0.942
0.38763 0.26521 0.47233 0.66610 0.41249 0.753
0.38807 0.26550 0.47286 0.66685 0.41438 0.830
0.38851 0.26580 0.47339 0.66760 0.41628 0.496
0.38894 0.26610 0.47393 0.66835 0.41817 0.940
0.38938 0.26640 0.47446 0.66910 0.42006 1.127
0.38982 0.26670 0.47499 0.66985 0.42195 0.827
0.39025 0.26700 0.47552 0.67060 0.42384 0.864
0.39069 0.26730 0.47605 0.67135 0.42573 0.755
0.39113 0.26759 0.47658 0.67210 0.42762 0.533
0.39156 0.26789 0.47712 0.67285 0.42951 0.678
0.39200 0.26819 0.47765 0.67360 0.43141 0.384
0.39243 0.26849 0.47818 0.67435 0.43330 0.939
0.39287 0.26879 0.47871 0.67510 0.43519 0.828
0.39331 0.26909 0.47924 0.67585 0.43708 1.012
0.39374 0.26939 0.47977 0.67660 0.43897 0.717
0.39418 0.26968 0.48031 0.67735 0.44087 0.642
0.39462 0.26998 0.48084 0.67810 0.44276 0.976
0.39505 0.27028 0.48137 0.67885 0.44465 1.382
0.39549 0.27058 0.48190 0.67960 0.44654 1.120
0.39593 0.27088 0.48243 0.68035 0.44843 0.900
0.39636 0.27118 0.48296 0.68110 0.45033 0.676
0.39680 0.27148 0.48350 0.68185 0.45222 0.973
0.39724 0.27177 0.48403 0.68260 0.45411 1.453
0.39767 0.27207 0.48456 0.68335 0.45600 0.937
0.39811 0.27237 0.48509 0.68410 0.45790 0.823
0.39855 0.27267 0.48562 0.68485 0.45979 0.639
0.39898 0.27297 0.48616 0.68560 0.46168 1.006
0.39942 0.27327 0.48669 0.68635 0.46357 1.301
0.39986 0.27357 0.48722 0.68710 0.46547 1.081
0.40029 0.27387 0.48775 0.68785 0.46736 0.970
0.40073 0.27416 0.48829 0.68860 0.46925 1.192
0.40117 0.27446 0.48882 0.68935 0.47114 0.712
0.40160 0.27476 0.48935 0.69010 0.47304 1.225
0.40204 0.27506 0.48988 0.69085 0.47493 1.116
0.40248 0.27536 0.49041 0.69160 0.47682 0.897
0.40291 0.27566 0.49095 0.69235 0.47872 0.896
0.40335 0.27596 0.49148 0.69310 0.48061 1.304
0.40379 0.27626 0.49201 0.69385 0.48250 1.082
0.40422 0.27655 0.49254 0.69461 0.48440 1.115
0.40466 0.27685 0.49307 0.69536 0.48629 1.080
0.40510 0.27715 0.49361 0.69611 0.48818 0.821
0.40553 0.27745 0.49414 0.69686 0.49008 1.228
0.40597 0.27775 0.49467 0.69761 0.49197 0.967
0.40641 0.27805 0.49520 0.69836 0.49387 1.264
0.40684 0.27835 0.49574 0.69911 0.49576 1.004
0.40728 0.27865 0.49627 0.69986 0.49765 0.856
0.40772 0.27895 0.49680 0.70061 0.49955 1.003
0.40815 0.27924 0.49733 0.70136 0.50144 1.369
0.40859 0.27954 0.49787 0.70211 0.50334 1.076
0.40903 0.27984 0.49840 0.70286 0.50523 0.968
0.40947 0.28014 0.49893 0.70361 0.50712 1.004
0.40990 0.28044 0.49946 0.70437 0.50902 1.262
0.41034 0.28074 0.50000 0.70512 0.51091 0.894
0.41078 0.28104 0.50053 0.70587 0.51281 0.602
0.41121 0.28134 0.50106 0.70662 0.51470 0.491
0.41165 0.28164 0.50159 0.70737 0.51660 0.933
0.41209 0.28194 0.50213 0.70812 0.51849 0.971
0.41252 0.28223 0.50266 0.70887 0.52039 0.969
0.41296 0.28253 0.50319 0.70962 0.52228 1.265
0.41340 0.28283 0.50372 0.71037 0.52418 0.712
0.41384 0.28313 0.50426 0.71112 0.52607 0.824
0.41427 0.28343 0.50479 0.71188 0.52797 0.899
0.41471 0.28373 0.50532 0.71263 0.52986 0.896
0.41515 0.28403 0.50585 0.71338 0.53176 0.826
0.41558 0.28433 0.50639 0.71413 0.53365 1.117
0.41602 0.28463 0.50692 0.71488 0.53555 1.153
0.41646 0.28493 0.50745 0.71563 0.53744 1.224
0.41690 0.28523 0.50799 0.71638 0.53934 0.747
0.41733 0.28552 0.50852 0.71714 0.54123 1.223
0.41777 0.28582 0.50905 0.71789 0.54313 0.783
0.41821 0.28612 0.50958 0.71864 0.54502 1.039
0.41865 0.28642 0.51012 0.71939 0.54692 0.931
0.41908 0.28672 0.51065 0.72014 0.54882 1.041
0.41952 0.28702 0.51118 0.72089 0.55071 1.114
0.41996 0.28732 0.51172 0.72164 0.55261 0.672
0.42040 0.28762 0.51225 0.72240 0.55450 1.148
0.42083 0.28792 0.51278 0.72315 0.55640 1.037
0.42127 0.28822 0.51331 0.72390 0.55829 0.709
0.42171 0.28852 0.51385 0.72465 0.56019 1.185
0.42214 0.28882 0.51438 0.72540 0.56209 1.333
0.42258 0.28912 0.51491 0.72615 0.56398 1.297
0.42302 0.28941 0.51545 0.72691 0.56588 0.968
0.42346 0.28971 0.51598 0.72766 0.56778 0.674
0.42389 0.29001 0.51651 0.72841 0.56967 0.932
0.42433 0.29031 0.51705 0.72916 0.57157 1.258
0.42477 0.29061 0.51758 0.72991 0.57347 0.929
0.42521 0.29091 0.51811 0.73066 0.57536 0.966
0.42564 0.29121 0.51865 0.73142 0.57726 1.071
0.42608 0.29151 0.51918 0.73217 0.57916 0.853
0.42652 0.29181 0.51971 0.73292 0.58105 1.182
0.42696 0.29211 0.52025 0.73367 0.58295 0.964
0.42740 0.29241 0.52078 0.73442 0.58485 1.255
0.42783 0.29271 0.52131 0.73518 0.58674 1.145
0.42827 0.29301 0.52185 0.73593 0.58864 1.147
0.42871 0.29331 0.52238 0.73668 0.59054 0.816
0.42915 0.29361 0.52291 0.73743 0.59244 1.365
0.42958 0.29391 0.52344 0.73819 0.59433 1.328
0.43002 0.29421 0.52398 0.73894 0.59623 0.706
0.43046 0.29450 0.52451 0.73969 0.59813 0.999
0.43090 0.29480 0.52505 0.74044 0.60003 1.476
0.43133 0.29510 0.52558 0.74119 0.60192 1.037
0.43177 0.29540 0.52611 0.74195 0.60382 0.963
0.43221 0.29570 0.52665 0.74270 0.60572 0.961
0.43265 0.29600 0.52718 0.74345 0.60762 1.147
0.43309 0.29630 0.52771 0.74420 0.60951 0.922
0.43352 0.29660 0.52825 0.74496 0.61141 0.742
0.43396 0.29690 0.52878 0.74571 0.61331 1.325
0.43440 0.29720 0.52931 0.74646 0.61521 0.630
0.43484 0.29750 0.52985 0.74721 0.61711 0.703
0.43528 0.29780 0.53038 0.74797 0.61900 0.845
0.43571 0.29810 0.53091 0.74872 0.62090 1.029
0.43615 0.29840 0.53145 0.74947 0.62280 0.808
0.43659 0.29870 0.53198 0.75022 0.62470 0.954
0.43703 0.29900 0.53251 0.75098 0.62660 1.030
0.43747 0.29930 0.53305 0.75173 0.62850 1.285
0.43790 0.29960 0.53358 0.75248 0.63040 0.775
0.43834 0.29990 0.53412 0.75323 0.63229 0.995
0.43878 0.30020 0.53465 0.75399 0.63419 0.737
0.43922 0.30050 0.53518 0.75474 0.63609 0.809
0.43966 0.30080 0.53572 0.75549 0.63799 1.067
0.44009 0.30110 0.53625 0.75624 0.63989 1.034
0.44053 0.30140 0.53678 0.75700 0.64179 1.105
0.44097 0.30170 0.53732 0.75775 0.64369 1.030
0.44141 0.30200 0.53785 0.75850 0.64559 1.216
0.44185 0.30230 0.53839 0.75926 0.64749 0.995
0.44228 0.30259 0.53892 0.76001 0.64939 1.507
0.44272 0.30289 0.53945 0.76076 0.65129 0.884
0.44316 0.30319 0.53999 0.76151 0.65318 0.994
0.44360 0.30349 0.54052 0.76227 0.65508 0.957
0.44404 0.30379 0.54106 0.76302 0.65698 0.919
0.44447 0.30409 0.54159 0.76377 0.65888 1.028
0.44491 0.30439 0.54212 0.76453 0.66078 0.806
0.44535 0.30469 0.54266 0.76528 0.66268 0.625
0.44579 0.30499 0.54319 0.76603 0.66458 0.844
0.44623 0.30529 0.54373 0.76679 0.66648 0.843
0.44667 0.30559 0.54426 0.76754 0.66838 1.213
0.44710 0.30589 0.54479 0.76829 0.67028 1.138
0.44754 0.30619 0.54533 0.76905 0.67218 0.810
0.44798 0.30649 0.54586 0.76980 0.67408 0.847
0.44842 0.30679 0.54640 0.77055 0.67598 1.470
0.44886 0.30709 0.54693 0.77131 0.67788 0.923
0.44930 0.30739 0.54746 0.77206 0.67978 0.957
0.44973 0.30769 0.54800 0.77281 0.68168 0.997
0.45017 0.30799 0.54853 0.77357 0.68358 1.292
0.45061 0.30829 0.54907 0.77432 0.68549 1.549
0.45105 0.30859 0.54960 0.77507 0.68739 1.071
0.45149 0.30889 0.55014 0.77583 0.68929 1.216
0.45193 0.30919 0.55067 0.77658 0.69119 1.216
0.45237 0.30949 0.55120 0.77733 0.69309 1.214
0.45280 0.30979 0.55174 0.77809 0.69499 1.291
0.45324 0.31009 0.55227 0.77884 0.69689 1.033
0.45368 0.31039 0.55281 0.77959 0.69879 0.954
0.45412 0.31069 0.55334 0.78035 0.70069 0.992
0.45456 0.31099 0.55388 0.78110 0.70259 0.664
0.45500 0.31129 0.55441 0.78186 0.70449 0.960
0.45544 0.31159 0.55495 0.78261 0.70640 0.811
0.45587 0.31189 0.55548 0.78336 0.70830 1.215
0.45631 0.31219 0.55601 0.78412 0.71020 1.070
0.45675 0.31249 0.55655 0.78487 0.71210 1.406
0.45719 0.31279 0.55708 0.78562 0.71400 0.737
0.45763 0.31309 0.55762 0.78638 0.71590 1.013
0.45807 0.31339 0.55815 0.78713 0.71781 1.402
0.45851 0.31369 0.55869 0.78789 0.71971 0.777
0.45895 0.31399 0.55922 0.78864 0.72161 1.202
0.45938 0.31429 0.55976 0.78939 0.72351 1.264
0.45982 0.31459 0.56029 0.79015 0.72541 1.121
0.46026 0.31489 0.56083 0.79090 0.72732 1.088
0.46070 0.31519 0.56136 0.79166 0.72922 0.804
0.46114 0.31549 0.56190 0.79241 0.73112 1.456
0.46158 0.31580 0.56243 0.79316 0.73302 1.018
0.46202 0.31610 0.56296 0.79392 0.73492 1.019
0.46246 0.31640 0.56350 0.79467 0.73683 1.139
0.46289 0.31670 0.56403 0.79543 0.73873 1.286
0.46333 0.31700 0.56457 0.79618 0.74063 0.836
0.46377 0.31730 0.56510 0.79693 0.74253 1.050
0.46421 0.31760 0.56564 0.79769 0.74444 0.932
0.46465 0.31790 0.56617 0.79844 0.74634 0.672
0.46509 0.31820 0.56671 0.79920 0.74824 0.969
0.46553 0.31850 0.56724 0.79995 0.75015 1.227
0.46597 0.31880 0.56778 0.80071 0.75205 1.191
0.46641 0.31910 0.56831 0.80146 0.75395 1.004
0.46685 0.31940 0.56885 0.80221 0.75585 1.227
0.46728 0.31970 0.56938 0.80297 0.75776 1.010
0.46772 0.32000 0.56992 0.80372 0.75966 1.008
0.46816 0.32030 0.57045 0.80448 0.76156 0.934
0.46860 0.32060 0.57099 0.80523 0.76347 0.933
0.46904 0.32090 0.57152 0.80599 0.76537 1.053
0.46948 0.32120 0.57206 0.80674 0.76727 1.011
0.46992 0.32150 0.57259 0.80750 0.76918 1.123
0.47036 0.32180 0.57313 0.80825 0.77108 1.012
0.47080 0.32210 0.57366 0.80901 0.77298 0.899
0.47124 0.32240 0.57420 0.80976 0.77489 1.194
0.47168 0.32270 0.57473 0.81051 0.77679 1.159
0.47211 0.32300 0.57527 0.81127 0.77870 0.755
0.47255 0.32330 0.57580 0.81202 0.78060 1.198
0.47299 0.32361 0.57634 0.81278 0.78250 1.013
0.47343 0.32391 0.57687 0.81353 0.78441 1.235
0.47387 0.32421 0.57741 0.81429 0.78631 1.160
0.47431 0.32451 0.57795 0.81504 0.78822 1.380
0.47475 0.32481 0.57848 0.81580 0.79012 1.273
0.47519 0.32511 0.57902 0.81655 0.79203 1.123
0.47563 0.32541 0.57955 0.81731 0.79393 1.237
0.47607 0.32571 0.58009 0.81806 0.79583 0.828
0.47651 0.32601 0.58062 0.81882 0.79774 1.086
0.47695 0.32631 0.58116 0.81957 0.79964 0.901
0.47739 0.32661 0.58169 0.82033 0.80155 0.608
0.47783 0.32691 0.58223 0.82108 0.80345 1.053
0.47827 0.32721 0.58276 0.82184 0.80536 0.792
0.47870 0.32751 0.58330 0.82259 0.80726 0.903
0.47914 0.32781 0.58383 0.82335 0.80917 0.757
0.47958 0.32811 0.58437 0.82410 0.81107 1.053
0.48002 0.32841 0.58491 0.82486 0.81298 0.866
0.48046 0.32872 0.58544 0.82561 0.81488 0.906
0.48090 0.32902 0.58598 0.82637 0.81679 1.130
0.48134 0.32932 0.58651 0.82712 0.81869 1.129
0.48178 0.32962 0.58705 0.82788 0.82060 1.315
0.48222 0.32992 0.58758 0.82864 0.82250 0.759
0.48266 0.33022 0.58812 0.82939 0.82441 0.834
0.48310 0.33052 0.58865 0.83015 0.82631 1.056
0.48354 0.33082 0.58919 0.83090 0.82822 1.093
0.48398 0.33112 0.58973 0.83166 0.83013 1.058
0.48442 0.33142 0.59026 0.83241 0.83203 1.314
0.48486 0.33172 0.59080 0.83317 0.83394 0.797
0.48530 0.33202 0.59133 0.83392 0.83584 0.948
0.48574 0.33232 0.59187 0.83468 0.83775 0.837
0.48618 0.33263 0.59240 0.83543 0.83966 1.170
0.48662 0.33293 0.59294 0.83619 0.84156 1.168
0.48706 0.33323 0.59348 0.83695 0.84347 0.801
0.48750 0.33353 0.59401 0.83770 0.84537 1.024
0.48794 0.33383 0.59455 0.83846 0.84728 0.949
0.48838 0.33413 0.59508 0.83921 0.84919 0.909
0.48882 0.33443 0.59562 0.83997 0.85109 1.020
0.48926 0.33473 0.59616 0.84072 0.85300 1.395
0.48970 0.33503 0.59669 0.84148 0.85491 1.132
0.49014 0.33533 0.59723 0.84224 0.85681 1.099
0.49058 0.33563 0.59776 0.84299 0.85872 0.875
0.49102 0.33594 0.59830 0.84375 0.86063 1.025
0.49146 0.33624 0.59884 0.84450 0.86253 0.839
0.49190 0.33654 0.59937 0.84526 0.86444 1.061
0.49234 0.33684 0.59991 0.84602 0.86635 0.912
0.49278 0.33714 0.60044 0.84677 0.86825 1.210
0.49321 0.33744 0.60098 0.84753 0.87016 1.098
0.49365 0.33774 0.60152 0.84828 0.87207 0.947
0.49409 0.33804 0.60205 0.84904 0.87398 0.801
0.49453 0.33834 0.60259 0.84980 0.87588 1.228
0.49497 0.33864 0.60312 0.85055 0.87779 1.064
0.49541 0.33895 0.60366 0.85131 0.87970 0.939
0.49586 0.33925 0.60420 0.85206 0.88160 0.980
0.49630 0.33955 0.60473 0.85282 0.88351 1.104
0.49674 0.33985 0.60527 0.85358 0.88542 0.832
0.49718 0.34015 0.60580 0.85433 0.88733 0.820
0.49762 0.34045 0.60634 0.85509 0.88924 0.962
0.49806 0.34075 0.60688 0.85585 0.89114 0.866
0.49850 0.34105 0.60741 0.85660 0.89305 0.502
0.49894 0.34135 0.60795 0.85736 0.89496 0.880
0.49938 0.34166 0.60849 0.85811 0.89687 0.618
0.49982 0.34196 0.60902 0.85887 0.89878 0.825
0.50026 0.34226 0.60956 0.85963 0.90068 0.511
0.50070 0.34256 0.61010 0.86038 0.90259 0.411
0.50114 0.34286 0.61063 0.86114 0.90450 0.210
0.50158 0.34316 0.61117 0.86190 0.90641 0.290
0.50202 0.34346 0.61170 0.86265 0.90832 0.166
0.50246 0.34376 0.61224 0.86341 0.91023 0.052
0.50290 0.34406 0.61278 0.86417 0.91213 0.090
0.50334 0.34437 0.61331 0.86492 0.91404 0.165
0.50378 0.34467 0.61385 0.86568 0.91595 0.165
0.50422 0.34497 0.61439 0.86644 0.91786 0.239
0.50466 0.34527 0.61492 0.86719 0.91977 0.090
0.50510 0.34557 0.61546 0.86795 0.92168 0.390
0.50554 0.34587 0.61600 0.86871 0.92359 0.464
0.50598 0.34617 0.61653 0.86946 0.92550 0.802
0.50642 0.34647 0.61707 0.87022 0.92740 0.652
0.50686 0.34678 0.61761 0.87098 0.92931 0.579
0.50730 0.34708 0.61814 0.87173 0.93122 0.844
0.50774 0.34738 0.61868 0.87249 0.93313 0.920
0.50818 0.34768 0.61922 0.87325 0.93504 1.070
0.50862 0.34798 0.61975 0.87400 0.93695 0.997
0.50906 0.34828 0.62029 0.87476 0.93886 0.659
0.50950 0.34858 0.62083 0.87552 0.94077 1.072
0.50994 0.34889 0.62136 0.87628 0.94268 0.811
0.51039 0.34919 0.62190 0.87703 0.94459 0.887
0.51083 0.34949 0.62244 0.87779 0.94650 0.923
0.51127 0.34979 0.62297 0.87855 0.94841 1.377
0.51171 0.35009 0.62351 0.87930 0.95032 0.848
0.51215 0.35039 0.62405 0.88006 0.95223 0.772
0.51259 0.35069 0.62459 0.88082 0.95414 0.961
0.51303 0.35100 0.62512 0.88157 0.95605 0.889
0.51347 0.35130 0.62566 0.88233 0.95796 0.999
0.51391 0.35160 0.62620 0.88309 0.95987 1.073
0.51435 0.35190 0.62673 0.88385 0.96178 0.657
0.51479 0.35220 0.62727 0.88460 0.96369 1.224
0.51523 0.35250 0.62781 0.88536 0.96560 0.960
0.51567 0.35280 0.62834 0.88612 0.96751 1.037
0.51611 0.35311 0.62888 0.88688 0.96942 1.227
0.51655 0.35341 0.62942 0.88763 0.97133 0.926
0.51700 0.35371 0.62996 0.88839 0.97324 1.113
0.51744 0.35401 0.63049 0.88915 0.97515 0.734
0.51788 0.35431 0.63103 0.88991 0.97706 0.925
0.51832 0.35461 0.63157 0.89066 0.97898 1.115
0.51876 0.35492 0.63210 0.89142 0.98089 1.378
0.51920 0.35522 0.63264 0.89218 0.98280 1.116
0.51964 0.35552 0.63318 0.89294 0.98471 0.964
0.52008 0.35582 0.63372 0.89369 0.98662 1.381
0.52052 0.35612 0.63425 0.89445 0.98853 1.116
0.52096 0.35642 0.63479 0.89521 0.99044 1.000
0.52140 0.35673 0.63533 0.89597 0.99235 0.924
0.52184 0.35703 0.63586 0.89672 0.99427 1.116
0.52229 0.35733 0.63640 0.89748 0.99618 0.927
0.52273 0.35763 0.63694 0.89824 0.99809 0.885
0.52317 0.35793 0.63748 0.89900 1.00000 1.193
