x y z dist_scaled dist_frac flux_norm wavelength redshift
-0.01653 -0.14271 0.48161 0.50258 0.00000 1.112 1236.115 0.01682
-0.01656 -0.14292 0.48232 0.50333 0.00188 0.993 1236.145 0.01684
-0.01658 -0.14313 0.48304 0.50407 0.00375 0.993 1236.175 0.01687
-0.01661 -0.14335 0.48375 0.50481 0.00563 0.838 1236.205 0.01689
-0.01663 -0.14356 0.48446 0.50556 0.00751 1.197 1236.235 0.01692
-0.01666 -0.14377 0.48517 0.50630 0.00938 0.804 1236.265 0.01694
-0.01668 -0.14398 0.48589 0.50705 0.01126 1.078 1236.295 0.01697
-0.01671 -0.14419 0.48660 0.50779 0.01313 0.890 1236.325 0.01699
-0.01673 -0.14440 0.48731 0.50853 0.01501 0.958 1236.355 0.01701
-0.01675 -0.14461 0.48803 0.50928 0.01689 0.958 1236.384 0.01704
-0.01678 -0.14482 0.48874 0.51002 0.01876 1.147 1236.414 0.01706
-0.01680 -0.14504 0.48945 0.51077 0.02064 1.130 1236.444 0.01709
-0.01683 -0.14525 0.49016 0.51151 0.02252 0.958 1236.474 0.01711
-0.01685 -0.14546 0.49088 0.51225 0.02440 0.942 1236.504 0.01714
-0.01688 -0.14567 0.49159 0.51300 0.02627 0.804 1236.534 0.01716
-0.01690 -0.14588 0.49230 0.51374 0.02815 1.011 1236.564 0.01719
-0.01693 -0.14609 0.49302 0.51449 0.03003 1.011 1236.594 0.01721
-0.01695 -0.14630 0.49373 0.51523 0.03190 1.098 1236.623 0.01724
-0.01698 -0.14652 0.49444 0.51597 0.03378 1.099 1236.653 0.01726
-0.01700 -0.14673 0.49516 0.51672 0.03566 0.876 1236.683 0.01729
-0.01702 -0.14694 0.49587 0.51746 0.03754 1.100 1236.713 0.01731
-0.01705 -0.14715 0.49658 0.51821 0.03941 1.135 1236.743 0.01733
-0.01707 -0.14736 0.49730 0.51895 0.04129 1.049 1236.773 0.01736
-0.01710 -0.14757 0.49801 0.51970 0.04317 1.291 1236.803 0.01738
-0.01712 -0.14778 0.49872 0.52044 0.04505 1.034 1236.833 0.01741
-0.01715 -0.14799 0.49944 0.52118 0.04692 0.931 1236.862 0.01743
-0.01717 -0.14821 0.50015 0.52193 0.04880 1.035 1236.892 0.01746
-0.01720 -0.14842 0.50086 0.52267 0.05068 1.067 1236.922 0.01748
-0.01722 -0.14863 0.50158 0.52342 0.05256 1.047 1236.952 0.01751
-0.01724 -0.14884 0.50229 0.52416 0.05444 1.146 1236.982 0.01753
-0.01727 -0.14905 0.50300 0.52491 0.05631 1.111 1237.012 0.01756
-0.01729 -0.14926 0.50372 0.52565 0.05819 1.062 1237.042 0.01758
-0.01732 -0.14947 0.50443 0.52640 0.06007 1.071 1237.072 0.01760
-0.01734 -0.14969 0.50514 0.52714 0.06195 1.155 1237.101 0.01763
-0.01737 -0.14990 0.50586 0.52788 0.06383 1.113 1237.131 0.01765
-0.01739 -0.15011 0.50657 0.52863 0.06571 1.228 1237.161 0.01768
-0.01742 -0.15032 0.50728 0.52937 0.06758 0.703 1237.191 0.01770
-0.01744 -0.15053 0.50800 0.53012 0.06946 0.975 1237.221 0.01773
-0.01747 -0.15074 0.50871 0.53086 0.07134 0.915 1237.251 0.01775
-0.01749 -0.15095 0.50943 0.53161 0.07322 0.875 1237.281 0.01778
-0.01751 -0.15117 0.51014 0.53235 0.07510 0.891 1237.311 0.01780
-0.01754 -0.15138 0.51085 0.53310 0.07698 0.833 1237.341 0.01783
-0.01756 -0.15159 0.51157 0.53384 0.07886 1.197 1237.370 0.01785
-0.01759 -0.15180 0.51228 0.53459 0.08074 0.889 1237.400 0.01788
-0.01761 -0.15201 0.51299 0.53533 0.08261 1.095 1237.430 0.01790
-0.01764 -0.15222 0.51371 0.53608 0.08449 0.938 1237.460 0.01792
-0.01766 -0.15244 0.51442 0.53682 0.08637 0.955 1237.490 0.01795
-0.01769 -0.15265 0.51514 0.53757 0.08825 1.077 1237.520 0.01797
-0.01771 -0.15286 0.51585 0.53831 0.09013 1.236 1237.550 0.01800
-0.01773 -0.15307 0.51656 0.53906 0.09201 0.943 1237.580 0.01802
-0.01776 -0.15328 0.51728 0.53980 0.09389 1.108 1237.609 0.01805
-0.01778 -0.15349 0.51799 0.54055 0.09577 1.017 1237.639 0.01807
-0.01781 -0.15370 0.51871 0.54129 0.09765 0.799 1237.669 0.01810
-0.01783 -0.15392 0.51942 0.54204 0.09953 1.092 1237.699 0.01812
-0.01786 -0.15413 0.52013 0.54278 0.10141 0.931 1237.729 0.01815
-0.01788 -0.15434 0.52085 0.54353 0.10329 0.934 1237.759 0.01817
-0.01791 -0.15455 0.52156 0.54427 0.10517 0.903 1237.789 0.01819
-0.01793 -0.15476 0.52228 0.54502 0.10705 0.943 1237.819 0.01822
-0.01796 -0.15497 0.52299 0.54576 0.10893 0.948 1237.848 0.01824
-0.01798 -0.15519 0.52370 0.54651 0.11081 0.967 1237.878 0.01827
-0.01800 -0.15540 0.52442 0.54725 0.11269 1.017 1237.908 0.01829
-0.01803 -0.15561 0.52513 0.54800 0.11457 0.959 1237.938 0.01832
-0.01805 -0.15582 0.52585 0.54874 0.11645 0.896 1237.968 0.01834
-0.01808 -0.15603 0.52656 0.54949 0.11833 1.018 1237.998 0.01837
-0.01810 -0.15624 0.52728 0.55024 0.12021 1.028 1238.028 0.01839
-0.01813 -0.15646 0.52799 0.55098 0.12209 1.252 1238.058 0.01842
-0.01815 -0.15667 0.52870 0.55173 0.12397 1.006 1238.087 0.01844
-0.01818 -0.15688 0.52942 0.55247 0.12585 1.187 1238.117 0.01847
-0.01820 -0.15709 0.53013 0.55322 0.12773 1.098 1238.147 0.01849
-0.01823 -0.15730 0.53085 0.55396 0.12961 0.959 1238.177 0.01851
-0.01825 -0.15751 0.53156 0.55471 0.13149 0.959 1238.207 0.01854
-0.01827 -0.15773 0.53228 0.55545 0.13338 0.837 1238.237 0.01856
-0.01830 -0.15794 0.53299 0.55620 0.13526 0.802 1238.267 0.01859
-0.01832 -0.15815 0.53371 0.55695 0.13714 0.924 1238.297 0.01861
-0.01835 -0.15836 0.53442 0.55769 0.13902 0.923 1238.327 0.01864
-0.01837 -0.15857 0.53513 0.55844 0.14090 0.783 1238.356 0.01866
-0.01840 -0.15878 0.53585 0.55918 0.14278 1.132 1238.386 0.01869
-0.01842 -0.15900 0.53656 0.55993 0.14466 1.288 1238.416 0.01871
-0.01845 -0.15921 0.53728 0.56067 0.14654 1.097 1238.446 0.01874
-0.01847 -0.15942 0.53799 0.56142 0.14843 0.906 1238.476 0.01876
-0.01849 -0.15963 0.53871 0.56217 0.15031 0.941 1238.506 0.01878
-0.01852 -0.15984 0.53942 0.56291 0.15219 0.923 1238.536 0.01881
-0.01854 -0.16006 0.54014 0.56366 0.15407 1.167 1238.566 0.01883
-0.01857 -0.16027 0.54085 0.56440 0.15595 0.835 1238.595 0.01886
-0.01859 -0.16048 0.54157 0.56515 0.15783 0.922 1238.625 0.01888
-0.01862 -0.16069 0.54228 0.56590 0.15972 1.131 1238.655 0.01891
-0.01864 -0.16090 0.54300 0.56664 0.16160 0.922 1238.685 0.01893
-0.01867 -0.16111 0.54371 0.56739 0.16348 0.993 1238.715 0.01896
-0.01869 -0.16133 0.54443 0.56813 0.16536 0.644 1238.745 0.01898
-0.01872 -0.16154 0.54514 0.56888 0.16724 0.818 1238.775 0.01901
-0.01874 -0.16175 0.54586 0.56963 0.16913 0.906 1238.805 0.01903
-0.01876 -0.16196 0.54657 0.57037 0.17101 0.959 1238.834 0.01905
-0.01879 -0.16217 0.54729 0.57112 0.17289 0.733 1238.864 0.01908
-0.01881 -0.16239 0.54800 0.57186 0.17477 0.821 1238.894 0.01910
-0.01884 -0.16260 0.54872 0.57261 0.17665 0.716 1238.924 0.01913
-0.01886 -0.16281 0.54943 0.57336 0.17854 0.786 1238.954 0.01915
-0.01889 -0.16302 0.55015 0.57410 0.18042 0.665 1238.984 0.01918
-0.01891 -0.16323 0.55086 0.57485 0.18230 0.893 1239.014 0.01920
-0.01894 -0.16345 0.55158 0.57560 0.18419 0.928 1239.044 0.01923
-0.01896 -0.16366 0.55229 0.57634 0.18607 0.876 1239.073 0.01925
-0.01899 -0.16387 0.55301 0.57709 0.18795 0.666 1239.103 0.01928
-0.01901 -0.16408 0.55372 0.57784 0.18983 0.719 1239.133 0.01930
-0.01903 -0.16429 0.55444 0.57858 0.19172 0.841 1239.163 0.01933
-0.01906 -0.16451 0.55515 0.57933 0.19360 0.807 1239.193 0.01935
-0.01908 -0.16472 0.55587 0.58007 0.19548 1.016 1239.223 0.01937
-0.01911 -0.16493 0.55658 0.58082 0.19737 1.087 1239.253 0.01940
-0.01913 -0.16514 0.55730 0.58157 0.19925 0.912 1239.283 0.01942
-0.01916 -0.16535 0.55802 0.58231 0.20113 0.947 1239.313 0.01945
-0.01918 -0.16557 0.55873 0.58306 0.20302 0.895 1239.342 0.01947
-0.01921 -0.16578 0.55945 0.58381 0.20490 1.034 1239.372 0.01950
-0.01923 -0.16599 0.56016 0.58455 0.20678 0.982 1239.402 0.01952
-0.01926 -0.16620 0.56088 0.58530 0.20867 0.982 1239.432 0.01955
-0.01928 -0.16641 0.56159 0.58605 0.21055 1.139 1239.462 0.01957
-0.01931 -0.16663 0.56231 0.58679 0.21243 0.719 1239.492 0.01960
-0.01933 -0.16684 0.56302 0.58754 0.21432 1.103 1239.522 0.01962
-0.01935 -0.16705 0.56374 0.58829 0.21620 1.016 1239.552 0.01964
-0.01938 -0.16726 0.56446 0.58904 0.21809 1.069 1239.581 0.01967
-0.01940 -0.16747 0.56517 0.58978 0.21997 0.981 1239.611 0.01969
-0.01943 -0.16769 0.56589 0.59053 0.22185 0.930 1239.641 0.01972
-0.01945 -0.16790 0.56660 0.59128 0.22374 0.913 1239.671 0.01974
-0.01948 -0.16811 0.56732 0.59202 0.22562 0.773 1239.701 0.01977
-0.01950 -0.16832 0.56803 0.59277 0.22751 0.931 1239.731 0.01979
-0.01953 -0.16853 0.56875 0.59352 0.22939 0.826 1239.761 0.01982
-0.01955 -0.16875 0.56947 0.59426 0.23128 0.948 1239.791 0.01984
-0.01958 -0.16896 0.57018 0.59501 0.23316 0.616 1239.820 0.01987
-0.01960 -0.16917 0.57090 0.59576 0.23504 0.773 1239.850 0.01989
-0.01962 -0.16938 0.57161 0.59650 0.23693 0.616 1239.880 0.01992
-0.01965 -0.16959 0.57233 0.59725 0.23881 0.739 1239.910 0.01994
-0.01967 -0.16981 0.57305 0.59800 0.24070 0.827 1239.940 0.01996
-0.01970 -0.17002 0.57376 0.59875 0.24258 0.809 1239.970 0.01999
-0.01972 -0.17023 0.57448 0.59949 0.24447 0.861 1240.000 0.02001
-0.01975 -0.17044 0.57519 0.60024 0.24635 0.809 1240.030 0.02004
-0.01977 -0.17066 0.57591 0.60099 0.24824 0.967 1240.059 0.02006
-0.01980 -0.17087 0.57663 0.60174 0.25012 0.757 1240.089 0.02009
-0.01982 -0.17108 0.57734 0.60248 0.25201 0.932 1240.119 0.02011
-0.01985 -0.17129 0.57806 0.60323 0.25389 0.863 1240.149 0.02014
-0.01987 -0.17150 0.57877 0.60398 0.25578 0.828 1240.179 0.02016
-0.01990 -0.17172 0.57949 0.60472 0.25766 1.143 1240.209 0.02019
-0.01992 -0.17193 0.58021 0.60547 0.25955 1.056 1240.239 0.02021
-0.01994 -0.17214 0.58092 0.60622 0.26144 1.217 1240.269 0.02023
-0.01997 -0.17235 0.58164 0.60697 0.26332 1.041 1240.299 0.02026
-0.01999 -0.17257 0.58236 0.60771 0.26521 1.146 1240.328 0.02028
-0.02002 -0.17278 0.58307 0.60846 0.26709 0.869 1240.358 0.02031
-0.02004 -0.17299 0.58379 0.60921 0.26898 0.850 1240.388 0.02033
-0.02007 -0.17320 0.58450 0.60996 0.27086 1.051 1240.418 0.02036
-0.02009 -0.17341 0.58522 0.61070 0.27275 1.092 1240.448 0.02038
-0.02012 -0.17363 0.58594 0.61145 0.27464 1.350 1240.478 0.02041
-0.02014 -0.17384 0.58665 0.61220 0.27652 0.885 1240.508 0.02043
-0.02017 -0.17405 0.58737 0.61295 0.27841 0.897 1240.538 0.02046
-0.02019 -0.17426 0.58809 0.61370 0.28029 1.039 1240.567 0.02048
-0.02021 -0.17448 0.58880 0.61444 0.28218 1.056 1240.597 0.02050
-0.02024 -0.17469 0.58952 0.61519 0.28407 0.931 1240.627 0.02053
-0.02026 -0.17490 0.59024 0.61594 0.28595 1.101 1240.657 0.02055
-0.02029 -0.17511 0.59095 0.61669 0.28784 1.044 1240.687 0.02058
-0.02031 -0.17533 0.59167 0.61743 0.28973 1.130 1240.717 0.02060
-0.02034 -0.17554 0.59239 0.61818 0.29161 0.600 1240.747 0.02063
-0.02036 -0.17575 0.59310 0.61893 0.29350 0.903 1240.777 0.02065
-0.02039 -0.17596 0.59382 0.61968 0.29539 0.944 1240.806 0.02068
-0.02041 -0.17618 0.59454 0.62043 0.29727 1.008 1240.836 0.02070
-0.02044 -0.17639 0.59525 0.62117 0.29916 0.815 1240.866 0.02073
-0.02046 -0.17660 0.59597 0.62192 0.30105 1.165 1240.896 0.02075
-0.02049 -0.17681 0.59669 0.62267 0.30293 1.236 1240.926 0.02078
-0.02051 -0.17702 0.59740 0.62342 0.30482 0.920 1240.956 0.02080
-0.02053 -0.17724 0.59812 0.62417 0.30671 1.025 1240.986 0.02082
-0.02056 -0.17745 0.59884 0.62491 0.30859 0.727 1241.016 0.02085
-0.02058 -0.17766 0.59955 0.62566 0.31048 0.884 1241.045 0.02087
-0.02061 -0.17787 0.60027 0.62641 0.31237 1.428 1241.075 0.02090
-0.02063 -0.17809 0.60099 0.62716 0.31426 0.919 1241.105 0.02092
-0.02066 -0.17830 0.60171 0.62791 0.31614 0.883 1241.135 0.02095
-0.02068 -0.17851 0.60242 0.62866 0.31803 0.918 1241.165 0.02097
-0.02071 -0.17872 0.60314 0.62940 0.31992 1.042 1241.195 0.02100
-0.02073 -0.17894 0.60386 0.63015 0.32181 1.130 1241.225 0.02102
-0.02076 -0.17915 0.60457 0.63090 0.32369 0.832 1241.255 0.02105
-0.02078 -0.17936 0.60529 0.63165 0.32558 1.095 1241.285 0.02107
-0.02081 -0.17957 0.60601 0.63240 0.32747 0.901 1241.314 0.02109
-0.02083 -0.17979 0.60673 0.63315 0.32936 0.919 1241.344 0.02112
-0.02085 -0.18000 0.60744 0.63389 0.33125 1.129 1241.374 0.02114
-0.02088 -0.18021 0.60816 0.63464 0.33313 0.883 1241.404 0.02117
-0.02090 -0.18042 0.60888 0.63539 0.33502 1.040 1241.434 0.02119
-0.02093 -0.18064 0.60959 0.63614 0.33691 1.199 1241.464 0.02122
-0.02095 -0.18085 0.61031 0.63689 0.33880 0.847 1241.494 0.02124
-0.02098 -0.18106 0.61103 0.63764 0.34069 0.743 1241.524 0.02127
-0.02100 -0.18127 0.61175 0.63838 0.34258 1.129 1241.553 0.02129
-0.02103 -0.18149 0.61246 0.63913 0.34446 1.094 1241.583 0.02132
-0.02105 -0.18170 0.61318 0.63988 0.34635 0.935 1241.613 0.02134
-0.02108 -0.18191 0.61390 0.64063 0.34824 0.829 1241.643 0.02137
-0.02110 -0.18213 0.61462 0.64138 0.35013 0.918 1241.673 0.02139
-0.02113 -0.18234 0.61533 0.64213 0.35202 0.953 1241.703 0.02141
-0.02115 -0.18255 0.61605 0.64288 0.35391 1.270 1241.733 0.02144
-0.02117 -0.18276 0.61677 0.64363 0.35580 1.111 1241.763 0.02146
-0.02120 -0.18298 0.61749 0.64437 0.35769 1.006 1241.792 0.02149
-0.02122 -0.18319 0.61820 0.64512 0.35957 0.795 1241.822 0.02151
-0.02125 -0.18340 0.61892 0.64587 0.36146 0.812 1241.852 0.02154
-0.02127 -0.18361 0.61964 0.64662 0.36335 0.866 1241.882 0.02156
-0.02130 -0.18383 0.62036 0.64737 0.36524 0.865 1241.912 0.02159
-0.02132 -0.18404 0.62107 0.64812 0.36713 0.936 1241.942 0.02161
-0.02135 -0.18425 0.62179 0.64887 0.36902 1.041 1241.972 0.02164
-0.02137 -0.18446 0.62251 0.64962 0.37091 1.076 1242.002 0.02166
-0.02140 -0.18468 0.62323 0.65037 0.37280 1.181 1242.031 0.02168
-0.02142 -0.18489 0.62395 0.65111 0.37469 1.077 1242.061 0.02171
-0.02145 -0.18510 0.62466 0.65186 0.37658 0.708 1242.091 0.02173
-0.02147 -0.18531 0.62538 0.65261 0.37847 0.832 1242.121 0.02176
-0.02150 -0.18553 0.62610 0.65336 0.38036 0.832 1242.151 0.02178
-0.02152 -0.18574 0.62682 0.65411 0.38225 0.621 1242.181 0.02181
-0.02154 -0.18595 0.62753 0.65486 0.38414 0.497 1242.211 0.02183
-0.02157 -0.18617 0.62825 0.65561 0.38603 0.409 1242.241 0.02186
-0.02159 -0.18638 0.62897 0.65636 0.38792 0.339 1242.271 0.02188
-0.02162 -0.18659 0.62969 0.65711 0.38981 0.252 1242.300 0.02191
-0.02164 -0.18680 0.63041 0.65786 0.39170 0.200 1242.330 0.02193
-0.02167 -0.18702 0.63112 0.65861 0.39359 0.217 1242.360 0.02196
-0.02169 -0.18723 0.63184 0.65936 0.39548 0.376 1242.390 0.02198
-0.02172 -0.18744 0.63256 0.66011 0.39737 0.674 1242.420 0.02200
-0.02174 -0.18766 0.63328 0.66085 0.39926 0.710 1242.450 0.02203
-0.02177 -0.18787 0.63400 0.66160 0.40115 0.727 1242.480 0.02205
-0.02179 -0.18808 0.63471 0.66235 0.40304 0.622 1242.510 0.02208
-0.02182 -0.18829 0.63543 0.66310 0.40493 0.979 1242.539 0.02210
-0.02184 -0.18851 0.63615 0.66385 0.40682 0.916 1242.569 0.02213
-0.02186 -0.18872 0.63687 0.66460 0.40871 0.870 1242.599 0.02215
-0.02189 -0.18893 0.63759 0.66535 0.41060 1.153 1242.629 0.02218
-0.02191 -0.18915 0.63831 0.66610 0.41249 1.003 1242.659 0.02220
-0.02194 -0.18936 0.63902 0.66685 0.41438 0.861 1242.689 0.02223
-0.02196 -0.18957 0.63974 0.66760 0.41628 0.851 1242.719 0.02225
-0.02199 -0.18978 0.64046 0.66835 0.41817 0.845 1242.749 0.02227
-0.02201 -0.19000 0.64118 0.66910 0.42006 1.037 1242.778 0.02230
-0.02204 -0.19021 0.64190 0.66985 0.42195 0.993 1242.808 0.02232
-0.02206 -0.19042 0.64262 0.67060 0.42384 1.017 1242.838 0.02235
-0.02209 -0.19064 0.64333 0.67135 0.42573 0.899 1242.868 0.02237
-0.02211 -0.19085 0.64405 0.67210 0.42762 1.072 1242.898 0.02240
-0.02214 -0.19106 0.64477 0.67285 0.42951 0.944 1242.928 0.02242
-0.02216 -0.19127 0.64549 0.67360 0.43141 0.869 1242.958 0.02245
-0.02219 -0.19149 0.64621 0.67435 0.43330 1.121 1242.988 0.02247
-0.02221 -0.19170 0.64693 0.67510 0.43519 0.774 1243.017 0.02250
-0.02223 -0.19191 0.64765 0.67585 0.43708 0.861 1243.047 0.02252
-0.02226 -0.19213 0.64837 0.67660 0.43897 0.886 1243.077 0.02254
-0.02228 -0.19234 0.64908 0.67735 0.44087 0.954 1243.107 0.02257
-0.02231 -0.19255 0.64980 0.67810 0.44276 1.042 1243.137 0.02259
-0.02233 -0.19276 0.65052 0.67885 0.44465 0.866 1243.167 0.02262
-0.02236 -0.19298 0.65124 0.67960 0.44654 1.042 1243.197 0.02264
-0.02238 -0.19319 0.65196 0.68035 0.44843 0.972 1243.227 0.02267
-0.02241 -0.19340 0.65268 0.68110 0.45033 0.884 1243.257 0.02269
-0.02243 -0.19362 0.65340 0.68185 0.45222 1.235 1243.286 0.02272
-0.02246 -0.19383 0.65412 0.68260 0.45411 0.936 1243.316 0.02274
-0.02248 -0.19404 0.65483 0.68335 0.45600 1.041 1243.346 0.02277
-0.02251 -0.19426 0.65555 0.68410 0.45790 1.165 1243.376 0.02279
-0.02253 -0.19447 0.65627 0.68485 0.45979 0.920 1243.406 0.02282
-0.02256 -0.19468 0.65699 0.68560 0.46168 0.603 1243.436 0.02284
-0.02258 -0.19489 0.65771 0.68635 0.46357 0.919 1243.466 0.02286
-0.02261 -0.19511 0.65843 0.68710 0.46547 1.059 1243.496 0.02289
-0.02263 -0.19532 0.65915 0.68785 0.46736 0.902 1243.525 0.02291
-0.02265 -0.19553 0.65987 0.68860 0.46925 1.200 1243.555 0.02294
-0.02268 -0.19575 0.66059 0.68935 0.47114 0.761 1243.585 0.02296
-0.02270 -0.19596 0.66131 0.69010 0.47304 0.989 1243.615 0.02299
-0.02273 -0.19617 0.66202 0.69085 0.47493 1.147 1243.645 0.02301
-0.02275 -0.19639 0.66274 0.69160 0.47682 0.937 1243.675 0.02304
-0.02278 -0.19660 0.66346 0.69235 0.47872 0.866 1243.705 0.02306
-0.02280 -0.19681 0.66418 0.69310 0.48061 0.794 1243.735 0.02309
-0.02283 -0.19703 0.66490 0.69385 0.48250 1.004 1243.764 0.02311
-0.02285 -0.19724 0.66562 0.69461 0.48440 1.090 1243.794 0.02313
-0.02288 -0.19745 0.66634 0.69536 0.48629 1.020 1243.824 0.02316
-0.02290 -0.19767 0.66706 0.69611 0.48818 1.178 1243.854 0.02318
-0.02293 -0.19788 0.66778 0.69686 0.49008 1.021 1243.884 0.02321
-0.02295 -0.19809 0.66850 0.69761 0.49197 0.652 1243.914 0.02323
-0.02298 -0.19830 0.66922 0.69836 0.49387 1.178 1243.944 0.02326
-0.02300 -0.19852 0.66994 0.69911 0.49576 0.793 1243.974 0.02328
-0.02302 -0.19873 0.67066 0.69986 0.49765 0.863 1244.003 0.02331
-0.02305 -0.19894 0.67138 0.70061 0.49955 1.108 1244.033 0.02333
-0.02307 -0.19916 0.67210 0.70136 0.50144 1.021 1244.063 0.02336
-0.02310 -0.19937 0.67281 0.70211 0.50334 1.179 1244.093 0.02338
-0.02312 -0.19958 0.67353 0.70286 0.50523 0.864 1244.123 0.02341
-0.02315 -0.19980 0.67425 0.70361 0.50712 0.653 1244.153 0.02343
-0.02317 -0.20001 0.67497 0.70437 0.50902 0.967 1244.183 0.02345
-0.02320 -0.20022 0.67569 0.70512 0.51091 0.653 1244.213 0.02348
-0.02322 -0.20044 0.67641 0.70587 0.51281 0.984 1244.243 0.02350
-0.02325 -0.20065 0.67713 0.70662 0.51470 1.177 1244.272 0.02353
-0.02327 -0.20086 0.67785 0.70737 0.51660 1.282 1244.302 0.02355
-0.02330 -0.20108 0.67857 0.70812 0.51849 0.931 1244.332 0.02358
-0.02332 -0.20129 0.67929 0.70887 0.52039 1.054 1244.362 0.02360
-0.02335 -0.20150 0.68001 0.70962 0.52228 1.158 1244.392 0.02363
-0.02337 -0.20172 0.68073 0.71037 0.52418 1.281 1244.422 0.02365
-0.02340 -0.20193 0.68145 0.71112 0.52607 1.017 1244.452 0.02368
-0.02342 -0.20214 0.68217 0.71188 0.52797 1.122 1244.482 0.02370
-0.02344 -0.20236 0.68289 0.71263 0.52986 1.035 1244.511 0.02372
-0.02347 -0.20257 0.68361 0.71338 0.53176 0.913 1244.541 0.02375
-0.02349 -0.20278 0.68433 0.71413 0.53365 1.123 1244.571 0.02377
-0.02352 -0.20300 0.68505 0.71488 0.53555 0.947 1244.601 0.02380
-0.02354 -0.20321 0.68577 0.71563 0.53744 1.243 1244.631 0.02382
-0.02357 -0.20342 0.68649 0.71638 0.53934 0.910 1244.661 0.02385
-0.02359 -0.20364 0.68721 0.71714 0.54123 1.068 1244.691 0.02387
-0.02362 -0.20385 0.68793 0.71789 0.54313 0.773 1244.721 0.02390
-0.02364 -0.20406 0.68865 0.71864 0.54502 1.174 1244.750 0.02392
-0.02367 -0.20428 0.68937 0.71939 0.54692 1.000 1244.780 0.02395
-0.02369 -0.20449 0.69009 0.72014 0.54882 0.983 1244.810 0.02397
-0.02372 -0.20470 0.69081 0.72089 0.55071 1.069 1244.840 0.02400
-0.02374 -0.20492 0.69153 0.72164 0.55261 1.174 1244.870 0.02402
-0.02377 -0.20513 0.69225 0.72240 0.55450 1.015 1244.900 0.02404
-0.02379 -0.20534 0.69297 0.72315 0.55640 1.033 1244.930 0.02407
-0.02382 -0.20556 0.69369 0.72390 0.55829 1.119 1244.960 0.02409
-0.02384 -0.20577 0.69441 0.72465 0.56019 1.120 1244.989 0.02412
-0.02387 -0.20598 0.69513 0.72540 0.56209 0.980 1245.019 0.02414
-0.02389 -0.20620 0.69585 0.72615 0.56398 0.823 1245.049 0.02417
-0.02391 -0.20641 0.69657 0.72691 0.56588 1.048 1245.079 0.02419
-0.02394 -0.20662 0.69729 0.72766 0.56778 1.032 1245.109 0.02422
-0.02396 -0.20684 0.69801 0.72841 0.56967 0.998 1245.139 0.02424
-0.02399 -0.20705 0.69873 0.72916 0.57157 0.928 1245.169 0.02427
-0.02401 -0.20726 0.69946 0.72991 0.57347 0.894 1245.199 0.02429
-0.02404 -0.20748 0.70018 0.73066 0.57536 1.015 1245.229 0.02431
-0.02406 -0.20769 0.70090 0.73142 0.57726 1.163 1245.258 0.02434
-0.02409 -0.20791 0.70162 0.73217 0.57916 1.111 1245.288 0.02436
-0.02411 -0.20812 0.70234 0.73292 0.58105 1.032 1245.318 0.02439
-0.02414 -0.20833 0.70306 0.73367 0.58295 1.171 1245.348 0.02441
-0.02416 -0.20855 0.70378 0.73442 0.58485 1.094 1245.378 0.02444
-0.02419 -0.20876 0.70450 0.73518 0.58674 1.163 1245.408 0.02446
-0.02421 -0.20897 0.70522 0.73593 0.58864 0.789 1245.438 0.02449
-0.02424 -0.20919 0.70594 0.73668 0.59054 0.837 1245.468 0.02451
-0.02426 -0.20940 0.70666 0.73743 0.59244 0.791 1245.497 0.02454
-0.02429 -0.20961 0.70738 0.73819 0.59433 0.749 1245.527 0.02456
-0.02431 -0.20983 0.70810 0.73894 0.59623 1.045 1245.557 0.02458
-0.02434 -0.21004 0.70882 0.73969 0.59813 1.027 1245.587 0.02461
-0.02436 -0.21025 0.70954 0.74044 0.60003 0.985 1245.617 0.02463
-0.02438 -0.21047 0.71027 0.74119 0.60192 1.086 1245.647 0.02466
-0.02441 -0.21068 0.71099 0.74195 0.60382 0.850 1245.677 0.02468
-0.02443 -0.21090 0.71171 0.74270 0.60572 0.882 1245.707 0.02471
-0.02446 -0.21111 0.71243 0.74345 0.60762 0.773 1245.736 0.02473
-0.02448 -0.21132 0.71315 0.74420 0.60951 0.805 1245.766 0.02476
-0.02451 -0.21154 0.71387 0.74496 0.61141 0.942 1245.796 0.02478
-0.02453 -0.21175 0.71459 0.74571 0.61331 0.993 1245.826 0.02481
-0.02456 -0.21196 0.71531 0.74646 0.61521 1.011 1245.856 0.02483
-0.02458 -0.21218 0.71603 0.74721 0.61711 1.133 1245.886 0.02486
-0.02461 -0.21239 0.71675 0.74797 0.61900 0.976 1245.916 0.02488
-0.02463 -0.21260 0.71748 0.74872 0.62090 0.994 1245.946 0.02490
-0.02466 -0.21282 0.71820 0.74947 0.62280 0.890 1245.975 0.02493
-0.02468 -0.21303 0.71892 0.75022 0.62470 0.820 1246.005 0.02495
-0.02471 -0.21325 0.71964 0.75098 0.62660 0.890 1246.035 0.02498
-0.02473 -0.21346 0.72036 0.75173 0.62850 0.616 1246.065 0.02500
-0.02476 -0.21367 0.72108 0.75248 0.63040 1.008 1246.095 0.02503
-0.02478 -0.21389 0.72180 0.75323 0.63229 0.899 1246.125 0.02505
-0.02481 -0.21410 0.72252 0.75399 0.63419 1.030 1246.155 0.02508
-0.02483 -0.21431 0.72325 0.75474 0.63609 1.278 1246.185 0.02510
-0.02486 -0.21453 0.72397 0.75549 0.63799 1.221 1246.215 0.02513
-0.02488 -0.21474 0.72469 0.75624 0.63989 1.237 1246.244 0.02515
-0.02490 -0.21496 0.72541 0.75700 0.64179 1.054 1246.274 0.02517
-0.02493 -0.21517 0.72613 0.75775 0.64369 1.024 1246.304 0.02520
-0.02495 -0.21538 0.72685 0.75850 0.64559 0.957 1246.334 0.02522
-0.02498 -0.21560 0.72757 0.75926 0.64749 1.125 1246.364 0.02525
-0.02500 -0.21581 0.72830 0.76001 0.64939 0.940 1246.394 0.02527
-0.02503 -0.21602 0.72902 0.76076 0.65129 0.853 1246.424 0.02530
-0.02505 -0.21624 0.72974 0.76151 0.65318 0.771 1246.454 0.02532
-0.02508 -0.21645 0.73046 0.76227 0.65508 0.805 1246.483 0.02535
-0.02510 -0.21667 0.73118 0.76302 0.65698 1.075 1246.513 0.02537
-0.02513 -0.21688 0.73190 0.76377 0.65888 1.023 1246.543 0.02540
-0.02515 -0.21709 0.73262 0.76453 0.66078 1.179 1246.573 0.02542
-0.02518 -0.21731 0.73335 0.76528 0.66268 0.695 1246.603 0.02545
-0.02520 -0.21752 0.73407 0.76603 0.66458 1.092 1246.633 0.02547
-0.02523 -0.21774 0.73479 0.76679 0.66648 0.833 1246.663 0.02549
-0.02525 -0.21795 0.73551 0.76754 0.66838 1.040 1246.693 0.02552
-0.02528 -0.21816 0.73623 0.76829 0.67028 0.987 1246.722 0.02554
-0.02530 -0.21838 0.73696 0.76905 0.67218 1.023 1246.752 0.02557
-0.02533 -0.21859 0.73768 0.76980 0.67408 0.816 1246.782 0.02559
-0.02535 -0.21880 0.73840 0.77055 0.67598 1.177 1246.812 0.02562
-0.02538 -0.21902 0.73912 0.77131 0.67788 1.142 1246.842 0.02564
-0.02540 -0.21923 0.73984 0.77206 0.67978 0.677 1246.872 0.02567
-0.02542 -0.21945 0.74056 0.77281 0.68168 1.314 1246.902 0.02569
-0.02545 -0.21966 0.74129 0.77357 0.68358 1.211 1246.932 0.02572
-0.02547 -0.21987 0.74201 0.77432 0.68549 0.884 1246.961 0.02574
-0.02550 -0.22009 0.74273 0.77507 0.68739 0.781 1246.991 0.02576
-0.02552 -0.22030 0.74345 0.77583 0.68929 0.970 1247.021 0.02579
-0.02555 -0.22052 0.74417 0.77658 0.69119 0.901 1247.051 0.02581
-0.02557 -0.22073 0.74490 0.77733 0.69309 0.591 1247.081 0.02584
-0.02560 -0.22094 0.74562 0.77809 0.69499 0.691 1247.111 0.02586
-0.02562 -0.22116 0.74634 0.77884 0.69689 0.590 1247.141 0.02589
-0.02565 -0.22137 0.74706 0.77959 0.69879 0.369 1247.171 0.02591
-0.02567 -0.22159 0.74779 0.78035 0.70069 0.293 1247.201 0.02594
-0.02570 -0.22180 0.74851 0.78110 0.70259 0.298 1247.230 0.02596
-0.02572 -0.22201 0.74923 0.78186 0.70449 0.213 1247.260 0.02599
-0.02575 -0.22223 0.74995 0.78261 0.70640 0.300 1247.290 0.02601
-0.02577 -0.22244 0.75067 0.78336 0.70830 0.402 1247.320 0.02604
-0.02580 -0.22266 0.75140 0.78412 0.71020 0.488 1247.350 0.02606
-0.02582 -0.22287 0.75212 0.78487 0.71210 0.556 1247.380 0.02608
-0.02585 -0.22308 0.75284 0.78562 0.71400 0.624 1247.410 0.02611
-0.02587 -0.22330 0.75356 0.78638 0.71590 0.369 1247.440 0.02613
-0.02590 -0.22351 0.75429 0.78713 0.71781 0.317 1247.469 0.02616
-0.02592 -0.22373 0.75501 0.78789 0.71971 0.180 1247.499 0.02618
-0.02595 -0.22394 0.75573 0.78864 0.72161 0.197 1247.529 0.02621
-0.02597 -0.22415 0.75645 0.78939 0.72351 0.300 1247.559 0.02623
-0.02600 -0.22437 0.75718 0.79015 0.72541 0.692 1247.589 0.02626
-0.02602 -0.22458 0.75790 0.79090 0.72732 0.265 1247.619 0.02628
-0.02604 -0.22480 0.75862 0.79166 0.72922 0.146 1247.649 0.02631
-0.02607 -0.22501 0.75934 0.79241 0.73112 0.248 1247.679 0.02633
-0.02609 -0.22523 0.76007 0.79316 0.73302 0.128 1247.708 0.02635
-0.02612 -0.22544 0.76079 0.79392 0.73492 0.077 1247.738 0.02638
-0.02614 -0.22565 0.76151 0.79467 0.73683 0.162 1247.768 0.02640
-0.02617 -0.22587 0.76223 0.79543 0.73873 0.026 1247.798 0.02643
-0.02619 -0.22608 0.76296 0.79618 0.74063 0.162 1247.828 0.02645
-0.02622 -0.22630 0.76368 0.79693 0.74253 0.128 1247.858 0.02648
-0.02624 -0.22651 0.76440 0.79769 0.74444 0.281 1247.888 0.02650
-0.02627 -0.22672 0.76513 0.79844 0.74634 0.417 1247.918 0.02653
-0.02629 -0.22694 0.76585 0.79920 0.74824 0.212 1247.947 0.02655
-0.02632 -0.22715 0.76657 0.79995 0.75015 0.246 1247.977 0.02658
-0.02634 -0.22737 0.76729 0.80071 0.75205 0.126 1248.007 0.02660
-0.02637 -0.22758 0.76802 0.80146 0.75395 0.330 1248.037 0.02662
-0.02639 -0.22780 0.76874 0.80221 0.75585 0.296 1248.067 0.02665
-0.02642 -0.22801 0.76946 0.80297 0.75776 0.466 1248.097 0.02667
-0.02644 -0.22822 0.77019 0.80372 0.75966 0.382 1248.127 0.02670
-0.02647 -0.22844 0.77091 0.80448 0.76156 0.517 1248.157 0.02672
-0.02649 -0.22865 0.77163 0.80523 0.76347 0.517 1248.187 0.02675
-0.02652 -0.22887 0.77235 0.80599 0.76537 0.754 1248.216 0.02677
-0.02654 -0.22908 0.77308 0.80674 0.76727 0.805 1248.246 0.02680
-0.02657 -0.22930 0.77380 0.80750 0.76918 0.618 1248.276 0.02682
-0.02659 -0.22951 0.77452 0.80825 0.77108 0.974 1248.306 0.02685
-0.02662 -0.22972 0.77525 0.80901 0.77298 0.787 1248.336 0.02687
-0.02664 -0.22994 0.77597 0.80976 0.77489 1.042 1248.366 0.02690
-0.02667 -0.23015 0.77669 0.81051 0.77679 0.923 1248.396 0.02692
-0.02669 -0.23037 0.77742 0.81127 0.77870 0.838 1248.426 0.02694
-0.02672 -0.23058 0.77814 0.81202 0.78060 0.753 1248.455 0.02697
-0.02674 -0.23080 0.77886 0.81278 0.78250 1.057 1248.485 0.02699
-0.02676 -0.23101 0.77959 0.81353 0.78441 0.939 1248.515 0.02702
-0.02679 -0.23122 0.78031 0.81429 0.78631 1.107 1248.545 0.02704
-0.02681 -0.23144 0.78103 0.81504 0.78822 1.393 1248.575 0.02707
-0.02684 -0.23165 0.78176 0.81580 0.79012 1.072 1248.605 0.02709
-0.02686 -0.23187 0.78248 0.81655 0.79203 0.987 1248.635 0.02712
-0.02689 -0.23208 0.78320 0.81731 0.79393 1.070 1248.665 0.02714
-0.02691 -0.23230 0.78393 0.81806 0.79583 0.985 1248.694 0.02717
-0.02694 -0.23251 0.78465 0.81882 0.79774 1.121 1248.724 0.02719
-0.02696 -0.23272 0.78537 0.81957 0.79964 0.998 1248.754 0.02721
-0.02699 -0.23294 0.78610 0.82033 0.80155 1.304 1248.784 0.02724
-0.02701 -0.23315 0.78682 0.82108 0.80345 1.121 1248.814 0.02726
-0.02704 -0.23337 0.78754 0.82184 0.80536 0.915 1248.844 0.02729
-0.02706 -0.23358 0.78827 0.82259 0.80726 1.026 1248.874 0.02731
-0.02709 -0.23380 0.78899 0.82335 0.80917 0.962 1248.904 0.02734
-0.02711 -0.23401 0.78972 0.82410 0.81107 0.943 1248.933 0.02736
-0.02714 -0.23423 0.79044 0.82486 0.81298 1.372 1248.963 0.02739
-0.02716 -0.23444 0.79116 0.82561 0.81488 0.988 1248.993 0.02741
-0.02719 -0.23465 0.79189 0.82637 0.81679 0.975 1249.023 0.02744
-0.02721 -0.23487 0.79261 0.82712 0.81869 1.138 1249.053 0.02746
-0.02724 -0.23508 0.79333 0.82788 0.82060 0.902 1249.083 0.02749
-0.02726 -0.23530 0.79406 0.82864 0.82250 0.925 1249.113 0.02751
-0.02729 -0.23551 0.79478 0.82939 0.82441 1.136 1249.143 0.02753
-0.02731 -0.23573 0.79551 0.83015 0.82631 0.903 1249.173 0.02756
-0.02734 -0.23594 0.79623 0.83090 0.82822 0.952 1249.202 0.02758
-0.02736 -0.23616 0.79695 0.83166 0.83013 1.029 1249.232 0.02761
-0.02739 -0.23637 0.79768 0.83241 0.83203 1.045 1249.262 0.02763
-0.02741 -0.23659 0.79840 0.83317 0.83394 1.061 1249.292 0.02766
-0.02744 -0.23680 0.79913 0.83392 0.83584 0.960 1249.322 0.02768
-0.02746 -0.23701 0.79985 0.83468 0.83775 1.043 1249.352 0.02771
-0.02749 -0.23723 0.80057 0.83543 0.83966 0.825 1249.382 0.02773
-0.02751 -0.23744 0.80130 0.83619 0.84156 0.791 1249.412 0.02776
-0.02753 -0.23766 0.80202 0.83695 0.84347 0.824 1249.441 0.02778
-0.02756 -0.23787 0.80275 0.83770 0.84537 1.142 1249.471 0.02780
-0.02758 -0.23809 0.80347 0.83846 0.84728 0.739 1249.501 0.02783
-0.02761 -0.23830 0.80419 0.83921 0.84919 0.957 1249.531 0.02785
-0.02763 -0.23852 0.80492 0.83997 0.85109 1.091 1249.561 0.02788
-0.02766 -0.23873 0.80564 0.84072 0.85300 1.174 1249.591 0.02790
-0.02768 -0.23895 0.80637 0.84148 0.85491 1.156 1249.621 0.02793
-0.02771 -0.23916 0.80709 0.84224 0.85681 0.824 1249.651 0.02795
-0.02773 -0.23937 0.80782 0.84299 0.85872 1.191 1249.680 0.02798
-0.02776 -0.23959 0.80854 0.84375 0.86063 0.973 1249.710 0.02800
-0.02778 -0.23980 0.80926 0.84450 0.86253 1.006 1249.740 0.02803
-0.02781 -0.24002 0.80999 0.84526 0.86444 1.089 1249.770 0.02805
-0.02783 -0.24023 0.81071 0.84602 0.86635 1.190 1249.800 0.02808
-0.02786 -0.24045 0.81144 0.84677 0.86825 1.056 1249.830 0.02810
-0.02788 -0.24066 0.81216 0.84753 0.87016 0.990 1249.860 0.02812
-0.02791 -0.24088 0.81289 0.84828 0.87207 1.073 1249.890 0.02815
-0.02793 -0.24109 0.81361 0.84904 0.87398 0.907 1249.919 0.02817
-0.02796 -0.24131 0.81434 0.84980 0.87588 0.955 1249.949 0.02820
-0.02798 -0.24152 0.81506 0.85055 0.87779 1.088 1249.979 0.02822
-0.02801 -0.24174 0.81578 0.85131 0.87970 1.238 1250.009 0.02825
-0.02803 -0.24195 0.81651 0.85206 0.88160 0.855 1250.039 0.02827
-0.02806 -0.24217 0.81723 0.85282 0.88351 1.104 1250.069 0.02830
-0.02808 -0.24238 0.81796 0.85358 0.88542 1.152 1250.099 0.02832
-0.02811 -0.24259 0.81868 0.85433 0.88733 1.135 1250.129 0.02835
-0.02813 -0.24281 0.81941 0.85509 0.88924 0.935 1250.158 0.02837
-0.02816 -0.24302 0.82013 0.85585 0.89114 1.150 1250.188 0.02839
-0.02818 -0.24324 0.82086 0.85660 0.89305 1.282 1250.218 0.02842
-0.02821 -0.24345 0.82158 0.85736 0.89496 1.084 1250.248 0.02844
-0.02823 -0.24367 0.82231 0.85811 0.89687 0.884 1250.278 0.02847
-0.02826 -0.24388 0.82303 0.85887 0.89878 0.851 1250.308 0.02849
-0.02828 -0.24410 0.82376 0.85963 0.90068 1.066 1250.338 0.02852
-0.02831 -0.24431 0.82448 0.86038 0.90259 1.065 1250.368 0.02854
-0.02833 -0.24453 0.82521 0.86114 0.90450 0.882 1250.398 0.02857
-0.02836 -0.24474 0.82593 0.86190 0.90641 0.666 1250.427 0.02859
-0.02838 -0.24496 0.82666 0.86265 0.90832 0.684 1250.457 0.02862
-0.02841 -0.24517 0.82738 0.86341 0.91023 0.749 1250.487 0.02864
-0.02843 -0.24539 0.82811 0.86417 0.91213 0.518 1250.517 0.02866
-0.02846 -0.24560 0.82883 0.86492 0.91404 0.451 1250.547 0.02869
-0.02848 -0.24582 0.82956 0.86568 0.91595 0.715 1250.577 0.02871
-0.02851 -0.24603 0.83028 0.86644 0.91786 0.798 1250.607 0.02874
-0.02853 -0.24625 0.83101 0.86719 0.91977 0.830 1250.637 0.02876
-0.02855 -0.24646 0.83173 0.86795 0.92168 0.780 1250.666 0.02879
-0.02858 -0.24668 0.83246 0.86871 0.92359 0.976 1250.696 0.02881
-0.02860 -0.24689 0.83318 0.86946 0.92550 0.926 1250.726 0.02884
-0.02863 -0.24711 0.83391 0.87022 0.92740 0.909 1250.756 0.02886
-0.02865 -0.24732 0.83463 0.87098 0.92931 0.628 1250.786 0.02889
-0.02868 -0.24754 0.83536 0.87173 0.93122 1.055 1250.816 0.02891
-0.02870 -0.24775 0.83608 0.87249 0.93313 0.957 1250.846 0.02894
-0.02873 -0.24797 0.83681 0.87325 0.93504 1.022 1250.876 0.02896
-0.02875 -0.24818 0.83753 0.87400 0.93695 1.005 1250.905 0.02898
-0.02878 -0.24840 0.83826 0.87476 0.93886 0.972 1250.935 0.02901
-0.02880 -0.24861 0.83898 0.87552 0.94077 0.955 1250.965 0.02903
-0.02883 -0.24883 0.83971 0.87628 0.94268 0.890 1250.995 0.02906
-0.02885 -0.24904 0.84044 0.87703 0.94459 0.855 1251.025 0.02908
-0.02888 -0.24926 0.84116 0.87779 0.94650 0.872 1251.055 0.02911
-0.02890 -0.24947 0.84189 0.87855 0.94841 0.659 1251.085 0.02913
-0.02893 -0.24969 0.84261 0.87930 0.95032 0.944 1251.115 0.02916
-0.02895 -0.24990 0.84334 0.88006 0.95223 1.273 1251.144 0.02918
-0.02898 -0.25012 0.84406 0.88082 0.95414 1.045 1251.174 0.02921
-0.02900 -0.25033 0.84479 0.88157 0.95605 1.093 1251.204 0.02923
-0.02903 -0.25055 0.84551 0.88233 0.95796 0.969 1251.234 0.02925
-0.02905 -0.25076 0.84624 0.88309 0.95987 0.988 1251.264 0.02928
-0.02908 -0.25098 0.84697 0.88385 0.96178 0.951 1251.294 0.02930
-0.02910 -0.25119 0.84769 0.88460 0.96369 1.007 1251.324 0.02933
-0.02913 -0.25141 0.84842 0.88536 0.96560 1.054 1251.354 0.02935
-0.02915 -0.25162 0.84914 0.88612 0.96751 0.983 1251.384 0.02938
-0.02918 -0.25184 0.84987 0.88688 0.96942 1.287 1251.413 0.02940
-0.02920 -0.25205 0.85059 0.88763 0.97133 1.046 1251.443 0.02943
-0.02923 -0.25227 0.85132 0.88839 0.97324 0.787 1251.473 0.02945
-0.02925 -0.25248 0.85205 0.88915 0.97515 0.931 1251.503 0.02948
-0.02928 -0.25270 0.85277 0.88991 0.97706 0.979 1251.533 0.02950
-0.02930 -0.25291 0.85350 0.89066 0.97898 0.946 1251.563 0.02953
-0.02933 -0.25313 0.85422 0.89142 0.98089 0.929 1251.593 0.02955
-0.02935 -0.25334 0.85495 0.89218 0.98280 0.945 1251.623 0.02957
-0.02938 -0.25356 0.85568 0.89294 0.98471 0.879 1251.652 0.02960
-0.02940 -0.25377 0.85640 0.89369 0.98662 1.008 1251.682 0.02962
-0.02943 -0.25399 0.85713 0.89445 0.98853 1.088 1251.712 0.02965
-0.02945 -0.25420 0.85785 0.89521 0.99044 0.927 1251.742 0.02967
-0.02948 -0.25442 0.85858 0.89597 0.99235 1.071 1251.772 0.02970
-0.02950 -0.25463 0.85931 0.89672 0.99427 0.797 1251.802 0.02972
-0.02953 -0.25485 0.86003 0.89748 0.99618 1.087 1251.832 0.02975
-0.02955 -0.25506 0.86076 0.89824 0.99809 1.021 1251.862 0.02977
-0.02958 -0.25528 0.86148 0.89900 1.00000 0.956 1251.891 0.02980
