x y z dist_scaled dist_frac flux_norm
0.06828 0.23960 0.43648 0.50258 0.00000 1.070
0.06838 0.23995 0.43713 0.50333 0.00188 1.426
0.06848 0.24031 0.43778 0.50407 0.00375 0.821
0.06858 0.24066 0.43842 0.50481 0.00563 1.187
0.06868 0.24102 0.43907 0.50556 0.00751 0.788
0.06879 0.24137 0.43971 0.50630 0.00938 1.487
0.06889 0.24173 0.44036 0.50705 0.01126 1.078
0.06899 0.24208 0.44101 0.50779 0.01313 0.999
0.06909 0.24244 0.44165 0.50853 0.01501 0.652
0.06919 0.24279 0.44230 0.50928 0.01689 0.970
0.06929 0.24315 0.44294 0.51002 0.01876 1.019
0.06939 0.24350 0.44359 0.51077 0.02064 0.848
0.06949 0.24386 0.44424 0.51151 0.02252 0.961
0.06959 0.24421 0.44488 0.51225 0.02440 0.823
0.06970 0.24457 0.44553 0.51300 0.02627 1.281
0.06980 0.24492 0.44618 0.51374 0.02815 0.949
0.06990 0.24527 0.44682 0.51449 0.03003 0.958
0.07000 0.24563 0.44747 0.51523 0.03190 0.882
0.07010 0.24598 0.44811 0.51597 0.03378 0.980
0.07020 0.24634 0.44876 0.51672 0.03566 1.157
0.07030 0.24669 0.44941 0.51746 0.03754 1.021
0.07040 0.24705 0.45005 0.51821 0.03941 0.636
0.07050 0.24740 0.45070 0.51895 0.04129 0.947
0.07061 0.24776 0.45135 0.51970 0.04317 1.021
0.07071 0.24811 0.45199 0.52044 0.04505 1.194
0.07081 0.24847 0.45264 0.52118 0.04692 0.740
0.07091 0.24882 0.45329 0.52193 0.04880 0.914
0.07101 0.24918 0.45393 0.52267 0.05068 1.162
0.07111 0.24953 0.45458 0.52342 0.05256 0.847
0.07121 0.24989 0.45523 0.52416 0.05444 1.026
0.07131 0.25024 0.45587 0.52491 0.05631 1.196
0.07141 0.25060 0.45652 0.52565 0.05819 0.952
0.07152 0.25095 0.45717 0.52640 0.06007 1.126
0.07162 0.25131 0.45781 0.52714 0.06195 0.915
0.07172 0.25166 0.45846 0.52788 0.06383 1.231
0.07182 0.25202 0.45911 0.52863 0.06571 1.061
0.07192 0.25237 0.45975 0.52937 0.06758 0.954
0.07202 0.25273 0.46040 0.53012 0.06946 0.952
0.07212 0.25308 0.46105 0.53086 0.07134 0.988
0.07222 0.25344 0.46169 0.53161 0.07322 0.887
0.07233 0.25379 0.46234 0.53235 0.07510 1.144
0.07243 0.25415 0.46299 0.53310 0.07698 0.991
0.07253 0.25450 0.46363 0.53384 0.07886 1.202
0.07263 0.25486 0.46428 0.53459 0.08074 1.323
0.07273 0.25521 0.46493 0.53533 0.08261 0.892
0.07283 0.25557 0.46557 0.53608 0.08449 0.839
0.07293 0.25592 0.46622 0.53682 0.08637 0.667
0.07303 0.25628 0.46687 0.53757 0.08825 1.176
0.07313 0.25663 0.46751 0.53831 0.09013 0.703
0.07324 0.25699 0.46816 0.53906 0.09201 1.025
0.07334 0.25734 0.46881 0.53980 0.09389 0.946
0.07344 0.25770 0.46946 0.54055 0.09577 0.813
0.07354 0.25805 0.47010 0.54129 0.09765 0.829
0.07364 0.25841 0.47075 0.54204 0.09953 0.728
0.07374 0.25877 0.47140 0.54278 0.10141 0.299
0.07384 0.25912 0.47204 0.54353 0.10329 0.431
0.07394 0.25948 0.47269 0.54427 0.10517 0.554
0.07405 0.25983 0.47334 0.54502 0.10705 0.539
0.07415 0.26019 0.47399 0.54576 0.10893 0.289
0.07425 0.26054 0.47463 0.54651 0.11081 0.234
0.07435 0.26090 0.47528 0.54725 0.11269 0.293
0.07445 0.26125 0.47593 0.54800 0.11457 0.256
0.07455 0.26161 0.47658 0.54874 0.11645 0.152
0.07465 0.26196 0.47722 0.54949 0.11833 0.082
0.07475 0.26232 0.47787 0.55024 0.12021 0.472
0.07486 0.26267 0.47852 0.55098 0.12209 0.295
0.07496 0.26303 0.47917 0.55173 0.12397 0.718
0.07506 0.26338 0.47981 0.55247 0.12585 0.402
0.07516 0.26374 0.48046 0.55322 0.12773 0.653
0.07526 0.26410 0.48111 0.55396 0.12961 1.179
0.07536 0.26445 0.48176 0.55471 0.13149 1.108
0.07546 0.26481 0.48240 0.55545 0.13338 1.145
0.07557 0.26516 0.48305 0.55620 0.13526 1.034
0.07567 0.26552 0.48370 0.55695 0.13714 1.072
0.07577 0.26587 0.48435 0.55769 0.13902 1.075
0.07587 0.26623 0.48499 0.55844 0.14090 0.753
0.07597 0.26658 0.48564 0.55918 0.14278 0.830
0.07607 0.26694 0.48629 0.55993 0.14466 0.825
0.07617 0.26730 0.48694 0.56067 0.14654 0.859
0.07627 0.26765 0.48758 0.56142 0.14843 0.902
0.07638 0.26801 0.48823 0.56217 0.15031 0.971
0.07648 0.26836 0.48888 0.56291 0.15219 0.859
0.07658 0.26872 0.48953 0.56366 0.15407 0.864
0.07668 0.26907 0.49018 0.56440 0.15595 0.897
0.07678 0.26943 0.49082 0.56515 0.15783 0.934
0.07688 0.26978 0.49147 0.56590 0.15972 0.897
0.07698 0.27014 0.49212 0.56664 0.16160 1.324
0.07708 0.27050 0.49277 0.56739 0.16348 1.047
0.07719 0.27085 0.49341 0.56813 0.16536 1.221
0.07729 0.27121 0.49406 0.56888 0.16724 0.970
0.07739 0.27156 0.49471 0.56963 0.16913 0.970
0.07749 0.27192 0.49536 0.57037 0.17101 1.116
0.07759 0.27227 0.49601 0.57112 0.17289 0.757
0.07769 0.27263 0.49665 0.57186 0.17477 1.221
0.07779 0.27299 0.49730 0.57261 0.17665 1.413
0.07790 0.27334 0.49795 0.57336 0.17854 0.719
0.07800 0.27370 0.49860 0.57410 0.18042 1.204
0.07810 0.27405 0.49925 0.57485 0.18230 0.907
0.07820 0.27441 0.49990 0.57560 0.18419 1.141
0.07830 0.27476 0.50054 0.57634 0.18607 0.729
0.07840 0.27512 0.50119 0.57709 0.18795 1.349
0.07850 0.27548 0.50184 0.57784 0.18983 1.115
0.07861 0.27583 0.50249 0.57858 0.19172 1.122
0.07871 0.27619 0.50314 0.57933 0.19360 0.480
0.07881 0.27654 0.50379 0.58007 0.19548 0.964
0.07891 0.27690 0.50443 0.58082 0.19737 0.988
0.07901 0.27726 0.50508 0.58157 0.19925 1.167
0.07911 0.27761 0.50573 0.58231 0.20113 0.953
0.07921 0.27797 0.50638 0.58306 0.20302 0.914
0.07932 0.27832 0.50703 0.58381 0.20490 0.724
0.07942 0.27868 0.50768 0.58455 0.20678 1.299
0.07952 0.27904 0.50832 0.58530 0.20867 0.653
0.07962 0.27939 0.50897 0.58605 0.21055 0.651
0.07972 0.27975 0.50962 0.58679 0.21243 0.655
0.07982 0.28010 0.51027 0.58754 0.21432 0.510
0.07992 0.28046 0.51092 0.58829 0.21620 0.544
0.08003 0.28082 0.51157 0.58904 0.21809 0.592
0.08013 0.28117 0.51222 0.58978 0.21997 0.495
0.08023 0.28153 0.51286 0.59053 0.22185 0.557
0.08033 0.28188 0.51351 0.59128 0.22374 0.806
0.08043 0.28224 0.51416 0.59202 0.22562 0.631
0.08053 0.28260 0.51481 0.59277 0.22751 0.731
0.08063 0.28295 0.51546 0.59352 0.22939 0.869
0.08074 0.28331 0.51611 0.59426 0.23128 0.546
0.08084 0.28366 0.51676 0.59501 0.23316 0.803
0.08094 0.28402 0.51741 0.59576 0.23504 0.765
0.08104 0.28438 0.51805 0.59650 0.23693 1.158
0.08114 0.28473 0.51870 0.59725 0.23881 0.507
0.08124 0.28509 0.51935 0.59800 0.24070 0.941
0.08135 0.28545 0.52000 0.59875 0.24258 0.723
0.08145 0.28580 0.52065 0.59949 0.24447 0.867
0.08155 0.28616 0.52130 0.60024 0.24635 0.834
0.08165 0.28651 0.52195 0.60099 0.24824 0.866
0.08175 0.28687 0.52260 0.60174 0.25012 0.658
0.08185 0.28723 0.52325 0.60248 0.25201 0.879
0.08195 0.28758 0.52389 0.60323 0.25389 1.088
0.08206 0.28794 0.52454 0.60398 0.25578 0.760
0.08216 0.28830 0.52519 0.60472 0.25766 0.692
0.08226 0.28865 0.52584 0.60547 0.25955 0.857
0.08236 0.28901 0.52649 0.60622 0.26144 0.920
0.08246 0.28936 0.52714 0.60697 0.26332 1.138
0.08256 0.28972 0.52779 0.60771 0.26521 0.900
0.08267 0.29008 0.52844 0.60846 0.26709 1.258
0.08277 0.29043 0.52909 0.60921 0.26898 1.121
0.08287 0.29079 0.52974 0.60996 0.27086 0.676
0.08297 0.29115 0.53039 0.61070 0.27275 0.893
0.08307 0.29150 0.53104 0.61145 0.27464 1.057
0.08317 0.29186 0.53169 0.61220 0.27652 1.295
0.08327 0.29222 0.53233 0.61295 0.27841 1.029
0.08338 0.29257 0.53298 0.61370 0.28029 0.813
0.08348 0.29293 0.53363 0.61444 0.28218 1.107
0.08358 0.29329 0.53428 0.61519 0.28407 0.889
0.08368 0.29364 0.53493 0.61594 0.28595 1.064
0.08378 0.29400 0.53558 0.61669 0.28784 1.183
0.08388 0.29435 0.53623 0.61743 0.28973 0.965
0.08399 0.29471 0.53688 0.61818 0.29161 1.383
0.08409 0.29507 0.53753 0.61893 0.29350 0.913
0.08419 0.29542 0.53818 0.61968 0.29539 1.042
0.08429 0.29578 0.53883 0.62043 0.29727 0.811
0.08439 0.29614 0.53948 0.62117 0.29916 0.914
0.08449 0.29649 0.54013 0.62192 0.30105 1.384
0.08460 0.29685 0.54078 0.62267 0.30293 1.451
0.08470 0.29721 0.54143 0.62342 0.30482 0.916
0.08480 0.29756 0.54208 0.62417 0.30671 1.138
0.08490 0.29792 0.54273 0.62491 0.30859 0.884
0.08500 0.29828 0.54338 0.62566 0.31048 1.002
0.08510 0.29863 0.54403 0.62641 0.31237 0.978
0.08521 0.29899 0.54468 0.62716 0.31426 1.129
0.08531 0.29935 0.54533 0.62791 0.31614 0.845
0.08541 0.29970 0.54598 0.62866 0.31803 1.055
0.08551 0.30006 0.54663 0.62940 0.31992 1.065
0.08561 0.30042 0.54728 0.63015 0.32181 1.484
0.08571 0.30077 0.54793 0.63090 0.32369 1.224
0.08582 0.30113 0.54858 0.63165 0.32558 0.991
0.08592 0.30149 0.54923 0.63240 0.32747 1.030
0.08602 0.30184 0.54988 0.63315 0.32936 1.149
0.08612 0.30220 0.55053 0.63389 0.33125 1.059
0.08622 0.30256 0.55118 0.63464 0.33313 0.836
0.08632 0.30291 0.55183 0.63539 0.33502 0.887
0.08643 0.30327 0.55248 0.63614 0.33691 1.155
0.08653 0.30363 0.55313 0.63689 0.33880 0.702
0.08663 0.30399 0.55378 0.63764 0.34069 1.289
0.08673 0.30434 0.55443 0.63838 0.34258 0.983
0.08683 0.30470 0.55508 0.63913 0.34446 1.093
0.08693 0.30506 0.55573 0.63988 0.34635 0.810
0.08704 0.30541 0.55638 0.64063 0.34824 1.267
0.08714 0.30577 0.55703 0.64138 0.35013 1.234
0.08724 0.30613 0.55768 0.64213 0.35202 1.236
0.08734 0.30648 0.55833 0.64288 0.35391 0.941
0.08744 0.30684 0.55898 0.64363 0.35580 1.204
0.08754 0.30720 0.55963 0.64437 0.35769 0.922
0.08765 0.30755 0.56028 0.64512 0.35957 1.249
0.08775 0.30791 0.56093 0.64587 0.36146 1.136
0.08785 0.30827 0.56158 0.64662 0.36335 1.057
0.08795 0.30863 0.56223 0.64737 0.36524 0.905
0.08805 0.30898 0.56288 0.64812 0.36713 1.200
0.08815 0.30934 0.56353 0.64887 0.36902 0.801
0.08826 0.30970 0.56418 0.64962 0.37091 0.763
0.08836 0.31005 0.56483 0.65037 0.37280 1.157
0.08846 0.31041 0.56548 0.65111 0.37469 1.131
0.08856 0.31077 0.56613 0.65186 0.37658 0.947
0.08866 0.31113 0.56678 0.65261 0.37847 0.914
0.08877 0.31148 0.56743 0.65336 0.38036 1.126
0.08887 0.31184 0.56808 0.65411 0.38225 0.799
0.08897 0.31220 0.56874 0.65486 0.38414 0.870
0.08907 0.31255 0.56939 0.65561 0.38603 0.873
0.08917 0.31291 0.57004 0.65636 0.38792 0.726
0.08927 0.31327 0.57069 0.65711 0.38981 0.691
0.08938 0.31363 0.57134 0.65786 0.39170 1.050
0.08948 0.31398 0.57199 0.65861 0.39359 1.015
0.08958 0.31434 0.57264 0.65936 0.39548 1.165
0.08968 0.31470 0.57329 0.66011 0.39737 1.336
0.08978 0.31505 0.57394 0.66085 0.39926 0.656
0.08989 0.31541 0.57459 0.66160 0.40115 0.835
0.08999 0.31577 0.57524 0.66235 0.40304 0.661
0.09009 0.31613 0.57589 0.66310 0.40493 0.839
0.09019 0.31648 0.57654 0.66385 0.40682 0.985
0.09029 0.31684 0.57720 0.66460 0.40871 1.525
0.09039 0.31720 0.57785 0.66535 0.41060 1.168
0.09050 0.31756 0.57850 0.66610 0.41249 1.105
0.09060 0.31791 0.57915 0.66685 0.41438 0.809
0.09070 0.31827 0.57980 0.66760 0.41628 1.129
0.09080 0.31863 0.58045 0.66835 0.41817 1.235
0.09090 0.31899 0.58110 0.66910 0.42006 0.952
0.09101 0.31934 0.58175 0.66985 0.42195 1.128
0.09111 0.31970 0.58240 0.67060 0.42384 1.058
0.09121 0.32006 0.58306 0.67135 0.42573 0.730
0.09131 0.32042 0.58371 0.67210 0.42762 1.240
0.09141 0.32077 0.58436 0.67285 0.42951 1.064
0.09151 0.32113 0.58501 0.67360 0.43141 0.807
0.09162 0.32149 0.58566 0.67435 0.43330 0.849
0.09172 0.32185 0.58631 0.67510 0.43519 0.986
0.09182 0.32220 0.58696 0.67585 0.43708 1.024
0.09192 0.32256 0.58761 0.67660 0.43897 1.023
0.09202 0.32292 0.58827 0.67735 0.44087 0.878
0.09213 0.32328 0.58892 0.67810 0.44276 1.057
0.09223 0.32363 0.58957 0.67885 0.44465 0.807
0.09233 0.32399 0.59022 0.67960 0.44654 0.944
0.09243 0.32435 0.59087 0.68035 0.44843 0.804
0.09253 0.32471 0.59152 0.68110 0.45033 0.803
0.09264 0.32506 0.59217 0.68185 0.45222 0.884
0.09274 0.32542 0.59283 0.68260 0.45411 1.089
0.09284 0.32578 0.59348 0.68335 0.45600 1.057
0.09294 0.32614 0.59413 0.68410 0.45790 0.913
0.09304 0.32649 0.59478 0.68485 0.45979 0.950
0.09315 0.32685 0.59543 0.68560 0.46168 0.876
0.09325 0.32721 0.59608 0.68635 0.46357 1.167
0.09335 0.32757 0.59673 0.68710 0.46547 0.989
0.09345 0.32792 0.59739 0.68785 0.46736 0.700
0.09355 0.32828 0.59804 0.68860 0.46925 1.167
0.09365 0.32864 0.59869 0.68935 0.47114 1.417
0.09376 0.32900 0.59934 0.69010 0.47304 0.987
0.09386 0.32936 0.59999 0.69085 0.47493 0.771
0.09396 0.32971 0.60065 0.69160 0.47682 1.309
0.09406 0.33007 0.60130 0.69235 0.47872 1.023
0.09416 0.33043 0.60195 0.69310 0.48061 0.955
0.09427 0.33079 0.60260 0.69385 0.48250 0.808
0.09437 0.33114 0.60325 0.69461 0.48440 0.884
0.09447 0.33150 0.60390 0.69536 0.48629 0.853
0.09457 0.33186 0.60456 0.69611 0.48818 1.399
0.09467 0.33222 0.60521 0.69686 0.49008 1.242
0.09478 0.33258 0.60586 0.69761 0.49197 1.526
0.09488 0.33293 0.60651 0.69836 0.49387 1.021
0.09498 0.33329 0.60716 0.69911 0.49576 1.304
0.09508 0.33365 0.60782 0.69986 0.49765 1.063
0.09518 0.33401 0.60847 0.70061 0.49955 0.864
0.09529 0.33437 0.60912 0.70136 0.50144 1.248
0.09539 0.33472 0.60977 0.70211 0.50334 1.015
0.09549 0.33508 0.61042 0.70286 0.50523 1.294
0.09559 0.33544 0.61108 0.70361 0.50712 1.189
0.09569 0.33580 0.61173 0.70437 0.50902 1.153
0.09580 0.33616 0.61238 0.70512 0.51091 0.832
0.09590 0.33651 0.61303 0.70587 0.51281 0.977
0.09600 0.33687 0.61369 0.70662 0.51470 0.895
0.09610 0.33723 0.61434 0.70737 0.51660 1.318
0.09620 0.33759 0.61499 0.70812 0.51849 0.982
0.09631 0.33795 0.61564 0.70887 0.52039 1.192
0.09641 0.33830 0.61630 0.70962 0.52228 0.886
0.09651 0.33866 0.61695 0.71037 0.52418 0.758
0.09661 0.33902 0.61760 0.71112 0.52607 0.955
0.09672 0.33938 0.61825 0.71188 0.52797 1.139
0.09682 0.33974 0.61890 0.71263 0.52986 1.253
0.09692 0.34009 0.61956 0.71338 0.53176 0.898
0.09702 0.34045 0.62021 0.71413 0.53365 0.735
0.09712 0.34081 0.62086 0.71488 0.53555 0.922
0.09723 0.34117 0.62151 0.71563 0.53744 1.070
0.09733 0.34153 0.62217 0.71638 0.53934 0.798
0.09743 0.34189 0.62282 0.71714 0.54123 1.185
0.09753 0.34224 0.62347 0.71789 0.54313 0.853
0.09763 0.34260 0.62413 0.71864 0.54502 1.120
0.09774 0.34296 0.62478 0.71939 0.54692 0.822
0.09784 0.34332 0.62543 0.72014 0.54882 1.034
0.09794 0.34368 0.62608 0.72089 0.55071 1.190
0.09804 0.34404 0.62674 0.72164 0.55261 1.084
0.09814 0.34439 0.62739 0.72240 0.55450 1.014
0.09825 0.34475 0.62804 0.72315 0.55640 1.040
0.09835 0.34511 0.62869 0.72390 0.55829 0.957
0.09845 0.34547 0.62935 0.72465 0.56019 1.007
0.09855 0.34583 0.63000 0.72540 0.56209 1.100
0.09865 0.34619 0.63065 0.72615 0.56398 1.057
0.09876 0.34654 0.63131 0.72691 0.56588 0.988
0.09886 0.34690 0.63196 0.72766 0.56778 0.732
0.09896 0.34726 0.63261 0.72841 0.56967 1.135
0.09906 0.34762 0.63326 0.72916 0.57157 1.129
0.09917 0.34798 0.63392 0.72991 0.57347 0.768
0.09927 0.34834 0.63457 0.73066 0.57536 0.841
0.09937 0.34869 0.63522 0.73142 0.57726 0.905
0.09947 0.34905 0.63588 0.73217 0.57916 0.736
0.09957 0.34941 0.63653 0.73292 0.58105 0.730
0.09968 0.34977 0.63718 0.73367 0.58295 0.511
0.09978 0.35013 0.63784 0.73442 0.58485 0.805
0.09988 0.35049 0.63849 0.73518 0.58674 0.916
0.09998 0.35085 0.63914 0.73593 0.58864 0.804
0.10009 0.35120 0.63979 0.73668 0.59054 0.954
0.10019 0.35156 0.64045 0.73743 0.59244 0.991
0.10029 0.35192 0.64110 0.73819 0.59433 1.093
0.10039 0.35228 0.64175 0.73894 0.59623 0.948
0.10049 0.35264 0.64241 0.73969 0.59813 1.137
0.10060 0.35300 0.64306 0.74044 0.60003 1.099
0.10070 0.35336 0.64371 0.74119 0.60192 1.021
0.10080 0.35371 0.64437 0.74195 0.60382 1.064
0.10090 0.35407 0.64502 0.74270 0.60572 0.883
0.10100 0.35443 0.64567 0.74345 0.60762 0.881
0.10111 0.35479 0.64633 0.74420 0.60951 1.098
0.10121 0.35515 0.64698 0.74496 0.61141 1.195
0.10131 0.35551 0.64763 0.74571 0.61331 0.750
0.10141 0.35587 0.64829 0.74646 0.61521 1.109
0.10152 0.35623 0.64894 0.74721 0.61711 0.736
0.10162 0.35658 0.64960 0.74797 0.61900 1.343
0.10172 0.35694 0.65025 0.74872 0.62090 0.983
0.10182 0.35730 0.65090 0.74947 0.62280 1.225
0.10192 0.35766 0.65156 0.75022 0.62470 1.186
0.10203 0.35802 0.65221 0.75098 0.62660 0.879
0.10213 0.35838 0.65286 0.75173 0.62850 0.837
0.10223 0.35874 0.65352 0.75248 0.63040 1.109
0.10233 0.35910 0.65417 0.75323 0.63229 0.811
0.10244 0.35945 0.65482 0.75399 0.63419 0.897
0.10254 0.35981 0.65548 0.75474 0.63609 0.801
0.10264 0.36017 0.65613 0.75549 0.63799 1.080
0.10274 0.36053 0.65679 0.75624 0.63989 1.005
0.10285 0.36089 0.65744 0.75700 0.64179 0.834
0.10295 0.36125 0.65809 0.75775 0.64369 1.394
0.10305 0.36161 0.65875 0.75850 0.64559 0.962
0.10315 0.36197 0.65940 0.75926 0.64749 0.876
0.10325 0.36233 0.66005 0.76001 0.64939 1.392
0.10336 0.36268 0.66071 0.76076 0.65129 0.955
0.10346 0.36304 0.66136 0.76151 0.65318 0.959
0.10356 0.36340 0.66202 0.76227 0.65508 0.923
0.10366 0.36376 0.66267 0.76302 0.65698 0.884
0.10377 0.36412 0.66332 0.76377 0.65888 1.279
0.10387 0.36448 0.66398 0.76453 0.66078 1.091
0.10397 0.36484 0.66463 0.76528 0.66268 1.029
0.10407 0.36520 0.66529 0.76603 0.66458 0.956
0.10418 0.36556 0.66594 0.76679 0.66648 0.992
0.10428 0.36592 0.66660 0.76754 0.66838 0.953
0.10438 0.36627 0.66725 0.76829 0.67028 0.625
0.10448 0.36663 0.66790 0.76905 0.67218 1.130
0.10458 0.36699 0.66856 0.76980 0.67408 1.021
0.10469 0.36735 0.66921 0.77055 0.67598 0.955
0.10479 0.36771 0.66987 0.77131 0.67788 0.772
0.10489 0.36807 0.67052 0.77206 0.67978 1.245
0.10499 0.36843 0.67117 0.77281 0.68168 1.138
0.10510 0.36879 0.67183 0.77357 0.68358 1.242
0.10520 0.36915 0.67248 0.77432 0.68549 0.879
0.10530 0.36951 0.67314 0.77507 0.68739 1.275
0.10540 0.36987 0.67379 0.77583 0.68929 0.953
0.10551 0.37023 0.67445 0.77658 0.69119 1.236
0.10561 0.37058 0.67510 0.77733 0.69309 1.061
0.10571 0.37094 0.67576 0.77809 0.69499 1.172
0.10581 0.37130 0.67641 0.77884 0.69689 0.624
0.10592 0.37166 0.67706 0.77959 0.69879 0.876
0.10602 0.37202 0.67772 0.78035 0.70069 0.985
0.10612 0.37238 0.67837 0.78110 0.70259 0.761
0.10622 0.37274 0.67903 0.78186 0.70449 0.912
0.10632 0.37310 0.67968 0.78261 0.70640 1.282
0.10643 0.37346 0.68034 0.78336 0.70830 0.948
0.10653 0.37382 0.68099 0.78412 0.71020 1.020
0.10663 0.37418 0.68165 0.78487 0.71210 1.230
0.10673 0.37454 0.68230 0.78562 0.71400 0.924
0.10684 0.37490 0.68296 0.78638 0.71590 0.788
0.10694 0.37526 0.68361 0.78713 0.71781 0.962
0.10704 0.37562 0.68427 0.78789 0.71971 1.215
0.10714 0.37597 0.68492 0.78864 0.72161 0.743
0.10725 0.37633 0.68557 0.78939 0.72351 1.563
0.10735 0.37669 0.68623 0.79015 0.72541 0.888
0.10745 0.37705 0.68688 0.79090 0.72732 0.806
0.10755 0.37741 0.68754 0.79166 0.72922 0.895
0.10766 0.37777 0.68819 0.79241 0.73112 1.356
0.10776 0.37813 0.68885 0.79316 0.73302 1.037
0.10786 0.37849 0.68950 0.79392 0.73492 1.424
0.10796 0.37885 0.69016 0.79467 0.73683 0.869
0.10807 0.37921 0.69081 0.79543 0.73873 0.731
0.10817 0.37957 0.69147 0.79618 0.74063 1.244
0.10827 0.37993 0.69212 0.79693 0.74253 1.174
0.10837 0.38029 0.69278 0.79769 0.74444 1.066
0.10848 0.38065 0.69343 0.79844 0.74634 0.992
0.10858 0.38101 0.69409 0.79920 0.74824 1.141
0.10868 0.38137 0.69474 0.79995 0.75015 1.136
0.10878 0.38173 0.69540 0.80071 0.75205 1.136
0.10889 0.38209 0.69605 0.80146 0.75395 0.628
0.10899 0.38245 0.69671 0.80221 0.75585 0.838
0.10909 0.38281 0.69736 0.80297 0.75776 1.145
0.10919 0.38317 0.69802 0.80372 0.75966 0.851
0.10930 0.38353 0.69868 0.80448 0.76156 0.848
0.10940 0.38389 0.69933 0.80523 0.76347 1.074
0.10950 0.38424 0.69999 0.80599 0.76537 1.147
0.10960 0.38460 0.70064 0.80674 0.76727 1.075
0.10971 0.38496 0.70130 0.80750 0.76918 1.363
0.10981 0.38532 0.70195 0.80825 0.77108 0.667
0.10991 0.38568 0.70261 0.80901 0.77298 1.037
0.11001 0.38604 0.70326 0.80976 0.77489 0.961
0.11012 0.38640 0.70392 0.81051 0.77679 1.140
0.11022 0.38676 0.70457 0.81127 0.77870 0.935
0.11032 0.38712 0.70523 0.81202 0.78060 1.076
0.11042 0.38748 0.70588 0.81278 0.78250 1.215
0.11053 0.38784 0.70654 0.81353 0.78441 0.960
0.11063 0.38820 0.70720 0.81429 0.78631 0.963
0.11073 0.38856 0.70785 0.81504 0.78822 0.816
0.11083 0.38892 0.70851 0.81580 0.79012 1.011
0.11094 0.38928 0.70916 0.81655 0.79203 1.082
0.11104 0.38964 0.70982 0.81731 0.79393 0.626
0.11114 0.39000 0.71047 0.81806 0.79583 1.227
0.11124 0.39036 0.71113 0.81882 0.79774 0.741
0.11135 0.39072 0.71179 0.81957 0.79964 0.973
0.11145 0.39108 0.71244 0.82033 0.80155 0.901
0.11155 0.39144 0.71310 0.82108 0.80345 0.935
0.11165 0.39180 0.71375 0.82184 0.80536 0.744
0.11176 0.39216 0.71441 0.82259 0.80726 0.686
0.11186 0.39252 0.71506 0.82335 0.80917 0.872
0.11196 0.39288 0.71572 0.82410 0.81107 0.572
0.11206 0.39324 0.71638 0.82486 0.81298 1.182
0.11217 0.39360 0.71703 0.82561 0.81488 0.798
0.11227 0.39396 0.71769 0.82637 0.81679 1.303
0.11237 0.39432 0.71834 0.82712 0.81869 1.018
0.11248 0.39468 0.71900 0.82788 0.82060 1.089
0.11258 0.39504 0.71966 0.82864 0.82250 0.958
0.11268 0.39540 0.72031 0.82939 0.82441 0.801
0.11278 0.39576 0.72097 0.83015 0.82631 0.714
0.11289 0.39612 0.72162 0.83090 0.82822 0.783
0.11299 0.39648 0.72228 0.83166 0.83013 1.114
0.11309 0.39684 0.72294 0.83241 0.83203 1.224
0.11319 0.39720 0.72359 0.83317 0.83394 0.891
0.11330 0.39756 0.72425 0.83392 0.83584 0.858
0.11340 0.39792 0.72490 0.83468 0.83775 0.822
0.11350 0.39828 0.72556 0.83543 0.83966 1.114
0.11360 0.39864 0.72622 0.83619 0.84156 0.887
0.11371 0.39900 0.72687 0.83695 0.84347 1.010
0.11381 0.39936 0.72753 0.83770 0.84537 1.052
0.11391 0.39972 0.72819 0.83846 0.84728 1.058
0.11401 0.40009 0.72884 0.83921 0.84919 0.706
0.11412 0.40045 0.72950 0.83997 0.85109 0.957
0.11422 0.40081 0.73015 0.84072 0.85300 0.984
0.11432 0.40117 0.73081 0.84148 0.85491 1.094
0.11443 0.40153 0.73147 0.84224 0.85681 1.066
0.11453 0.40189 0.73212 0.84299 0.85872 0.724
0.11463 0.40225 0.73278 0.84375 0.86063 1.082
0.11473 0.40261 0.73344 0.84450 0.86253 0.870
0.11484 0.40297 0.73409 0.84526 0.86444 1.036
0.11494 0.40333 0.73475 0.84602 0.86635 0.841
0.11504 0.40369 0.73541 0.84677 0.86825 1.225
0.11514 0.40405 0.73606 0.84753 0.87016 0.951
0.11525 0.40441 0.73672 0.84828 0.87207 0.681
0.11535 0.40477 0.73738 0.84904 0.87398 0.862
0.11545 0.40513 0.73803 0.84980 0.87588 0.980
0.11556 0.40549 0.73869 0.85055 0.87779 0.879
0.11566 0.40585 0.73935 0.85131 0.87970 1.376
0.11576 0.40621 0.74000 0.85206 0.88160 0.813
0.11586 0.40657 0.74066 0.85282 0.88351 1.087
0.11597 0.40693 0.74132 0.85358 0.88542 1.065
0.11607 0.40729 0.74197 0.85433 0.88733 1.107
0.11617 0.40765 0.74263 0.85509 0.88924 1.294
0.11627 0.40801 0.74329 0.85585 0.89114 0.793
0.11638 0.40837 0.74394 0.85660 0.89305 0.898
0.11648 0.40874 0.74460 0.85736 0.89496 1.197
0.11658 0.40910 0.74526 0.85811 0.89687 0.777
0.11669 0.40946 0.74591 0.85887 0.89878 0.621
0.11679 0.40982 0.74657 0.85963 0.90068 0.890
0.11689 0.41018 0.74723 0.86038 0.90259 0.973
0.11699 0.41054 0.74789 0.86114 0.90450 0.894
0.11710 0.41090 0.74854 0.86190 0.90641 1.237
0.11720 0.41126 0.74920 0.86265 0.90832 1.006
0.11730 0.41162 0.74986 0.86341 0.91023 0.858
0.11741 0.41198 0.75051 0.86417 0.91213 0.672
0.11751 0.41234 0.75117 0.86492 0.91404 0.559
0.11761 0.41270 0.75183 0.86568 0.91595 1.056
0.11771 0.41306 0.75249 0.86644 0.91786 0.903
0.11782 0.41342 0.75314 0.86719 0.91977 1.053
0.11792 0.41378 0.75380 0.86795 0.92168 0.973
0.11802 0.41415 0.75446 0.86871 0.92359 1.051
0.11812 0.41451 0.75511 0.86946 0.92550 0.927
0.11823 0.41487 0.75577 0.87022 0.92740 1.052
0.11833 0.41523 0.75643 0.87098 0.92931 1.236
0.11843 0.41559 0.75709 0.87173 0.93122 0.897
0.11854 0.41595 0.75774 0.87249 0.93313 1.122
0.11864 0.41631 0.75840 0.87325 0.93504 1.198
0.11874 0.41667 0.75906 0.87400 0.93695 0.821
0.11884 0.41703 0.75972 0.87476 0.93886 1.205
0.11895 0.41739 0.76037 0.87552 0.94077 1.091
0.11905 0.41775 0.76103 0.87628 0.94268 0.934
0.11915 0.41811 0.76169 0.87703 0.94459 0.827
0.11926 0.41848 0.76235 0.87779 0.94650 0.661
0.11936 0.41884 0.76300 0.87855 0.94841 0.787
0.11946 0.41920 0.76366 0.87930 0.95032 1.256
0.11956 0.41956 0.76432 0.88006 0.95223 1.132
0.11967 0.41992 0.76498 0.88082 0.95414 0.827
0.11977 0.42028 0.76563 0.88157 0.95605 0.746
0.11987 0.42064 0.76629 0.88233 0.95796 0.912
0.11998 0.42100 0.76695 0.88309 0.95987 0.871
0.12008 0.42136 0.76761 0.88385 0.96178 1.066
0.12018 0.42172 0.76826 0.88460 0.96369 0.876
0.12028 0.42209 0.76892 0.88536 0.96560 1.183
0.12039 0.42245 0.76958 0.88612 0.96751 1.259
0.12049 0.42281 0.77024 0.88688 0.96942 0.789
0.12059 0.42317 0.77089 0.88763 0.97133 0.864
0.12070 0.42353 0.77155 0.88839 0.97324 0.948
0.12080 0.42389 0.77221 0.88915 0.97515 1.078
0.12090 0.42425 0.77287 0.88991 0.97706 0.913
0.12100 0.42461 0.77353 0.89066 0.97898 1.294
0.12111 0.42497 0.77418 0.89142 0.98089 0.937
0.12121 0.42534 0.77484 0.89218 0.98280 1.244
0.12131 0.42570 0.77550 0.89294 0.98471 0.945
0.12142 0.42606 0.77616 0.89369 0.98662 0.997
0.12152 0.42642 0.77682 0.89445 0.98853 0.761
0.12162 0.42678 0.77747 0.89521 0.99044 1.000
0.12173 0.42714 0.77813 0.89597 0.99235 1.077
0.12183 0.42750 0.77879 0.89672 0.99427 1.198
0.12193 0.42786 0.77945 0.89748 0.99618 1.466
0.12203 0.42823 0.78011 0.89824 0.99809 1.090
0.12214 0.42859 0.78076 0.89900 1.00000 1.323
