x y z dist_scaled dist_frac flux_norm
0.31774 0.23893 0.30748 0.50258 0.00000 1.100
0.31821 0.23928 0.30794 0.50333 0.00188 1.128
0.31868 0.23963 0.30839 0.50407 0.00375 0.992
0.31915 0.23999 0.30885 0.50481 0.00563 0.912
0.31962 0.24034 0.30930 0.50556 0.00751 1.099
0.32009 0.24070 0.30976 0.50630 0.00938 0.885
0.32056 0.24105 0.31021 0.50705 0.01126 0.912
0.32103 0.24140 0.31067 0.50779 0.01313 1.127
0.32150 0.24176 0.31112 0.50853 0.01501 1.287
0.32197 0.24211 0.31158 0.50928 0.01689 1.204
0.32244 0.24246 0.31203 0.51002 0.01876 1.338
0.32291 0.24282 0.31249 0.51077 0.02064 1.473
0.32338 0.24317 0.31294 0.51151 0.02252 0.882
0.32385 0.24352 0.31340 0.51225 0.02440 0.908
0.32432 0.24388 0.31385 0.51300 0.02627 1.175
0.32479 0.24423 0.31431 0.51374 0.02815 1.068
0.32526 0.24459 0.31477 0.51449 0.03003 1.175
0.32573 0.24494 0.31522 0.51523 0.03190 1.095
0.32620 0.24529 0.31568 0.51597 0.03378 0.907
0.32667 0.24565 0.31613 0.51672 0.03566 0.907
0.32714 0.24600 0.31659 0.51746 0.03754 1.068
0.32762 0.24636 0.31704 0.51821 0.03941 0.961
0.32809 0.24671 0.31750 0.51895 0.04129 0.881
0.32856 0.24706 0.31795 0.51970 0.04317 1.014
0.32903 0.24742 0.31841 0.52044 0.04505 1.039
0.32950 0.24777 0.31886 0.52118 0.04692 1.147
0.32997 0.24812 0.31932 0.52193 0.04880 0.906
0.33044 0.24848 0.31977 0.52267 0.05068 1.119
0.33091 0.24883 0.32023 0.52342 0.05256 1.038
0.33138 0.24919 0.32069 0.52416 0.05444 0.773
0.33185 0.24954 0.32114 0.52491 0.05631 0.960
0.33232 0.24989 0.32160 0.52565 0.05819 0.988
0.33279 0.25025 0.32205 0.52640 0.06007 0.668
0.33326 0.25060 0.32251 0.52714 0.06195 0.880
0.33373 0.25096 0.32296 0.52788 0.06383 0.933
0.33420 0.25131 0.32342 0.52863 0.06571 0.825
0.33468 0.25166 0.32387 0.52937 0.06758 0.986
0.33515 0.25202 0.32433 0.53012 0.06946 1.066
0.33562 0.25237 0.32479 0.53086 0.07134 1.198
0.33609 0.25273 0.32524 0.53161 0.07322 1.277
0.33656 0.25308 0.32570 0.53235 0.07510 0.877
0.33703 0.25343 0.32615 0.53310 0.07698 1.063
0.33750 0.25379 0.32661 0.53384 0.07886 1.225
0.33797 0.25414 0.32706 0.53459 0.08074 0.985
0.33844 0.25450 0.32752 0.53533 0.08261 1.117
0.33891 0.25485 0.32798 0.53608 0.08449 1.143
0.33938 0.25520 0.32843 0.53682 0.08637 1.037
0.33986 0.25556 0.32889 0.53757 0.08825 1.143
0.34033 0.25591 0.32934 0.53831 0.09013 0.876
0.34080 0.25627 0.32980 0.53906 0.09201 0.715
0.34127 0.25662 0.33025 0.53980 0.09389 0.846
0.34174 0.25698 0.33071 0.54055 0.09577 0.766
0.34221 0.25733 0.33117 0.54129 0.09765 1.005
0.34268 0.25768 0.33162 0.54204 0.09953 1.057
0.34315 0.25804 0.33208 0.54278 0.10141 0.952
0.34362 0.25839 0.33253 0.54353 0.10329 1.137
0.34409 0.25875 0.33299 0.54427 0.10517 1.215
0.34457 0.25910 0.33345 0.54502 0.10705 1.346
0.34504 0.25946 0.33390 0.54576 0.10893 1.055
0.34551 0.25981 0.33436 0.54651 0.11081 0.869
0.34598 0.26016 0.33481 0.54725 0.11269 0.817
0.34645 0.26052 0.33527 0.54800 0.11457 0.974
0.34692 0.26087 0.33573 0.54874 0.11645 1.000
0.34739 0.26123 0.33618 0.54949 0.11833 1.157
0.34786 0.26158 0.33664 0.55024 0.12021 1.025
0.34834 0.26194 0.33709 0.55098 0.12209 0.894
0.34881 0.26229 0.33755 0.55173 0.12397 0.788
0.34928 0.26264 0.33801 0.55247 0.12585 0.946
0.34975 0.26300 0.33846 0.55322 0.12773 1.315
0.35022 0.26335 0.33892 0.55396 0.12961 0.814
0.35069 0.26371 0.33937 0.55471 0.13149 0.918
0.35116 0.26406 0.33983 0.55545 0.13338 0.682
0.35164 0.26442 0.34029 0.55620 0.13526 0.998
0.35211 0.26477 0.34074 0.55695 0.13714 1.077
0.35258 0.26513 0.34120 0.55769 0.13902 1.025
0.35305 0.26548 0.34166 0.55844 0.14090 1.129
0.35352 0.26584 0.34211 0.55918 0.14278 1.155
0.35399 0.26619 0.34257 0.55993 0.14466 0.789
0.35446 0.26654 0.34302 0.56067 0.14654 1.156
0.35494 0.26690 0.34348 0.56142 0.14843 1.156
0.35541 0.26725 0.34394 0.56217 0.15031 0.972
0.35588 0.26761 0.34439 0.56291 0.15219 0.605
0.35635 0.26796 0.34485 0.56366 0.15407 1.130
0.35682 0.26832 0.34531 0.56440 0.15595 0.999
0.35729 0.26867 0.34576 0.56515 0.15783 1.051
0.35776 0.26903 0.34622 0.56590 0.15972 0.945
0.35824 0.26938 0.34667 0.56664 0.16160 0.710
0.35871 0.26974 0.34713 0.56739 0.16348 0.996
0.35918 0.27009 0.34759 0.56813 0.16536 1.022
0.35965 0.27045 0.34804 0.56888 0.16724 0.656
0.36012 0.27080 0.34850 0.56963 0.16913 0.943
0.36059 0.27115 0.34896 0.57037 0.17101 1.126
0.36107 0.27151 0.34941 0.57112 0.17289 1.127
0.36154 0.27186 0.34987 0.57186 0.17477 0.889
0.36201 0.27222 0.35033 0.57261 0.17665 0.836
0.36248 0.27257 0.35078 0.57336 0.17854 0.810
0.36295 0.27293 0.35124 0.57410 0.18042 1.096
0.36343 0.27328 0.35170 0.57485 0.18230 0.966
0.36390 0.27364 0.35215 0.57560 0.18419 0.966
0.36437 0.27399 0.35261 0.57634 0.18607 0.991
0.36484 0.27435 0.35307 0.57709 0.18795 1.306
0.36531 0.27470 0.35352 0.57784 0.18983 0.888
0.36579 0.27506 0.35398 0.57858 0.19172 0.810
0.36626 0.27541 0.35444 0.57933 0.19360 0.704
0.36673 0.27577 0.35489 0.58007 0.19548 1.094
0.36720 0.27612 0.35535 0.58082 0.19737 1.119
0.36767 0.27648 0.35581 0.58157 0.19925 0.832
0.36814 0.27683 0.35626 0.58231 0.20113 1.196
0.36862 0.27719 0.35672 0.58306 0.20302 1.091
0.36909 0.27754 0.35718 0.58381 0.20490 1.142
0.36956 0.27790 0.35763 0.58455 0.20678 1.011
0.37003 0.27825 0.35809 0.58530 0.20867 1.037
0.37051 0.27861 0.35855 0.58605 0.21055 1.167
0.37098 0.27896 0.35900 0.58679 0.21243 1.114
0.37145 0.27932 0.35946 0.58754 0.21432 1.009
0.37192 0.27967 0.35992 0.58829 0.21620 1.087
0.37239 0.28003 0.36038 0.58904 0.21809 0.750
0.37287 0.28038 0.36083 0.58978 0.21997 1.217
0.37334 0.28074 0.36129 0.59053 0.22185 1.036
0.37381 0.28109 0.36175 0.59128 0.22374 0.984
0.37428 0.28145 0.36220 0.59202 0.22562 1.140
0.37475 0.28180 0.36266 0.59277 0.22751 1.140
0.37523 0.28216 0.36312 0.59352 0.22939 1.060
0.37570 0.28251 0.36357 0.59426 0.23128 1.034
0.37617 0.28287 0.36403 0.59501 0.23316 0.955
0.37664 0.28322 0.36449 0.59576 0.23504 0.826
0.37712 0.28358 0.36495 0.59650 0.23693 0.827
0.37759 0.28393 0.36540 0.59725 0.23881 0.905
0.37806 0.28429 0.36586 0.59800 0.24070 0.956
0.37853 0.28464 0.36632 0.59875 0.24258 0.569
0.37901 0.28500 0.36677 0.59949 0.24447 0.931
0.37948 0.28535 0.36723 0.60024 0.24635 0.775
0.37995 0.28571 0.36769 0.60099 0.24824 0.776
0.38042 0.28606 0.36815 0.60174 0.25012 0.620
0.38090 0.28642 0.36860 0.60248 0.25201 1.007
0.38137 0.28678 0.36906 0.60323 0.25389 0.749
0.38184 0.28713 0.36952 0.60398 0.25578 1.084
0.38231 0.28749 0.36997 0.60472 0.25766 0.827
0.38279 0.28784 0.37043 0.60547 0.25955 0.956
0.38326 0.28820 0.37089 0.60622 0.26144 0.826
0.38373 0.28855 0.37135 0.60697 0.26332 0.851
0.38420 0.28891 0.37180 0.60771 0.26521 0.945
0.38468 0.28926 0.37226 0.60846 0.26709 1.187
0.38515 0.28962 0.37272 0.60921 0.26898 0.930
0.38562 0.28997 0.37318 0.60996 0.27086 0.750
0.38609 0.29033 0.37363 0.61070 0.27275 0.749
0.38657 0.29068 0.37409 0.61145 0.27464 0.594
0.38704 0.29104 0.37455 0.61220 0.27652 1.057
0.38751 0.29139 0.37500 0.61295 0.27841 1.108
0.38798 0.29175 0.37546 0.61370 0.28029 0.929
0.38846 0.29211 0.37592 0.61444 0.28218 0.748
0.38893 0.29246 0.37638 0.61519 0.28407 1.055
0.38940 0.29282 0.37683 0.61594 0.28595 0.747
0.38988 0.29317 0.37729 0.61669 0.28784 0.771
0.39035 0.29353 0.37775 0.61743 0.28973 0.849
0.39082 0.29388 0.37821 0.61818 0.29161 1.028
0.39129 0.29424 0.37867 0.61893 0.29350 0.746
0.39177 0.29459 0.37912 0.61968 0.29539 0.876
0.39224 0.29495 0.37958 0.62043 0.29727 1.080
0.39271 0.29531 0.38004 0.62117 0.29916 1.310
0.39318 0.29566 0.38050 0.62192 0.30105 0.977
0.39366 0.29602 0.38095 0.62267 0.30293 0.951
0.39413 0.29637 0.38141 0.62342 0.30482 0.977
0.39460 0.29673 0.38187 0.62417 0.30671 1.054
0.39508 0.29708 0.38233 0.62491 0.30859 1.053
0.39555 0.29744 0.38278 0.62566 0.31048 1.129
0.39602 0.29780 0.38324 0.62641 0.31237 0.668
0.39650 0.29815 0.38370 0.62716 0.31426 1.000
0.39697 0.29851 0.38416 0.62791 0.31614 0.976
0.39744 0.29886 0.38461 0.62866 0.31803 0.924
0.39791 0.29922 0.38507 0.62940 0.31992 1.052
0.39839 0.29957 0.38553 0.63015 0.32181 1.434
0.39886 0.29993 0.38599 0.63090 0.32369 0.898
0.39933 0.30029 0.38645 0.63165 0.32558 1.102
0.39981 0.30064 0.38690 0.63240 0.32747 1.000
0.40028 0.30100 0.38736 0.63315 0.32936 1.024
0.40075 0.30135 0.38782 0.63389 0.33125 1.099
0.40123 0.30171 0.38828 0.63464 0.33313 0.819
0.40170 0.30206 0.38874 0.63539 0.33502 0.946
0.40217 0.30242 0.38919 0.63614 0.33691 1.022
0.40265 0.30278 0.38965 0.63689 0.33880 1.099
0.40312 0.30313 0.39011 0.63764 0.34069 1.225
0.40359 0.30349 0.39057 0.63838 0.34258 1.072
0.40407 0.30384 0.39103 0.63913 0.34446 1.123
0.40454 0.30420 0.39148 0.63988 0.34635 1.046
0.40501 0.30456 0.39194 0.64063 0.34824 1.146
0.40549 0.30491 0.39240 0.64138 0.35013 0.917
0.40596 0.30527 0.39286 0.64213 0.35202 1.144
0.40643 0.30562 0.39332 0.64288 0.35391 1.093
0.40691 0.30598 0.39377 0.64363 0.35580 1.120
0.40738 0.30634 0.39423 0.64437 0.35769 0.941
0.40785 0.30669 0.39469 0.64512 0.35957 0.940
0.40833 0.30705 0.39515 0.64587 0.36146 0.890
0.40880 0.30740 0.39561 0.64662 0.36335 0.967
0.40927 0.30776 0.39606 0.64737 0.36524 0.941
0.40975 0.30812 0.39652 0.64812 0.36713 0.965
0.41022 0.30847 0.39698 0.64887 0.36902 1.218
0.41069 0.30883 0.39744 0.64962 0.37091 0.609
0.41117 0.30918 0.39790 0.65037 0.37280 0.863
0.41164 0.30954 0.39836 0.65111 0.37469 1.091
0.41211 0.30990 0.39881 0.65186 0.37658 1.015
0.41259 0.31025 0.39927 0.65261 0.37847 0.634
0.41306 0.31061 0.39973 0.65336 0.38036 0.988
0.41354 0.31096 0.40019 0.65411 0.38225 0.608
0.41401 0.31132 0.40065 0.65486 0.38414 0.912
0.41448 0.31168 0.40111 0.65561 0.38603 0.912
0.41496 0.31203 0.40156 0.65636 0.38792 0.734
0.41543 0.31239 0.40202 0.65711 0.38981 0.886
0.41590 0.31274 0.40248 0.65786 0.39170 0.836
0.41638 0.31310 0.40294 0.65861 0.39359 1.266
0.41685 0.31346 0.40340 0.65936 0.39548 0.860
0.41732 0.31381 0.40386 0.66011 0.39737 1.190
0.41780 0.31417 0.40431 0.66085 0.39926 0.910
0.41827 0.31453 0.40477 0.66160 0.40115 0.658
0.41875 0.31488 0.40523 0.66235 0.40304 0.834
0.41922 0.31524 0.40569 0.66310 0.40493 1.061
0.41969 0.31560 0.40615 0.66385 0.40682 0.732
0.42017 0.31595 0.40661 0.66460 0.40871 0.604
0.42064 0.31631 0.40707 0.66535 0.41060 0.833
0.42112 0.31666 0.40752 0.66610 0.41249 1.060
0.42159 0.31702 0.40798 0.66685 0.41438 0.985
0.42206 0.31738 0.40844 0.66760 0.41628 1.162
0.42254 0.31773 0.40890 0.66835 0.41817 0.834
0.42301 0.31809 0.40936 0.66910 0.42006 0.832
0.42349 0.31845 0.40982 0.66985 0.42195 1.111
0.42396 0.31880 0.41028 0.67060 0.42384 0.782
0.42443 0.31916 0.41074 0.67135 0.42573 0.669
0.42491 0.31952 0.41119 0.67210 0.42762 0.788
0.42538 0.31987 0.41165 0.67285 0.42951 1.284
0.42586 0.32023 0.41211 0.67360 0.43141 0.780
0.42633 0.32058 0.41257 0.67435 0.43330 0.901
0.42680 0.32094 0.41303 0.67510 0.43519 1.383
0.42728 0.32130 0.41349 0.67585 0.43708 1.282
0.42775 0.32165 0.41395 0.67660 0.43897 0.776
0.42823 0.32201 0.41441 0.67735 0.44087 1.316
0.42870 0.32237 0.41486 0.67810 0.44276 0.971
0.42917 0.32272 0.41532 0.67885 0.44465 1.144
0.42965 0.32308 0.41578 0.67960 0.44654 0.866
0.43012 0.32344 0.41624 0.68035 0.44843 1.134
0.43060 0.32379 0.41670 0.68110 0.45033 1.087
0.43107 0.32415 0.41716 0.68185 0.45222 0.877
0.43155 0.32451 0.41762 0.68260 0.45411 1.187
0.43202 0.32486 0.41808 0.68335 0.45600 1.294
0.43249 0.32522 0.41854 0.68410 0.45790 0.851
0.43297 0.32558 0.41899 0.68485 0.45979 0.876
0.43344 0.32593 0.41945 0.68560 0.46168 1.004
0.43392 0.32629 0.41991 0.68635 0.46357 0.828
0.43439 0.32665 0.42037 0.68710 0.46547 0.878
0.43487 0.32700 0.42083 0.68785 0.46736 0.627
0.43534 0.32736 0.42129 0.68860 0.46925 1.206
0.43581 0.32772 0.42175 0.68935 0.47114 1.183
0.43629 0.32807 0.42221 0.69010 0.47304 1.058
0.43676 0.32843 0.42267 0.69085 0.47493 0.631
0.43724 0.32879 0.42313 0.69160 0.47682 1.210
0.43771 0.32914 0.42359 0.69235 0.47872 1.060
0.43819 0.32950 0.42405 0.69310 0.48061 1.260
0.43866 0.32986 0.42450 0.69385 0.48250 0.959
0.43914 0.33021 0.42496 0.69461 0.48440 1.111
0.43961 0.33057 0.42542 0.69536 0.48629 1.086
0.44009 0.33093 0.42588 0.69611 0.48818 0.885
0.44056 0.33129 0.42634 0.69686 0.49008 1.035
0.44103 0.33164 0.42680 0.69761 0.49197 1.177
0.44151 0.33200 0.42726 0.69836 0.49387 1.040
0.44198 0.33236 0.42772 0.69911 0.49576 1.038
0.44246 0.33271 0.42818 0.69986 0.49765 1.015
0.44293 0.33307 0.42864 0.70061 0.49955 0.701
0.44341 0.33343 0.42910 0.70136 0.50144 0.914
0.44388 0.33378 0.42956 0.70211 0.50334 0.792
0.44436 0.33414 0.43002 0.70286 0.50523 0.996
0.44483 0.33450 0.43048 0.70361 0.50712 0.867
0.44531 0.33485 0.43093 0.70437 0.50902 0.952
0.44578 0.33521 0.43139 0.70512 0.51091 0.886
0.44626 0.33557 0.43185 0.70587 0.51281 0.730
0.44673 0.33593 0.43231 0.70662 0.51470 1.146
0.44721 0.33628 0.43277 0.70737 0.51660 1.023
0.44768 0.33664 0.43323 0.70812 0.51849 1.344
0.44816 0.33700 0.43369 0.70887 0.52039 0.946
0.44863 0.33735 0.43415 0.70962 0.52228 1.033
0.44911 0.33771 0.43461 0.71037 0.52418 1.074
0.44958 0.33807 0.43507 0.71112 0.52607 0.774
0.45005 0.33843 0.43553 0.71188 0.52797 0.933
0.45053 0.33878 0.43599 0.71263 0.52986 0.963
0.45100 0.33914 0.43645 0.71338 0.53176 1.006
0.45148 0.33950 0.43691 0.71413 0.53365 1.048
0.45195 0.33985 0.43737 0.71488 0.53555 0.576
0.45243 0.34021 0.43783 0.71563 0.53744 0.533
0.45290 0.34057 0.43829 0.71638 0.53934 0.917
0.45338 0.34093 0.43875 0.71714 0.54123 0.788
0.45385 0.34128 0.43921 0.71789 0.54313 0.700
0.45433 0.34164 0.43967 0.71864 0.54502 0.742
0.45481 0.34200 0.44013 0.71939 0.54692 1.168
0.45528 0.34235 0.44059 0.72014 0.54882 0.784
0.45576 0.34271 0.44105 0.72089 0.55071 1.039
0.45623 0.34307 0.44151 0.72164 0.55261 1.251
0.45671 0.34343 0.44197 0.72240 0.55450 1.137
0.45718 0.34378 0.44243 0.72315 0.55640 1.080
0.45766 0.34414 0.44289 0.72390 0.55829 0.904
0.45813 0.34450 0.44335 0.72465 0.56019 1.279
0.45861 0.34486 0.44381 0.72540 0.56209 1.079
0.45908 0.34521 0.44427 0.72615 0.56398 1.004
0.45956 0.34557 0.44473 0.72691 0.56588 1.030
0.46003 0.34593 0.44519 0.72766 0.56778 0.905
0.46051 0.34629 0.44565 0.72841 0.56967 1.004
0.46098 0.34664 0.44611 0.72916 0.57157 1.080
0.46146 0.34700 0.44657 0.72991 0.57347 1.180
0.46193 0.34736 0.44703 0.73066 0.57536 1.077
0.46241 0.34772 0.44749 0.73142 0.57726 1.052
0.46288 0.34807 0.44795 0.73217 0.57916 0.851
0.46336 0.34843 0.44841 0.73292 0.58105 0.851
0.46383 0.34879 0.44887 0.73367 0.58295 0.626
0.46431 0.34915 0.44933 0.73442 0.58485 1.051
0.46479 0.34950 0.44979 0.73518 0.58674 1.177
0.46526 0.34986 0.45025 0.73593 0.58864 0.801
0.46574 0.35022 0.45071 0.73668 0.59054 0.953
0.46621 0.35058 0.45117 0.73743 0.59244 1.104
0.46669 0.35093 0.45163 0.73819 0.59433 0.829
0.46716 0.35129 0.45209 0.73894 0.59623 0.929
0.46764 0.35165 0.45255 0.73969 0.59813 0.979
0.46811 0.35201 0.45301 0.74044 0.60003 0.829
0.46859 0.35236 0.45347 0.74119 0.60192 0.855
0.46907 0.35272 0.45393 0.74195 0.60382 1.105
0.46954 0.35308 0.45439 0.74270 0.60572 0.905
0.47002 0.35344 0.45485 0.74345 0.60762 0.981
0.47049 0.35379 0.45531 0.74420 0.60951 0.930
0.47097 0.35415 0.45577 0.74496 0.61141 0.729
0.47144 0.35451 0.45623 0.74571 0.61331 0.956
0.47192 0.35487 0.45669 0.74646 0.61521 1.032
0.47240 0.35522 0.45715 0.74721 0.61711 0.806
0.47287 0.35558 0.45761 0.74797 0.61900 0.981
0.47335 0.35594 0.45807 0.74872 0.62090 0.905
0.47382 0.35630 0.45853 0.74947 0.62280 0.680
0.47430 0.35666 0.45899 0.75022 0.62470 1.107
0.47477 0.35701 0.45945 0.75098 0.62660 0.955
0.47525 0.35737 0.45991 0.75173 0.62850 1.029
0.47573 0.35773 0.46037 0.75248 0.63040 0.979
0.47620 0.35809 0.46083 0.75323 0.63229 0.880
0.47668 0.35844 0.46129 0.75399 0.63419 1.081
0.47715 0.35880 0.46175 0.75474 0.63609 0.856
0.47763 0.35916 0.46221 0.75549 0.63799 0.806
0.47811 0.35952 0.46267 0.75624 0.63989 1.031
0.47858 0.35988 0.46314 0.75700 0.64179 0.656
0.47906 0.36023 0.46360 0.75775 0.64369 1.083
0.47953 0.36059 0.46406 0.75850 0.64559 1.259
0.48001 0.36095 0.46452 0.75926 0.64749 0.933
0.48048 0.36131 0.46498 0.76001 0.64939 0.883
0.48096 0.36167 0.46544 0.76076 0.65129 1.233
0.48144 0.36202 0.46590 0.76151 0.65318 1.033
0.48191 0.36238 0.46636 0.76227 0.65508 0.983
0.48239 0.36274 0.46682 0.76302 0.65698 1.032
0.48287 0.36310 0.46728 0.76377 0.65888 1.032
0.48334 0.36346 0.46774 0.76453 0.66078 1.082
0.48382 0.36381 0.46820 0.76528 0.66268 1.107
0.48429 0.36417 0.46866 0.76603 0.66458 0.730
0.48477 0.36453 0.46912 0.76679 0.66648 1.030
0.48525 0.36489 0.46959 0.76754 0.66838 0.677
0.48572 0.36525 0.47005 0.76829 0.67028 1.028
0.48620 0.36560 0.47051 0.76905 0.67218 0.777
0.48667 0.36596 0.47097 0.76980 0.67408 1.204
0.48715 0.36632 0.47143 0.77055 0.67598 0.878
0.48763 0.36668 0.47189 0.77131 0.67788 1.128
0.48810 0.36704 0.47235 0.77206 0.67978 1.101
0.48858 0.36739 0.47281 0.77281 0.68168 0.976
0.48906 0.36775 0.47327 0.77357 0.68358 0.977
0.48953 0.36811 0.47373 0.77432 0.68549 1.127
0.49001 0.36847 0.47419 0.77507 0.68739 1.052
0.49048 0.36883 0.47466 0.77583 0.68929 0.927
0.49096 0.36919 0.47512 0.77658 0.69119 1.178
0.49144 0.36954 0.47558 0.77733 0.69309 1.079
0.49191 0.36990 0.47604 0.77809 0.69499 1.255
0.49239 0.37026 0.47650 0.77884 0.69689 0.902
0.49287 0.37062 0.47696 0.77959 0.69879 1.077
0.49334 0.37098 0.47742 0.78035 0.70069 0.851
0.49382 0.37134 0.47788 0.78110 0.70259 0.903
0.49430 0.37169 0.47834 0.78186 0.70449 1.155
0.49477 0.37205 0.47880 0.78261 0.70640 1.204
0.49525 0.37241 0.47927 0.78336 0.70830 0.951
0.49573 0.37277 0.47973 0.78412 0.71020 1.129
0.49620 0.37313 0.48019 0.78487 0.71210 1.556
0.49668 0.37349 0.48065 0.78562 0.71400 0.875
0.49716 0.37384 0.48111 0.78638 0.71590 0.975
0.49763 0.37420 0.48157 0.78713 0.71781 1.000
0.49811 0.37456 0.48203 0.78789 0.71971 0.976
0.49859 0.37492 0.48249 0.78864 0.72161 0.950
0.49906 0.37528 0.48296 0.78939 0.72351 1.077
0.49954 0.37564 0.48342 0.79015 0.72541 0.977
0.50002 0.37599 0.48388 0.79090 0.72732 0.975
0.50049 0.37635 0.48434 0.79166 0.72922 1.078
0.50097 0.37671 0.48480 0.79241 0.73112 0.852
0.50145 0.37707 0.48526 0.79316 0.73302 1.283
0.50192 0.37743 0.48572 0.79392 0.73492 1.082
0.50240 0.37779 0.48618 0.79467 0.73683 1.057
0.50288 0.37814 0.48665 0.79543 0.73873 1.057
0.50335 0.37850 0.48711 0.79618 0.74063 1.285
0.50383 0.37886 0.48757 0.79693 0.74253 1.034
0.50431 0.37922 0.48803 0.79769 0.74444 0.933
0.50478 0.37958 0.48849 0.79844 0.74634 0.831
0.50526 0.37994 0.48895 0.79920 0.74824 0.832
0.50574 0.38030 0.48942 0.79995 0.75015 0.959
0.50621 0.38066 0.48988 0.80071 0.75205 1.035
0.50669 0.38101 0.49034 0.80146 0.75395 0.908
0.50717 0.38137 0.49080 0.80221 0.75585 1.111
0.50764 0.38173 0.49126 0.80297 0.75776 1.085
0.50812 0.38209 0.49172 0.80372 0.75966 0.908
0.50860 0.38245 0.49218 0.80448 0.76156 1.088
0.50908 0.38281 0.49265 0.80523 0.76347 1.215
0.50955 0.38317 0.49311 0.80599 0.76537 1.165
0.51003 0.38352 0.49357 0.80674 0.76727 1.062
0.51051 0.38388 0.49403 0.80750 0.76918 0.885
0.51098 0.38424 0.49449 0.80825 0.77108 1.115
0.51146 0.38460 0.49495 0.80901 0.77298 0.913
0.51194 0.38496 0.49542 0.80976 0.77489 0.964
0.51242 0.38532 0.49588 0.81051 0.77679 1.117
0.51289 0.38568 0.49634 0.81127 0.77870 1.041
0.51337 0.38604 0.49680 0.81202 0.78060 1.194
0.51385 0.38639 0.49726 0.81278 0.78250 1.296
0.51432 0.38675 0.49772 0.81353 0.78441 0.890
0.51480 0.38711 0.49819 0.81429 0.78631 0.915
0.51528 0.38747 0.49865 0.81504 0.78822 1.169
0.51576 0.38783 0.49911 0.81580 0.79012 0.942
0.51623 0.38819 0.49957 0.81655 0.79203 0.891
0.51671 0.38855 0.50003 0.81731 0.79393 1.069
0.51719 0.38891 0.50050 0.81806 0.79583 1.069
0.51766 0.38927 0.50096 0.81882 0.79774 1.298
0.51814 0.38962 0.50142 0.81957 0.79964 1.425
0.51862 0.38998 0.50188 0.82033 0.80155 0.891
0.51910 0.39034 0.50234 0.82108 0.80345 0.893
0.51957 0.39070 0.50281 0.82184 0.80536 0.918
0.52005 0.39106 0.50327 0.82259 0.80726 0.842
0.52053 0.39142 0.50373 0.82335 0.80917 1.328
0.52101 0.39178 0.50419 0.82410 0.81107 1.073
0.52148 0.39214 0.50465 0.82486 0.81298 0.921
0.52196 0.39250 0.50512 0.82561 0.81488 0.997
0.52244 0.39286 0.50558 0.82637 0.81679 1.151
0.52292 0.39321 0.50604 0.82712 0.81869 0.819
0.52339 0.39357 0.50650 0.82788 0.82060 0.871
0.52387 0.39393 0.50696 0.82864 0.82250 1.135
0.52435 0.39429 0.50743 0.82939 0.82441 0.691
0.52483 0.39465 0.50789 0.83015 0.82631 0.717
0.52530 0.39501 0.50835 0.83090 0.82822 0.743
0.52578 0.39537 0.50881 0.83166 0.83013 0.948
0.52626 0.39573 0.50927 0.83241 0.83203 0.718
0.52674 0.39609 0.50974 0.83317 0.83394 1.052
0.52721 0.39645 0.51020 0.83392 0.83584 1.027
0.52769 0.39681 0.51066 0.83468 0.83775 1.335
0.52817 0.39717 0.51112 0.83543 0.83966 1.054
0.52865 0.39752 0.51159 0.83619 0.84156 0.823
0.52913 0.39788 0.51205 0.83695 0.84347 1.005
0.52960 0.39824 0.51251 0.83770 0.84537 1.236
0.53008 0.39860 0.51297 0.83846 0.84728 0.799
0.53056 0.39896 0.51344 0.83921 0.84919 1.160
0.53104 0.39932 0.51390 0.83997 0.85109 0.851
0.53151 0.39968 0.51436 0.84072 0.85300 1.103
0.53199 0.40004 0.51482 0.84148 0.85491 1.161
0.53247 0.40040 0.51529 0.84224 0.85681 0.981
0.53295 0.40076 0.51575 0.84299 0.85872 1.135
0.53343 0.40112 0.51621 0.84375 0.86063 0.828
0.53390 0.40148 0.51667 0.84450 0.86253 1.291
0.53438 0.40184 0.51713 0.84526 0.86444 0.957
0.53486 0.40220 0.51760 0.84602 0.86635 1.061
0.53534 0.40255 0.51806 0.84677 0.86825 0.881
0.53582 0.40291 0.51852 0.84753 0.87016 0.906
0.53629 0.40327 0.51898 0.84828 0.87207 1.113
0.53677 0.40363 0.51945 0.84904 0.87398 0.803
0.53725 0.40399 0.51991 0.84980 0.87588 1.139
0.53773 0.40435 0.52037 0.85055 0.87779 1.088
0.53821 0.40471 0.52084 0.85131 0.87970 0.908
0.53868 0.40507 0.52130 0.85206 0.88160 1.193
0.53916 0.40543 0.52176 0.85282 0.88351 0.909
0.53964 0.40579 0.52222 0.85358 0.88542 1.117
0.54012 0.40615 0.52269 0.85433 0.88733 1.429
0.54060 0.40651 0.52315 0.85509 0.88924 0.859
0.54107 0.40687 0.52361 0.85585 0.89114 0.964
0.54155 0.40723 0.52407 0.85660 0.89305 0.991
0.54203 0.40759 0.52454 0.85736 0.89496 0.912
0.54251 0.40795 0.52500 0.85811 0.89687 0.756
0.54299 0.40831 0.52546 0.85887 0.89878 1.120
0.54346 0.40867 0.52592 0.85963 0.90068 0.913
0.54394 0.40903 0.52639 0.86038 0.90259 1.200
0.54442 0.40939 0.52685 0.86114 0.90450 0.966
0.54490 0.40975 0.52731 0.86190 0.90641 0.626
0.54538 0.41010 0.52778 0.86265 0.90832 0.913
0.54586 0.41046 0.52824 0.86341 0.91023 0.705
0.54633 0.41082 0.52870 0.86417 0.91213 0.312
0.54681 0.41118 0.52916 0.86492 0.91404 0.130
0.54729 0.41154 0.52963 0.86568 0.91595 0.339
0.54777 0.41190 0.53009 0.86644 0.91786 0.156
0.54825 0.41226 0.53055 0.86719 0.91977 0.106
0.54873 0.41262 0.53102 0.86795 0.92168 0.315
0.54920 0.41298 0.53148 0.86871 0.92359 0.420
0.54968 0.41334 0.53194 0.86946 0.92550 0.918
0.55016 0.41370 0.53241 0.87022 0.92740 0.735
0.55064 0.41406 0.53287 0.87098 0.92931 0.682
0.55112 0.41442 0.53333 0.87173 0.93122 0.653
0.55160 0.41478 0.53379 0.87249 0.93313 0.944
0.55208 0.41514 0.53426 0.87325 0.93504 0.893
0.55255 0.41550 0.53472 0.87400 0.93695 0.997
0.55303 0.41586 0.53518 0.87476 0.93886 0.972
0.55351 0.41622 0.53565 0.87552 0.94077 0.681
0.55399 0.41658 0.53611 0.87628 0.94268 1.104
0.55447 0.41694 0.53657 0.87703 0.94459 1.211
0.55495 0.41730 0.53704 0.87779 0.94650 0.709
0.55543 0.41766 0.53750 0.87855 0.94841 0.630
0.55590 0.41802 0.53796 0.87930 0.95032 0.976
0.55638 0.41838 0.53843 0.88006 0.95223 1.239
0.55686 0.41874 0.53889 0.88082 0.95414 0.976
0.55734 0.41910 0.53935 0.88157 0.95605 0.976
0.55782 0.41946 0.53982 0.88233 0.95796 1.031
0.55830 0.41982 0.54028 0.88309 0.95987 1.018
0.55878 0.42018 0.54074 0.88385 0.96178 0.836
0.55926 0.42054 0.54121 0.88460 0.96369 1.028
0.55973 0.42090 0.54167 0.88536 0.96560 1.000
0.56021 0.42126 0.54213 0.88612 0.96751 1.366
0.56069 0.42162 0.54260 0.88688 0.96942 1.120
0.56117 0.42198 0.54306 0.88763 0.97133 1.166
0.56165 0.42234 0.54352 0.88839 0.97324 0.867
0.56213 0.42270 0.54399 0.88915 0.97515 1.293
0.56261 0.42306 0.54445 0.88991 0.97706 0.672
0.56309 0.42342 0.54491 0.89066 0.97898 0.918
0.56356 0.42378 0.54538 0.89142 0.98089 0.843
0.56404 0.42414 0.54584 0.89218 0.98280 1.054
0.56452 0.42450 0.54630 0.89294 0.98471 0.901
0.56500 0.42486 0.54677 0.89369 0.98662 0.992
0.56548 0.42522 0.54723 0.89445 0.98853 0.666
0.56596 0.42558 0.54769 0.89521 0.99044 1.144
0.56644 0.42594 0.54816 0.89597 0.99235 1.106
0.56692 0.42630 0.54862 0.89672 0.99427 1.101
0.56740 0.42666 0.54908 0.89748 0.99618 1.021
0.56788 0.42702 0.54955 0.89824 0.99809 1.264
0.56835 0.42738 0.55001 0.89900 1.00000 1.078
