x y z dist_scaled dist_frac flux_norm sig_norm wavelength redshift
0.29113 0.12450 0.39030 0.50258 0.00000 1.067 0.237 1236.115 0.01682
0.29156 0.12468 0.39088 0.50333 0.00188 0.760 0.208 1236.145 0.01684
0.29199 0.12487 0.39145 0.50407 0.00375 1.442 0.262 1236.175 0.01687
0.29242 0.12505 0.39203 0.50481 0.00563 1.105 0.238 1236.205 0.01689
0.29285 0.12524 0.39261 0.50556 0.00751 1.299 0.251 1236.235 0.01692
0.29328 0.12542 0.39319 0.50630 0.00938 1.081 0.237 1236.265 0.01694
0.29371 0.12560 0.39377 0.50705 0.01126 1.278 0.249 1236.295 0.01697
0.29414 0.12579 0.39434 0.50779 0.01313 0.854 0.216 1236.325 0.01699
0.29457 0.12597 0.39492 0.50853 0.01501 1.208 0.244 1236.355 0.01701
0.29501 0.12616 0.39550 0.50928 0.01689 1.066 0.232 1236.384 0.01704
0.29544 0.12634 0.39608 0.51002 0.01876 1.200 0.243 1236.414 0.01706
0.29587 0.12653 0.39665 0.51077 0.02064 1.119 0.237 1236.444 0.01709
0.29630 0.12671 0.39723 0.51151 0.02252 0.958 0.223 1236.474 0.01711
0.29673 0.12689 0.39781 0.51225 0.02440 0.859 0.215 1236.504 0.01714
0.29716 0.12708 0.39839 0.51300 0.02627 1.144 0.238 1236.534 0.01716
0.29759 0.12726 0.39897 0.51374 0.02815 0.944 0.221 1236.564 0.01719
0.29802 0.12745 0.39954 0.51449 0.03003 1.053 0.230 1236.594 0.01721
0.29845 0.12763 0.40012 0.51523 0.03190 0.855 0.225 1236.623 0.01724
0.29888 0.12782 0.40070 0.51597 0.03378 1.295 0.271 1236.653 0.01726
0.29932 0.12800 0.40128 0.51672 0.03566 1.130 0.235 1236.683 0.01729
0.29975 0.12818 0.40186 0.51746 0.03754 0.903 0.216 1236.713 0.01731
0.30018 0.12837 0.40243 0.51821 0.03941 0.983 0.223 1236.743 0.01733
0.30061 0.12855 0.40301 0.51895 0.04129 0.761 0.203 1236.773 0.01736
0.30104 0.12874 0.40359 0.51970 0.04317 1.015 0.224 1236.803 0.01738
0.30147 0.12892 0.40417 0.52044 0.04505 0.872 0.212 1236.833 0.01741
0.30190 0.12911 0.40475 0.52118 0.04692 0.953 0.218 1236.862 0.01743
0.30233 0.12929 0.40532 0.52193 0.04880 0.784 0.204 1236.892 0.01746
0.30277 0.12948 0.40590 0.52267 0.05068 0.756 0.201 1236.922 0.01748
0.30320 0.12966 0.40648 0.52342 0.05256 0.958 0.217 1236.952 0.01751
0.30363 0.12984 0.40706 0.52416 0.05444 1.272 0.240 1236.982 0.01753
0.30406 0.13003 0.40764 0.52491 0.05631 0.781 0.202 1237.012 0.01756
0.30449 0.13021 0.40821 0.52565 0.05819 1.108 0.226 1237.042 0.01758
0.30492 0.13040 0.40879 0.52640 0.06007 0.864 0.209 1237.072 0.01760
0.30535 0.13058 0.40937 0.52714 0.06195 0.888 0.208 1237.101 0.01763
0.30578 0.13077 0.40995 0.52788 0.06383 1.021 0.219 1237.131 0.01765
0.30622 0.13095 0.41053 0.52863 0.06571 1.090 0.225 1237.161 0.01768
0.30665 0.13114 0.41111 0.52937 0.06758 0.811 0.202 1237.191 0.01770
0.30708 0.13132 0.41168 0.53012 0.06946 1.014 0.220 1237.221 0.01773
0.30751 0.13150 0.41226 0.53086 0.07134 0.915 0.211 1237.251 0.01775
0.30794 0.13169 0.41284 0.53161 0.07322 1.083 0.223 1237.281 0.01778
0.30837 0.13187 0.41342 0.53235 0.07510 0.901 0.207 1237.311 0.01780
0.30880 0.13206 0.41400 0.53310 0.07698 0.977 0.214 1237.341 0.01783
0.30924 0.13224 0.41458 0.53384 0.07886 1.271 0.236 1237.370 0.01785
0.30967 0.13243 0.41515 0.53459 0.08074 0.874 0.204 1237.400 0.01788
0.31010 0.13261 0.41573 0.53533 0.08261 0.903 0.206 1237.430 0.01790
0.31053 0.13280 0.41631 0.53608 0.08449 0.952 0.210 1237.460 0.01792
0.31096 0.13298 0.41689 0.53682 0.08637 1.022 0.218 1237.490 0.01795
0.31139 0.13316 0.41747 0.53757 0.08825 0.625 0.183 1237.520 0.01797
0.31182 0.13335 0.41805 0.53831 0.09013 1.103 0.223 1237.550 0.01800
0.31226 0.13353 0.41863 0.53906 0.09201 1.189 0.229 1237.580 0.01802
0.31269 0.13372 0.41920 0.53980 0.09389 0.781 0.196 1237.609 0.01805
0.31312 0.13390 0.41978 0.54055 0.09577 0.892 0.205 1237.639 0.01807
0.31355 0.13409 0.42036 0.54129 0.09765 0.986 0.214 1237.669 0.01810
0.31398 0.13427 0.42094 0.54204 0.09953 0.750 0.193 1237.699 0.01812
0.31441 0.13446 0.42152 0.54278 0.10141 1.238 0.233 1237.729 0.01815
0.31485 0.13464 0.42210 0.54353 0.10329 1.001 0.215 1237.759 0.01817
0.31528 0.13483 0.42268 0.54427 0.10517 0.870 0.204 1237.789 0.01819
0.31571 0.13501 0.42325 0.54502 0.10705 1.000 0.214 1237.819 0.01822
0.31614 0.13520 0.42383 0.54576 0.10893 1.024 0.215 1237.848 0.01824
0.31657 0.13538 0.42441 0.54651 0.11081 1.175 0.227 1237.878 0.01827
0.31700 0.13556 0.42499 0.54725 0.11269 1.046 0.217 1237.908 0.01829
0.31744 0.13575 0.42557 0.54800 0.11457 0.808 0.197 1237.938 0.01832
0.31787 0.13593 0.42615 0.54874 0.11645 0.703 0.188 1237.968 0.01834
0.31830 0.13612 0.42673 0.54949 0.11833 1.090 0.219 1237.998 0.01837
0.31873 0.13630 0.42731 0.55024 0.12021 1.138 0.223 1238.028 0.01839
0.31916 0.13649 0.42789 0.55098 0.12209 0.986 0.211 1238.058 0.01842
0.31960 0.13667 0.42846 0.55173 0.12397 1.060 0.217 1238.087 0.01844
0.32003 0.13686 0.42904 0.55247 0.12585 0.979 0.210 1238.117 0.01847
0.32046 0.13704 0.42962 0.55322 0.12773 0.850 0.200 1238.147 0.01849
0.32089 0.13723 0.43020 0.55396 0.12961 0.948 0.208 1238.177 0.01851
0.32132 0.13741 0.43078 0.55471 0.13149 1.129 0.221 1238.207 0.01854
0.32175 0.13760 0.43136 0.55545 0.13338 0.975 0.209 1238.237 0.01856
0.32219 0.13778 0.43194 0.55620 0.13526 0.974 0.209 1238.267 0.01859
0.32262 0.13797 0.43252 0.55695 0.13714 0.920 0.204 1238.297 0.01861
0.32305 0.13815 0.43310 0.55769 0.13902 0.840 0.197 1238.327 0.01864
0.32348 0.13833 0.43368 0.55844 0.14090 1.120 0.217 1238.356 0.01866
0.32391 0.13852 0.43426 0.55918 0.14278 1.017 0.211 1238.386 0.01869
0.32435 0.13870 0.43483 0.55993 0.14466 1.246 0.228 1238.416 0.01871
0.32478 0.13889 0.43541 0.56067 0.14654 1.089 0.216 1238.446 0.01874
0.32521 0.13907 0.43599 0.56142 0.14843 1.110 0.218 1238.476 0.01876
0.32564 0.13926 0.43657 0.56217 0.15031 1.161 0.221 1238.506 0.01878
0.32607 0.13944 0.43715 0.56291 0.15219 0.908 0.202 1238.536 0.01881
0.32651 0.13963 0.43773 0.56366 0.15407 0.907 0.202 1238.566 0.01883
0.32694 0.13981 0.43831 0.56440 0.15595 0.576 0.172 1238.595 0.01886
0.32737 0.14000 0.43889 0.56515 0.15783 0.979 0.207 1238.625 0.01888
0.32780 0.14018 0.43947 0.56590 0.15972 0.800 0.192 1238.655 0.01891
0.32824 0.14037 0.44005 0.56664 0.16160 1.099 0.216 1238.685 0.01893
0.32867 0.14055 0.44063 0.56739 0.16348 0.874 0.198 1238.715 0.01896
0.32910 0.14074 0.44121 0.56813 0.16536 0.920 0.202 1238.745 0.01898
0.32953 0.14092 0.44179 0.56888 0.16724 0.947 0.204 1238.775 0.01901
0.32996 0.14111 0.44237 0.56963 0.16913 0.918 0.201 1238.805 0.01903
0.33040 0.14129 0.44294 0.57037 0.17101 1.370 0.232 1238.834 0.01905
0.33083 0.14148 0.44352 0.57112 0.17289 0.757 0.187 1238.864 0.01908
0.33126 0.14166 0.44410 0.57186 0.17477 0.933 0.200 1238.894 0.01910
0.33169 0.14185 0.44468 0.57261 0.17665 1.123 0.215 1238.924 0.01913
0.33213 0.14203 0.44526 0.57336 0.17854 1.047 0.208 1238.954 0.01915
0.33256 0.14222 0.44584 0.57410 0.18042 0.860 0.196 1238.984 0.01918
0.33299 0.14240 0.44642 0.57485 0.18230 0.944 0.201 1239.014 0.01920
0.33342 0.14259 0.44700 0.57560 0.18419 0.945 0.201 1239.044 0.01923
0.33385 0.14277 0.44758 0.57634 0.18607 0.733 0.185 1239.073 0.01925
0.33429 0.14296 0.44816 0.57709 0.18795 0.614 0.173 1239.103 0.01928
0.33472 0.14314 0.44874 0.57784 0.18983 0.675 0.182 1239.133 0.01930
0.33515 0.14332 0.44932 0.57858 0.19172 0.769 0.199 1239.163 0.01933
0.33558 0.14351 0.44990 0.57933 0.19360 0.881 0.196 1239.193 0.01935
0.33602 0.14369 0.45048 0.58007 0.19548 0.733 0.184 1239.223 0.01937
0.33645 0.14388 0.45106 0.58082 0.19737 0.908 0.198 1239.253 0.01940
0.33688 0.14406 0.45164 0.58157 0.19925 0.878 0.195 1239.283 0.01942
0.33731 0.14425 0.45222 0.58231 0.20113 1.048 0.208 1239.313 0.01945
0.33775 0.14443 0.45280 0.58306 0.20302 0.996 0.204 1239.342 0.01947
0.33818 0.14462 0.45338 0.58381 0.20490 1.266 0.223 1239.372 0.01950
0.33861 0.14480 0.45396 0.58455 0.20678 1.045 0.207 1239.402 0.01952
0.33904 0.14499 0.45454 0.58530 0.20867 1.067 0.209 1239.432 0.01955
0.33948 0.14517 0.45512 0.58605 0.21055 0.875 0.194 1239.462 0.01957
0.33991 0.14536 0.45570 0.58679 0.21243 0.656 0.175 1239.492 0.01960
0.34034 0.14554 0.45628 0.58754 0.21432 0.774 0.186 1239.522 0.01962
0.34077 0.14573 0.45686 0.58829 0.21620 1.111 0.211 1239.552 0.01964
0.34121 0.14591 0.45744 0.58904 0.21809 0.917 0.197 1239.581 0.01967
0.34164 0.14610 0.45802 0.58978 0.21997 1.041 0.205 1239.611 0.01969
0.34207 0.14628 0.45860 0.59053 0.22185 1.166 0.214 1239.641 0.01972
0.34250 0.14647 0.45918 0.59128 0.22374 0.723 0.180 1239.671 0.01974
0.34294 0.14665 0.45976 0.59202 0.22562 1.013 0.203 1239.701 0.01977
0.34337 0.14684 0.46034 0.59277 0.22751 1.226 0.218 1239.731 0.01979
0.34380 0.14702 0.46092 0.59352 0.22939 0.937 0.198 1239.761 0.01982
0.34424 0.14721 0.46150 0.59426 0.23128 1.006 0.203 1239.791 0.01984
0.34467 0.14739 0.46208 0.59501 0.23316 0.937 0.197 1239.820 0.01987
0.34510 0.14758 0.46266 0.59576 0.23504 0.887 0.193 1239.850 0.01989
0.34553 0.14776 0.46324 0.59650 0.23693 0.885 0.193 1239.880 0.01992
0.34597 0.14795 0.46382 0.59725 0.23881 0.886 0.193 1239.910 0.01994
0.34640 0.14813 0.46440 0.59800 0.24070 0.934 0.196 1239.940 0.01996
0.34683 0.14832 0.46498 0.59875 0.24258 0.936 0.196 1239.970 0.01999
0.34726 0.14851 0.46556 0.59949 0.24447 1.081 0.206 1240.000 0.02001
0.34770 0.14869 0.46614 0.60024 0.24635 1.204 0.215 1240.030 0.02004
0.34813 0.14888 0.46672 0.60099 0.24824 0.777 0.182 1240.059 0.02006
0.34856 0.14906 0.46730 0.60174 0.25012 1.111 0.208 1240.089 0.02009
0.34900 0.14925 0.46788 0.60248 0.25201 0.846 0.188 1240.119 0.02011
0.34943 0.14943 0.46846 0.60323 0.25389 1.106 0.207 1240.149 0.02014
0.34986 0.14962 0.46904 0.60398 0.25578 1.093 0.207 1240.179 0.02016
0.35029 0.14980 0.46962 0.60472 0.25766 1.215 0.213 1240.209 0.02019
0.35073 0.14999 0.47020 0.60547 0.25955 1.003 0.198 1240.239 0.02021
0.35116 0.15017 0.47078 0.60622 0.26144 1.020 0.200 1240.269 0.02023
0.35159 0.15036 0.47136 0.60697 0.26332 1.083 0.205 1240.299 0.02026
0.35203 0.15054 0.47194 0.60771 0.26521 1.125 0.208 1240.328 0.02028
0.35246 0.15073 0.47252 0.60846 0.26709 1.058 0.201 1240.358 0.02031
0.35289 0.15091 0.47311 0.60921 0.26898 0.823 0.184 1240.388 0.02033
0.35333 0.15110 0.47369 0.60996 0.27086 0.998 0.199 1240.418 0.02036
0.35376 0.15128 0.47427 0.61070 0.27275 0.809 0.184 1240.448 0.02038
0.35419 0.15147 0.47485 0.61145 0.27464 1.042 0.202 1240.478 0.02041
0.35463 0.15165 0.47543 0.61220 0.27652 1.208 0.213 1240.508 0.02043
0.35506 0.15184 0.47601 0.61295 0.27841 0.994 0.198 1240.538 0.02046
0.35549 0.15202 0.47659 0.61370 0.28029 1.042 0.201 1240.567 0.02048
0.35592 0.15221 0.47717 0.61444 0.28218 0.958 0.196 1240.597 0.02050
0.35636 0.15239 0.47775 0.61519 0.28407 0.770 0.180 1240.627 0.02053
0.35679 0.15258 0.47833 0.61594 0.28595 0.853 0.187 1240.657 0.02055
0.35722 0.15276 0.47891 0.61669 0.28784 1.027 0.201 1240.687 0.02058
0.35766 0.15295 0.47949 0.61743 0.28973 0.931 0.193 1240.717 0.02060
0.35809 0.15313 0.48007 0.61818 0.29161 1.161 0.210 1240.747 0.02063
0.35852 0.15332 0.48065 0.61893 0.29350 0.931 0.193 1240.777 0.02065
0.35896 0.15351 0.48123 0.61968 0.29539 0.911 0.191 1240.806 0.02068
0.35939 0.15369 0.48182 0.62043 0.29727 1.103 0.205 1240.836 0.02070
0.35982 0.15388 0.48240 0.62117 0.29916 0.928 0.192 1240.866 0.02073
0.36026 0.15406 0.48298 0.62192 0.30105 0.762 0.178 1240.896 0.02075
0.36069 0.15425 0.48356 0.62267 0.30293 1.109 0.204 1240.926 0.02078
0.36112 0.15443 0.48414 0.62342 0.30482 0.945 0.192 1240.956 0.02080
0.36156 0.15462 0.48472 0.62417 0.30671 1.018 0.197 1240.986 0.02082
0.36199 0.15480 0.48530 0.62491 0.30859 1.141 0.205 1241.016 0.02085
0.36242 0.15499 0.48588 0.62566 0.31048 1.040 0.199 1241.045 0.02087
0.36286 0.15517 0.48646 0.62641 0.31237 1.300 0.216 1241.075 0.02090
0.36329 0.15536 0.48704 0.62716 0.31426 1.054 0.200 1241.105 0.02092
0.36372 0.15554 0.48763 0.62791 0.31614 0.897 0.188 1241.135 0.02095
0.36416 0.15573 0.48821 0.62866 0.31803 1.044 0.200 1241.165 0.02097
0.36459 0.15591 0.48879 0.62940 0.31992 1.187 0.208 1241.195 0.02100
0.36502 0.15610 0.48937 0.63015 0.32181 0.874 0.185 1241.225 0.02102
0.36546 0.15629 0.48995 0.63090 0.32369 0.905 0.189 1241.255 0.02105
0.36589 0.15647 0.49053 0.63165 0.32558 0.934 0.189 1241.285 0.02107
0.36632 0.15666 0.49111 0.63240 0.32747 1.125 0.204 1241.314 0.02109
0.36676 0.15684 0.49169 0.63315 0.32936 1.182 0.207 1241.344 0.02112
0.36719 0.15703 0.49227 0.63389 0.33125 1.016 0.195 1241.374 0.02114
0.36762 0.15721 0.49286 0.63464 0.33313 1.053 0.199 1241.404 0.02117
0.36806 0.15740 0.49344 0.63539 0.33502 1.079 0.200 1241.434 0.02119
0.36849 0.15758 0.49402 0.63614 0.33691 0.831 0.182 1241.464 0.02122
0.36893 0.15777 0.49460 0.63689 0.33880 0.778 0.179 1241.494 0.02124
0.36936 0.15795 0.49518 0.63764 0.34069 1.061 0.200 1241.524 0.02127
0.36979 0.15814 0.49576 0.63838 0.34258 0.812 0.181 1241.553 0.02129
0.37023 0.15832 0.49634 0.63913 0.34446 1.201 0.207 1241.583 0.02132
0.37066 0.15851 0.49692 0.63988 0.34635 1.044 0.199 1241.613 0.02134
0.37109 0.15870 0.49751 0.64063 0.34824 0.871 0.185 1241.643 0.02137
0.37153 0.15888 0.49809 0.64138 0.35013 1.094 0.202 1241.673 0.02139
0.37196 0.15907 0.49867 0.64213 0.35202 0.793 0.180 1241.703 0.02141
0.37240 0.15925 0.49925 0.64288 0.35391 1.203 0.210 1241.733 0.02144
0.37283 0.15944 0.49983 0.64363 0.35580 1.159 0.207 1241.763 0.02146
0.37326 0.15962 0.50041 0.64437 0.35769 0.863 0.185 1241.792 0.02149
0.37370 0.15981 0.50100 0.64512 0.35957 0.952 0.192 1241.822 0.02151
0.37413 0.15999 0.50158 0.64587 0.36146 1.043 0.199 1241.852 0.02154
0.37456 0.16018 0.50216 0.64662 0.36335 1.157 0.206 1241.882 0.02156
0.37500 0.16036 0.50274 0.64737 0.36524 0.928 0.190 1241.912 0.02159
0.37543 0.16055 0.50332 0.64812 0.36713 1.490 0.228 1241.942 0.02161
0.37587 0.16074 0.50390 0.64887 0.36902 1.085 0.201 1241.972 0.02164
0.37630 0.16092 0.50448 0.64962 0.37091 0.884 0.186 1242.002 0.02166
0.37673 0.16111 0.50507 0.65037 0.37280 0.832 0.183 1242.031 0.02168
0.37717 0.16129 0.50565 0.65111 0.37469 1.152 0.206 1242.061 0.02171
0.37760 0.16148 0.50623 0.65186 0.37658 0.903 0.188 1242.091 0.02173
0.37803 0.16166 0.50681 0.65261 0.37847 1.032 0.196 1242.121 0.02176
0.37847 0.16185 0.50739 0.65336 0.38036 1.198 0.208 1242.151 0.02178
0.37890 0.16203 0.50798 0.65411 0.38225 0.876 0.186 1242.181 0.02181
0.37934 0.16222 0.50856 0.65486 0.38414 0.880 0.185 1242.211 0.02183
0.37977 0.16241 0.50914 0.65561 0.38603 1.077 0.199 1242.241 0.02186
0.38020 0.16259 0.50972 0.65636 0.38792 0.973 0.192 1242.271 0.02188
0.38064 0.16278 0.51030 0.65711 0.38981 1.082 0.199 1242.300 0.02191
0.38107 0.16296 0.51088 0.65786 0.39170 0.877 0.185 1242.330 0.02193
0.38151 0.16315 0.51147 0.65861 0.39359 0.944 0.190 1242.360 0.02196
0.38194 0.16333 0.51205 0.65936 0.39548 0.919 0.188 1242.390 0.02198
0.38237 0.16352 0.51263 0.66011 0.39737 0.966 0.191 1242.420 0.02200
0.38281 0.16371 0.51321 0.66085 0.39926 0.968 0.191 1242.450 0.02203
0.38324 0.16389 0.51379 0.66160 0.40115 1.100 0.201 1242.480 0.02205
0.38368 0.16408 0.51438 0.66235 0.40304 0.919 0.188 1242.510 0.02208
0.38411 0.16426 0.51496 0.66310 0.40493 0.700 0.170 1242.539 0.02210
0.38455 0.16445 0.51554 0.66385 0.40682 0.921 0.187 1242.569 0.02213
0.38498 0.16463 0.51612 0.66460 0.40871 0.738 0.173 1242.599 0.02215
0.38541 0.16482 0.51670 0.66535 0.41060 0.943 0.189 1242.629 0.02218
0.38585 0.16501 0.51729 0.66610 0.41249 0.781 0.176 1242.659 0.02220
0.38628 0.16519 0.51787 0.66685 0.41438 1.074 0.199 1242.689 0.02223
0.38672 0.16538 0.51845 0.66760 0.41628 1.093 0.200 1242.719 0.02225
0.38715 0.16556 0.51903 0.66835 0.41817 0.982 0.192 1242.749 0.02227
0.38759 0.16575 0.51962 0.66910 0.42006 1.188 0.206 1242.778 0.02230
0.38802 0.16593 0.52020 0.66985 0.42195 0.694 0.169 1242.808 0.02232
0.38845 0.16612 0.52078 0.67060 0.42384 1.050 0.197 1242.838 0.02235
0.38889 0.16631 0.52136 0.67135 0.42573 0.805 0.178 1242.868 0.02237
0.38932 0.16649 0.52194 0.67210 0.42762 0.874 0.183 1242.898 0.02240
0.38976 0.16668 0.52253 0.67285 0.42951 0.981 0.192 1242.928 0.02242
0.39019 0.16686 0.52311 0.67360 0.43141 1.076 0.198 1242.958 0.02245
0.39063 0.16705 0.52369 0.67435 0.43330 0.896 0.185 1242.988 0.02247
0.39106 0.16723 0.52427 0.67510 0.43519 1.111 0.201 1243.017 0.02250
0.39149 0.16742 0.52486 0.67585 0.43708 0.651 0.165 1243.047 0.02252
0.39193 0.16761 0.52544 0.67660 0.43897 0.844 0.181 1243.077 0.02254
0.39236 0.16779 0.52602 0.67735 0.44087 1.201 0.207 1243.107 0.02257
0.39280 0.16798 0.52660 0.67810 0.44276 0.995 0.193 1243.137 0.02259
0.39323 0.16816 0.52719 0.67885 0.44465 0.951 0.189 1243.167 0.02262
0.39367 0.16835 0.52777 0.67960 0.44654 0.864 0.183 1243.197 0.02264
0.39410 0.16853 0.52835 0.68035 0.44843 1.047 0.196 1243.227 0.02267
0.39454 0.16872 0.52893 0.68110 0.45033 0.908 0.186 1243.257 0.02269
0.39497 0.16891 0.52952 0.68185 0.45222 0.845 0.180 1243.286 0.02272
0.39540 0.16909 0.53010 0.68260 0.45411 0.887 0.184 1243.316 0.02274
0.39584 0.16928 0.53068 0.68335 0.45600 1.356 0.216 1243.346 0.02277
0.39627 0.16946 0.53126 0.68410 0.45790 1.084 0.198 1243.376 0.02279
0.39671 0.16965 0.53185 0.68485 0.45979 1.041 0.195 1243.406 0.02282
0.39714 0.16984 0.53243 0.68560 0.46168 1.178 0.204 1243.436 0.02284
0.39758 0.17002 0.53301 0.68635 0.46357 0.974 0.190 1243.466 0.02286
0.39801 0.17021 0.53359 0.68710 0.46547 0.870 0.182 1243.496 0.02289
0.39845 0.17039 0.53418 0.68785 0.46736 1.107 0.199 1243.525 0.02291
0.39888 0.17058 0.53476 0.68860 0.46925 1.296 0.246 1243.555 0.02294
0.39932 0.17076 0.53534 0.68935 0.47114 0.642 0.163 1243.585 0.02296
0.39975 0.17095 0.53593 0.69010 0.47304 0.776 0.173 1243.615 0.02299
0.40019 0.17114 0.53651 0.69085 0.47493 0.899 0.182 1243.645 0.02301
0.40062 0.17132 0.53709 0.69160 0.47682 0.962 0.187 1243.675 0.02304
0.40106 0.17151 0.53767 0.69235 0.47872 0.787 0.174 1243.705 0.02306
0.40149 0.17169 0.53826 0.69310 0.48061 0.926 0.183 1243.735 0.02309
0.40192 0.17188 0.53884 0.69385 0.48250 1.187 0.202 1243.764 0.02311
0.40236 0.17207 0.53942 0.69461 0.48440 1.191 0.204 1243.794 0.02313
0.40279 0.17225 0.54001 0.69536 0.48629 0.753 0.171 1243.824 0.02316
0.40323 0.17244 0.54059 0.69611 0.48818 1.091 0.197 1243.854 0.02318
0.40366 0.17262 0.54117 0.69686 0.49008 1.010 0.191 1243.884 0.02321
0.40410 0.17281 0.54175 0.69761 0.49197 0.960 0.188 1243.914 0.02323
0.40453 0.17300 0.54234 0.69836 0.49387 0.929 0.184 1243.944 0.02326
0.40497 0.17318 0.54292 0.69911 0.49576 0.706 0.169 1243.974 0.02328
0.40540 0.17337 0.54350 0.69986 0.49765 0.950 0.187 1244.003 0.02331
0.40584 0.17355 0.54409 0.70061 0.49955 1.058 0.195 1244.033 0.02333
0.40627 0.17374 0.54467 0.70136 0.50144 1.219 0.206 1244.063 0.02336
0.40671 0.17393 0.54525 0.70211 0.50334 1.014 0.191 1244.093 0.02338
0.40714 0.17411 0.54584 0.70286 0.50523 1.053 0.192 1244.123 0.02341
0.40758 0.17430 0.54642 0.70361 0.50712 1.088 0.195 1244.153 0.02343
0.40801 0.17448 0.54700 0.70437 0.50902 1.003 0.190 1244.183 0.02345
0.40845 0.17467 0.54759 0.70512 0.51091 1.304 0.211 1244.213 0.02348
0.40888 0.17486 0.54817 0.70587 0.51281 0.812 0.175 1244.243 0.02350
0.40932 0.17504 0.54875 0.70662 0.51470 0.850 0.178 1244.272 0.02353
0.40975 0.17523 0.54933 0.70737 0.51660 1.053 0.193 1244.302 0.02355
0.41019 0.17541 0.54992 0.70812 0.51849 1.140 0.199 1244.332 0.02358
0.41062 0.17560 0.55050 0.70887 0.52039 1.243 0.207 1244.362 0.02360
0.41106 0.17579 0.55108 0.70962 0.52228 0.908 0.184 1244.392 0.02363
0.41149 0.17597 0.55167 0.71037 0.52418 0.866 0.180 1244.422 0.02365
0.41193 0.17616 0.55225 0.71112 0.52607 1.191 0.204 1244.452 0.02368
0.41236 0.17634 0.55283 0.71188 0.52797 1.000 0.190 1244.482 0.02370
0.41280 0.17653 0.55342 0.71263 0.52986 0.959 0.187 1244.511 0.02372
0.41323 0.17672 0.55400 0.71338 0.53176 1.267 0.206 1244.541 0.02375
0.41367 0.17690 0.55459 0.71413 0.53365 1.038 0.193 1244.571 0.02377
0.41410 0.17709 0.55517 0.71488 0.53555 0.821 0.177 1244.601 0.02380
0.41454 0.17727 0.55575 0.71563 0.53744 0.928 0.185 1244.631 0.02382
0.41498 0.17746 0.55634 0.71638 0.53934 0.814 0.177 1244.661 0.02385
0.41541 0.17765 0.55692 0.71714 0.54123 1.128 0.199 1244.691 0.02387
0.41585 0.17783 0.55750 0.71789 0.54313 0.840 0.178 1244.721 0.02390
0.41628 0.17802 0.55809 0.71864 0.54502 1.132 0.199 1244.750 0.02392
0.41672 0.17821 0.55867 0.71939 0.54692 1.207 0.203 1244.780 0.02395
0.41715 0.17839 0.55925 0.72014 0.54882 0.917 0.183 1244.810 0.02397
0.41759 0.17858 0.55984 0.72089 0.55071 0.959 0.188 1244.840 0.02400
0.41802 0.17876 0.56042 0.72164 0.55261 0.879 0.181 1244.870 0.02402
0.41846 0.17895 0.56100 0.72240 0.55450 1.101 0.197 1244.900 0.02404
0.41889 0.17914 0.56159 0.72315 0.55640 1.177 0.203 1244.930 0.02407
0.41933 0.17932 0.56217 0.72390 0.55829 0.826 0.178 1244.960 0.02409
0.41976 0.17951 0.56276 0.72465 0.56019 1.215 0.204 1244.989 0.02412
0.42020 0.17969 0.56334 0.72540 0.56209 0.936 0.186 1245.019 0.02414
0.42063 0.17988 0.56392 0.72615 0.56398 0.958 0.188 1245.049 0.02417
0.42107 0.18007 0.56451 0.72691 0.56588 0.935 0.186 1245.079 0.02419
0.42151 0.18025 0.56509 0.72766 0.56778 1.215 0.204 1245.109 0.02422
0.42194 0.18044 0.56567 0.72841 0.56967 0.865 0.179 1245.139 0.02424
0.42238 0.18063 0.56626 0.72916 0.57157 0.980 0.189 1245.169 0.02427
0.42281 0.18081 0.56684 0.72991 0.57347 1.238 0.207 1245.199 0.02429
0.42325 0.18100 0.56743 0.73066 0.57536 1.266 0.208 1245.229 0.02431
0.42368 0.18118 0.56801 0.73142 0.57726 1.045 0.193 1245.258 0.02434
0.42412 0.18137 0.56859 0.73217 0.57916 0.933 0.186 1245.288 0.02436
0.42455 0.18156 0.56918 0.73292 0.58105 0.870 0.180 1245.318 0.02439
0.42499 0.18174 0.56976 0.73367 0.58295 0.994 0.189 1245.348 0.02441
0.42543 0.18193 0.57035 0.73442 0.58485 1.061 0.193 1245.378 0.02444
0.42586 0.18212 0.57093 0.73518 0.58674 1.030 0.192 1245.408 0.02446
0.42630 0.18230 0.57151 0.73593 0.58864 1.029 0.192 1245.438 0.02449
0.42673 0.18249 0.57210 0.73668 0.59054 0.744 0.170 1245.468 0.02451
0.42717 0.18268 0.57268 0.73743 0.59244 0.788 0.174 1245.497 0.02454
0.42760 0.18286 0.57327 0.73819 0.59433 1.027 0.192 1245.527 0.02456
0.42804 0.18305 0.57385 0.73894 0.59623 0.814 0.175 1245.557 0.02458
0.42848 0.18323 0.57443 0.73969 0.59813 1.191 0.204 1245.587 0.02461
0.42891 0.18342 0.57502 0.74044 0.60003 0.937 0.184 1245.617 0.02463
0.42935 0.18361 0.57560 0.74119 0.60192 1.016 0.190 1245.647 0.02466
0.42978 0.18379 0.57619 0.74195 0.60382 1.278 0.208 1245.677 0.02468
0.43022 0.18398 0.57677 0.74270 0.60572 1.050 0.193 1245.707 0.02471
0.43065 0.18417 0.57736 0.74345 0.60762 1.250 0.205 1245.736 0.02473
0.43109 0.18435 0.57794 0.74420 0.60951 0.818 0.175 1245.766 0.02476
0.43153 0.18454 0.57852 0.74496 0.61141 1.070 0.193 1245.796 0.02478
0.43196 0.18473 0.57911 0.74571 0.61331 1.138 0.197 1245.826 0.02481
0.43240 0.18491 0.57969 0.74646 0.61521 1.026 0.191 1245.856 0.02483
0.43283 0.18510 0.58028 0.74721 0.61711 1.012 0.190 1245.886 0.02486
0.43327 0.18528 0.58086 0.74797 0.61900 0.877 0.180 1245.916 0.02488
0.43371 0.18547 0.58145 0.74872 0.62090 0.966 0.185 1245.946 0.02490
0.43414 0.18566 0.58203 0.74947 0.62280 1.160 0.200 1245.975 0.02493
0.43458 0.18584 0.58261 0.75022 0.62470 1.058 0.194 1246.005 0.02495
0.43501 0.18603 0.58320 0.75098 0.62660 1.029 0.191 1246.035 0.02498
0.43545 0.18622 0.58378 0.75173 0.62850 1.008 0.190 1246.065 0.02500
0.43588 0.18640 0.58437 0.75248 0.63040 1.000 0.190 1246.095 0.02503
0.43632 0.18659 0.58495 0.75323 0.63229 0.976 0.188 1246.125 0.02505
0.43676 0.18678 0.58554 0.75399 0.63419 0.937 0.183 1246.155 0.02508
0.43719 0.18696 0.58612 0.75474 0.63609 0.753 0.171 1246.185 0.02510
0.43763 0.18715 0.58671 0.75549 0.63799 0.929 0.185 1246.215 0.02513
0.43806 0.18734 0.58729 0.75624 0.63989 1.108 0.197 1246.244 0.02515
0.43850 0.18752 0.58788 0.75700 0.64179 0.863 0.180 1246.274 0.02517
0.43894 0.18771 0.58846 0.75775 0.64369 1.099 0.197 1246.304 0.02520
0.43937 0.18789 0.58904 0.75850 0.64559 1.168 0.201 1246.334 0.02522
0.43981 0.18808 0.58963 0.75926 0.64749 0.973 0.188 1246.364 0.02525
0.44025 0.18827 0.59021 0.76001 0.64939 1.037 0.192 1246.394 0.02527
0.44068 0.18845 0.59080 0.76076 0.65129 0.908 0.183 1246.424 0.02530
0.44112 0.18864 0.59138 0.76151 0.65318 1.165 0.200 1246.454 0.02532
0.44155 0.18883 0.59197 0.76227 0.65508 1.340 0.196 1246.483 0.02535
0.44199 0.18901 0.59255 0.76302 0.65698 0.901 0.181 1246.513 0.02537
0.44243 0.18920 0.59314 0.76377 0.65888 0.910 0.183 1246.543 0.02540
0.44286 0.18939 0.59372 0.76453 0.66078 1.061 0.194 1246.573 0.02542
0.44330 0.18957 0.59431 0.76528 0.66268 0.971 0.188 1246.603 0.02545
0.44374 0.18976 0.59489 0.76603 0.66458 0.775 0.173 1246.633 0.02547
0.44417 0.18995 0.59548 0.76679 0.66648 1.058 0.194 1246.663 0.02549
0.44461 0.19013 0.59606 0.76754 0.66838 0.948 0.186 1246.693 0.02552
0.44504 0.19032 0.59665 0.76829 0.67028 0.800 0.174 1246.722 0.02554
0.44548 0.19051 0.59723 0.76905 0.67218 1.012 0.190 1246.752 0.02557
0.44592 0.19069 0.59782 0.76980 0.67408 0.753 0.171 1246.782 0.02559
0.44635 0.19088 0.59840 0.77055 0.67598 1.193 0.202 1246.812 0.02562
0.44679 0.19107 0.59899 0.77131 0.67788 0.776 0.173 1246.842 0.02564
0.44723 0.19125 0.59957 0.77206 0.67978 0.968 0.187 1246.872 0.02567
0.44766 0.19144 0.60016 0.77281 0.68168 0.693 0.166 1246.902 0.02569
0.44810 0.19163 0.60074 0.77357 0.68358 0.778 0.172 1246.932 0.02572
0.44853 0.19181 0.60133 0.77432 0.68549 0.909 0.183 1246.961 0.02574
0.44897 0.19200 0.60191 0.77507 0.68739 1.035 0.192 1246.991 0.02576
0.44941 0.19219 0.60250 0.77583 0.68929 1.144 0.199 1247.021 0.02579
0.44984 0.19237 0.60308 0.77658 0.69119 0.734 0.169 1247.051 0.02581
0.45028 0.19256 0.60367 0.77733 0.69309 1.039 0.192 1247.081 0.02584
0.45072 0.19275 0.60425 0.77809 0.69499 0.861 0.179 1247.111 0.02586
0.45115 0.19293 0.60484 0.77884 0.69689 1.140 0.199 1247.141 0.02589
0.45159 0.19312 0.60542 0.77959 0.69879 1.083 0.195 1247.171 0.02591
0.45203 0.19331 0.60601 0.78035 0.70069 0.982 0.187 1247.201 0.02594
0.45246 0.19349 0.60659 0.78110 0.70259 0.788 0.172 1247.230 0.02596
0.45290 0.19368 0.60718 0.78186 0.70449 1.041 0.192 1247.260 0.02599
0.45334 0.19387 0.60776 0.78261 0.70640 1.250 0.205 1247.290 0.02601
0.45377 0.19405 0.60835 0.78336 0.70830 1.199 0.202 1247.320 0.02604
0.45421 0.19424 0.60894 0.78412 0.71020 0.768 0.170 1247.350 0.02606
0.45465 0.19443 0.60952 0.78487 0.71210 1.007 0.188 1247.380 0.02608
0.45508 0.19461 0.61011 0.78562 0.71400 0.983 0.187 1247.410 0.02611
0.45552 0.19480 0.61069 0.78638 0.71590 1.178 0.200 1247.440 0.02613
0.45596 0.19499 0.61128 0.78713 0.71781 0.837 0.176 1247.469 0.02616
0.45639 0.19517 0.61186 0.78789 0.71971 0.961 0.185 1247.499 0.02618
0.45683 0.19536 0.61245 0.78864 0.72161 1.193 0.201 1247.529 0.02621
0.45727 0.19555 0.61303 0.78939 0.72351 0.861 0.177 1247.559 0.02623
0.45770 0.19573 0.61362 0.79015 0.72541 1.126 0.196 1247.589 0.02626
0.45814 0.19592 0.61420 0.79090 0.72732 0.732 0.168 1247.619 0.02628
0.45858 0.19611 0.61479 0.79166 0.72922 0.883 0.180 1247.649 0.02631
0.45901 0.19629 0.61538 0.79241 0.73112 0.966 0.186 1247.679 0.02633
0.45945 0.19648 0.61596 0.79316 0.73302 0.900 0.182 1247.708 0.02635
0.45989 0.19667 0.61655 0.79392 0.73492 1.013 0.190 1247.738 0.02638
0.46032 0.19685 0.61713 0.79467 0.73683 1.017 0.190 1247.768 0.02640
0.46076 0.19704 0.61772 0.79543 0.73873 0.860 0.179 1247.798 0.02643
0.46120 0.19723 0.61830 0.79618 0.74063 0.665 0.163 1247.828 0.02645
0.46164 0.19741 0.61889 0.79693 0.74253 1.119 0.197 1247.858 0.02648
0.46207 0.19760 0.61948 0.79769 0.74444 0.966 0.186 1247.888 0.02650
0.46251 0.19779 0.62006 0.79844 0.74634 0.900 0.182 1247.918 0.02653
0.46295 0.19798 0.62065 0.79920 0.74824 1.007 0.190 1247.947 0.02655
0.46338 0.19816 0.62123 0.79995 0.75015 0.856 0.177 1247.977 0.02658
0.46382 0.19835 0.62182 0.80071 0.75205 1.027 0.191 1248.007 0.02660
0.46426 0.19854 0.62240 0.80146 0.75395 1.067 0.191 1248.037 0.02662
0.46469 0.19872 0.62299 0.80221 0.75585 0.943 0.185 1248.067 0.02665
0.46513 0.19891 0.62358 0.80297 0.75776 0.969 0.186 1248.097 0.02667
0.46557 0.19910 0.62416 0.80372 0.75966 1.203 0.202 1248.127 0.02670
0.46600 0.19928 0.62475 0.80448 0.76156 1.006 0.188 1248.157 0.02672
0.46644 0.19947 0.62533 0.80523 0.76347 1.133 0.197 1248.187 0.02675
0.46688 0.19966 0.62592 0.80599 0.76537 1.053 0.192 1248.216 0.02677
0.46732 0.19984 0.62651 0.80674 0.76727 0.986 0.188 1248.246 0.02680
0.46775 0.20003 0.62709 0.80750 0.76918 0.882 0.180 1248.276 0.02682
0.46819 0.20022 0.62768 0.80825 0.77108 0.773 0.172 1248.306 0.02685
0.46863 0.20040 0.62826 0.80901 0.77298 1.028 0.189 1248.336 0.02687
0.46906 0.20059 0.62885 0.80976 0.77489 0.965 0.186 1248.366 0.02690
0.46950 0.20078 0.62944 0.81051 0.77679 0.857 0.178 1248.396 0.02692
0.46994 0.20097 0.63002 0.81127 0.77870 0.953 0.185 1248.426 0.02694
0.47038 0.20115 0.63061 0.81202 0.78060 1.159 0.198 1248.455 0.02697
0.47081 0.20134 0.63119 0.81278 0.78250 0.945 0.183 1248.485 0.02699
0.47125 0.20153 0.63178 0.81353 0.78441 0.622 0.159 1248.515 0.02702
0.47169 0.20171 0.63237 0.81429 0.78631 0.931 0.181 1248.545 0.02704
0.47213 0.20190 0.63295 0.81504 0.78822 0.970 0.184 1248.575 0.02707
0.47256 0.20209 0.63354 0.81580 0.79012 1.224 0.202 1248.605 0.02709
0.47300 0.20227 0.63413 0.81655 0.79203 0.906 0.180 1248.635 0.02712
0.47344 0.20246 0.63471 0.81731 0.79393 1.185 0.199 1248.665 0.02714
0.47387 0.20265 0.63530 0.81806 0.79583 1.028 0.189 1248.694 0.02717
0.47431 0.20284 0.63588 0.81882 0.79774 0.775 0.169 1248.724 0.02719
0.47475 0.20302 0.63647 0.81957 0.79964 1.068 0.190 1248.754 0.02721
0.47519 0.20321 0.63706 0.82033 0.80155 0.949 0.182 1248.784 0.02724
0.47562 0.20340 0.63764 0.82108 0.80345 0.961 0.184 1248.814 0.02726
0.47606 0.20358 0.63823 0.82184 0.80536 0.943 0.183 1248.844 0.02729
0.47650 0.20377 0.63882 0.82259 0.80726 1.062 0.192 1248.874 0.02731
0.47694 0.20396 0.63940 0.82335 0.80917 0.959 0.184 1248.904 0.02734
0.47737 0.20415 0.63999 0.82410 0.81107 0.919 0.181 1248.933 0.02736
0.47781 0.20433 0.64058 0.82486 0.81298 0.921 0.181 1248.963 0.02739
0.47825 0.20452 0.64116 0.82561 0.81488 0.922 0.182 1248.993 0.02741
0.47869 0.20471 0.64175 0.82637 0.81679 1.164 0.199 1249.023 0.02744
0.47912 0.20489 0.64234 0.82712 0.81869 1.229 0.203 1249.053 0.02746
0.47956 0.20508 0.64292 0.82788 0.82060 0.915 0.182 1249.083 0.02749
0.48000 0.20527 0.64351 0.82864 0.82250 0.968 0.186 1249.113 0.02751
0.48044 0.20545 0.64410 0.82939 0.82441 0.963 0.184 1249.143 0.02753
0.48087 0.20564 0.64468 0.83015 0.82631 1.021 0.190 1249.173 0.02756
0.48131 0.20583 0.64527 0.83090 0.82822 0.940 0.184 1249.202 0.02758
0.48175 0.20602 0.64586 0.83166 0.83013 0.914 0.182 1249.232 0.02761
0.48219 0.20620 0.64644 0.83241 0.83203 1.147 0.196 1249.262 0.02763
0.48262 0.20639 0.64703 0.83317 0.83394 0.929 0.181 1249.292 0.02766
0.48306 0.20658 0.64762 0.83392 0.83584 0.840 0.176 1249.322 0.02768
0.48350 0.20676 0.64820 0.83468 0.83775 1.215 0.201 1249.352 0.02771
0.48394 0.20695 0.64879 0.83543 0.83966 0.975 0.185 1249.382 0.02773
0.48437 0.20714 0.64938 0.83619 0.84156 0.996 0.187 1249.412 0.02776
0.48481 0.20733 0.64996 0.83695 0.84347 1.155 0.197 1249.441 0.02778
0.48525 0.20751 0.65055 0.83770 0.84537 0.854 0.175 1249.471 0.02780
0.48569 0.20770 0.65114 0.83846 0.84728 1.071 0.191 1249.501 0.02783
0.48613 0.20789 0.65172 0.83921 0.84919 1.073 0.193 1249.531 0.02785
0.48656 0.20808 0.65231 0.83997 0.85109 0.870 0.177 1249.561 0.02788
0.48700 0.20826 0.65290 0.84072 0.85300 0.769 0.169 1249.591 0.02790
0.48744 0.20845 0.65348 0.84148 0.85491 1.112 0.195 1249.621 0.02793
0.48788 0.20864 0.65407 0.84224 0.85681 1.072 0.191 1249.651 0.02795
0.48831 0.20882 0.65466 0.84299 0.85872 1.209 0.201 1249.680 0.02798
0.48875 0.20901 0.65524 0.84375 0.86063 0.928 0.182 1249.710 0.02800
0.48919 0.20920 0.65583 0.84450 0.86253 1.279 0.204 1249.740 0.02803
0.48963 0.20939 0.65642 0.84526 0.86444 0.802 0.172 1249.770 0.02805
0.49007 0.20957 0.65701 0.84602 0.86635 1.115 0.195 1249.800 0.02808
0.49050 0.20976 0.65759 0.84677 0.86825 0.849 0.177 1249.830 0.02810
0.49094 0.20995 0.65818 0.84753 0.87016 1.015 0.188 1249.860 0.02812
0.49138 0.21013 0.65877 0.84828 0.87207 1.044 0.189 1249.890 0.02815
0.49182 0.21032 0.65935 0.84904 0.87398 0.856 0.177 1249.919 0.02817
0.49226 0.21051 0.65994 0.84980 0.87588 1.032 0.189 1249.949 0.02820
0.49269 0.21070 0.66053 0.85055 0.87779 0.827 0.173 1249.979 0.02822
0.49313 0.21088 0.66112 0.85131 0.87970 1.170 0.198 1250.009 0.02825
0.49357 0.21107 0.66170 0.85206 0.88160 0.780 0.170 1250.039 0.02827
0.49401 0.21126 0.66229 0.85282 0.88351 1.091 0.193 1250.069 0.02830
0.49445 0.21145 0.66288 0.85358 0.88542 1.086 0.193 1250.099 0.02832
0.49488 0.21163 0.66346 0.85433 0.88733 1.042 0.190 1250.129 0.02835
0.49532 0.21182 0.66405 0.85509 0.88924 0.954 0.184 1250.158 0.02837
0.49576 0.21201 0.66464 0.85585 0.89114 0.865 0.178 1250.188 0.02839
0.49620 0.21220 0.66523 0.85660 0.89305 0.829 0.174 1250.218 0.02842
0.49664 0.21238 0.66581 0.85736 0.89496 1.166 0.197 1250.248 0.02844
0.49707 0.21257 0.66640 0.85811 0.89687 1.021 0.189 1250.278 0.02847
0.49751 0.21276 0.66699 0.85887 0.89878 0.952 0.182 1250.308 0.02849
0.49795 0.21294 0.66758 0.85963 0.90068 0.997 0.186 1250.338 0.02852
0.49839 0.21313 0.66816 0.86038 0.90259 0.722 0.166 1250.368 0.02854
0.49883 0.21332 0.66875 0.86114 0.90450 0.596 0.155 1250.398 0.02857
0.49927 0.21351 0.66934 0.86190 0.90641 0.701 0.164 1250.427 0.02859
0.49970 0.21369 0.66993 0.86265 0.90832 0.866 0.191 1250.457 0.02862
0.50014 0.21388 0.67051 0.86341 0.91023 0.792 0.188 1250.487 0.02864
0.50058 0.21407 0.67110 0.86417 0.91213 0.697 0.164 1250.517 0.02866
0.50102 0.21426 0.67169 0.86492 0.91404 0.467 0.143 1250.547 0.02869
0.50146 0.21444 0.67228 0.86568 0.91595 0.423 0.136 1250.577 0.02871
0.50189 0.21463 0.67286 0.86644 0.91786 0.655 0.160 1250.607 0.02874
0.50233 0.21482 0.67345 0.86719 0.91977 0.551 0.151 1250.637 0.02876
0.50277 0.21501 0.67404 0.86795 0.92168 0.891 0.179 1250.666 0.02879
0.50321 0.21519 0.67463 0.86871 0.92359 0.762 0.169 1250.696 0.02881
0.50365 0.21538 0.67521 0.86946 0.92550 0.633 0.159 1250.726 0.02884
0.50409 0.21557 0.67580 0.87022 0.92740 0.853 0.175 1250.756 0.02886
0.50453 0.21576 0.67639 0.87098 0.92931 0.971 0.185 1250.786 0.02889
0.50496 0.21594 0.67698 0.87173 0.93122 0.950 0.183 1250.816 0.02891
0.50540 0.21613 0.67757 0.87249 0.93313 0.781 0.170 1250.846 0.02894
0.50584 0.21632 0.67815 0.87325 0.93504 0.721 0.165 1250.876 0.02896
0.50628 0.21651 0.67874 0.87400 0.93695 0.999 0.186 1250.905 0.02898
0.50672 0.21669 0.67933 0.87476 0.93886 0.785 0.170 1250.935 0.02901
0.50716 0.21688 0.67992 0.87552 0.94077 0.908 0.180 1250.965 0.02903
0.50759 0.21707 0.68051 0.87628 0.94268 1.031 0.189 1250.995 0.02906
0.50803 0.21726 0.68109 0.87703 0.94459 1.053 0.190 1251.025 0.02908
0.50847 0.21744 0.68168 0.87779 0.94650 0.997 0.186 1251.055 0.02911
0.50891 0.21763 0.68227 0.87855 0.94841 1.036 0.189 1251.085 0.02913
0.50935 0.21782 0.68286 0.87930 0.95032 0.930 0.181 1251.115 0.02916
0.50979 0.21801 0.68344 0.88006 0.95223 1.012 0.187 1251.144 0.02918
0.51023 0.21819 0.68403 0.88082 0.95414 0.916 0.180 1251.174 0.02921
0.51066 0.21838 0.68462 0.88157 0.95605 0.826 0.173 1251.204 0.02923
0.51110 0.21857 0.68521 0.88233 0.95796 0.906 0.179 1251.234 0.02925
0.51154 0.21876 0.68580 0.88309 0.95987 0.628 0.158 1251.264 0.02928
0.51198 0.21894 0.68639 0.88385 0.96178 0.966 0.184 1251.294 0.02930
0.51242 0.21913 0.68697 0.88460 0.96369 1.075 0.191 1251.324 0.02933
0.51286 0.21932 0.68756 0.88536 0.96560 1.097 0.193 1251.354 0.02935
0.51330 0.21951 0.68815 0.88612 0.96751 1.071 0.191 1251.384 0.02938
0.51373 0.21969 0.68874 0.88688 0.96942 0.991 0.185 1251.413 0.02940
0.51417 0.21988 0.68933 0.88763 0.97133 0.757 0.168 1251.443 0.02943
0.51461 0.22007 0.68991 0.88839 0.97324 0.693 0.163 1251.473 0.02945
0.51505 0.22026 0.69050 0.88915 0.97515 1.069 0.191 1251.503 0.02948
0.51549 0.22045 0.69109 0.88991 0.97706 1.088 0.191 1251.533 0.02950
0.51593 0.22063 0.69168 0.89066 0.97898 1.034 0.188 1251.563 0.02953
0.51637 0.22082 0.69227 0.89142 0.98089 1.034 0.188 1251.593 0.02955
0.51681 0.22101 0.69286 0.89218 0.98280 0.924 0.180 1251.623 0.02957
0.51725 0.22120 0.69344 0.89294 0.98471 1.072 0.190 1251.652 0.02960
0.51768 0.22138 0.69403 0.89369 0.98662 0.820 0.172 1251.682 0.02962
0.51812 0.22157 0.69462 0.89445 0.98853 1.254 0.203 1251.712 0.02965
0.51856 0.22176 0.69521 0.89521 0.99044 1.171 0.197 1251.742 0.02967
0.51900 0.22195 0.69580 0.89597 0.99235 0.904 0.178 1251.772 0.02970
0.51944 0.22213 0.69639 0.89672 0.99427 0.937 0.181 1251.802 0.02972
0.51988 0.22232 0.69697 0.89748 0.99618 0.792 0.170 1251.832 0.02975
0.52032 0.22251 0.69756 0.89824 0.99809 1.191 0.198 1251.862 0.02977
0.52076 0.22270 0.69815 0.89900 1.00000 1.001 0.185 1251.891 0.02980
