x y z dist_scaled dist_frac flux_norm
-0.31897 0.20238 0.33150 0.50258 0.00000 1.104
-0.31944 0.20268 0.33199 0.50333 0.00188 0.953
-0.31991 0.20298 0.33248 0.50407 0.00375 1.017
-0.32038 0.20328 0.33297 0.50481 0.00563 0.692
-0.32086 0.20358 0.33346 0.50556 0.00751 1.016
-0.32133 0.20388 0.33395 0.50630 0.00938 0.757
-0.32180 0.20418 0.33444 0.50705 0.01126 1.230
-0.32227 0.20448 0.33493 0.50779 0.01313 1.272
-0.32274 0.20477 0.33542 0.50853 0.01501 1.573
-0.32322 0.20507 0.33591 0.50928 0.01689 1.140
-0.32369 0.20537 0.33641 0.51002 0.01876 0.950
-0.32416 0.20567 0.33690 0.51077 0.02064 0.864
-0.32463 0.20597 0.33739 0.51151 0.02252 0.991
-0.32511 0.20627 0.33788 0.51225 0.02440 0.797
-0.32558 0.20657 0.33837 0.51300 0.02627 0.881
-0.32605 0.20687 0.33886 0.51374 0.02815 1.160
-0.32652 0.20717 0.33935 0.51449 0.03003 0.967
-0.32699 0.20747 0.33984 0.51523 0.03190 1.138
-0.32747 0.20777 0.34033 0.51597 0.03378 0.881
-0.32794 0.20807 0.34082 0.51672 0.03566 0.879
-0.32841 0.20837 0.34131 0.51746 0.03754 0.921
-0.32888 0.20867 0.34180 0.51821 0.03941 0.857
-0.32936 0.20897 0.34230 0.51895 0.04129 1.155
-0.32983 0.20927 0.34279 0.51970 0.04317 0.795
-0.33030 0.20957 0.34328 0.52044 0.04505 0.898
-0.33077 0.20987 0.34377 0.52118 0.04692 0.986
-0.33125 0.21017 0.34426 0.52193 0.04880 0.921
-0.33172 0.21047 0.34475 0.52267 0.05068 1.195
-0.33219 0.21077 0.34524 0.52342 0.05256 1.112
-0.33266 0.21107 0.34573 0.52416 0.05444 0.877
-0.33314 0.21137 0.34622 0.52491 0.05631 1.005
-0.33361 0.21167 0.34671 0.52565 0.05819 1.068
-0.33408 0.21197 0.34721 0.52640 0.06007 0.983
-0.33455 0.21227 0.34770 0.52714 0.06195 0.876
-0.33503 0.21257 0.34819 0.52788 0.06383 1.088
-0.33550 0.21287 0.34868 0.52863 0.06571 0.979
-0.33597 0.21317 0.34917 0.52937 0.06758 0.980
-0.33644 0.21347 0.34966 0.53012 0.06946 0.981
-0.33692 0.21377 0.35015 0.53086 0.07134 0.896
-0.33739 0.21407 0.35064 0.53161 0.07322 0.918
-0.33786 0.21437 0.35114 0.53235 0.07510 1.087
-0.33833 0.21467 0.35163 0.53310 0.07698 1.151
-0.33881 0.21497 0.35212 0.53384 0.07886 1.191
-0.33928 0.21527 0.35261 0.53459 0.08074 1.002
-0.33975 0.21557 0.35310 0.53533 0.08261 0.914
-0.34023 0.21587 0.35359 0.53608 0.08449 1.423
-0.34070 0.21617 0.35408 0.53682 0.08637 1.021
-0.34117 0.21647 0.35457 0.53757 0.08825 1.145
-0.34164 0.21677 0.35507 0.53831 0.09013 1.041
-0.34212 0.21707 0.35556 0.53906 0.09201 1.147
-0.34259 0.21737 0.35605 0.53980 0.09389 1.250
-0.34306 0.21767 0.35654 0.54055 0.09577 1.083
-0.34354 0.21797 0.35703 0.54129 0.09765 0.764
-0.34401 0.21827 0.35752 0.54204 0.09953 1.230
-0.34448 0.21857 0.35801 0.54278 0.10141 1.058
-0.34495 0.21887 0.35851 0.54353 0.10329 1.143
-0.34543 0.21917 0.35900 0.54427 0.10517 0.869
-0.34590 0.21947 0.35949 0.54502 0.10705 1.119
-0.34637 0.21977 0.35998 0.54576 0.10893 0.825
-0.34685 0.22007 0.36047 0.54651 0.11081 1.057
-0.34732 0.22037 0.36096 0.54725 0.11269 0.657
-0.34779 0.22067 0.36146 0.54800 0.11457 0.950
-0.34827 0.22097 0.36195 0.54874 0.11645 0.781
-0.34874 0.22127 0.36244 0.54949 0.11833 0.844
-0.34921 0.22157 0.36293 0.55024 0.12021 1.137
-0.34968 0.22187 0.36342 0.55098 0.12209 1.076
-0.35016 0.22217 0.36391 0.55173 0.12397 0.907
-0.35063 0.22247 0.36441 0.55247 0.12585 0.865
-0.35110 0.22277 0.36490 0.55322 0.12773 1.158
-0.35158 0.22307 0.36539 0.55396 0.12961 1.160
-0.35205 0.22337 0.36588 0.55471 0.13149 1.157
-0.35252 0.22367 0.36637 0.55545 0.13338 1.136
-0.35300 0.22397 0.36686 0.55620 0.13526 1.031
-0.35347 0.22427 0.36736 0.55695 0.13714 1.200
-0.35394 0.22457 0.36785 0.55769 0.13902 1.051
-0.35442 0.22487 0.36834 0.55844 0.14090 0.843
-0.35489 0.22517 0.36883 0.55918 0.14278 0.885
-0.35536 0.22547 0.36932 0.55993 0.14466 0.926
-0.35584 0.22577 0.36982 0.56067 0.14654 1.238
-0.35631 0.22607 0.37031 0.56142 0.14843 0.904
-0.35678 0.22637 0.37080 0.56217 0.15031 0.862
-0.35726 0.22667 0.37129 0.56291 0.15219 1.155
-0.35773 0.22697 0.37178 0.56366 0.15407 0.781
-0.35820 0.22727 0.37228 0.56440 0.15595 0.654
-0.35868 0.22757 0.37277 0.56515 0.15783 0.882
-0.35915 0.22787 0.37326 0.56590 0.15972 0.882
-0.35962 0.22817 0.37375 0.56664 0.16160 0.883
-0.36010 0.22847 0.37424 0.56739 0.16348 0.653
-0.36057 0.22877 0.37474 0.56813 0.16536 0.924
-0.36104 0.22908 0.37523 0.56888 0.16724 1.090
-0.36152 0.22938 0.37572 0.56963 0.16913 1.007
-0.36199 0.22968 0.37621 0.57037 0.17101 1.257
-0.36246 0.22998 0.37670 0.57112 0.17289 0.986
-0.36294 0.23028 0.37720 0.57186 0.17477 0.861
-0.36341 0.23058 0.37769 0.57261 0.17665 1.236
-0.36389 0.23088 0.37818 0.57336 0.17854 1.092
-0.36436 0.23118 0.37867 0.57410 0.18042 0.799
-0.36483 0.23148 0.37917 0.57485 0.18230 0.860
-0.36531 0.23178 0.37966 0.57560 0.18419 1.026
-0.36578 0.23208 0.38015 0.57634 0.18607 1.232
-0.36625 0.23238 0.38064 0.57709 0.18795 1.306
-0.36673 0.23268 0.38114 0.57784 0.18983 0.785
-0.36720 0.23298 0.38163 0.57858 0.19172 0.731
-0.36768 0.23328 0.38212 0.57933 0.19360 0.962
-0.36815 0.23358 0.38261 0.58007 0.19548 1.040
-0.36862 0.23388 0.38310 0.58082 0.19737 0.965
-0.36910 0.23418 0.38360 0.58157 0.19925 1.244
-0.36957 0.23449 0.38409 0.58231 0.20113 0.879
-0.37004 0.23479 0.38458 0.58306 0.20302 0.799
-0.37052 0.23509 0.38507 0.58381 0.20490 1.165
-0.37099 0.23539 0.38557 0.58455 0.20678 1.048
-0.37147 0.23569 0.38606 0.58530 0.20867 0.765
-0.37194 0.23599 0.38655 0.58605 0.21055 0.943
-0.37241 0.23629 0.38704 0.58679 0.21243 0.948
-0.37289 0.23659 0.38754 0.58754 0.21432 1.005
-0.37336 0.23689 0.38803 0.58829 0.21620 1.106
-0.37384 0.23719 0.38852 0.58904 0.21809 0.876
-0.37431 0.23749 0.38901 0.58978 0.21997 1.065
-0.37478 0.23779 0.38951 0.59053 0.22185 0.735
-0.37526 0.23809 0.39000 0.59128 0.22374 0.918
-0.37573 0.23839 0.39049 0.59202 0.22562 1.269
-0.37621 0.23870 0.39099 0.59277 0.22751 0.856
-0.37668 0.23900 0.39148 0.59352 0.22939 0.899
-0.37715 0.23930 0.39197 0.59426 0.23128 0.981
-0.37763 0.23960 0.39246 0.59501 0.23316 1.064
-0.37810 0.23990 0.39296 0.59576 0.23504 0.857
-0.37858 0.24020 0.39345 0.59650 0.23693 1.126
-0.37905 0.24050 0.39394 0.59725 0.23881 1.042
-0.37952 0.24080 0.39443 0.59800 0.24070 0.939
-0.38000 0.24110 0.39493 0.59875 0.24258 0.960
-0.38047 0.24140 0.39542 0.59949 0.24447 0.980
-0.38095 0.24170 0.39591 0.60024 0.24635 0.938
-0.38142 0.24200 0.39641 0.60099 0.24824 1.328
-0.38190 0.24231 0.39690 0.60174 0.25012 0.874
-0.38237 0.24261 0.39739 0.60248 0.25201 1.120
-0.38284 0.24291 0.39789 0.60323 0.25389 1.285
-0.38332 0.24321 0.39838 0.60398 0.25578 0.912
-0.38379 0.24351 0.39887 0.60472 0.25766 0.770
-0.38427 0.24381 0.39936 0.60547 0.25955 0.975
-0.38474 0.24411 0.39986 0.60622 0.26144 0.910
-0.38522 0.24441 0.40035 0.60697 0.26332 0.975
-0.38569 0.24471 0.40084 0.60771 0.26521 0.955
-0.38616 0.24501 0.40134 0.60846 0.26709 1.137
-0.38664 0.24532 0.40183 0.60921 0.26898 1.323
-0.38711 0.24562 0.40232 0.60996 0.27086 1.117
-0.38759 0.24592 0.40282 0.61070 0.27275 1.117
-0.38806 0.24622 0.40331 0.61145 0.27464 0.952
-0.38854 0.24652 0.40380 0.61220 0.27652 1.158
-0.38901 0.24682 0.40429 0.61295 0.27841 0.890
-0.38949 0.24712 0.40479 0.61370 0.28029 1.013
-0.38996 0.24742 0.40528 0.61444 0.28218 1.117
-0.39044 0.24772 0.40577 0.61519 0.28407 0.684
-0.39091 0.24802 0.40627 0.61594 0.28595 0.991
-0.39138 0.24833 0.40676 0.61669 0.28784 1.115
-0.39186 0.24863 0.40725 0.61743 0.28973 1.261
-0.39233 0.24893 0.40775 0.61818 0.29161 1.034
-0.39281 0.24923 0.40824 0.61893 0.29350 1.014
-0.39328 0.24953 0.40873 0.61968 0.29539 0.786
-0.39376 0.24983 0.40923 0.62043 0.29727 0.807
-0.39423 0.25013 0.40972 0.62117 0.29916 1.051
-0.39471 0.25043 0.41021 0.62192 0.30105 0.949
-0.39518 0.25074 0.41071 0.62267 0.30293 1.071
-0.39566 0.25104 0.41120 0.62342 0.30482 0.823
-0.39613 0.25134 0.41169 0.62417 0.30671 0.988
-0.39661 0.25164 0.41219 0.62491 0.30859 0.867
-0.39708 0.25194 0.41268 0.62566 0.31048 1.255
-0.39756 0.25224 0.41317 0.62641 0.31237 1.173
-0.39803 0.25254 0.41367 0.62716 0.31426 0.908
-0.39851 0.25284 0.41416 0.62791 0.31614 1.192
-0.39898 0.25315 0.41466 0.62866 0.31803 1.174
-0.39946 0.25345 0.41515 0.62940 0.31992 0.887
-0.39993 0.25375 0.41564 0.63015 0.32181 1.152
-0.40041 0.25405 0.41614 0.63090 0.32369 0.885
-0.40088 0.25435 0.41663 0.63165 0.32558 1.051
-0.40136 0.25465 0.41712 0.63240 0.32747 1.050
-0.40183 0.25495 0.41762 0.63315 0.32936 0.987
-0.40231 0.25525 0.41811 0.63389 0.33125 1.215
-0.40278 0.25556 0.41860 0.63464 0.33313 1.071
-0.40326 0.25586 0.41910 0.63539 0.33502 0.845
-0.40373 0.25616 0.41959 0.63614 0.33691 0.889
-0.40421 0.25646 0.42009 0.63689 0.33880 1.048
-0.40468 0.25676 0.42058 0.63764 0.34069 1.009
-0.40516 0.25706 0.42107 0.63838 0.34258 0.946
-0.40563 0.25736 0.42157 0.63913 0.34446 1.335
-0.40611 0.25767 0.42206 0.63988 0.34635 0.742
-0.40658 0.25797 0.42255 0.64063 0.34824 0.803
-0.40706 0.25827 0.42305 0.64138 0.35013 0.884
-0.40753 0.25857 0.42354 0.64213 0.35202 0.752
-0.40801 0.25887 0.42404 0.64288 0.35391 1.116
-0.40848 0.25917 0.42453 0.64363 0.35580 1.091
-0.40896 0.25948 0.42502 0.64437 0.35769 1.010
-0.40943 0.25978 0.42552 0.64512 0.35957 1.101
-0.40991 0.26008 0.42601 0.64587 0.36146 1.014
-0.41038 0.26038 0.42651 0.64662 0.36335 0.832
-0.41086 0.26068 0.42700 0.64737 0.36524 0.969
-0.41133 0.26098 0.42749 0.64812 0.36713 0.970
-0.41181 0.26128 0.42799 0.64887 0.36902 1.138
-0.41228 0.26159 0.42848 0.64962 0.37091 0.956
-0.41276 0.26189 0.42898 0.65037 0.37280 1.269
-0.41323 0.26219 0.42947 0.65111 0.37469 1.031
-0.41371 0.26249 0.42996 0.65186 0.37658 1.311
-0.41419 0.26279 0.43046 0.65261 0.37847 1.127
-0.41466 0.26309 0.43095 0.65336 0.38036 1.076
-0.41514 0.26340 0.43145 0.65411 0.38225 1.101
-0.41561 0.26370 0.43194 0.65486 0.38414 1.012
-0.41609 0.26400 0.43243 0.65561 0.38603 0.779
-0.41656 0.26430 0.43293 0.65636 0.38792 0.880
-0.41704 0.26460 0.43342 0.65711 0.38981 0.880
-0.41751 0.26490 0.43392 0.65786 0.39170 0.675
-0.41799 0.26521 0.43441 0.65861 0.39359 0.471
-0.41847 0.26551 0.43491 0.65936 0.39548 0.534
-0.41894 0.26581 0.43540 0.66011 0.39737 0.330
-0.41942 0.26611 0.43589 0.66085 0.39926 0.452
-0.41989 0.26641 0.43639 0.66160 0.40115 0.291
-0.42037 0.26672 0.43688 0.66235 0.40304 0.615
-0.42084 0.26702 0.43738 0.66310 0.40493 0.373
-0.42132 0.26732 0.43787 0.66385 0.40682 0.107
-0.42179 0.26762 0.43837 0.66460 0.40871 0.189
-0.42227 0.26792 0.43886 0.66535 0.41060 0.148
-0.42275 0.26822 0.43935 0.66610 0.41249 0.067
-0.42322 0.26853 0.43985 0.66685 0.41438 0.088
-0.42370 0.26883 0.44034 0.66760 0.41628 0.190
-0.42417 0.26913 0.44084 0.66835 0.41817 0.251
-0.42465 0.26943 0.44133 0.66910 0.42006 0.251
-0.42513 0.26973 0.44183 0.66985 0.42195 0.372
-0.42560 0.27004 0.44232 0.67060 0.42384 0.352
-0.42608 0.27034 0.44282 0.67135 0.42573 0.394
-0.42655 0.27064 0.44331 0.67210 0.42762 0.736
-0.42703 0.27094 0.44381 0.67285 0.42951 0.618
-0.42750 0.27124 0.44430 0.67360 0.43141 0.841
-0.42798 0.27155 0.44479 0.67435 0.43330 0.881
-0.42846 0.27185 0.44529 0.67510 0.43519 0.720
-0.42893 0.27215 0.44578 0.67585 0.43708 0.781
-0.42941 0.27245 0.44628 0.67660 0.43897 1.063
-0.42988 0.27275 0.44677 0.67735 0.44087 0.842
-0.43036 0.27305 0.44727 0.67810 0.44276 0.719
-0.43084 0.27336 0.44776 0.67885 0.44465 0.658
-0.43131 0.27366 0.44826 0.67960 0.44654 0.577
-0.43179 0.27396 0.44875 0.68035 0.44843 0.314
-0.43226 0.27426 0.44925 0.68110 0.45033 0.334
-0.43274 0.27457 0.44974 0.68185 0.45222 0.253
-0.43322 0.27487 0.45024 0.68260 0.45411 0.518
-0.43369 0.27517 0.45073 0.68335 0.45600 0.475
-0.43417 0.27547 0.45123 0.68410 0.45790 0.476
-0.43464 0.27577 0.45172 0.68485 0.45979 0.414
-0.43512 0.27608 0.45222 0.68560 0.46168 0.616
-0.43560 0.27638 0.45271 0.68635 0.46357 0.556
-0.43607 0.27668 0.45321 0.68710 0.46547 0.919
-0.43655 0.27698 0.45370 0.68785 0.46736 0.757
-0.43703 0.27728 0.45420 0.68860 0.46925 0.840
-0.43750 0.27759 0.45469 0.68935 0.47114 0.717
-0.43798 0.27789 0.45519 0.69010 0.47304 0.940
-0.43845 0.27819 0.45568 0.69085 0.47493 0.897
-0.43893 0.27849 0.45618 0.69160 0.47682 1.163
-0.43941 0.27880 0.45667 0.69235 0.47872 1.138
-0.43988 0.27910 0.45717 0.69310 0.48061 1.016
-0.44036 0.27940 0.45766 0.69385 0.48250 0.979
-0.44084 0.27970 0.45816 0.69461 0.48440 0.899
-0.44131 0.28000 0.45865 0.69536 0.48629 1.037
-0.44179 0.28031 0.45915 0.69611 0.48818 0.755
-0.44227 0.28061 0.45964 0.69686 0.49008 0.855
-0.44274 0.28091 0.46014 0.69761 0.49197 1.400
-0.44322 0.28121 0.46063 0.69836 0.49387 0.956
-0.44369 0.28152 0.46113 0.69911 0.49576 1.099
-0.44417 0.28182 0.46162 0.69986 0.49765 1.159
-0.44465 0.28212 0.46212 0.70061 0.49955 0.916
-0.44512 0.28242 0.46261 0.70136 0.50144 1.237
-0.44560 0.28273 0.46311 0.70211 0.50334 0.892
-0.44608 0.28303 0.46360 0.70286 0.50523 1.217
-0.44655 0.28333 0.46410 0.70361 0.50712 1.014
-0.44703 0.28363 0.46459 0.70437 0.50902 0.895
-0.44751 0.28393 0.46509 0.70512 0.51091 0.996
-0.44798 0.28424 0.46558 0.70587 0.51281 1.074
-0.44846 0.28454 0.46608 0.70662 0.51470 0.936
-0.44894 0.28484 0.46657 0.70737 0.51660 1.096
-0.44941 0.28514 0.46707 0.70812 0.51849 1.016
-0.44989 0.28545 0.46757 0.70887 0.52039 0.915
-0.45037 0.28575 0.46806 0.70962 0.52228 1.197
-0.45084 0.28605 0.46856 0.71037 0.52418 1.058
-0.45132 0.28635 0.46905 0.71112 0.52607 1.238
-0.45180 0.28666 0.46955 0.71188 0.52797 1.076
-0.45227 0.28696 0.47004 0.71263 0.52986 0.935
-0.45275 0.28726 0.47054 0.71338 0.53176 1.220
-0.45323 0.28756 0.47103 0.71413 0.53365 1.036
-0.45370 0.28787 0.47153 0.71488 0.53555 1.115
-0.45418 0.28817 0.47202 0.71563 0.53744 1.117
-0.45466 0.28847 0.47252 0.71638 0.53934 1.138
-0.45514 0.28877 0.47302 0.71714 0.54123 0.934
-0.45561 0.28908 0.47351 0.71789 0.54313 1.215
-0.45609 0.28938 0.47401 0.71864 0.54502 1.094
-0.45657 0.28968 0.47450 0.71939 0.54692 0.997
-0.45704 0.28998 0.47500 0.72014 0.54882 0.794
-0.45752 0.29029 0.47549 0.72089 0.55071 0.634
-0.45800 0.29059 0.47599 0.72164 0.55261 0.432
-0.45847 0.29089 0.47649 0.72240 0.55450 0.452
-0.45895 0.29120 0.47698 0.72315 0.55640 0.251
-0.45943 0.29150 0.47748 0.72390 0.55829 0.231
-0.45991 0.29180 0.47797 0.72465 0.56019 0.271
-0.46038 0.29210 0.47847 0.72540 0.56209 0.232
-0.46086 0.29241 0.47896 0.72615 0.56398 0.532
-0.46134 0.29271 0.47946 0.72691 0.56588 0.432
-0.46181 0.29301 0.47996 0.72766 0.56778 0.534
-0.46229 0.29331 0.48045 0.72841 0.56967 0.554
-0.46277 0.29362 0.48095 0.72916 0.57157 0.574
-0.46324 0.29392 0.48144 0.72991 0.57347 0.935
-0.46372 0.29422 0.48194 0.73066 0.57536 0.814
-0.46420 0.29453 0.48244 0.73142 0.57726 1.092
-0.46468 0.29483 0.48293 0.73217 0.57916 1.134
-0.46515 0.29513 0.48343 0.73292 0.58105 1.052
-0.46563 0.29543 0.48392 0.73367 0.58295 0.790
-0.46611 0.29574 0.48442 0.73442 0.58485 0.931
-0.46659 0.29604 0.48492 0.73518 0.58674 1.193
-0.46706 0.29634 0.48541 0.73593 0.58864 1.173
-0.46754 0.29664 0.48591 0.73668 0.59054 1.110
-0.46802 0.29695 0.48640 0.73743 0.59244 0.688
-0.46849 0.29725 0.48690 0.73819 0.59433 0.548
-0.46897 0.29755 0.48740 0.73894 0.59623 0.767
-0.46945 0.29786 0.48789 0.73969 0.59813 0.706
-0.46993 0.29816 0.48839 0.74044 0.60003 1.067
-0.47040 0.29846 0.48889 0.74119 0.60192 0.968
-0.47088 0.29877 0.48938 0.74195 0.60382 1.090
-0.47136 0.29907 0.48988 0.74270 0.60572 1.008
-0.47184 0.29937 0.49037 0.74345 0.60762 0.887
-0.47231 0.29967 0.49087 0.74420 0.60951 0.828
-0.47279 0.29998 0.49137 0.74496 0.61141 1.086
-0.47327 0.30028 0.49186 0.74571 0.61331 0.865
-0.47375 0.30058 0.49236 0.74646 0.61521 0.885
-0.47422 0.30089 0.49286 0.74721 0.61711 0.746
-0.47470 0.30119 0.49335 0.74797 0.61900 0.885
-0.47518 0.30149 0.49385 0.74872 0.62090 0.924
-0.47566 0.30180 0.49434 0.74947 0.62280 1.165
-0.47613 0.30210 0.49484 0.75022 0.62470 0.944
-0.47661 0.30240 0.49534 0.75098 0.62660 1.144
-0.47709 0.30270 0.49583 0.75173 0.62850 0.963
-0.47757 0.30301 0.49633 0.75248 0.63040 0.764
-0.47805 0.30331 0.49683 0.75323 0.63229 0.822
-0.47852 0.30361 0.49732 0.75399 0.63419 0.922
-0.47900 0.30392 0.49782 0.75474 0.63609 1.104
-0.47948 0.30422 0.49832 0.75549 0.63799 0.942
-0.47996 0.30452 0.49881 0.75624 0.63989 0.683
-0.48043 0.30483 0.49931 0.75700 0.64179 0.504
-0.48091 0.30513 0.49981 0.75775 0.64369 0.722
-0.48139 0.30543 0.50030 0.75850 0.64559 0.464
-0.48187 0.30574 0.50080 0.75926 0.64749 0.206
-0.48235 0.30604 0.50130 0.76001 0.64939 0.165
-0.48282 0.30634 0.50179 0.76076 0.65129 0.066
-0.48330 0.30665 0.50229 0.76151 0.65318 0.026
-0.48378 0.30695 0.50279 0.76227 0.65508 0.027
-0.48426 0.30725 0.50328 0.76302 0.65698 0.027
-0.48473 0.30755 0.50378 0.76377 0.65888 -0.014
-0.48521 0.30786 0.50428 0.76453 0.66078 0.007
-0.48569 0.30816 0.50477 0.76528 0.66268 -0.014
-0.48617 0.30846 0.50527 0.76603 0.66458 0.027
-0.48665 0.30877 0.50577 0.76679 0.66648 0.027
-0.48712 0.30907 0.50626 0.76754 0.66838 0.006
-0.48760 0.30937 0.50676 0.76829 0.67028 0.006
-0.48808 0.30968 0.50726 0.76905 0.67218 0.106
-0.48856 0.30998 0.50775 0.76980 0.67408 0.107
-0.48904 0.31028 0.50825 0.77055 0.67598 0.087
-0.48952 0.31059 0.50875 0.77131 0.67788 0.167
-0.48999 0.31089 0.50924 0.77206 0.67978 0.246
-0.49047 0.31119 0.50974 0.77281 0.68168 0.485
-0.49095 0.31150 0.51024 0.77357 0.68358 0.784
-0.49143 0.31180 0.51073 0.77432 0.68549 1.082
-0.49191 0.31210 0.51123 0.77507 0.68739 0.883
-0.49238 0.31241 0.51173 0.77583 0.68929 0.726
-0.49286 0.31271 0.51223 0.77658 0.69119 0.903
-0.49334 0.31301 0.51272 0.77733 0.69309 0.942
-0.49382 0.31332 0.51322 0.77809 0.69499 0.983
-0.49430 0.31362 0.51372 0.77884 0.69689 0.864
-0.49478 0.31393 0.51421 0.77959 0.69879 1.082
-0.49525 0.31423 0.51471 0.78035 0.70069 0.824
-0.49573 0.31453 0.51521 0.78110 0.70259 1.081
-0.49621 0.31484 0.51570 0.78186 0.70449 0.941
-0.49669 0.31514 0.51620 0.78261 0.70640 1.021
-0.49717 0.31544 0.51670 0.78336 0.70830 0.783
-0.49765 0.31575 0.51720 0.78412 0.71020 0.941
-0.49812 0.31605 0.51769 0.78487 0.71210 1.182
-0.49860 0.31635 0.51819 0.78562 0.71400 0.768
-0.49908 0.31666 0.51869 0.78638 0.71590 1.123
-0.49956 0.31696 0.51919 0.78713 0.71781 0.962
-0.50004 0.31726 0.51968 0.78789 0.71971 0.991
-0.50052 0.31757 0.52018 0.78864 0.72161 0.928
-0.50099 0.31787 0.52068 0.78939 0.72351 0.939
-0.50147 0.31817 0.52117 0.79015 0.72541 0.990
-0.50195 0.31848 0.52167 0.79090 0.72732 1.074
-0.50243 0.31878 0.52217 0.79166 0.72922 0.925
-0.50291 0.31909 0.52267 0.79241 0.73112 1.341
-0.50339 0.31939 0.52316 0.79316 0.73302 1.147
-0.50387 0.31969 0.52366 0.79392 0.73492 1.158
-0.50434 0.32000 0.52416 0.79467 0.73683 0.997
-0.50482 0.32030 0.52466 0.79543 0.73873 0.808
-0.50530 0.32060 0.52515 0.79618 0.74063 0.864
-0.50578 0.32091 0.52565 0.79693 0.74253 0.987
-0.50626 0.32121 0.52615 0.79769 0.74444 0.876
-0.50674 0.32152 0.52665 0.79844 0.74634 0.719
-0.50722 0.32182 0.52714 0.79920 0.74824 1.092
-0.50770 0.32212 0.52764 0.79995 0.75015 0.991
-0.50817 0.32243 0.52814 0.80071 0.75205 0.972
-0.50865 0.32273 0.52864 0.80146 0.75395 1.032
-0.50913 0.32303 0.52913 0.80221 0.75585 0.914
-0.50961 0.32334 0.52963 0.80297 0.75776 0.854
-0.51009 0.32364 0.53013 0.80372 0.75966 0.972
-0.51057 0.32395 0.53063 0.80448 0.76156 1.088
-0.51105 0.32425 0.53112 0.80523 0.76347 1.167
-0.51153 0.32455 0.53162 0.80599 0.76537 0.677
-0.51200 0.32486 0.53212 0.80674 0.76727 0.871
-0.51248 0.32516 0.53262 0.80750 0.76918 0.950
-0.51296 0.32546 0.53312 0.80825 0.77108 1.128
-0.51344 0.32577 0.53361 0.80901 0.77298 1.012
-0.51392 0.32607 0.53411 0.80976 0.77489 1.009
-0.51440 0.32638 0.53461 0.81051 0.77679 0.931
-0.51488 0.32668 0.53511 0.81127 0.77870 0.853
-0.51536 0.32698 0.53560 0.81202 0.78060 1.086
-0.51584 0.32729 0.53610 0.81278 0.78250 1.224
-0.51632 0.32759 0.53660 0.81353 0.78441 1.089
-0.51679 0.32790 0.53710 0.81429 0.78631 0.987
-0.51727 0.32820 0.53760 0.81504 0.78822 1.203
-0.51775 0.32850 0.53809 0.81580 0.79012 1.027
-0.51823 0.32881 0.53859 0.81655 0.79203 1.203
-0.51871 0.32911 0.53909 0.81731 0.79393 0.926
-0.51919 0.32942 0.53959 0.81806 0.79583 1.006
-0.51967 0.32972 0.54009 0.81882 0.79774 0.986
-0.52015 0.33002 0.54058 0.81957 0.79964 0.906
-0.52063 0.33033 0.54108 0.82033 0.80155 1.044
-0.52111 0.33063 0.54158 0.82108 0.80345 1.220
-0.52159 0.33094 0.54208 0.82184 0.80536 1.179
-0.52207 0.33124 0.54258 0.82259 0.80726 0.963
-0.52254 0.33154 0.54307 0.82335 0.80917 0.845
-0.52302 0.33185 0.54357 0.82410 0.81107 1.121
-0.52350 0.33215 0.54407 0.82486 0.81298 1.237
-0.52398 0.33246 0.54457 0.82561 0.81488 1.238
-0.52446 0.33276 0.54507 0.82637 0.81679 1.042
-0.52494 0.33306 0.54556 0.82712 0.81869 1.176
-0.52542 0.33337 0.54606 0.82788 0.82060 1.059
-0.52590 0.33367 0.54656 0.82864 0.82250 1.060
-0.52638 0.33398 0.54706 0.82939 0.82441 1.018
-0.52686 0.33428 0.54756 0.83015 0.82631 1.001
-0.52734 0.33459 0.54806 0.83090 0.82822 0.804
-0.52782 0.33489 0.54855 0.83166 0.83013 1.388
-0.52830 0.33519 0.54905 0.83241 0.83203 0.863
-0.52878 0.33550 0.54955 0.83317 0.83394 1.155
-0.52926 0.33580 0.55005 0.83392 0.83584 0.958
-0.52974 0.33611 0.55055 0.83468 0.83775 1.114
-0.53021 0.33641 0.55105 0.83543 0.83966 0.975
-0.53069 0.33672 0.55154 0.83619 0.84156 0.939
-0.53117 0.33702 0.55204 0.83695 0.84347 0.939
-0.53165 0.33732 0.55254 0.83770 0.84537 0.762
-0.53213 0.33763 0.55304 0.83846 0.84728 0.937
-0.53261 0.33793 0.55354 0.83921 0.84919 1.381
-0.53309 0.33824 0.55404 0.83997 0.85109 0.761
-0.53357 0.33854 0.55453 0.84072 0.85300 1.070
-0.53405 0.33885 0.55503 0.84148 0.85491 0.916
-0.53453 0.33915 0.55553 0.84224 0.85681 0.879
-0.53501 0.33945 0.55603 0.84299 0.85872 1.130
-0.53549 0.33976 0.55653 0.84375 0.86063 1.109
-0.53597 0.34006 0.55703 0.84450 0.86253 1.186
-0.53645 0.34037 0.55753 0.84526 0.86444 1.089
-0.53693 0.34067 0.55802 0.84602 0.86635 0.894
-0.53741 0.34098 0.55852 0.84677 0.86825 0.873
-0.53789 0.34128 0.55902 0.84753 0.87016 1.111
-0.53837 0.34158 0.55952 0.84828 0.87207 0.914
-0.53885 0.34189 0.56002 0.84904 0.87398 0.854
-0.53933 0.34219 0.56052 0.84980 0.87588 0.852
-0.53981 0.34250 0.56102 0.85055 0.87779 0.774
-0.54029 0.34280 0.56152 0.85131 0.87970 0.967
-0.54077 0.34311 0.56201 0.85206 0.88160 0.890
-0.54125 0.34341 0.56251 0.85282 0.88351 1.129
-0.54173 0.34372 0.56301 0.85358 0.88542 1.124
-0.54221 0.34402 0.56351 0.85433 0.88733 0.743
-0.54269 0.34433 0.56401 0.85509 0.88924 0.976
-0.54317 0.34463 0.56451 0.85585 0.89114 0.981
-0.54365 0.34493 0.56501 0.85660 0.89305 1.084
-0.54413 0.34524 0.56551 0.85736 0.89496 0.809
-0.54461 0.34554 0.56600 0.85811 0.89687 0.728
-0.54509 0.34585 0.56650 0.85887 0.89878 1.130
-0.54557 0.34615 0.56700 0.85963 0.90068 1.104
-0.54605 0.34646 0.56750 0.86038 0.90259 0.789
-0.54653 0.34676 0.56800 0.86114 0.90450 1.078
-0.54701 0.34707 0.56850 0.86190 0.90641 0.562
-0.54749 0.34737 0.56900 0.86265 0.90832 0.744
-0.54797 0.34768 0.56950 0.86341 0.91023 0.648
-0.54845 0.34798 0.57000 0.86417 0.91213 0.644
-0.54893 0.34829 0.57050 0.86492 0.91404 0.591
-0.54941 0.34859 0.57099 0.86568 0.91595 0.689
-0.54989 0.34889 0.57149 0.86644 0.91786 0.656
-0.55037 0.34920 0.57199 0.86719 0.91977 0.826
-0.55085 0.34950 0.57249 0.86795 0.92168 1.036
-0.55133 0.34981 0.57299 0.86871 0.92359 1.130
-0.55181 0.35011 0.57349 0.86946 0.92550 1.187
-0.55229 0.35042 0.57399 0.87022 0.92740 1.322
-0.55277 0.35072 0.57449 0.87098 0.92931 0.691
-0.55325 0.35103 0.57499 0.87173 0.93122 0.881
-0.55373 0.35133 0.57549 0.87249 0.93313 0.804
-0.55421 0.35164 0.57599 0.87325 0.93504 1.051
-0.55469 0.35194 0.57649 0.87400 0.93695 1.298
-0.55517 0.35225 0.57698 0.87476 0.93886 0.936
-0.55565 0.35255 0.57748 0.87552 0.94077 0.975
-0.55613 0.35286 0.57798 0.87628 0.94268 1.164
-0.55662 0.35316 0.57848 0.87703 0.94459 1.088
-0.55710 0.35347 0.57898 0.87779 0.94650 1.069
-0.55758 0.35377 0.57948 0.87855 0.94841 0.934
-0.55806 0.35408 0.57998 0.87930 0.95032 0.952
-0.55854 0.35438 0.58048 0.88006 0.95223 0.687
-0.55902 0.35469 0.58098 0.88082 0.95414 0.593
-0.55950 0.35499 0.58148 0.88157 0.95605 0.724
-0.55998 0.35530 0.58198 0.88233 0.95796 0.839
-0.56046 0.35560 0.58248 0.88309 0.95987 0.780
-0.56094 0.35591 0.58298 0.88385 0.96178 0.609
-0.56142 0.35621 0.58348 0.88460 0.96369 0.742
-0.56190 0.35652 0.58398 0.88536 0.96560 0.930
-0.56238 0.35682 0.58448 0.88612 0.96751 1.005
-0.56286 0.35713 0.58498 0.88688 0.96942 1.043
-0.56334 0.35743 0.58548 0.88763 0.97133 0.873
-0.56382 0.35774 0.58597 0.88839 0.97324 0.666
-0.56430 0.35804 0.58647 0.88915 0.97515 0.927
-0.56479 0.35835 0.58697 0.88991 0.97706 0.758
-0.56527 0.35865 0.58747 0.89066 0.97898 0.797
-0.56575 0.35896 0.58797 0.89142 0.98089 0.664
-0.56623 0.35926 0.58847 0.89218 0.98280 0.606
-0.56671 0.35957 0.58897 0.89294 0.98471 0.624
-0.56719 0.35987 0.58947 0.89369 0.98662 0.456
-0.56767 0.36018 0.58997 0.89445 0.98853 0.343
-0.56815 0.36048 0.59047 0.89521 0.99044 0.624
-0.56863 0.36079 0.59097 0.89597 0.99235 0.548
-0.56911 0.36109 0.59147 0.89672 0.99427 0.362
-0.56959 0.36140 0.59197 0.89748 0.99618 0.382
-0.57007 0.36170 0.59247 0.89824 0.99809 0.438
-0.57056 0.36201 0.59297 0.89900 1.00000 0.289
