x y z dist_scaled dist_frac flux_norm wavelength redshift
-0.19337 -0.03683 0.46243 0.50258 0.00000 1.030 1236.115 0.01682
-0.19366 -0.03689 0.46311 0.50333 0.00188 1.012 1236.145 0.01684
-0.19395 -0.03694 0.46380 0.50407 0.00375 0.785 1236.175 0.01687
-0.19423 -0.03700 0.46448 0.50481 0.00563 1.070 1236.205 0.01689
-0.19452 -0.03705 0.46516 0.50556 0.00751 1.031 1236.235 0.01692
-0.19481 -0.03710 0.46585 0.50630 0.00938 1.087 1236.265 0.01694
-0.19509 -0.03716 0.46653 0.50705 0.01126 0.973 1236.295 0.01697
-0.19538 -0.03721 0.46722 0.50779 0.01313 1.067 1236.325 0.01699
-0.19566 -0.03727 0.46790 0.50853 0.01501 1.086 1236.355 0.01701
-0.19595 -0.03732 0.46859 0.50928 0.01689 0.993 1236.384 0.01704
-0.19624 -0.03738 0.46927 0.51002 0.01876 0.937 1236.414 0.01706
-0.19652 -0.03743 0.46996 0.51077 0.02064 1.029 1236.444 0.01709
-0.19681 -0.03749 0.47064 0.51151 0.02252 0.992 1236.474 0.01711
-0.19710 -0.03754 0.47132 0.51225 0.02440 1.293 1236.504 0.01714
-0.19738 -0.03760 0.47201 0.51300 0.02627 1.274 1236.534 0.01716
-0.19767 -0.03765 0.47269 0.51374 0.02815 1.066 1236.564 0.01719
-0.19795 -0.03770 0.47338 0.51449 0.03003 0.745 1236.594 0.01721
-0.19824 -0.03776 0.47406 0.51523 0.03190 1.103 1236.623 0.01724
-0.19853 -0.03781 0.47475 0.51597 0.03378 0.990 1236.653 0.01726
-0.19881 -0.03787 0.47543 0.51672 0.03566 0.746 1236.683 0.01729
-0.19910 -0.03792 0.47612 0.51746 0.03754 0.765 1236.713 0.01731
-0.19939 -0.03798 0.47680 0.51821 0.03941 0.820 1236.743 0.01733
-0.19967 -0.03803 0.47749 0.51895 0.04129 1.101 1236.773 0.01736
-0.19996 -0.03809 0.47817 0.51970 0.04317 1.027 1236.803 0.01738
-0.20025 -0.03814 0.47886 0.52044 0.04505 1.084 1236.833 0.01741
-0.20053 -0.03820 0.47954 0.52118 0.04692 1.141 1236.862 0.01743
-0.20082 -0.03825 0.48023 0.52193 0.04880 1.065 1236.892 0.01746
-0.20110 -0.03830 0.48091 0.52267 0.05068 0.854 1236.922 0.01748
-0.20139 -0.03836 0.48160 0.52342 0.05256 1.271 1236.952 0.01751
-0.20168 -0.03841 0.48228 0.52416 0.05444 0.952 1236.982 0.01753
-0.20196 -0.03847 0.48297 0.52491 0.05631 1.042 1237.012 0.01756
-0.20225 -0.03852 0.48365 0.52565 0.05819 1.026 1237.042 0.01758
-0.20254 -0.03858 0.48434 0.52640 0.06007 0.800 1237.072 0.01760
-0.20282 -0.03863 0.48502 0.52714 0.06195 1.005 1237.101 0.01763
-0.20311 -0.03869 0.48571 0.52788 0.06383 0.780 1237.131 0.01765
-0.20340 -0.03874 0.48639 0.52863 0.06571 0.966 1237.161 0.01768
-0.20368 -0.03880 0.48708 0.52937 0.06758 0.911 1237.191 0.01770
-0.20397 -0.03885 0.48776 0.53012 0.06946 1.097 1237.221 0.01773
-0.20426 -0.03890 0.48845 0.53086 0.07134 0.910 1237.251 0.01775
-0.20454 -0.03896 0.48913 0.53161 0.07322 0.834 1237.281 0.01778
-0.20483 -0.03901 0.48982 0.53235 0.07510 1.022 1237.311 0.01780
-0.20512 -0.03907 0.49050 0.53310 0.07698 1.095 1237.341 0.01783
-0.20540 -0.03912 0.49119 0.53384 0.07886 1.019 1237.370 0.01785
-0.20569 -0.03918 0.49187 0.53459 0.08074 0.907 1237.400 0.01788
-0.20598 -0.03923 0.49256 0.53533 0.08261 0.927 1237.430 0.01790
-0.20626 -0.03929 0.49325 0.53608 0.08449 1.021 1237.460 0.01792
-0.20655 -0.03934 0.49393 0.53682 0.08637 0.739 1237.490 0.01795
-0.20684 -0.03940 0.49462 0.53757 0.08825 1.150 1237.520 0.01797
-0.20712 -0.03945 0.49530 0.53831 0.09013 0.871 1237.550 0.01800
-0.20741 -0.03951 0.49599 0.53906 0.09201 0.833 1237.580 0.01802
-0.20770 -0.03956 0.49667 0.53980 0.09389 1.147 1237.609 0.01805
-0.20798 -0.03961 0.49736 0.54055 0.09577 0.781 1237.639 0.01807
-0.20827 -0.03967 0.49804 0.54129 0.09765 1.073 1237.669 0.01810
-0.20856 -0.03972 0.49873 0.54204 0.09953 0.942 1237.699 0.01812
-0.20884 -0.03978 0.49942 0.54278 0.10141 1.056 1237.729 0.01815
-0.20913 -0.03983 0.50010 0.54353 0.10329 0.829 1237.759 0.01817
-0.20942 -0.03989 0.50079 0.54427 0.10517 0.996 1237.789 0.01819
-0.20970 -0.03994 0.50147 0.54502 0.10705 1.033 1237.819 0.01822
-0.20999 -0.04000 0.50216 0.54576 0.10893 1.165 1237.848 0.01824
-0.21028 -0.04005 0.50284 0.54651 0.11081 1.070 1237.878 0.01827
-0.21056 -0.04011 0.50353 0.54725 0.11269 0.924 1237.908 0.01829
-0.21085 -0.04016 0.50422 0.54800 0.11457 1.163 1237.938 0.01832
-0.21114 -0.04022 0.50490 0.54874 0.11645 1.054 1237.968 0.01834
-0.21142 -0.04027 0.50559 0.54949 0.11833 1.013 1237.998 0.01837
-0.21171 -0.04032 0.50627 0.55024 0.12021 0.921 1238.028 0.01839
-0.21200 -0.04038 0.50696 0.55098 0.12209 1.238 1238.058 0.01842
-0.21228 -0.04043 0.50764 0.55173 0.12397 1.164 1238.087 0.01844
-0.21257 -0.04049 0.50833 0.55247 0.12585 0.995 1238.117 0.01847
-0.21286 -0.04054 0.50902 0.55322 0.12773 1.051 1238.147 0.01849
-0.21314 -0.04060 0.50970 0.55396 0.12961 0.809 1238.177 0.01851
-0.21343 -0.04065 0.51039 0.55471 0.13149 0.863 1238.207 0.01854
-0.21372 -0.04071 0.51107 0.55545 0.13338 0.975 1238.237 0.01856
-0.21400 -0.04076 0.51176 0.55620 0.13526 1.086 1238.267 0.01859
-0.21429 -0.04082 0.51245 0.55695 0.13714 0.807 1238.297 0.01861
-0.21458 -0.04087 0.51313 0.55769 0.13902 0.973 1238.327 0.01864
-0.21487 -0.04093 0.51382 0.55844 0.14090 0.771 1238.356 0.01866
-0.21515 -0.04098 0.51451 0.55918 0.14278 0.827 1238.386 0.01869
-0.21544 -0.04103 0.51519 0.55993 0.14466 0.791 1238.416 0.01871
-0.21573 -0.04109 0.51588 0.56067 0.14654 0.899 1238.446 0.01874
-0.21601 -0.04114 0.51656 0.56142 0.14843 0.788 1238.476 0.01876
-0.21630 -0.04120 0.51725 0.56217 0.15031 0.772 1238.506 0.01878
-0.21659 -0.04125 0.51794 0.56291 0.15219 0.790 1238.536 0.01881
-0.21687 -0.04131 0.51862 0.56366 0.15407 0.789 1238.566 0.01883
-0.21716 -0.04136 0.51931 0.56440 0.15595 0.771 1238.595 0.01886
-0.21745 -0.04142 0.52000 0.56515 0.15783 0.936 1238.625 0.01888
-0.21774 -0.04147 0.52068 0.56590 0.15972 0.825 1238.655 0.01891
-0.21802 -0.04153 0.52137 0.56664 0.16160 0.789 1238.685 0.01893
-0.21831 -0.04158 0.52205 0.56739 0.16348 0.715 1238.715 0.01896
-0.21860 -0.04164 0.52274 0.56813 0.16536 0.828 1238.745 0.01898
-0.21888 -0.04169 0.52343 0.56888 0.16724 1.104 1238.775 0.01901
-0.21917 -0.04175 0.52411 0.56963 0.16913 1.065 1238.805 0.01903
-0.21946 -0.04180 0.52480 0.57037 0.17101 0.938 1238.834 0.01905
-0.21975 -0.04185 0.52549 0.57112 0.17289 1.158 1238.864 0.01908
-0.22003 -0.04191 0.52617 0.57186 0.17477 0.824 1238.894 0.01910
-0.22032 -0.04196 0.52686 0.57261 0.17665 0.862 1238.924 0.01913
-0.22061 -0.04202 0.52755 0.57336 0.17854 0.881 1238.954 0.01915
-0.22089 -0.04207 0.52823 0.57410 0.18042 0.973 1238.984 0.01918
-0.22118 -0.04213 0.52892 0.57485 0.18230 0.918 1239.014 0.01920
-0.22147 -0.04218 0.52961 0.57560 0.18419 0.880 1239.044 0.01923
-0.22176 -0.04224 0.53029 0.57634 0.18607 0.933 1239.073 0.01925
-0.22204 -0.04229 0.53098 0.57709 0.18795 0.836 1239.103 0.01928
-0.22233 -0.04235 0.53167 0.57784 0.18983 0.994 1239.133 0.01930
-0.22262 -0.04240 0.53235 0.57858 0.19172 1.116 1239.163 0.01933
-0.22290 -0.04246 0.53304 0.57933 0.19360 1.111 1239.193 0.01935
-0.22319 -0.04251 0.53373 0.58007 0.19548 0.933 1239.223 0.01937
-0.22348 -0.04257 0.53441 0.58082 0.19737 0.845 1239.253 0.01940
-0.22377 -0.04262 0.53510 0.58157 0.19925 1.032 1239.283 0.01942
-0.22405 -0.04268 0.53579 0.58231 0.20113 0.926 1239.313 0.01945
-0.22434 -0.04273 0.53648 0.58306 0.20302 0.801 1239.342 0.01947
-0.22463 -0.04278 0.53716 0.58381 0.20490 0.723 1239.372 0.01950
-0.22491 -0.04284 0.53785 0.58455 0.20678 0.656 1239.402 0.01952
-0.22520 -0.04289 0.53854 0.58530 0.20867 0.953 1239.432 0.01955
-0.22549 -0.04295 0.53922 0.58605 0.21055 0.881 1239.462 0.01957
-0.22578 -0.04300 0.53991 0.58679 0.21243 0.861 1239.492 0.01960
-0.22606 -0.04306 0.54060 0.58754 0.21432 0.820 1239.522 0.01962
-0.22635 -0.04311 0.54128 0.58829 0.21620 1.061 1239.552 0.01964
-0.22664 -0.04317 0.54197 0.58904 0.21809 1.003 1239.581 0.01967
-0.22693 -0.04322 0.54266 0.58978 0.21997 1.167 1239.611 0.01969
-0.22721 -0.04328 0.54335 0.59053 0.22185 0.801 1239.641 0.01972
-0.22750 -0.04333 0.54403 0.59128 0.22374 1.003 1239.671 0.01974
-0.22779 -0.04339 0.54472 0.59202 0.22562 1.187 1239.701 0.01977
-0.22808 -0.04344 0.54541 0.59277 0.22751 0.985 1239.731 0.01979
-0.22836 -0.04350 0.54610 0.59352 0.22939 0.965 1239.761 0.01982
-0.22865 -0.04355 0.54678 0.59426 0.23128 0.982 1239.791 0.01984
-0.22894 -0.04361 0.54747 0.59501 0.23316 0.907 1239.820 0.01987
-0.22923 -0.04366 0.54816 0.59576 0.23504 0.796 1239.850 0.01989
-0.22951 -0.04372 0.54885 0.59650 0.23693 0.927 1239.880 0.01992
-0.22980 -0.04377 0.54953 0.59725 0.23881 0.998 1239.910 0.01994
-0.23009 -0.04382 0.55022 0.59800 0.24070 1.039 1239.940 0.01996
-0.23038 -0.04388 0.55091 0.59875 0.24258 1.128 1239.970 0.01999
-0.23066 -0.04393 0.55159 0.59949 0.24447 1.035 1240.000 0.02001
-0.23095 -0.04399 0.55228 0.60024 0.24635 0.888 1240.030 0.02004
-0.23124 -0.04404 0.55297 0.60099 0.24824 0.964 1240.059 0.02006
-0.23153 -0.04410 0.55366 0.60174 0.25012 1.053 1240.089 0.02009
-0.23181 -0.04415 0.55435 0.60248 0.25201 1.018 1240.119 0.02011
-0.23210 -0.04421 0.55503 0.60323 0.25389 1.146 1240.149 0.02014
-0.23239 -0.04426 0.55572 0.60398 0.25578 0.944 1240.179 0.02016
-0.23268 -0.04432 0.55641 0.60472 0.25766 0.962 1240.209 0.02019
-0.23296 -0.04437 0.55710 0.60547 0.25955 0.779 1240.239 0.02021
-0.23325 -0.04443 0.55778 0.60622 0.26144 0.578 1240.269 0.02023
-0.23354 -0.04448 0.55847 0.60697 0.26332 0.577 1240.299 0.02026
-0.23383 -0.04454 0.55916 0.60771 0.26521 0.579 1240.328 0.02028
-0.23411 -0.04459 0.55985 0.60846 0.26709 0.614 1240.358 0.02031
-0.23440 -0.04465 0.56053 0.60921 0.26898 0.852 1240.388 0.02033
-0.23469 -0.04470 0.56122 0.60996 0.27086 0.908 1240.418 0.02036
-0.23498 -0.04476 0.56191 0.61070 0.27275 0.761 1240.448 0.02038
-0.23526 -0.04481 0.56260 0.61145 0.27464 0.744 1240.478 0.02041
-0.23555 -0.04487 0.56329 0.61220 0.27652 0.871 1240.508 0.02043
-0.23584 -0.04492 0.56397 0.61295 0.27841 0.944 1240.538 0.02046
-0.23613 -0.04498 0.56466 0.61370 0.28029 0.961 1240.567 0.02048
-0.23641 -0.04503 0.56535 0.61444 0.28218 0.869 1240.597 0.02050
-0.23670 -0.04508 0.56604 0.61519 0.28407 0.849 1240.627 0.02053
-0.23699 -0.04514 0.56673 0.61594 0.28595 0.830 1240.657 0.02055
-0.23728 -0.04519 0.56741 0.61669 0.28784 0.995 1240.687 0.02058
-0.23757 -0.04525 0.56810 0.61743 0.28973 0.683 1240.717 0.02060
-0.23785 -0.04530 0.56879 0.61818 0.29161 1.069 1240.747 0.02063
-0.23814 -0.04536 0.56948 0.61893 0.29350 0.903 1240.777 0.02065
-0.23843 -0.04541 0.57017 0.61968 0.29539 0.959 1240.806 0.02068
-0.23872 -0.04547 0.57085 0.62043 0.29727 1.069 1240.836 0.02070
-0.23900 -0.04552 0.57154 0.62117 0.29916 0.884 1240.866 0.02073
-0.23929 -0.04558 0.57223 0.62192 0.30105 1.235 1240.896 0.02075
-0.23958 -0.04563 0.57292 0.62267 0.30293 0.995 1240.926 0.02078
-0.23987 -0.04569 0.57361 0.62342 0.30482 0.831 1240.956 0.02080
-0.24016 -0.04574 0.57430 0.62417 0.30671 0.922 1240.986 0.02082
-0.24044 -0.04580 0.57498 0.62491 0.30859 0.849 1241.016 0.02085
-0.24073 -0.04585 0.57567 0.62566 0.31048 1.087 1241.045 0.02087
-0.24102 -0.04591 0.57636 0.62641 0.31237 1.102 1241.075 0.02090
-0.24131 -0.04596 0.57705 0.62716 0.31426 0.975 1241.105 0.02092
-0.24159 -0.04602 0.57774 0.62791 0.31614 0.883 1241.135 0.02095
-0.24188 -0.04607 0.57843 0.62866 0.31803 1.067 1241.165 0.02097
-0.24217 -0.04613 0.57911 0.62940 0.31992 0.884 1241.195 0.02100
-0.24246 -0.04618 0.57980 0.63015 0.32181 1.320 1241.225 0.02102
-0.24275 -0.04624 0.58049 0.63090 0.32369 0.812 1241.255 0.02105
-0.24303 -0.04629 0.58118 0.63165 0.32558 0.758 1241.285 0.02107
-0.24332 -0.04635 0.58187 0.63240 0.32747 1.010 1241.314 0.02109
-0.24361 -0.04640 0.58256 0.63315 0.32936 0.958 1241.344 0.02112
-0.24390 -0.04646 0.58325 0.63389 0.33125 0.865 1241.374 0.02114
-0.24419 -0.04651 0.58394 0.63464 0.33313 0.884 1241.404 0.02117
-0.24447 -0.04657 0.58462 0.63539 0.33502 0.794 1241.434 0.02119
-0.24476 -0.04662 0.58531 0.63614 0.33691 0.955 1241.464 0.02122
-0.24505 -0.04667 0.58600 0.63689 0.33880 0.957 1241.494 0.02124
-0.24534 -0.04673 0.58669 0.63764 0.34069 1.014 1241.524 0.02127
-0.24563 -0.04678 0.58738 0.63838 0.34258 0.958 1241.553 0.02129
-0.24591 -0.04684 0.58807 0.63913 0.34446 1.085 1241.583 0.02132
-0.24620 -0.04689 0.58876 0.63988 0.34635 0.922 1241.613 0.02134
-0.24649 -0.04695 0.58945 0.64063 0.34824 0.906 1241.643 0.02137
-0.24678 -0.04700 0.59013 0.64138 0.35013 0.977 1241.673 0.02139
-0.24707 -0.04706 0.59082 0.64213 0.35202 1.095 1241.703 0.02141
-0.24735 -0.04711 0.59151 0.64288 0.35391 0.860 1241.733 0.02144
-0.24764 -0.04717 0.59220 0.64363 0.35580 0.993 1241.763 0.02146
-0.24793 -0.04722 0.59289 0.64437 0.35769 1.199 1241.792 0.02149
-0.24822 -0.04728 0.59358 0.64512 0.35957 0.963 1241.822 0.02151
-0.24851 -0.04733 0.59427 0.64587 0.36146 0.884 1241.852 0.02154
-0.24880 -0.04739 0.59496 0.64662 0.36335 1.043 1241.882 0.02156
-0.24908 -0.04744 0.59565 0.64737 0.36524 0.967 1241.912 0.02159
-0.24937 -0.04750 0.59634 0.64812 0.36713 0.933 1241.942 0.02161
-0.24966 -0.04755 0.59702 0.64887 0.36902 0.795 1241.972 0.02164
-0.24995 -0.04761 0.59771 0.64962 0.37091 1.245 1242.002 0.02166
-0.25024 -0.04766 0.59840 0.65037 0.37280 0.904 1242.031 0.02168
-0.25052 -0.04772 0.59909 0.65111 0.37469 1.061 1242.061 0.02171
-0.25081 -0.04777 0.59978 0.65186 0.37658 1.279 1242.091 0.02173
-0.25110 -0.04783 0.60047 0.65261 0.37847 0.882 1242.121 0.02176
-0.25139 -0.04788 0.60116 0.65336 0.38036 0.775 1242.151 0.02178
-0.25168 -0.04794 0.60185 0.65411 0.38225 0.903 1242.181 0.02181
-0.25197 -0.04799 0.60254 0.65486 0.38414 0.847 1242.211 0.02183
-0.25225 -0.04805 0.60323 0.65561 0.38603 0.919 1242.241 0.02186
-0.25254 -0.04810 0.60392 0.65636 0.38792 0.991 1242.271 0.02188
-0.25283 -0.04816 0.60461 0.65711 0.38981 0.990 1242.300 0.02191
-0.25312 -0.04821 0.60530 0.65786 0.39170 1.193 1242.330 0.02193
-0.25341 -0.04827 0.60599 0.65861 0.39359 1.121 1242.360 0.02196
-0.25370 -0.04832 0.60667 0.65936 0.39548 0.900 1242.390 0.02198
-0.25398 -0.04838 0.60736 0.66011 0.39737 0.809 1242.420 0.02200
-0.25427 -0.04843 0.60805 0.66085 0.39926 1.027 1242.450 0.02203
-0.25456 -0.04849 0.60874 0.66160 0.40115 0.735 1242.480 0.02205
-0.25485 -0.04854 0.60943 0.66235 0.40304 0.862 1242.510 0.02208
-0.25514 -0.04860 0.61012 0.66310 0.40493 0.955 1242.539 0.02210
-0.25543 -0.04865 0.61081 0.66385 0.40682 1.116 1242.569 0.02213
-0.25571 -0.04871 0.61150 0.66460 0.40871 0.919 1242.599 0.02215
-0.25600 -0.04876 0.61219 0.66535 0.41060 0.774 1242.629 0.02218
-0.25629 -0.04882 0.61288 0.66610 0.41249 1.025 1242.659 0.02220
-0.25658 -0.04887 0.61357 0.66685 0.41438 0.754 1242.689 0.02223
-0.25687 -0.04893 0.61426 0.66760 0.41628 1.134 1242.719 0.02225
-0.25716 -0.04898 0.61495 0.66835 0.41817 0.807 1242.749 0.02227
-0.25744 -0.04904 0.61564 0.66910 0.42006 1.118 1242.778 0.02230
-0.25773 -0.04909 0.61633 0.66985 0.42195 1.134 1242.808 0.02232
-0.25802 -0.04915 0.61702 0.67060 0.42384 0.846 1242.838 0.02235
-0.25831 -0.04920 0.61771 0.67135 0.42573 1.174 1242.868 0.02237
-0.25860 -0.04926 0.61840 0.67210 0.42762 1.061 1242.898 0.02240
-0.25889 -0.04931 0.61909 0.67285 0.42951 1.080 1242.928 0.02242
-0.25918 -0.04937 0.61978 0.67360 0.43141 1.168 1242.958 0.02245
-0.25946 -0.04942 0.62047 0.67435 0.43330 1.281 1242.988 0.02247
-0.25975 -0.04948 0.62116 0.67510 0.43519 1.115 1243.017 0.02250
-0.26004 -0.04953 0.62185 0.67585 0.43708 0.933 1243.047 0.02252
-0.26033 -0.04959 0.62254 0.67660 0.43897 1.133 1243.077 0.02254
-0.26062 -0.04964 0.62323 0.67735 0.44087 0.915 1243.107 0.02257
-0.26091 -0.04969 0.62392 0.67810 0.44276 0.752 1243.137 0.02259
-0.26120 -0.04975 0.62461 0.67885 0.44465 1.043 1243.167 0.02262
-0.26148 -0.04980 0.62530 0.67960 0.44654 1.060 1243.197 0.02264
-0.26177 -0.04986 0.62599 0.68035 0.44843 0.913 1243.227 0.02267
-0.26206 -0.04991 0.62668 0.68110 0.45033 0.879 1243.257 0.02269
-0.26235 -0.04997 0.62737 0.68185 0.45222 0.970 1243.286 0.02272
-0.26264 -0.05002 0.62806 0.68260 0.45411 1.060 1243.316 0.02274
-0.26293 -0.05008 0.62875 0.68335 0.45600 1.023 1243.346 0.02277
-0.26322 -0.05013 0.62944 0.68410 0.45790 1.042 1243.376 0.02279
-0.26350 -0.05019 0.63013 0.68485 0.45979 0.751 1243.406 0.02282
-0.26379 -0.05024 0.63082 0.68560 0.46168 1.040 1243.436 0.02284
-0.26408 -0.05030 0.63151 0.68635 0.46357 0.787 1243.466 0.02286
-0.26437 -0.05035 0.63220 0.68710 0.46547 1.077 1243.496 0.02289
-0.26466 -0.05041 0.63289 0.68785 0.46736 1.077 1243.525 0.02291
-0.26495 -0.05046 0.63358 0.68860 0.46925 0.857 1243.555 0.02294
-0.26524 -0.05052 0.63427 0.68935 0.47114 0.841 1243.585 0.02296
-0.26553 -0.05057 0.63496 0.69010 0.47304 0.821 1243.615 0.02299
-0.26581 -0.05063 0.63565 0.69085 0.47493 1.150 1243.645 0.02301
-0.26610 -0.05068 0.63634 0.69160 0.47682 0.986 1243.675 0.02304
-0.26639 -0.05074 0.63704 0.69235 0.47872 1.202 1243.705 0.02306
-0.26668 -0.05079 0.63773 0.69310 0.48061 0.751 1243.735 0.02309
-0.26697 -0.05085 0.63842 0.69385 0.48250 0.950 1243.764 0.02311
-0.26726 -0.05090 0.63911 0.69461 0.48440 0.786 1243.794 0.02313
-0.26755 -0.05096 0.63980 0.69536 0.48629 0.915 1243.824 0.02316
-0.26784 -0.05101 0.64049 0.69611 0.48818 1.221 1243.854 0.02318
-0.26812 -0.05107 0.64118 0.69686 0.49008 0.934 1243.884 0.02321
-0.26841 -0.05112 0.64187 0.69761 0.49197 1.240 1243.914 0.02323
-0.26870 -0.05118 0.64256 0.69836 0.49387 1.169 1243.944 0.02326
-0.26899 -0.05123 0.64325 0.69911 0.49576 1.002 1243.974 0.02328
-0.26928 -0.05129 0.64394 0.69986 0.49765 1.023 1244.003 0.02331
-0.26957 -0.05134 0.64463 0.70061 0.49955 1.005 1244.033 0.02333
-0.26986 -0.05140 0.64532 0.70136 0.50144 0.913 1244.063 0.02336
-0.27015 -0.05145 0.64601 0.70211 0.50334 0.768 1244.093 0.02338
-0.27044 -0.05151 0.64671 0.70286 0.50523 1.204 1244.123 0.02341
-0.27072 -0.05156 0.64740 0.70361 0.50712 1.092 1244.153 0.02343
-0.27101 -0.05162 0.64809 0.70437 0.50902 0.912 1244.183 0.02345
-0.27130 -0.05167 0.64878 0.70512 0.51091 0.875 1244.213 0.02348
-0.27159 -0.05173 0.64947 0.70587 0.51281 0.894 1244.243 0.02350
-0.27188 -0.05179 0.65016 0.70662 0.51470 1.348 1244.272 0.02353
-0.27217 -0.05184 0.65085 0.70737 0.51660 1.021 1244.302 0.02355
-0.27246 -0.05190 0.65154 0.70812 0.51849 1.003 1244.332 0.02358
-0.27275 -0.05195 0.65223 0.70887 0.52039 1.365 1244.362 0.02360
-0.27304 -0.05201 0.65292 0.70962 0.52228 1.041 1244.392 0.02363
-0.27333 -0.05206 0.65362 0.71037 0.52418 1.095 1244.422 0.02365
-0.27361 -0.05212 0.65431 0.71112 0.52607 0.967 1244.452 0.02368
-0.27390 -0.05217 0.65500 0.71188 0.52797 0.951 1244.482 0.02370
-0.27419 -0.05223 0.65569 0.71263 0.52986 0.786 1244.511 0.02372
-0.27448 -0.05228 0.65638 0.71338 0.53176 0.803 1244.541 0.02375
-0.27477 -0.05234 0.65707 0.71413 0.53365 1.147 1244.571 0.02377
-0.27506 -0.05239 0.65776 0.71488 0.53555 0.915 1244.601 0.02380
-0.27535 -0.05245 0.65845 0.71563 0.53744 0.752 1244.631 0.02382
-0.27564 -0.05250 0.65915 0.71638 0.53934 1.149 1244.661 0.02385
-0.27593 -0.05256 0.65984 0.71714 0.54123 0.859 1244.691 0.02387
-0.27622 -0.05261 0.66053 0.71789 0.54313 0.714 1244.721 0.02390
-0.27651 -0.05267 0.66122 0.71864 0.54502 1.022 1244.750 0.02392
-0.27679 -0.05272 0.66191 0.71939 0.54692 0.913 1244.780 0.02395
-0.27708 -0.05278 0.66260 0.72014 0.54882 1.076 1244.810 0.02397
-0.27737 -0.05283 0.66329 0.72089 0.55071 1.022 1244.840 0.02400
-0.27766 -0.05289 0.66399 0.72164 0.55261 0.894 1244.870 0.02402
-0.27795 -0.05294 0.66468 0.72240 0.55450 1.183 1244.900 0.02404
-0.27824 -0.05300 0.66537 0.72315 0.55640 1.055 1244.930 0.02407
-0.27853 -0.05305 0.66606 0.72390 0.55829 0.822 1244.960 0.02409
-0.27882 -0.05311 0.66675 0.72465 0.56019 1.073 1244.989 0.02412
-0.27911 -0.05316 0.66744 0.72540 0.56209 1.001 1245.019 0.02414
-0.27940 -0.05322 0.66814 0.72615 0.56398 0.965 1245.049 0.02417
-0.27969 -0.05327 0.66883 0.72691 0.56588 0.982 1245.079 0.02419
-0.27998 -0.05333 0.66952 0.72766 0.56778 1.164 1245.109 0.02422
-0.28026 -0.05338 0.67021 0.72841 0.56967 1.148 1245.139 0.02424
-0.28055 -0.05344 0.67090 0.72916 0.57157 1.056 1245.169 0.02427
-0.28084 -0.05349 0.67159 0.72991 0.57347 1.019 1245.199 0.02429
-0.28113 -0.05355 0.67229 0.73066 0.57536 0.819 1245.229 0.02431
-0.28142 -0.05360 0.67298 0.73142 0.57726 1.092 1245.258 0.02434
-0.28171 -0.05366 0.67367 0.73217 0.57916 1.162 1245.288 0.02436
-0.28200 -0.05371 0.67436 0.73292 0.58105 1.435 1245.318 0.02439
-0.28229 -0.05377 0.67505 0.73367 0.58295 1.306 1245.348 0.02441
-0.28258 -0.05382 0.67575 0.73442 0.58485 0.964 1245.378 0.02444
-0.28287 -0.05388 0.67644 0.73518 0.58674 0.946 1245.408 0.02446
-0.28316 -0.05393 0.67713 0.73593 0.58864 1.019 1245.438 0.02449
-0.28345 -0.05399 0.67782 0.73668 0.59054 0.784 1245.468 0.02451
-0.28374 -0.05404 0.67851 0.73743 0.59244 0.838 1245.497 0.02454
-0.28403 -0.05410 0.67921 0.73819 0.59433 0.983 1245.527 0.02456
-0.28432 -0.05415 0.67990 0.73894 0.59623 1.056 1245.557 0.02458
-0.28460 -0.05421 0.68059 0.73969 0.59813 1.001 1245.587 0.02461
-0.28489 -0.05426 0.68128 0.74044 0.60003 1.071 1245.617 0.02463
-0.28518 -0.05432 0.68197 0.74119 0.60192 0.946 1245.647 0.02466
-0.28547 -0.05437 0.68267 0.74195 0.60382 1.020 1245.677 0.02468
-0.28576 -0.05443 0.68336 0.74270 0.60572 1.017 1245.707 0.02471
-0.28605 -0.05448 0.68405 0.74345 0.60762 0.945 1245.736 0.02473
-0.28634 -0.05454 0.68474 0.74420 0.60951 1.106 1245.766 0.02476
-0.28663 -0.05459 0.68543 0.74496 0.61141 0.945 1245.796 0.02478
-0.28692 -0.05465 0.68613 0.74571 0.61331 0.892 1245.826 0.02481
-0.28721 -0.05470 0.68682 0.74646 0.61521 1.037 1245.856 0.02483
-0.28750 -0.05476 0.68751 0.74721 0.61711 1.020 1245.886 0.02486
-0.28779 -0.05482 0.68820 0.74797 0.61900 0.837 1245.916 0.02488
-0.28808 -0.05487 0.68890 0.74872 0.62090 0.730 1245.946 0.02490
-0.28837 -0.05493 0.68959 0.74947 0.62280 1.091 1245.975 0.02493
-0.28866 -0.05498 0.69028 0.75022 0.62470 0.948 1246.005 0.02495
-0.28895 -0.05504 0.69097 0.75098 0.62660 0.948 1246.035 0.02498
-0.28924 -0.05509 0.69167 0.75173 0.62850 0.964 1246.065 0.02500
-0.28953 -0.05515 0.69236 0.75248 0.63040 0.965 1246.095 0.02503
-0.28982 -0.05520 0.69305 0.75323 0.63229 1.003 1246.125 0.02505
-0.29011 -0.05526 0.69374 0.75399 0.63419 0.967 1246.155 0.02508
-0.29040 -0.05531 0.69444 0.75474 0.63609 1.055 1246.185 0.02510
-0.29068 -0.05537 0.69513 0.75549 0.63799 0.912 1246.215 0.02513
-0.29097 -0.05542 0.69582 0.75624 0.63989 1.091 1246.244 0.02515
-0.29126 -0.05548 0.69651 0.75700 0.64179 1.020 1246.274 0.02517
-0.29155 -0.05553 0.69721 0.75775 0.64369 0.820 1246.304 0.02520
-0.29184 -0.05559 0.69790 0.75850 0.64559 0.693 1246.334 0.02522
-0.29213 -0.05564 0.69859 0.75926 0.64749 0.912 1246.364 0.02525
-0.29242 -0.05570 0.69929 0.76001 0.64939 0.999 1246.394 0.02527
-0.29271 -0.05575 0.69998 0.76076 0.65129 1.271 1246.424 0.02530
-0.29300 -0.05581 0.70067 0.76151 0.65318 1.035 1246.454 0.02532
-0.29329 -0.05586 0.70136 0.76227 0.65508 1.145 1246.483 0.02535
-0.29358 -0.05592 0.70206 0.76302 0.65698 1.036 1246.513 0.02537
-0.29387 -0.05597 0.70275 0.76377 0.65888 0.821 1246.543 0.02540
-0.29416 -0.05603 0.70344 0.76453 0.66078 1.001 1246.573 0.02542
-0.29445 -0.05608 0.70414 0.76528 0.66268 1.202 1246.603 0.02545
-0.29474 -0.05614 0.70483 0.76603 0.66458 1.292 1246.633 0.02547
-0.29503 -0.05619 0.70552 0.76679 0.66648 1.149 1246.663 0.02549
-0.29532 -0.05625 0.70621 0.76754 0.66838 0.985 1246.693 0.02552
-0.29561 -0.05630 0.70691 0.76829 0.67028 1.130 1246.722 0.02554
-0.29590 -0.05636 0.70760 0.76905 0.67218 1.003 1246.752 0.02557
-0.29619 -0.05642 0.70829 0.76980 0.67408 1.184 1246.782 0.02559
-0.29648 -0.05647 0.70899 0.77055 0.67598 0.983 1246.812 0.02562
-0.29677 -0.05653 0.70968 0.77131 0.67788 0.841 1246.842 0.02564
-0.29706 -0.05658 0.71037 0.77206 0.67978 1.238 1246.872 0.02567
-0.29735 -0.05664 0.71107 0.77281 0.68168 1.091 1246.902 0.02569
-0.29764 -0.05669 0.71176 0.77357 0.68358 0.802 1246.932 0.02572
-0.29793 -0.05675 0.71245 0.77432 0.68549 0.967 1246.961 0.02574
-0.29822 -0.05680 0.71315 0.77507 0.68739 1.038 1246.991 0.02576
-0.29851 -0.05686 0.71384 0.77583 0.68929 1.186 1247.021 0.02579
-0.29880 -0.05691 0.71453 0.77658 0.69119 0.986 1247.051 0.02581
-0.29909 -0.05697 0.71523 0.77733 0.69309 1.057 1247.081 0.02584
-0.29938 -0.05702 0.71592 0.77809 0.69499 1.039 1247.111 0.02586
-0.29967 -0.05708 0.71661 0.77884 0.69689 0.787 1247.141 0.02589
-0.29996 -0.05713 0.71731 0.77959 0.69879 0.952 1247.171 0.02591
-0.30025 -0.05719 0.71800 0.78035 0.70069 1.185 1247.201 0.02594
-0.30054 -0.05724 0.71869 0.78110 0.70259 0.914 1247.230 0.02596
-0.30083 -0.05730 0.71939 0.78186 0.70449 1.511 1247.260 0.02599
-0.30112 -0.05735 0.72008 0.78261 0.70640 0.859 1247.290 0.02601
-0.30141 -0.05741 0.72077 0.78336 0.70830 0.877 1247.320 0.02604
-0.30170 -0.05746 0.72147 0.78412 0.71020 0.607 1247.350 0.02606
-0.30199 -0.05752 0.72216 0.78487 0.71210 1.043 1247.380 0.02608
-0.30228 -0.05758 0.72285 0.78562 0.71400 0.894 1247.410 0.02611
-0.30257 -0.05763 0.72355 0.78638 0.71590 0.978 1247.440 0.02613
-0.30286 -0.05769 0.72424 0.78713 0.71781 1.136 1247.469 0.02616
-0.30315 -0.05774 0.72493 0.78789 0.71971 1.098 1247.499 0.02618
-0.30344 -0.05780 0.72563 0.78864 0.72161 0.836 1247.529 0.02621
-0.30373 -0.05785 0.72632 0.78939 0.72351 1.177 1247.559 0.02623
-0.30402 -0.05791 0.72702 0.79015 0.72541 1.151 1247.589 0.02626
-0.30431 -0.05796 0.72771 0.79090 0.72732 0.877 1247.619 0.02628
-0.30460 -0.05802 0.72840 0.79166 0.72922 0.962 1247.649 0.02631
-0.30489 -0.05807 0.72910 0.79241 0.73112 1.161 1247.679 0.02633
-0.30518 -0.05813 0.72979 0.79316 0.73302 1.022 1247.708 0.02635
-0.30547 -0.05818 0.73048 0.79392 0.73492 1.048 1247.738 0.02638
-0.30576 -0.05824 0.73118 0.79467 0.73683 1.096 1247.768 0.02640
-0.30605 -0.05829 0.73187 0.79543 0.73873 0.972 1247.798 0.02643
-0.30634 -0.05835 0.73257 0.79618 0.74063 0.908 1247.828 0.02645
-0.30663 -0.05840 0.73326 0.79693 0.74253 0.928 1247.858 0.02648
-0.30692 -0.05846 0.73395 0.79769 0.74444 0.935 1247.888 0.02650
-0.30721 -0.05851 0.73465 0.79844 0.74634 0.936 1247.918 0.02653
-0.30750 -0.05857 0.73534 0.79920 0.74824 0.930 1247.947 0.02655
-0.30779 -0.05863 0.73604 0.79995 0.75015 0.968 1247.977 0.02658
-0.30808 -0.05868 0.73673 0.80071 0.75205 1.113 1248.007 0.02660
-0.30837 -0.05874 0.73742 0.80146 0.75395 1.223 1248.037 0.02662
-0.30866 -0.05879 0.73812 0.80221 0.75585 0.968 1248.067 0.02665
-0.30895 -0.05885 0.73881 0.80297 0.75776 0.786 1248.097 0.02667
-0.30924 -0.05890 0.73951 0.80372 0.75966 1.041 1248.127 0.02670
-0.30953 -0.05896 0.74020 0.80448 0.76156 0.897 1248.157 0.02672
-0.30982 -0.05901 0.74090 0.80523 0.76347 1.006 1248.187 0.02675
-0.31011 -0.05907 0.74159 0.80599 0.76537 0.895 1248.216 0.02677
-0.31040 -0.05912 0.74228 0.80674 0.76727 0.860 1248.246 0.02680
-0.31069 -0.05918 0.74298 0.80750 0.76918 0.932 1248.276 0.02682
-0.31098 -0.05923 0.74367 0.80825 0.77108 0.878 1248.306 0.02685
-0.31127 -0.05929 0.74437 0.80901 0.77298 1.038 1248.336 0.02687
-0.31157 -0.05934 0.74506 0.80976 0.77489 1.129 1248.366 0.02690
-0.31186 -0.05940 0.74576 0.81051 0.77679 1.056 1248.396 0.02692
-0.31215 -0.05945 0.74645 0.81127 0.77870 0.820 1248.426 0.02694
-0.31244 -0.05951 0.74714 0.81202 0.78060 0.620 1248.455 0.02697
-0.31273 -0.05957 0.74784 0.81278 0.78250 0.872 1248.485 0.02699
-0.31302 -0.05962 0.74853 0.81353 0.78441 0.657 1248.515 0.02702
-0.31331 -0.05968 0.74923 0.81429 0.78631 0.567 1248.545 0.02704
-0.31360 -0.05973 0.74992 0.81504 0.78822 0.675 1248.575 0.02707
-0.31389 -0.05979 0.75062 0.81580 0.79012 0.475 1248.605 0.02709
-0.31418 -0.05984 0.75131 0.81655 0.79203 0.312 1248.635 0.02712
-0.31447 -0.05990 0.75201 0.81731 0.79393 0.185 1248.665 0.02714
-0.31476 -0.05995 0.75270 0.81806 0.79583 0.130 1248.694 0.02717
-0.31505 -0.06001 0.75340 0.81882 0.79774 0.093 1248.724 0.02719
-0.31534 -0.06006 0.75409 0.81957 0.79964 0.021 1248.754 0.02721
-0.31563 -0.06012 0.75479 0.82033 0.80155 0.058 1248.784 0.02724
-0.31592 -0.06017 0.75548 0.82108 0.80345 0.021 1248.814 0.02726
-0.31621 -0.06023 0.75617 0.82184 0.80536 0.095 1248.844 0.02729
-0.31650 -0.06028 0.75687 0.82259 0.80726 0.058 1248.874 0.02731
-0.31679 -0.06034 0.75756 0.82335 0.80917 0.021 1248.904 0.02734
-0.31708 -0.06040 0.75826 0.82410 0.81107 0.040 1248.933 0.02736
-0.31737 -0.06045 0.75895 0.82486 0.81298 0.040 1248.963 0.02739
-0.31767 -0.06051 0.75965 0.82561 0.81488 0.259 1248.993 0.02741
-0.31796 -0.06056 0.76034 0.82637 0.81679 0.277 1249.023 0.02744
-0.31825 -0.06062 0.76104 0.82712 0.81869 0.350 1249.053 0.02746
-0.31854 -0.06067 0.76173 0.82788 0.82060 0.586 1249.083 0.02749
-0.31883 -0.06073 0.76243 0.82864 0.82250 0.641 1249.113 0.02751
-0.31912 -0.06078 0.76312 0.82939 0.82441 0.858 1249.143 0.02753
-0.31941 -0.06084 0.76382 0.83015 0.82631 0.804 1249.173 0.02756
-0.31970 -0.06089 0.76451 0.83090 0.82822 0.841 1249.202 0.02758
-0.31999 -0.06095 0.76521 0.83166 0.83013 1.007 1249.232 0.02761
-0.32028 -0.06100 0.76590 0.83241 0.83203 0.551 1249.262 0.02763
-0.32057 -0.06106 0.76660 0.83317 0.83394 0.988 1249.292 0.02766
-0.32086 -0.06111 0.76729 0.83392 0.83584 0.952 1249.322 0.02768
-0.32115 -0.06117 0.76799 0.83468 0.83775 0.882 1249.352 0.02771
-0.32144 -0.06123 0.76868 0.83543 0.83966 1.101 1249.382 0.02773
-0.32173 -0.06128 0.76938 0.83619 0.84156 1.210 1249.412 0.02776
-0.32203 -0.06134 0.77008 0.83695 0.84347 1.190 1249.441 0.02778
-0.32232 -0.06139 0.77077 0.83770 0.84537 0.902 1249.471 0.02780
-0.32261 -0.06145 0.77147 0.83846 0.84728 0.922 1249.501 0.02783
-0.32290 -0.06150 0.77216 0.83921 0.84919 0.900 1249.531 0.02785
-0.32319 -0.06156 0.77286 0.83997 0.85109 1.139 1249.561 0.02788
-0.32348 -0.06161 0.77355 0.84072 0.85300 0.774 1249.591 0.02790
-0.32377 -0.06167 0.77425 0.84148 0.85491 0.684 1249.621 0.02793
-0.32406 -0.06172 0.77494 0.84224 0.85681 0.812 1249.651 0.02795
-0.32435 -0.06178 0.77564 0.84299 0.85872 0.993 1249.680 0.02798
-0.32464 -0.06183 0.77633 0.84375 0.86063 1.137 1249.710 0.02800
-0.32493 -0.06189 0.77703 0.84450 0.86253 1.029 1249.740 0.02803
-0.32522 -0.06195 0.77772 0.84526 0.86444 1.157 1249.770 0.02805
-0.32552 -0.06200 0.77842 0.84602 0.86635 0.865 1249.800 0.02808
-0.32581 -0.06206 0.77912 0.84677 0.86825 0.992 1249.830 0.02810
-0.32610 -0.06211 0.77981 0.84753 0.87016 1.088 1249.860 0.02812
-0.32639 -0.06217 0.78051 0.84828 0.87207 0.903 1249.890 0.02815
-0.32668 -0.06222 0.78120 0.84904 0.87398 1.254 1249.919 0.02817
-0.32697 -0.06228 0.78190 0.84980 0.87588 1.080 1249.949 0.02820
-0.32726 -0.06233 0.78259 0.85055 0.87779 1.289 1249.979 0.02822
-0.32755 -0.06239 0.78329 0.85131 0.87970 0.895 1250.009 0.02825
-0.32784 -0.06244 0.78399 0.85206 0.88160 1.073 1250.039 0.02827
-0.32813 -0.06250 0.78468 0.85282 0.88351 1.338 1250.069 0.02830
-0.32842 -0.06256 0.78538 0.85358 0.88542 1.169 1250.099 0.02832
-0.32872 -0.06261 0.78607 0.85433 0.88733 0.937 1250.129 0.02835
-0.32901 -0.06267 0.78677 0.85509 0.88924 0.799 1250.158 0.02837
-0.32930 -0.06272 0.78746 0.85585 0.89114 0.958 1250.188 0.02839
-0.32959 -0.06278 0.78816 0.85660 0.89305 0.951 1250.218 0.02842
-0.32988 -0.06283 0.78886 0.85736 0.89496 1.153 1250.248 0.02844
-0.33017 -0.06289 0.78955 0.85811 0.89687 0.978 1250.278 0.02847
-0.33046 -0.06294 0.79025 0.85887 0.89878 0.795 1250.308 0.02849
-0.33075 -0.06300 0.79094 0.85963 0.90068 0.826 1250.338 0.02852
-0.33104 -0.06305 0.79164 0.86038 0.90259 0.897 1250.368 0.02854
-0.33133 -0.06311 0.79234 0.86114 0.90450 0.792 1250.398 0.02857
-0.33163 -0.06316 0.79303 0.86190 0.90641 0.914 1250.427 0.02859
-0.33192 -0.06322 0.79373 0.86265 0.90832 0.621 1250.457 0.02862
-0.33221 -0.06328 0.79442 0.86341 0.91023 0.576 1250.487 0.02864
-0.33250 -0.06333 0.79512 0.86417 0.91213 0.544 1250.517 0.02866
-0.33279 -0.06339 0.79582 0.86492 0.91404 0.393 1250.547 0.02869
-0.33308 -0.06344 0.79651 0.86568 0.91595 0.814 1250.577 0.02871
-0.33337 -0.06350 0.79721 0.86644 0.91786 0.758 1250.607 0.02874
-0.33366 -0.06355 0.79791 0.86719 0.91977 0.705 1250.637 0.02876
-0.33395 -0.06361 0.79860 0.86795 0.92168 0.904 1250.666 0.02879
-0.33425 -0.06366 0.79930 0.86871 0.92359 0.685 1250.696 0.02881
-0.33454 -0.06372 0.79999 0.86946 0.92550 1.091 1250.726 0.02884
-0.33483 -0.06377 0.80069 0.87022 0.92740 0.816 1250.756 0.02886
-0.33512 -0.06383 0.80139 0.87098 0.92931 1.072 1250.786 0.02889
-0.33541 -0.06389 0.80208 0.87173 0.93122 1.257 1250.816 0.02891
-0.33570 -0.06394 0.80278 0.87249 0.93313 1.201 1250.846 0.02894
-0.33599 -0.06400 0.80348 0.87325 0.93504 0.963 1250.876 0.02896
-0.33628 -0.06405 0.80417 0.87400 0.93695 1.035 1250.905 0.02898
-0.33658 -0.06411 0.80487 0.87476 0.93886 0.945 1250.935 0.02901
-0.33687 -0.06416 0.80557 0.87552 0.94077 0.891 1250.965 0.02903
-0.33716 -0.06422 0.80626 0.87628 0.94268 0.910 1250.995 0.02906
-0.33745 -0.06427 0.80696 0.87703 0.94459 1.038 1251.025 0.02908
-0.33774 -0.06433 0.80766 0.87779 0.94650 0.854 1251.055 0.02911
-0.33803 -0.06438 0.80835 0.87855 0.94841 1.297 1251.085 0.02913
-0.33832 -0.06444 0.80905 0.87930 0.95032 1.094 1251.115 0.02916
-0.33861 -0.06450 0.80975 0.88006 0.95223 0.892 1251.144 0.02918
-0.33891 -0.06455 0.81044 0.88082 0.95414 1.259 1251.174 0.02921
-0.33920 -0.06461 0.81114 0.88157 0.95605 0.817 1251.204 0.02923
-0.33949 -0.06466 0.81184 0.88233 0.95796 1.204 1251.234 0.02925
-0.33978 -0.06472 0.81253 0.88309 0.95987 0.929 1251.264 0.02928
-0.34007 -0.06477 0.81323 0.88385 0.96178 0.881 1251.294 0.02930
-0.34036 -0.06483 0.81393 0.88460 0.96369 1.043 1251.324 0.02933
-0.34065 -0.06488 0.81462 0.88536 0.96560 1.079 1251.354 0.02935
-0.34095 -0.06494 0.81532 0.88612 0.96751 0.874 1251.384 0.02938
-0.34124 -0.06500 0.81602 0.88688 0.96942 0.931 1251.413 0.02940
-0.34153 -0.06505 0.81671 0.88763 0.97133 1.005 1251.443 0.02943
-0.34182 -0.06511 0.81741 0.88839 0.97324 1.081 1251.473 0.02945
-0.34211 -0.06516 0.81811 0.88915 0.97515 0.804 1251.503 0.02948
-0.34240 -0.06522 0.81880 0.88991 0.97706 0.896 1251.533 0.02950
-0.34269 -0.06527 0.81950 0.89066 0.97898 1.042 1251.563 0.02953
-0.34299 -0.06533 0.82020 0.89142 0.98089 1.174 1251.593 0.02955
-0.34328 -0.06538 0.82089 0.89218 0.98280 0.917 1251.623 0.02957
-0.34357 -0.06544 0.82159 0.89294 0.98471 1.266 1251.652 0.02960
-0.34386 -0.06550 0.82229 0.89369 0.98662 1.398 1251.682 0.02962
-0.34415 -0.06555 0.82299 0.89445 0.98853 1.341 1251.712 0.02965
-0.34444 -0.06561 0.82368 0.89521 0.99044 1.083 1251.742 0.02967
-0.34473 -0.06566 0.82438 0.89597 0.99235 1.139 1251.772 0.02970
-0.34503 -0.06572 0.82508 0.89672 0.99427 1.138 1251.802 0.02972
-0.34532 -0.06577 0.82577 0.89748 0.99618 1.085 1251.832 0.02975
-0.34561 -0.06583 0.82647 0.89824 0.99809 1.067 1251.862 0.02977
-0.34590 -0.06588 0.82717 0.89900 1.00000 0.939 1251.891 0.02980
