x y z dist_scaled dist_frac flux_norm
-0.16424 0.02052 0.47454 0.50258 0.00000 1.050
-0.16449 0.02055 0.47525 0.50333 0.00188 0.916
-0.16473 0.02058 0.47595 0.50407 0.00375 0.946
-0.16497 0.02061 0.47665 0.50481 0.00563 1.015
-0.16521 0.02064 0.47735 0.50556 0.00751 1.045
-0.16546 0.02067 0.47806 0.50630 0.00938 0.906
-0.16570 0.02071 0.47876 0.50705 0.01126 1.008
-0.16594 0.02074 0.47946 0.50779 0.01313 0.909
-0.16619 0.02077 0.48016 0.50853 0.01501 1.044
-0.16643 0.02080 0.48087 0.50928 0.01689 0.908
-0.16667 0.02083 0.48157 0.51002 0.01876 1.038
-0.16692 0.02086 0.48227 0.51077 0.02064 0.982
-0.16716 0.02089 0.48297 0.51151 0.02252 0.957
-0.16740 0.02092 0.48368 0.51225 0.02440 0.886
-0.16765 0.02095 0.48438 0.51300 0.02627 1.006
-0.16789 0.02098 0.48508 0.51374 0.02815 0.932
-0.16813 0.02101 0.48578 0.51449 0.03003 0.972
-0.16838 0.02104 0.48649 0.51523 0.03190 0.972
-0.16862 0.02107 0.48719 0.51597 0.03378 0.971
-0.16886 0.02110 0.48789 0.51672 0.03566 0.990
-0.16911 0.02113 0.48859 0.51746 0.03754 0.925
-0.16935 0.02116 0.48930 0.51821 0.03941 0.979
-0.16959 0.02119 0.49000 0.51895 0.04129 0.944
-0.16983 0.02122 0.49070 0.51970 0.04317 0.991
-0.17008 0.02125 0.49141 0.52044 0.04505 0.909
-0.17032 0.02128 0.49211 0.52118 0.04692 1.031
-0.17056 0.02131 0.49281 0.52193 0.04880 0.986
-0.17081 0.02134 0.49351 0.52267 0.05068 1.048
-0.17105 0.02137 0.49422 0.52342 0.05256 1.002
-0.17129 0.02140 0.49492 0.52416 0.05444 1.031
-0.17154 0.02143 0.49562 0.52491 0.05631 1.005
-0.17178 0.02147 0.49633 0.52565 0.05819 0.929
-0.17202 0.02150 0.49703 0.52640 0.06007 0.754
-0.17227 0.02153 0.49773 0.52714 0.06195 1.052
-0.17251 0.02156 0.49843 0.52788 0.06383 1.305
-0.17275 0.02159 0.49914 0.52863 0.06571 0.954
-0.17300 0.02162 0.49984 0.52937 0.06758 1.360
-0.17324 0.02165 0.50054 0.53012 0.06946 0.993
-0.17348 0.02168 0.50125 0.53086 0.07134 0.972
-0.17373 0.02171 0.50195 0.53161 0.07322 0.921
-0.17397 0.02174 0.50265 0.53235 0.07510 1.010
-0.17421 0.02177 0.50336 0.53310 0.07698 0.978
-0.17446 0.02180 0.50406 0.53384 0.07886 1.156
-0.17470 0.02183 0.50476 0.53459 0.08074 0.956
-0.17494 0.02186 0.50547 0.53533 0.08261 0.930
-0.17519 0.02189 0.50617 0.53608 0.08449 1.062
-0.17543 0.02192 0.50687 0.53682 0.08637 0.954
-0.17568 0.02195 0.50758 0.53757 0.08825 1.012
-0.17592 0.02198 0.50828 0.53831 0.09013 1.024
-0.17616 0.02201 0.50898 0.53906 0.09201 1.089
-0.17641 0.02204 0.50969 0.53980 0.09389 1.042
-0.17665 0.02207 0.51039 0.54055 0.09577 1.116
-0.17689 0.02210 0.51109 0.54129 0.09765 1.045
-0.17714 0.02213 0.51180 0.54204 0.09953 0.989
-0.17738 0.02216 0.51250 0.54278 0.10141 1.057
-0.17762 0.02220 0.51321 0.54353 0.10329 0.990
-0.17787 0.02223 0.51391 0.54427 0.10517 1.041
-0.17811 0.02226 0.51461 0.54502 0.10705 0.946
-0.17835 0.02229 0.51532 0.54576 0.10893 1.044
-0.17860 0.02232 0.51602 0.54651 0.11081 1.056
-0.17884 0.02235 0.51672 0.54725 0.11269 1.102
-0.17908 0.02238 0.51743 0.54800 0.11457 1.031
-0.17933 0.02241 0.51813 0.54874 0.11645 0.897
-0.17957 0.02244 0.51884 0.54949 0.11833 0.976
-0.17982 0.02247 0.51954 0.55024 0.12021 1.067
-0.18006 0.02250 0.52024 0.55098 0.12209 1.024
-0.18030 0.02253 0.52095 0.55173 0.12397 0.991
-0.18055 0.02256 0.52165 0.55247 0.12585 0.997
-0.18079 0.02259 0.52235 0.55322 0.12773 1.000
-0.18103 0.02262 0.52306 0.55396 0.12961 1.045
-0.18128 0.02265 0.52376 0.55471 0.13149 0.978
-0.18152 0.02268 0.52447 0.55545 0.13338 0.969
-0.18176 0.02271 0.52517 0.55620 0.13526 0.987
-0.18201 0.02274 0.52587 0.55695 0.13714 0.974
-0.18225 0.02277 0.52658 0.55769 0.13902 0.937
-0.18250 0.02280 0.52728 0.55844 0.14090 0.968
-0.18274 0.02283 0.52799 0.55918 0.14278 0.965
-0.18298 0.02286 0.52869 0.55993 0.14466 0.916
-0.18323 0.02290 0.52940 0.56067 0.14654 0.858
-0.18347 0.02293 0.53010 0.56142 0.14843 0.974
-0.18371 0.02296 0.53080 0.56217 0.15031 0.898
-0.18396 0.02299 0.53151 0.56291 0.15219 0.852
-0.18420 0.02302 0.53221 0.56366 0.15407 0.909
-0.18445 0.02305 0.53292 0.56440 0.15595 0.806
-0.18469 0.02308 0.53362 0.56515 0.15783 0.802
-0.18493 0.02311 0.53433 0.56590 0.15972 0.793
-0.18518 0.02314 0.53503 0.56664 0.16160 0.824
-0.18542 0.02317 0.53573 0.56739 0.16348 0.817
-0.18566 0.02320 0.53644 0.56813 0.16536 0.826
-0.18591 0.02323 0.53714 0.56888 0.16724 0.875
-0.18615 0.02326 0.53785 0.56963 0.16913 0.912
-0.18640 0.02329 0.53855 0.57037 0.17101 0.911
-0.18664 0.02332 0.53926 0.57112 0.17289 0.881
-0.18688 0.02335 0.53996 0.57186 0.17477 1.061
-0.18713 0.02338 0.54067 0.57261 0.17665 1.008
-0.18737 0.02341 0.54137 0.57336 0.17854 0.972
-0.18762 0.02344 0.54208 0.57410 0.18042 0.993
-0.18786 0.02347 0.54278 0.57485 0.18230 0.983
-0.18810 0.02350 0.54348 0.57560 0.18419 0.971
-0.18835 0.02354 0.54419 0.57634 0.18607 0.886
-0.18859 0.02357 0.54489 0.57709 0.18795 0.922
-0.18883 0.02360 0.54560 0.57784 0.18983 0.940
-0.18908 0.02363 0.54630 0.57858 0.19172 1.050
-0.18932 0.02366 0.54701 0.57933 0.19360 1.040
-0.18957 0.02369 0.54771 0.58007 0.19548 0.955
-0.18981 0.02372 0.54842 0.58082 0.19737 0.994
-0.19005 0.02375 0.54912 0.58157 0.19925 0.936
-0.19030 0.02378 0.54983 0.58231 0.20113 0.888
-0.19054 0.02381 0.55053 0.58306 0.20302 0.998
-0.19079 0.02384 0.55124 0.58381 0.20490 0.884
-0.19103 0.02387 0.55194 0.58455 0.20678 1.033
-0.19127 0.02390 0.55265 0.58530 0.20867 0.923
-0.19152 0.02393 0.55335 0.58605 0.21055 1.042
-0.19176 0.02396 0.55406 0.58679 0.21243 1.030
-0.19201 0.02399 0.55476 0.58754 0.21432 0.976
-0.19225 0.02402 0.55547 0.58829 0.21620 1.027
-0.19249 0.02405 0.55617 0.58904 0.21809 0.979
-0.19274 0.02408 0.55688 0.58978 0.21997 0.953
-0.19298 0.02411 0.55758 0.59053 0.22185 0.936
-0.19323 0.02414 0.55829 0.59128 0.22374 0.970
-0.19347 0.02418 0.55899 0.59202 0.22562 0.936
-0.19372 0.02421 0.55970 0.59277 0.22751 0.833
-0.19396 0.02424 0.56041 0.59352 0.22939 0.919
-0.19420 0.02427 0.56111 0.59426 0.23128 0.979
-0.19445 0.02430 0.56182 0.59501 0.23316 0.927
-0.19469 0.02433 0.56252 0.59576 0.23504 1.039
-0.19494 0.02436 0.56323 0.59650 0.23693 1.013
-0.19518 0.02439 0.56393 0.59725 0.23881 0.873
-0.19542 0.02442 0.56464 0.59800 0.24070 0.942
-0.19567 0.02445 0.56534 0.59875 0.24258 1.003
-0.19591 0.02448 0.56605 0.59949 0.24447 1.086
-0.19616 0.02451 0.56675 0.60024 0.24635 1.000
-0.19640 0.02454 0.56746 0.60099 0.24824 1.024
-0.19665 0.02457 0.56817 0.60174 0.25012 1.034
-0.19689 0.02460 0.56887 0.60248 0.25201 1.081
-0.19713 0.02463 0.56958 0.60323 0.25389 1.043
-0.19738 0.02466 0.57028 0.60398 0.25578 0.964
-0.19762 0.02469 0.57099 0.60472 0.25766 1.061
-0.19787 0.02472 0.57169 0.60547 0.25955 1.087
-0.19811 0.02476 0.57240 0.60622 0.26144 0.948
-0.19835 0.02479 0.57311 0.60697 0.26332 1.062
-0.19860 0.02482 0.57381 0.60771 0.26521 1.006
-0.19884 0.02485 0.57452 0.60846 0.26709 0.925
-0.19909 0.02488 0.57522 0.60921 0.26898 1.048
-0.19933 0.02491 0.57593 0.60996 0.27086 1.066
-0.19958 0.02494 0.57663 0.61070 0.27275 0.979
-0.19982 0.02497 0.57734 0.61145 0.27464 0.984
-0.20007 0.02500 0.57805 0.61220 0.27652 1.026
-0.20031 0.02503 0.57875 0.61295 0.27841 1.032
-0.20055 0.02506 0.57946 0.61370 0.28029 1.011
-0.20080 0.02509 0.58016 0.61444 0.28218 0.950
-0.20104 0.02512 0.58087 0.61519 0.28407 0.993
-0.20129 0.02515 0.58158 0.61594 0.28595 0.986
-0.20153 0.02518 0.58228 0.61669 0.28784 0.961
-0.20178 0.02521 0.58299 0.61743 0.28973 0.983
-0.20202 0.02524 0.58369 0.61818 0.29161 0.922
-0.20226 0.02527 0.58440 0.61893 0.29350 0.943
-0.20251 0.02530 0.58511 0.61968 0.29539 1.121
-0.20275 0.02534 0.58581 0.62043 0.29727 0.985
-0.20300 0.02537 0.58652 0.62117 0.29916 1.024
-0.20324 0.02540 0.58723 0.62192 0.30105 0.945
-0.20349 0.02543 0.58793 0.62267 0.30293 1.018
-0.20373 0.02546 0.58864 0.62342 0.30482 1.030
-0.20398 0.02549 0.58934 0.62417 0.30671 1.042
-0.20422 0.02552 0.59005 0.62491 0.30859 1.035
-0.20446 0.02555 0.59076 0.62566 0.31048 1.002
-0.20471 0.02558 0.59146 0.62641 0.31237 1.008
-0.20495 0.02561 0.59217 0.62716 0.31426 0.959
-0.20520 0.02564 0.59288 0.62791 0.31614 1.077
-0.20544 0.02567 0.59358 0.62866 0.31803 0.917
-0.20569 0.02570 0.59429 0.62940 0.31992 1.037
-0.20593 0.02573 0.59500 0.63015 0.32181 1.004
-0.20618 0.02576 0.59570 0.63090 0.32369 1.026
-0.20642 0.02579 0.59641 0.63165 0.32558 1.058
-0.20667 0.02582 0.59712 0.63240 0.32747 1.013
-0.20691 0.02585 0.59782 0.63315 0.32936 1.043
-0.20715 0.02589 0.59853 0.63389 0.33125 1.061
-0.20740 0.02592 0.59924 0.63464 0.33313 1.057
-0.20764 0.02595 0.59994 0.63539 0.33502 1.079
-0.20789 0.02598 0.60065 0.63614 0.33691 1.066
-0.20813 0.02601 0.60136 0.63689 0.33880 0.987
-0.20838 0.02604 0.60206 0.63764 0.34069 0.948
-0.20862 0.02607 0.60277 0.63838 0.34258 0.936
-0.20887 0.02610 0.60348 0.63913 0.34446 1.035
-0.20911 0.02613 0.60418 0.63988 0.34635 0.993
-0.20936 0.02616 0.60489 0.64063 0.34824 0.981
-0.20960 0.02619 0.60560 0.64138 0.35013 0.929
-0.20985 0.02622 0.60630 0.64213 0.35202 1.032
-0.21009 0.02625 0.60701 0.64288 0.35391 0.872
-0.21033 0.02628 0.60772 0.64363 0.35580 0.896
-0.21058 0.02631 0.60843 0.64437 0.35769 0.983
-0.21082 0.02634 0.60913 0.64512 0.35957 1.043
-0.21107 0.02637 0.60984 0.64587 0.36146 0.890
-0.21131 0.02640 0.61055 0.64662 0.36335 1.037
-0.21156 0.02644 0.61125 0.64737 0.36524 0.968
-0.21180 0.02647 0.61196 0.64812 0.36713 0.905
-0.21205 0.02650 0.61267 0.64887 0.36902 0.889
-0.21229 0.02653 0.61338 0.64962 0.37091 0.835
-0.21254 0.02656 0.61408 0.65037 0.37280 0.895
-0.21278 0.02659 0.61479 0.65111 0.37469 0.983
-0.21303 0.02662 0.61550 0.65186 0.37658 0.980
-0.21327 0.02665 0.61620 0.65261 0.37847 1.210
-0.21352 0.02668 0.61691 0.65336 0.38036 0.997
-0.21376 0.02671 0.61762 0.65411 0.38225 1.014
-0.21401 0.02674 0.61833 0.65486 0.38414 1.103
-0.21425 0.02677 0.61903 0.65561 0.38603 1.073
-0.21450 0.02680 0.61974 0.65636 0.38792 1.051
-0.21474 0.02683 0.62045 0.65711 0.38981 1.043
-0.21499 0.02686 0.62116 0.65786 0.39170 1.017
-0.21523 0.02689 0.62186 0.65861 0.39359 0.991
-0.21548 0.02693 0.62257 0.65936 0.39548 0.846
-0.21572 0.02696 0.62328 0.66011 0.39737 0.914
-0.21597 0.02699 0.62399 0.66085 0.39926 0.961
-0.21621 0.02702 0.62469 0.66160 0.40115 0.944
-0.21646 0.02705 0.62540 0.66235 0.40304 0.876
-0.21670 0.02708 0.62611 0.66310 0.40493 0.971
-0.21694 0.02711 0.62682 0.66385 0.40682 0.936
-0.21719 0.02714 0.62753 0.66460 0.40871 0.906
-0.21743 0.02717 0.62823 0.66535 0.41060 0.851
-0.21768 0.02720 0.62894 0.66610 0.41249 0.825
-0.21792 0.02723 0.62965 0.66685 0.41438 0.933
-0.21817 0.02726 0.63036 0.66760 0.41628 0.936
-0.21841 0.02729 0.63106 0.66835 0.41817 0.857
-0.21866 0.02732 0.63177 0.66910 0.42006 0.923
-0.21890 0.02735 0.63248 0.66985 0.42195 0.950
-0.21915 0.02738 0.63319 0.67060 0.42384 1.002
-0.21939 0.02741 0.63390 0.67135 0.42573 0.990
-0.21964 0.02745 0.63460 0.67210 0.42762 0.958
-0.21988 0.02748 0.63531 0.67285 0.42951 0.994
-0.22013 0.02751 0.63602 0.67360 0.43141 0.956
-0.22037 0.02754 0.63673 0.67435 0.43330 1.050
-0.22062 0.02757 0.63744 0.67510 0.43519 0.934
-0.22087 0.02760 0.63814 0.67585 0.43708 1.043
-0.22111 0.02763 0.63885 0.67660 0.43897 0.990
-0.22136 0.02766 0.63956 0.67735 0.44087 0.963
-0.22160 0.02769 0.64027 0.67810 0.44276 0.995
-0.22185 0.02772 0.64098 0.67885 0.44465 1.076
-0.22209 0.02775 0.64168 0.67960 0.44654 0.962
-0.22234 0.02778 0.64239 0.68035 0.44843 0.948
-0.22258 0.02781 0.64310 0.68110 0.45033 0.953
-0.22283 0.02784 0.64381 0.68185 0.45222 1.014
-0.22307 0.02787 0.64452 0.68260 0.45411 0.974
-0.22332 0.02790 0.64523 0.68335 0.45600 1.058
-0.22356 0.02794 0.64593 0.68410 0.45790 0.905
-0.22381 0.02797 0.64664 0.68485 0.45979 0.998
-0.22405 0.02800 0.64735 0.68560 0.46168 0.968
-0.22430 0.02803 0.64806 0.68635 0.46357 1.069
-0.22454 0.02806 0.64877 0.68710 0.46547 1.013
-0.22479 0.02809 0.64948 0.68785 0.46736 1.001
-0.22503 0.02812 0.65019 0.68860 0.46925 0.962
-0.22528 0.02815 0.65089 0.68935 0.47114 0.974
-0.22552 0.02818 0.65160 0.69010 0.47304 0.995
-0.22577 0.02821 0.65231 0.69085 0.47493 0.904
-0.22601 0.02824 0.65302 0.69160 0.47682 0.991
-0.22626 0.02827 0.65373 0.69235 0.47872 0.919
-0.22650 0.02830 0.65444 0.69310 0.48061 1.021
-0.22675 0.02833 0.65515 0.69385 0.48250 0.946
-0.22699 0.02836 0.65585 0.69461 0.48440 1.021
-0.22724 0.02840 0.65656 0.69536 0.48629 1.002
-0.22749 0.02843 0.65727 0.69611 0.48818 1.041
-0.22773 0.02846 0.65798 0.69686 0.49008 0.981
-0.22798 0.02849 0.65869 0.69761 0.49197 1.032
-0.22822 0.02852 0.65940 0.69836 0.49387 1.011
-0.22847 0.02855 0.66011 0.69911 0.49576 0.969
-0.22871 0.02858 0.66082 0.69986 0.49765 1.011
-0.22896 0.02861 0.66153 0.70061 0.49955 0.981
-0.22920 0.02864 0.66223 0.70136 0.50144 1.035
-0.22945 0.02867 0.66294 0.70211 0.50334 0.993
-0.22969 0.02870 0.66365 0.70286 0.50523 0.939
-0.22994 0.02873 0.66436 0.70361 0.50712 0.989
-0.23018 0.02876 0.66507 0.70437 0.50902 1.001
-0.23043 0.02879 0.66578 0.70512 0.51091 1.046
-0.23068 0.02882 0.66649 0.70587 0.51281 1.046
-0.23092 0.02886 0.66720 0.70662 0.51470 0.915
-0.23117 0.02889 0.66791 0.70737 0.51660 0.989
-0.23141 0.02892 0.66862 0.70812 0.51849 1.054
-0.23166 0.02895 0.66932 0.70887 0.52039 1.037
-0.23190 0.02898 0.67003 0.70962 0.52228 0.971
-0.23215 0.02901 0.67074 0.71037 0.52418 0.845
-0.23239 0.02904 0.67145 0.71112 0.52607 0.962
-0.23264 0.02907 0.67216 0.71188 0.52797 1.042
-0.23288 0.02910 0.67287 0.71263 0.52986 0.938
-0.23313 0.02913 0.67358 0.71338 0.53176 1.012
-0.23338 0.02916 0.67429 0.71413 0.53365 0.994
-0.23362 0.02919 0.67500 0.71488 0.53555 1.015
-0.23387 0.02922 0.67571 0.71563 0.53744 0.863
-0.23411 0.02925 0.67642 0.71638 0.53934 0.952
-0.23436 0.02928 0.67713 0.71714 0.54123 1.014
-0.23460 0.02932 0.67784 0.71789 0.54313 1.023
-0.23485 0.02935 0.67855 0.71864 0.54502 1.044
-0.23509 0.02938 0.67926 0.71939 0.54692 0.996
-0.23534 0.02941 0.67997 0.72014 0.54882 0.951
-0.23559 0.02944 0.68068 0.72089 0.55071 1.007
-0.23583 0.02947 0.68139 0.72164 0.55261 1.025
-0.23608 0.02950 0.68209 0.72240 0.55450 0.989
-0.23632 0.02953 0.68280 0.72315 0.55640 0.971
-0.23657 0.02956 0.68351 0.72390 0.55829 0.929
-0.23681 0.02959 0.68422 0.72465 0.56019 0.977
-0.23706 0.02962 0.68493 0.72540 0.56209 1.013
-0.23730 0.02965 0.68564 0.72615 0.56398 0.971
-0.23755 0.02968 0.68635 0.72691 0.56588 0.960
-0.23780 0.02971 0.68706 0.72766 0.56778 1.020
-0.23804 0.02974 0.68777 0.72841 0.56967 0.925
-0.23829 0.02978 0.68848 0.72916 0.57157 1.010
-0.23853 0.02981 0.68919 0.72991 0.57347 0.988
-0.23878 0.02984 0.68990 0.73066 0.57536 0.979
-0.23902 0.02987 0.69061 0.73142 0.57726 0.959
-0.23927 0.02990 0.69132 0.73217 0.57916 1.038
-0.23952 0.02993 0.69203 0.73292 0.58105 1.042
-0.23976 0.02996 0.69274 0.73367 0.58295 0.911
-0.24001 0.02999 0.69345 0.73442 0.58485 1.071
-0.24025 0.03002 0.69416 0.73518 0.58674 0.957
-0.24050 0.03005 0.69487 0.73593 0.58864 1.168
-0.24075 0.03008 0.69558 0.73668 0.59054 0.985
-0.24099 0.03011 0.69629 0.73743 0.59244 0.968
-0.24124 0.03014 0.69700 0.73819 0.59433 0.949
-0.24148 0.03017 0.69771 0.73894 0.59623 0.905
-0.24173 0.03021 0.69842 0.73969 0.59813 0.996
-0.24197 0.03024 0.69913 0.74044 0.60003 0.990
-0.24222 0.03027 0.69984 0.74119 0.60192 1.010
-0.24247 0.03030 0.70055 0.74195 0.60382 0.999
-0.24271 0.03033 0.70126 0.74270 0.60572 1.013
-0.24296 0.03036 0.70198 0.74345 0.60762 0.927
-0.24320 0.03039 0.70269 0.74420 0.60951 1.008
-0.24345 0.03042 0.70340 0.74496 0.61141 0.960
-0.24370 0.03045 0.70411 0.74571 0.61331 0.948
-0.24394 0.03048 0.70482 0.74646 0.61521 1.013
-0.24419 0.03051 0.70553 0.74721 0.61711 1.025
-0.24443 0.03054 0.70624 0.74797 0.61900 0.924
-0.24468 0.03057 0.70695 0.74872 0.62090 0.974
-0.24492 0.03060 0.70766 0.74947 0.62280 1.013
-0.24517 0.03064 0.70837 0.75022 0.62470 1.068
-0.24542 0.03067 0.70908 0.75098 0.62660 0.971
-0.24566 0.03070 0.70979 0.75173 0.62850 0.968
-0.24591 0.03073 0.71050 0.75248 0.63040 1.083
-0.24615 0.03076 0.71121 0.75323 0.63229 1.053
-0.24640 0.03079 0.71192 0.75399 0.63419 0.911
-0.24665 0.03082 0.71263 0.75474 0.63609 0.860
-0.24689 0.03085 0.71334 0.75549 0.63799 0.896
-0.24714 0.03088 0.71406 0.75624 0.63989 0.983
-0.24738 0.03091 0.71477 0.75700 0.64179 0.982
-0.24763 0.03094 0.71548 0.75775 0.64369 0.988
-0.24788 0.03097 0.71619 0.75850 0.64559 1.014
-0.24812 0.03100 0.71690 0.75926 0.64749 0.935
-0.24837 0.03104 0.71761 0.76001 0.64939 0.967
-0.24861 0.03107 0.71832 0.76076 0.65129 0.940
-0.24886 0.03110 0.71903 0.76151 0.65318 1.008
-0.24911 0.03113 0.71974 0.76227 0.65508 1.002
-0.24935 0.03116 0.72045 0.76302 0.65698 0.969
-0.24960 0.03119 0.72116 0.76377 0.65888 0.951
-0.24985 0.03122 0.72188 0.76453 0.66078 1.031
-0.25009 0.03125 0.72259 0.76528 0.66268 1.037
-0.25034 0.03128 0.72330 0.76603 0.66458 0.889
-0.25058 0.03131 0.72401 0.76679 0.66648 1.043
-0.25083 0.03134 0.72472 0.76754 0.66838 0.927
-0.25108 0.03137 0.72543 0.76829 0.67028 0.871
-0.25132 0.03140 0.72614 0.76905 0.67218 1.045
-0.25157 0.03144 0.72685 0.76980 0.67408 0.906
-0.25181 0.03147 0.72756 0.77055 0.67598 1.048
-0.25206 0.03150 0.72828 0.77131 0.67788 1.036
-0.25231 0.03153 0.72899 0.77206 0.67978 0.982
-0.25255 0.03156 0.72970 0.77281 0.68168 0.953
-0.25280 0.03159 0.73041 0.77357 0.68358 0.974
-0.25305 0.03162 0.73112 0.77432 0.68549 0.894
-0.25329 0.03165 0.73183 0.77507 0.68739 1.030
-0.25354 0.03168 0.73254 0.77583 0.68929 0.906
-0.25378 0.03171 0.73326 0.77658 0.69119 1.056
-0.25403 0.03174 0.73397 0.77733 0.69309 0.979
-0.25428 0.03177 0.73468 0.77809 0.69499 1.023
-0.25452 0.03180 0.73539 0.77884 0.69689 0.935
-0.25477 0.03183 0.73610 0.77959 0.69879 0.870
-0.25502 0.03187 0.73681 0.78035 0.70069 1.039
-0.25526 0.03190 0.73753 0.78110 0.70259 1.009
-0.25551 0.03193 0.73824 0.78186 0.70449 0.847
-0.25575 0.03196 0.73895 0.78261 0.70640 0.994
-0.25600 0.03199 0.73966 0.78336 0.70830 0.914
-0.25625 0.03202 0.74037 0.78412 0.71020 0.873
-0.25649 0.03205 0.74108 0.78487 0.71210 0.976
-0.25674 0.03208 0.74180 0.78562 0.71400 0.982
-0.25699 0.03211 0.74251 0.78638 0.71590 1.089
-0.25723 0.03214 0.74322 0.78713 0.71781 0.959
-0.25748 0.03217 0.74393 0.78789 0.71971 0.994
-0.25772 0.03220 0.74464 0.78864 0.72161 0.967
-0.25797 0.03224 0.74535 0.78939 0.72351 1.014
-0.25822 0.03227 0.74607 0.79015 0.72541 0.922
-0.25846 0.03230 0.74678 0.79090 0.72732 1.002
-0.25871 0.03233 0.74749 0.79166 0.72922 0.908
-0.25896 0.03236 0.74820 0.79241 0.73112 0.860
-0.25920 0.03239 0.74891 0.79316 0.73302 0.774
-0.25945 0.03242 0.74963 0.79392 0.73492 0.707
-0.25970 0.03245 0.75034 0.79467 0.73683 0.698
-0.25994 0.03248 0.75105 0.79543 0.73873 0.553
-0.26019 0.03251 0.75176 0.79618 0.74063 0.479
-0.26044 0.03254 0.75247 0.79693 0.74253 0.390
-0.26068 0.03257 0.75319 0.79769 0.74444 0.340
-0.26093 0.03260 0.75390 0.79844 0.74634 0.266
-0.26118 0.03264 0.75461 0.79920 0.74824 0.225
-0.26142 0.03267 0.75532 0.79995 0.75015 0.219
-0.26167 0.03270 0.75604 0.80071 0.75205 0.224
-0.26191 0.03273 0.75675 0.80146 0.75395 0.274
-0.26216 0.03276 0.75746 0.80221 0.75585 0.339
-0.26241 0.03279 0.75817 0.80297 0.75776 0.525
-0.26265 0.03282 0.75889 0.80372 0.75966 0.563
-0.26290 0.03285 0.75960 0.80448 0.76156 0.710
-0.26315 0.03288 0.76031 0.80523 0.76347 0.760
-0.26339 0.03291 0.76102 0.80599 0.76537 0.810
-0.26364 0.03294 0.76174 0.80674 0.76727 0.868
-0.26389 0.03297 0.76245 0.80750 0.76918 0.891
-0.26413 0.03301 0.76316 0.80825 0.77108 0.926
-0.26438 0.03304 0.76387 0.80901 0.77298 0.935
-0.26463 0.03307 0.76459 0.80976 0.77489 0.848
-0.26487 0.03310 0.76530 0.81051 0.77679 0.886
-0.26512 0.03313 0.76601 0.81127 0.77870 1.003
-0.26537 0.03316 0.76672 0.81202 0.78060 1.129
-0.26561 0.03319 0.76744 0.81278 0.78250 0.918
-0.26586 0.03322 0.76815 0.81353 0.78441 0.976
-0.26611 0.03325 0.76886 0.81429 0.78631 0.921
-0.26635 0.03328 0.76957 0.81504 0.78822 0.907
-0.26660 0.03331 0.77029 0.81580 0.79012 0.988
-0.26685 0.03334 0.77100 0.81655 0.79203 1.033
-0.26709 0.03338 0.77171 0.81731 0.79393 0.978
-0.26734 0.03341 0.77243 0.81806 0.79583 1.032
-0.26759 0.03344 0.77314 0.81882 0.79774 1.035
-0.26783 0.03347 0.77385 0.81957 0.79964 1.037
-0.26808 0.03350 0.77456 0.82033 0.80155 0.879
-0.26833 0.03353 0.77528 0.82108 0.80345 0.877
-0.26857 0.03356 0.77599 0.82184 0.80536 0.955
-0.26882 0.03359 0.77670 0.82259 0.80726 0.924
-0.26907 0.03362 0.77742 0.82335 0.80917 0.939
-0.26931 0.03365 0.77813 0.82410 0.81107 0.997
-0.26956 0.03368 0.77884 0.82486 0.81298 0.953
-0.26981 0.03371 0.77955 0.82561 0.81488 0.859
-0.27006 0.03375 0.78027 0.82637 0.81679 0.948
-0.27030 0.03378 0.78098 0.82712 0.81869 0.966
-0.27055 0.03381 0.78169 0.82788 0.82060 0.995
-0.27080 0.03384 0.78241 0.82864 0.82250 0.897
-0.27104 0.03387 0.78312 0.82939 0.82441 0.851
-0.27129 0.03390 0.78383 0.83015 0.82631 1.036
-0.27154 0.03393 0.78455 0.83090 0.82822 0.859
-0.27178 0.03396 0.78526 0.83166 0.83013 0.954
-0.27203 0.03399 0.78597 0.83241 0.83203 0.969
-0.27228 0.03402 0.78669 0.83317 0.83394 1.104
-0.27252 0.03405 0.78740 0.83392 0.83584 0.898
-0.27277 0.03408 0.78811 0.83468 0.83775 0.959
-0.27302 0.03412 0.78883 0.83543 0.83966 0.983
-0.27326 0.03415 0.78954 0.83619 0.84156 0.895
-0.27351 0.03418 0.79025 0.83695 0.84347 1.036
-0.27376 0.03421 0.79097 0.83770 0.84537 1.077
-0.27401 0.03424 0.79168 0.83846 0.84728 0.977
-0.27425 0.03427 0.79239 0.83921 0.84919 1.024
-0.27450 0.03430 0.79311 0.83997 0.85109 0.995
-0.27475 0.03433 0.79382 0.84072 0.85300 0.991
-0.27499 0.03436 0.79454 0.84148 0.85491 1.009
-0.27524 0.03439 0.79525 0.84224 0.85681 0.997
-0.27549 0.03442 0.79596 0.84299 0.85872 0.929
-0.27573 0.03445 0.79668 0.84375 0.86063 0.959
-0.27598 0.03449 0.79739 0.84450 0.86253 0.859
-0.27623 0.03452 0.79810 0.84526 0.86444 1.032
-0.27648 0.03455 0.79882 0.84602 0.86635 0.929
-0.27672 0.03458 0.79953 0.84677 0.86825 1.060
-0.27697 0.03461 0.80025 0.84753 0.87016 1.040
-0.27722 0.03464 0.80096 0.84828 0.87207 0.899
-0.27746 0.03467 0.80167 0.84904 0.87398 1.008
-0.27771 0.03470 0.80239 0.84980 0.87588 0.934
-0.27796 0.03473 0.80310 0.85055 0.87779 1.027
-0.27820 0.03476 0.80382 0.85131 0.87970 0.936
-0.27845 0.03479 0.80453 0.85206 0.88160 0.936
-0.27870 0.03483 0.80524 0.85282 0.88351 0.866
-0.27895 0.03486 0.80596 0.85358 0.88542 1.015
-0.27919 0.03489 0.80667 0.85433 0.88733 0.992
-0.27944 0.03492 0.80739 0.85509 0.88924 0.998
-0.27969 0.03495 0.80810 0.85585 0.89114 1.036
-0.27993 0.03498 0.80881 0.85660 0.89305 0.995
-0.28018 0.03501 0.80953 0.85736 0.89496 0.997
-0.28043 0.03504 0.81024 0.85811 0.89687 0.915
-0.28068 0.03507 0.81096 0.85887 0.89878 0.821
-0.28092 0.03510 0.81167 0.85963 0.90068 0.865
-0.28117 0.03513 0.81238 0.86038 0.90259 0.856
-0.28142 0.03516 0.81310 0.86114 0.90450 0.657
-0.28167 0.03520 0.81381 0.86190 0.90641 0.689
-0.28191 0.03523 0.81453 0.86265 0.90832 0.707
-0.28216 0.03526 0.81524 0.86341 0.91023 0.633
-0.28241 0.03529 0.81596 0.86417 0.91213 0.721
-0.28265 0.03532 0.81667 0.86492 0.91404 0.783
-0.28290 0.03535 0.81738 0.86568 0.91595 0.891
-0.28315 0.03538 0.81810 0.86644 0.91786 0.870
-0.28340 0.03541 0.81881 0.86719 0.91977 0.885
-0.28364 0.03544 0.81953 0.86795 0.92168 0.952
-0.28389 0.03547 0.82024 0.86871 0.92359 1.008
-0.28414 0.03550 0.82096 0.86946 0.92550 0.967
-0.28439 0.03554 0.82167 0.87022 0.92740 0.996
-0.28463 0.03557 0.82239 0.87098 0.92931 0.972
-0.28488 0.03560 0.82310 0.87173 0.93122 1.045
-0.28513 0.03563 0.82382 0.87249 0.93313 1.004
-0.28537 0.03566 0.82453 0.87325 0.93504 1.104
-0.28562 0.03569 0.82525 0.87400 0.93695 0.946
-0.28587 0.03572 0.82596 0.87476 0.93886 0.985
-0.28612 0.03575 0.82667 0.87552 0.94077 1.051
-0.28636 0.03578 0.82739 0.87628 0.94268 1.023
-0.28661 0.03581 0.82810 0.87703 0.94459 1.020
-0.28686 0.03584 0.82882 0.87779 0.94650 0.972
-0.28711 0.03588 0.82953 0.87855 0.94841 1.034
-0.28735 0.03591 0.83025 0.87930 0.95032 1.009
-0.28760 0.03594 0.83096 0.88006 0.95223 1.009
-0.28785 0.03597 0.83168 0.88082 0.95414 1.006
-0.28810 0.03600 0.83239 0.88157 0.95605 1.000
-0.28834 0.03603 0.83311 0.88233 0.95796 0.968
-0.28859 0.03606 0.83382 0.88309 0.95987 0.836
-0.28884 0.03609 0.83454 0.88385 0.96178 1.071
-0.28909 0.03612 0.83525 0.88460 0.96369 1.026
-0.28933 0.03615 0.83597 0.88536 0.96560 1.095
-0.28958 0.03618 0.83668 0.88612 0.96751 0.962
-0.28983 0.03622 0.83740 0.88688 0.96942 1.081
-0.29008 0.03625 0.83811 0.88763 0.97133 0.953
-0.29032 0.03628 0.83883 0.88839 0.97324 1.073
-0.29057 0.03631 0.83954 0.88915 0.97515 1.108
-0.29082 0.03634 0.84026 0.88991 0.97706 0.944
-0.29107 0.03637 0.84097 0.89066 0.97898 1.003
-0.29131 0.03640 0.84169 0.89142 0.98089 0.912
-0.29156 0.03643 0.84241 0.89218 0.98280 0.935
-0.29181 0.03646 0.84312 0.89294 0.98471 0.945
-0.29206 0.03649 0.84384 0.89369 0.98662 1.003
-0.29230 0.03653 0.84455 0.89445 0.98853 1.023
-0.29255 0.03656 0.84527 0.89521 0.99044 1.049
-0.29280 0.03659 0.84598 0.89597 0.99235 0.991
-0.29305 0.03662 0.84670 0.89672 0.99427 0.880
-0.29329 0.03665 0.84741 0.89748 0.99618 1.031
-0.29354 0.03668 0.84813 0.89824 0.99809 1.037
-0.29379 0.03671 0.84884 0.89900 1.00000 0.888
