x y z dist_scaled dist_frac flux_norm
0.04904 0.00623 0.50015 0.50258 0.00000 0.992
0.04911 0.00624 0.50089 0.50333 0.00188 1.108
0.04918 0.00625 0.50163 0.50407 0.00375 1.030
0.04926 0.00626 0.50237 0.50481 0.00563 0.837
0.04933 0.00627 0.50311 0.50556 0.00751 0.991
0.04940 0.00627 0.50385 0.50630 0.00938 1.143
0.04947 0.00628 0.50459 0.50705 0.01126 0.950
0.04955 0.00629 0.50533 0.50779 0.01313 0.893
0.04962 0.00630 0.50607 0.50853 0.01501 0.949
0.04969 0.00631 0.50681 0.50928 0.01689 0.911
0.04976 0.00632 0.50755 0.51002 0.01876 0.929
0.04984 0.00633 0.50829 0.51077 0.02064 1.160
0.04991 0.00634 0.50903 0.51151 0.02252 1.273
0.04998 0.00635 0.50977 0.51225 0.02440 0.792
0.05005 0.00636 0.51051 0.51300 0.02627 1.001
0.05013 0.00637 0.51125 0.51374 0.02815 1.174
0.05020 0.00638 0.51199 0.51449 0.03003 0.773
0.05027 0.00639 0.51273 0.51523 0.03190 1.097
0.05034 0.00639 0.51347 0.51597 0.03378 1.008
0.05042 0.00640 0.51421 0.51672 0.03566 1.336
0.05049 0.00641 0.51495 0.51746 0.03754 1.197
0.05056 0.00642 0.51569 0.51821 0.03941 1.012
0.05064 0.00643 0.51643 0.51895 0.04129 0.842
0.05071 0.00644 0.51718 0.51970 0.04317 1.016
0.05078 0.00645 0.51792 0.52044 0.04505 1.100
0.05085 0.00646 0.51866 0.52118 0.04692 0.969
0.05093 0.00647 0.51940 0.52193 0.04880 1.052
0.05100 0.00648 0.52014 0.52267 0.05068 1.014
0.05107 0.00649 0.52088 0.52342 0.05256 1.024
0.05114 0.00650 0.52162 0.52416 0.05444 0.892
0.05122 0.00651 0.52236 0.52491 0.05631 0.745
0.05129 0.00651 0.52310 0.52565 0.05819 1.041
0.05136 0.00652 0.52384 0.52640 0.06007 0.815
0.05143 0.00653 0.52458 0.52714 0.06195 1.191
0.05151 0.00654 0.52533 0.52788 0.06383 1.034
0.05158 0.00655 0.52607 0.52863 0.06571 0.897
0.05165 0.00656 0.52681 0.52937 0.06758 0.839
0.05172 0.00657 0.52755 0.53012 0.06946 0.829
0.05180 0.00658 0.52829 0.53086 0.07134 0.775
0.05187 0.00659 0.52903 0.53161 0.07322 0.934
0.05194 0.00660 0.52977 0.53235 0.07510 0.937
0.05202 0.00661 0.53051 0.53310 0.07698 0.923
0.05209 0.00662 0.53125 0.53384 0.07886 1.020
0.05216 0.00663 0.53200 0.53459 0.08074 0.890
0.05223 0.00663 0.53274 0.53533 0.08261 1.128
0.05231 0.00664 0.53348 0.53608 0.08449 1.082
0.05238 0.00665 0.53422 0.53682 0.08637 0.961
0.05245 0.00666 0.53496 0.53757 0.08825 1.176
0.05252 0.00667 0.53570 0.53831 0.09013 0.839
0.05260 0.00668 0.53644 0.53906 0.09201 1.152
0.05267 0.00669 0.53718 0.53980 0.09389 1.037
0.05274 0.00670 0.53793 0.54055 0.09577 0.827
0.05281 0.00671 0.53867 0.54129 0.09765 1.176
0.05289 0.00672 0.53941 0.54204 0.09953 0.866
0.05296 0.00673 0.54015 0.54278 0.10141 1.278
0.05303 0.00674 0.54089 0.54353 0.10329 0.906
0.05311 0.00675 0.54163 0.54427 0.10517 0.900
0.05318 0.00675 0.54238 0.54502 0.10705 0.964
0.05325 0.00676 0.54312 0.54576 0.10893 1.074
0.05332 0.00677 0.54386 0.54651 0.11081 1.055
0.05340 0.00678 0.54460 0.54725 0.11269 1.149
0.05347 0.00679 0.54534 0.54800 0.11457 1.055
0.05354 0.00680 0.54608 0.54874 0.11645 0.812
0.05361 0.00681 0.54683 0.54949 0.11833 1.036
0.05369 0.00682 0.54757 0.55024 0.12021 1.035
0.05376 0.00683 0.54831 0.55098 0.12209 0.995
0.05383 0.00684 0.54905 0.55173 0.12397 0.811
0.05391 0.00685 0.54979 0.55247 0.12585 0.958
0.05398 0.00686 0.55054 0.55322 0.12773 1.012
0.05405 0.00687 0.55128 0.55396 0.12961 1.159
0.05412 0.00687 0.55202 0.55471 0.13149 0.825
0.05420 0.00688 0.55276 0.55545 0.13338 1.028
0.05427 0.00689 0.55350 0.55620 0.13526 1.213
0.05434 0.00690 0.55425 0.55695 0.13714 1.121
0.05442 0.00691 0.55499 0.55769 0.13902 0.990
0.05449 0.00692 0.55573 0.55844 0.14090 0.731
0.05456 0.00693 0.55647 0.55918 0.14278 1.006
0.05463 0.00694 0.55721 0.55993 0.14466 1.062
0.05471 0.00695 0.55796 0.56067 0.14654 1.026
0.05478 0.00696 0.55870 0.56142 0.14843 0.804
0.05485 0.00697 0.55944 0.56217 0.15031 1.263
0.05492 0.00698 0.56018 0.56291 0.15219 0.930
0.05500 0.00699 0.56093 0.56366 0.15407 1.041
0.05507 0.00699 0.56167 0.56440 0.15595 0.893
0.05514 0.00700 0.56241 0.56515 0.15783 1.021
0.05522 0.00701 0.56315 0.56590 0.15972 1.278
0.05529 0.00702 0.56389 0.56664 0.16160 0.818
0.05536 0.00703 0.56464 0.56739 0.16348 0.930
0.05543 0.00704 0.56538 0.56813 0.16536 0.947
0.05551 0.00705 0.56612 0.56888 0.16724 1.017
0.05558 0.00706 0.56686 0.56963 0.16913 1.111
0.05565 0.00707 0.56761 0.57037 0.17101 0.871
0.05573 0.00708 0.56835 0.57112 0.17289 1.181
0.05580 0.00709 0.56909 0.57186 0.17477 0.888
0.05587 0.00710 0.56983 0.57261 0.17665 1.126
0.05594 0.00711 0.57058 0.57336 0.17854 0.904
0.05602 0.00712 0.57132 0.57410 0.18042 0.831
0.05609 0.00712 0.57206 0.57485 0.18230 0.921
0.05616 0.00713 0.57281 0.57560 0.18419 0.975
0.05623 0.00714 0.57355 0.57634 0.18607 1.151
0.05631 0.00715 0.57429 0.57709 0.18795 0.970
0.05638 0.00716 0.57503 0.57784 0.18983 0.920
0.05645 0.00717 0.57578 0.57858 0.19172 0.864
0.05653 0.00718 0.57652 0.57933 0.19360 0.901
0.05660 0.00719 0.57726 0.58007 0.19548 0.956
0.05667 0.00720 0.57801 0.58082 0.19737 0.937
0.05674 0.00721 0.57875 0.58157 0.19925 0.864
0.05682 0.00722 0.57949 0.58231 0.20113 0.974
0.05689 0.00723 0.58023 0.58306 0.20302 0.864
0.05696 0.00724 0.58098 0.58381 0.20490 0.881
0.05704 0.00724 0.58172 0.58455 0.20678 0.898
0.05711 0.00725 0.58246 0.58530 0.20867 0.954
0.05718 0.00726 0.58321 0.58605 0.21055 0.916
0.05725 0.00727 0.58395 0.58679 0.21243 0.862
0.05733 0.00728 0.58469 0.58754 0.21432 0.808
0.05740 0.00729 0.58544 0.58829 0.21620 1.044
0.05747 0.00730 0.58618 0.58904 0.21809 1.063
0.05755 0.00731 0.58692 0.58978 0.21997 1.134
0.05762 0.00732 0.58767 0.59053 0.22185 1.024
0.05769 0.00733 0.58841 0.59128 0.22374 0.897
0.05776 0.00734 0.58915 0.59202 0.22562 0.896
0.05784 0.00735 0.58990 0.59277 0.22751 1.042
0.05791 0.00736 0.59064 0.59352 0.22939 1.112
0.05798 0.00737 0.59138 0.59426 0.23128 0.874
0.05806 0.00737 0.59213 0.59501 0.23316 0.856
0.05813 0.00738 0.59287 0.59576 0.23504 1.072
0.05820 0.00739 0.59361 0.59650 0.23693 0.910
0.05828 0.00740 0.59436 0.59725 0.23881 0.964
0.05835 0.00741 0.59510 0.59800 0.24070 1.040
0.05842 0.00742 0.59584 0.59875 0.24258 1.269
0.05849 0.00743 0.59659 0.59949 0.24447 0.879
0.05857 0.00744 0.59733 0.60024 0.24635 1.012
0.05864 0.00745 0.59807 0.60099 0.24824 0.825
0.05871 0.00746 0.59882 0.60174 0.25012 0.683
0.05879 0.00747 0.59956 0.60248 0.25201 0.989
0.05886 0.00748 0.60030 0.60323 0.25389 0.815
0.05893 0.00749 0.60105 0.60398 0.25578 0.738
0.05900 0.00749 0.60179 0.60472 0.25766 1.147
0.05908 0.00750 0.60254 0.60547 0.25955 0.825
0.05915 0.00751 0.60328 0.60622 0.26144 1.037
0.05922 0.00752 0.60402 0.60697 0.26332 0.850
0.05930 0.00753 0.60477 0.60771 0.26521 0.969
0.05937 0.00754 0.60551 0.60846 0.26709 0.961
0.05944 0.00755 0.60626 0.60921 0.26898 1.064
0.05951 0.00756 0.60700 0.60996 0.27086 0.961
0.05959 0.00757 0.60774 0.61070 0.27275 0.930
0.05966 0.00758 0.60849 0.61145 0.27464 0.963
0.05973 0.00759 0.60923 0.61220 0.27652 0.972
0.05981 0.00760 0.60998 0.61295 0.27841 1.052
0.05988 0.00761 0.61072 0.61370 0.28029 0.948
0.05995 0.00762 0.61146 0.61444 0.28218 0.796
0.06003 0.00762 0.61221 0.61519 0.28407 1.282
0.06010 0.00763 0.61295 0.61594 0.28595 1.371
0.06017 0.00764 0.61370 0.61669 0.28784 0.959
0.06024 0.00765 0.61444 0.61743 0.28973 1.094
0.06032 0.00766 0.61518 0.61818 0.29161 0.916
0.06039 0.00767 0.61593 0.61893 0.29350 0.828
0.06046 0.00768 0.61667 0.61968 0.29539 1.179
0.06054 0.00769 0.61742 0.62043 0.29727 0.635
0.06061 0.00770 0.61816 0.62117 0.29916 0.794
0.06068 0.00771 0.61891 0.62192 0.30105 0.716
0.06076 0.00772 0.61965 0.62267 0.30293 0.567
0.06083 0.00773 0.62040 0.62342 0.30482 0.497
0.06090 0.00774 0.62114 0.62417 0.30671 0.455
0.06097 0.00774 0.62188 0.62491 0.30859 0.320
0.06105 0.00775 0.62263 0.62566 0.31048 0.167
0.06112 0.00776 0.62337 0.62641 0.31237 0.114
0.06119 0.00777 0.62412 0.62716 0.31426 0.114
0.06127 0.00778 0.62486 0.62791 0.31614 0.048
0.06134 0.00779 0.62561 0.62866 0.31803 0.082
0.06141 0.00780 0.62635 0.62940 0.31992 0.079
0.06149 0.00781 0.62710 0.63015 0.32181 0.009
0.06156 0.00782 0.62784 0.63090 0.32369 -0.009
0.06163 0.00783 0.62859 0.63165 0.32558 0.045
0.06170 0.00784 0.62933 0.63240 0.32747 0.027
0.06178 0.00785 0.63008 0.63315 0.32936 0.029
0.06185 0.00786 0.63082 0.63389 0.33125 0.097
0.06192 0.00787 0.63156 0.63464 0.33313 0.062
0.06200 0.00787 0.63231 0.63539 0.33502 0.080
0.06207 0.00788 0.63305 0.63614 0.33691 0.080
0.06214 0.00789 0.63380 0.63689 0.33880 0.221
0.06222 0.00790 0.63454 0.63764 0.34069 0.379
0.06229 0.00791 0.63529 0.63838 0.34258 0.449
0.06236 0.00792 0.63603 0.63913 0.34446 0.572
0.06243 0.00793 0.63678 0.63988 0.34635 0.765
0.06251 0.00794 0.63752 0.64063 0.34824 0.960
0.06258 0.00795 0.63827 0.64138 0.35013 0.765
0.06265 0.00796 0.63901 0.64213 0.35202 0.959
0.06273 0.00797 0.63976 0.64288 0.35391 0.749
0.06280 0.00798 0.64050 0.64363 0.35580 0.817
0.06287 0.00799 0.64125 0.64437 0.35769 1.011
0.06295 0.00800 0.64200 0.64512 0.35957 0.801
0.06302 0.00800 0.64274 0.64587 0.36146 0.992
0.06309 0.00801 0.64349 0.64662 0.36335 0.799
0.06317 0.00802 0.64423 0.64737 0.36524 1.113
0.06324 0.00803 0.64498 0.64812 0.36713 1.095
0.06331 0.00804 0.64572 0.64887 0.36902 0.900
0.06338 0.00805 0.64647 0.64962 0.37091 1.060
0.06346 0.00806 0.64721 0.65037 0.37280 1.008
0.06353 0.00807 0.64796 0.65111 0.37469 1.007
0.06360 0.00808 0.64870 0.65186 0.37658 0.796
0.06368 0.00809 0.64945 0.65261 0.37847 1.056
0.06375 0.00810 0.65019 0.65336 0.38036 0.933
0.06382 0.00811 0.65094 0.65411 0.38225 1.074
0.06390 0.00812 0.65169 0.65486 0.38414 0.982
0.06397 0.00813 0.65243 0.65561 0.38603 1.003
0.06404 0.00813 0.65318 0.65636 0.38792 1.188
0.06412 0.00814 0.65392 0.65711 0.38981 0.952
0.06419 0.00815 0.65467 0.65786 0.39170 0.877
0.06426 0.00816 0.65541 0.65861 0.39359 0.956
0.06433 0.00817 0.65616 0.65936 0.39548 1.059
0.06441 0.00818 0.65690 0.66011 0.39737 1.095
0.06448 0.00819 0.65765 0.66085 0.39926 0.782
0.06455 0.00820 0.65840 0.66160 0.40115 0.814
0.06463 0.00821 0.65914 0.66235 0.40304 1.037
0.06470 0.00822 0.65989 0.66310 0.40493 1.176
0.06477 0.00823 0.66063 0.66385 0.40682 1.113
0.06485 0.00824 0.66138 0.66460 0.40871 0.920
0.06492 0.00825 0.66213 0.66535 0.41060 0.917
0.06499 0.00826 0.66287 0.66610 0.41249 0.871
0.06507 0.00826 0.66362 0.66685 0.41438 0.841
0.06514 0.00827 0.66436 0.66760 0.41628 0.916
0.06521 0.00828 0.66511 0.66835 0.41817 1.187
0.06529 0.00829 0.66586 0.66910 0.42006 0.893
0.06536 0.00830 0.66660 0.66985 0.42195 0.943
0.06543 0.00831 0.66735 0.67060 0.42384 1.013
0.06550 0.00832 0.66809 0.67135 0.42573 0.945
0.06558 0.00833 0.66884 0.67210 0.42762 1.100
0.06565 0.00834 0.66959 0.67285 0.42951 1.012
0.06572 0.00835 0.67033 0.67360 0.43141 0.943
0.06580 0.00836 0.67108 0.67435 0.43330 1.221
0.06587 0.00837 0.67182 0.67510 0.43519 1.065
0.06594 0.00838 0.67257 0.67585 0.43708 1.063
0.06602 0.00839 0.67332 0.67660 0.43897 0.823
0.06609 0.00839 0.67406 0.67735 0.44087 0.907
0.06616 0.00840 0.67481 0.67810 0.44276 1.098
0.06624 0.00841 0.67556 0.67885 0.44465 0.805
0.06631 0.00842 0.67630 0.67960 0.44654 1.011
0.06638 0.00843 0.67705 0.68035 0.44843 1.046
0.06646 0.00844 0.67780 0.68110 0.45033 0.753
0.06653 0.00845 0.67854 0.68185 0.45222 0.959
0.06660 0.00846 0.67929 0.68260 0.45411 1.198
0.06668 0.00847 0.68004 0.68335 0.45600 1.147
0.06675 0.00848 0.68078 0.68410 0.45790 1.044
0.06682 0.00849 0.68153 0.68485 0.45979 1.045
0.06690 0.00850 0.68228 0.68560 0.46168 0.869
0.06697 0.00851 0.68302 0.68635 0.46357 0.871
0.06704 0.00852 0.68377 0.68710 0.46547 0.715
0.06711 0.00852 0.68452 0.68785 0.46736 1.094
0.06719 0.00853 0.68526 0.68860 0.46925 1.059
0.06726 0.00854 0.68601 0.68935 0.47114 0.904
0.06733 0.00855 0.68676 0.69010 0.47304 1.130
0.06741 0.00856 0.68750 0.69085 0.47493 0.937
0.06748 0.00857 0.68825 0.69160 0.47682 0.998
0.06755 0.00858 0.68900 0.69235 0.47872 0.899
0.06763 0.00859 0.68974 0.69310 0.48061 1.014
0.06770 0.00860 0.69049 0.69385 0.48250 0.882
0.06777 0.00861 0.69124 0.69461 0.48440 1.009
0.06785 0.00862 0.69198 0.69536 0.48629 1.046
0.06792 0.00863 0.69273 0.69611 0.48818 0.979
0.06799 0.00864 0.69348 0.69686 0.49008 1.053
0.06807 0.00865 0.69423 0.69761 0.49197 0.901
0.06814 0.00866 0.69497 0.69836 0.49387 1.041
0.06821 0.00866 0.69572 0.69911 0.49576 1.158
0.06829 0.00867 0.69647 0.69986 0.49765 0.965
0.06836 0.00868 0.69721 0.70061 0.49955 0.956
0.06843 0.00869 0.69796 0.70136 0.50144 0.898
0.06851 0.00870 0.69871 0.70211 0.50334 1.084
0.06858 0.00871 0.69946 0.70286 0.50523 0.931
0.06865 0.00872 0.70020 0.70361 0.50712 1.000
0.06873 0.00873 0.70095 0.70437 0.50902 1.083
0.06880 0.00874 0.70170 0.70512 0.51091 1.144
0.06887 0.00875 0.70244 0.70587 0.51281 1.076
0.06895 0.00876 0.70319 0.70662 0.51470 0.933
0.06902 0.00877 0.70394 0.70737 0.51660 0.968
0.06909 0.00878 0.70469 0.70812 0.51849 0.850
0.06917 0.00879 0.70543 0.70887 0.52039 0.898
0.06924 0.00879 0.70618 0.70962 0.52228 1.208
0.06931 0.00880 0.70693 0.71037 0.52418 1.138
0.06939 0.00881 0.70768 0.71112 0.52607 1.172
0.06946 0.00882 0.70842 0.71188 0.52797 1.103
0.06953 0.00883 0.70917 0.71263 0.52986 0.845
0.06961 0.00884 0.70992 0.71338 0.53176 1.168
0.06968 0.00885 0.71067 0.71413 0.53365 0.999
0.06975 0.00886 0.71141 0.71488 0.53555 1.120
0.06983 0.00887 0.71216 0.71563 0.53744 1.203
0.06990 0.00888 0.71291 0.71638 0.53934 1.018
0.06997 0.00889 0.71366 0.71714 0.54123 1.114
0.07005 0.00890 0.71441 0.71789 0.54313 0.946
0.07012 0.00891 0.71515 0.71864 0.54502 1.302
0.07019 0.00892 0.71590 0.71939 0.54692 0.877
0.07027 0.00893 0.71665 0.72014 0.54882 1.221
0.07034 0.00893 0.71740 0.72089 0.55071 1.163
0.07041 0.00894 0.71815 0.72164 0.55261 1.185
0.07049 0.00895 0.71889 0.72240 0.55450 1.082
0.07056 0.00896 0.71964 0.72315 0.55640 1.120
0.07063 0.00897 0.72039 0.72390 0.55829 0.879
0.07071 0.00898 0.72114 0.72465 0.56019 0.884
0.07078 0.00899 0.72189 0.72540 0.56209 1.130
0.07085 0.00900 0.72263 0.72615 0.56398 1.196
0.07093 0.00901 0.72338 0.72691 0.56588 1.083
0.07100 0.00902 0.72413 0.72766 0.56778 0.921
0.07107 0.00903 0.72488 0.72841 0.56967 1.018
0.07115 0.00904 0.72563 0.72916 0.57157 0.894
0.07122 0.00905 0.72637 0.72991 0.57347 1.281
0.07129 0.00906 0.72712 0.73066 0.57536 1.042
0.07137 0.00906 0.72787 0.73142 0.57726 1.161
0.07144 0.00907 0.72862 0.73217 0.57916 0.873
0.07151 0.00908 0.72937 0.73292 0.58105 0.824
0.07159 0.00909 0.73012 0.73367 0.58295 0.830
0.07166 0.00910 0.73086 0.73442 0.58485 0.898
0.07173 0.00911 0.73161 0.73518 0.58674 1.142
0.07181 0.00912 0.73236 0.73593 0.58864 1.054
0.07188 0.00913 0.73311 0.73668 0.59054 0.885
0.07195 0.00914 0.73386 0.73743 0.59244 1.005
0.07203 0.00915 0.73461 0.73819 0.59433 1.028
0.07210 0.00916 0.73535 0.73894 0.59623 0.811
0.07217 0.00917 0.73610 0.73969 0.59813 1.065
0.07225 0.00918 0.73685 0.74044 0.60003 0.988
0.07232 0.00919 0.73760 0.74119 0.60192 1.232
0.07239 0.00920 0.73835 0.74195 0.60382 1.079
0.07247 0.00920 0.73910 0.74270 0.60572 0.958
0.07254 0.00921 0.73985 0.74345 0.60762 1.032
0.07261 0.00922 0.74059 0.74420 0.60951 1.076
0.07269 0.00923 0.74134 0.74496 0.61141 1.002
0.07276 0.00924 0.74209 0.74571 0.61331 1.052
0.07283 0.00925 0.74284 0.74646 0.61521 0.789
0.07291 0.00926 0.74359 0.74721 0.61711 1.153
0.07298 0.00927 0.74434 0.74797 0.61900 1.272
0.07305 0.00928 0.74509 0.74872 0.62090 1.168
0.07313 0.00929 0.74584 0.74947 0.62280 0.937
0.07320 0.00930 0.74659 0.75022 0.62470 1.141
0.07327 0.00931 0.74733 0.75098 0.62660 1.232
0.07335 0.00932 0.74808 0.75173 0.62850 1.204
0.07342 0.00933 0.74883 0.75248 0.63040 1.185
0.07349 0.00934 0.74958 0.75323 0.63229 1.127
0.07357 0.00934 0.75033 0.75399 0.63419 1.089
0.07364 0.00935 0.75108 0.75474 0.63609 1.313
0.07371 0.00936 0.75183 0.75549 0.63799 0.848
0.07379 0.00937 0.75258 0.75624 0.63989 1.166
0.07386 0.00938 0.75333 0.75700 0.64179 1.185
0.07394 0.00939 0.75408 0.75775 0.64369 0.949
0.07401 0.00940 0.75483 0.75850 0.64559 1.032
0.07408 0.00941 0.75557 0.75926 0.64749 1.016
0.07416 0.00942 0.75632 0.76001 0.64939 1.168
0.07423 0.00943 0.75707 0.76076 0.65129 1.102
0.07430 0.00944 0.75782 0.76151 0.65318 1.202
0.07438 0.00945 0.75857 0.76227 0.65508 0.983
0.07445 0.00946 0.75932 0.76302 0.65698 0.851
0.07452 0.00947 0.76007 0.76377 0.65888 1.219
0.07460 0.00948 0.76082 0.76453 0.66078 0.714
0.07467 0.00948 0.76157 0.76528 0.66268 1.137
0.07474 0.00949 0.76232 0.76603 0.66458 1.118
0.07482 0.00950 0.76307 0.76679 0.66648 1.032
0.07489 0.00951 0.76382 0.76754 0.66838 1.217
0.07496 0.00952 0.76457 0.76829 0.67028 1.034
0.07504 0.00953 0.76532 0.76905 0.67218 1.100
0.07511 0.00954 0.76607 0.76980 0.67408 1.030
0.07518 0.00955 0.76682 0.77055 0.67598 1.012
0.07526 0.00956 0.76757 0.77131 0.67788 1.018
0.07533 0.00957 0.76832 0.77206 0.67978 0.915
0.07540 0.00958 0.76907 0.77281 0.68168 0.931
0.07548 0.00959 0.76982 0.77357 0.68358 0.880
0.07555 0.00960 0.77056 0.77432 0.68549 0.900
0.07563 0.00961 0.77131 0.77507 0.68739 1.010
0.07570 0.00962 0.77206 0.77583 0.68929 1.031
0.07577 0.00962 0.77281 0.77658 0.69119 1.131
0.07585 0.00963 0.77356 0.77733 0.69309 1.136
0.07592 0.00964 0.77431 0.77809 0.69499 1.081
0.07599 0.00965 0.77506 0.77884 0.69689 1.237
0.07607 0.00966 0.77581 0.77959 0.69879 0.817
0.07614 0.00967 0.77656 0.78035 0.70069 0.914
0.07621 0.00968 0.77731 0.78110 0.70259 0.780
0.07629 0.00969 0.77806 0.78186 0.70449 0.814
0.07636 0.00970 0.77881 0.78261 0.70640 0.929
0.07643 0.00971 0.77956 0.78336 0.70830 0.997
0.07651 0.00972 0.78031 0.78412 0.71020 1.136
0.07658 0.00973 0.78106 0.78487 0.71210 1.365
0.07665 0.00974 0.78181 0.78562 0.71400 1.135
0.07673 0.00975 0.78256 0.78638 0.71590 1.013
0.07680 0.00976 0.78331 0.78713 0.71781 1.033
0.07688 0.00976 0.78407 0.78789 0.71971 1.115
0.07695 0.00977 0.78482 0.78864 0.72161 1.148
0.07702 0.00978 0.78557 0.78939 0.72351 0.729
0.07710 0.00979 0.78632 0.79015 0.72541 1.132
0.07717 0.00980 0.78707 0.79090 0.72732 0.935
0.07724 0.00981 0.78782 0.79166 0.72922 0.780
0.07732 0.00982 0.78857 0.79241 0.73112 1.082
0.07739 0.00983 0.78932 0.79316 0.73302 0.812
0.07746 0.00984 0.79007 0.79392 0.73492 0.963
0.07754 0.00985 0.79082 0.79467 0.73683 1.015
0.07761 0.00986 0.79157 0.79543 0.73873 0.946
0.07768 0.00987 0.79232 0.79618 0.74063 0.963
0.07776 0.00988 0.79307 0.79693 0.74253 0.998
0.07783 0.00989 0.79382 0.79769 0.74444 0.984
0.07791 0.00990 0.79457 0.79844 0.74634 0.983
0.07798 0.00990 0.79532 0.79920 0.74824 1.063
0.07805 0.00991 0.79607 0.79995 0.75015 0.846
0.07813 0.00992 0.79682 0.80071 0.75205 0.879
0.07820 0.00993 0.79757 0.80146 0.75395 0.999
0.07827 0.00994 0.79832 0.80221 0.75585 0.896
0.07835 0.00995 0.79908 0.80297 0.75776 0.896
0.07842 0.00996 0.79983 0.80372 0.75966 0.979
0.07849 0.00997 0.80058 0.80448 0.76156 0.914
0.07857 0.00998 0.80133 0.80523 0.76347 0.997
0.07864 0.00999 0.80208 0.80599 0.76537 0.982
0.07872 0.01000 0.80283 0.80674 0.76727 0.911
0.07879 0.01001 0.80358 0.80750 0.76918 0.945
0.07886 0.01002 0.80433 0.80825 0.77108 0.926
0.07894 0.01003 0.80508 0.80901 0.77298 0.929
0.07901 0.01004 0.80583 0.80976 0.77489 0.927
0.07908 0.01005 0.80658 0.81051 0.77679 0.929
0.07916 0.01005 0.80734 0.81127 0.77870 0.894
0.07923 0.01006 0.80809 0.81202 0.78060 1.092
0.07930 0.01007 0.80884 0.81278 0.78250 0.967
0.07938 0.01008 0.80959 0.81353 0.78441 1.165
0.07945 0.01009 0.81034 0.81429 0.78631 0.894
0.07953 0.01010 0.81109 0.81504 0.78822 1.098
0.07960 0.01011 0.81184 0.81580 0.79012 1.223
0.07967 0.01012 0.81259 0.81655 0.79203 0.746
0.07975 0.01013 0.81335 0.81731 0.79393 0.964
0.07982 0.01014 0.81410 0.81806 0.79583 0.955
0.07989 0.01015 0.81485 0.81882 0.79774 1.303
0.07997 0.01016 0.81560 0.81957 0.79964 0.922
0.08004 0.01017 0.81635 0.82033 0.80155 0.923
0.08011 0.01018 0.81710 0.82108 0.80345 1.193
0.08019 0.01019 0.81785 0.82184 0.80536 0.947
0.08026 0.01019 0.81861 0.82259 0.80726 0.792
0.08034 0.01020 0.81936 0.82335 0.80917 0.800
0.08041 0.01021 0.82011 0.82410 0.81107 0.899
0.08048 0.01022 0.82086 0.82486 0.81298 0.846
0.08056 0.01023 0.82161 0.82561 0.81488 0.901
0.08063 0.01024 0.82236 0.82637 0.81679 0.873
0.08070 0.01025 0.82311 0.82712 0.81869 0.929
0.08078 0.01026 0.82387 0.82788 0.82060 0.730
0.08085 0.01027 0.82462 0.82864 0.82250 0.913
0.08093 0.01028 0.82537 0.82939 0.82441 0.985
0.08100 0.01029 0.82612 0.83015 0.82631 0.767
0.08107 0.01030 0.82687 0.83090 0.82822 0.743
0.08115 0.01031 0.82762 0.83166 0.83013 0.880
0.08122 0.01032 0.82838 0.83241 0.83203 0.992
0.08129 0.01033 0.82913 0.83317 0.83394 1.107
0.08137 0.01034 0.82988 0.83392 0.83584 0.797
0.08144 0.01034 0.83063 0.83468 0.83775 0.911
0.08151 0.01035 0.83138 0.83543 0.83966 0.908
0.08159 0.01036 0.83214 0.83619 0.84156 0.894
0.08166 0.01037 0.83289 0.83695 0.84347 1.001
0.08174 0.01038 0.83364 0.83770 0.84537 0.672
0.08181 0.01039 0.83439 0.83846 0.84728 0.916
0.08188 0.01040 0.83514 0.83921 0.84919 0.669
0.08196 0.01041 0.83590 0.83997 0.85109 1.111
0.08203 0.01042 0.83665 0.84072 0.85300 1.232
0.08210 0.01043 0.83740 0.84148 0.85491 1.095
0.08218 0.01044 0.83815 0.84224 0.85681 1.008
0.08225 0.01045 0.83890 0.84299 0.85872 1.028
0.08233 0.01046 0.83966 0.84375 0.86063 0.961
0.08240 0.01047 0.84041 0.84450 0.86253 0.978
0.08247 0.01048 0.84116 0.84526 0.86444 1.061
0.08255 0.01049 0.84191 0.84602 0.86635 0.824
0.08262 0.01049 0.84267 0.84677 0.86825 0.888
0.08269 0.01050 0.84342 0.84753 0.87016 0.894
0.08277 0.01051 0.84417 0.84828 0.87207 1.045
0.08284 0.01052 0.84492 0.84904 0.87398 0.892
0.08292 0.01053 0.84568 0.84980 0.87588 0.993
0.08299 0.01054 0.84643 0.85055 0.87779 1.010
0.08306 0.01055 0.84718 0.85131 0.87970 1.094
0.08314 0.01056 0.84793 0.85206 0.88160 0.726
0.08321 0.01057 0.84869 0.85282 0.88351 0.969
0.08329 0.01058 0.84944 0.85358 0.88542 0.863
0.08336 0.01059 0.85019 0.85433 0.88733 0.856
0.08343 0.01060 0.85094 0.85509 0.88924 0.811
0.08351 0.01061 0.85170 0.85585 0.89114 0.860
0.08358 0.01062 0.85245 0.85660 0.89305 0.880
0.08365 0.01063 0.85320 0.85736 0.89496 0.981
0.08373 0.01064 0.85395 0.85811 0.89687 0.840
0.08380 0.01064 0.85471 0.85887 0.89878 0.993
0.08388 0.01065 0.85546 0.85963 0.90068 0.577
0.08395 0.01066 0.85621 0.86038 0.90259 0.780
0.08402 0.01067 0.85696 0.86114 0.90450 0.591
0.08410 0.01068 0.85772 0.86190 0.90641 0.459
0.08417 0.01069 0.85847 0.86265 0.90832 0.809
0.08424 0.01070 0.85922 0.86341 0.91023 0.694
0.08432 0.01071 0.85998 0.86417 0.91213 0.527
0.08439 0.01072 0.86073 0.86492 0.91404 0.692
0.08447 0.01073 0.86148 0.86568 0.91595 0.845
0.08454 0.01074 0.86224 0.86644 0.91786 1.076
0.08461 0.01075 0.86299 0.86719 0.91977 0.823
0.08469 0.01076 0.86374 0.86795 0.92168 0.975
0.08476 0.01077 0.86449 0.86871 0.92359 1.039
0.08484 0.01078 0.86525 0.86946 0.92550 0.857
0.08491 0.01079 0.86600 0.87022 0.92740 1.121
0.08498 0.01079 0.86675 0.87098 0.92931 1.116
0.08506 0.01080 0.86751 0.87173 0.93122 0.935
0.08513 0.01081 0.86826 0.87249 0.93313 0.917
0.08520 0.01082 0.86901 0.87325 0.93504 1.088
0.08528 0.01083 0.86977 0.87400 0.93695 1.147
0.08535 0.01084 0.87052 0.87476 0.93886 0.841
0.08543 0.01085 0.87127 0.87552 0.94077 1.107
0.08550 0.01086 0.87203 0.87628 0.94268 1.079
0.08557 0.01087 0.87278 0.87703 0.94459 1.046
0.08565 0.01088 0.87353 0.87779 0.94650 0.828
0.08572 0.01089 0.87429 0.87855 0.94841 1.062
0.08580 0.01090 0.87504 0.87930 0.95032 1.231
0.08587 0.01091 0.87579 0.88006 0.95223 0.903
0.08594 0.01092 0.87655 0.88082 0.95414 0.794
0.08602 0.01093 0.87730 0.88157 0.95605 0.977
0.08609 0.01094 0.87805 0.88233 0.95796 1.127
0.08616 0.01094 0.87881 0.88309 0.95987 1.177
0.08624 0.01095 0.87956 0.88385 0.96178 0.996
0.08631 0.01096 0.88031 0.88460 0.96369 0.790
0.08639 0.01097 0.88107 0.88536 0.96560 1.129
0.08646 0.01098 0.88182 0.88612 0.96751 0.910
0.08653 0.01099 0.88258 0.88688 0.96942 1.058
0.08661 0.01100 0.88333 0.88763 0.97133 0.825
0.08668 0.01101 0.88408 0.88839 0.97324 0.959
0.08676 0.01102 0.88484 0.88915 0.97515 0.943
0.08683 0.01103 0.88559 0.88991 0.97706 1.089
0.08690 0.01104 0.88634 0.89066 0.97898 1.022
0.08698 0.01105 0.88710 0.89142 0.98089 1.229
0.08705 0.01106 0.88785 0.89218 0.98280 0.792
0.08713 0.01107 0.88861 0.89294 0.98471 0.891
0.08720 0.01108 0.88936 0.89369 0.98662 0.991
0.08727 0.01109 0.89011 0.89445 0.98853 0.961
0.08735 0.01109 0.89087 0.89521 0.99044 1.063
0.08742 0.01110 0.89162 0.89597 0.99235 1.041
0.08750 0.01111 0.89238 0.89672 0.99427 1.095
0.08757 0.01112 0.89313 0.89748 0.99618 0.874
0.08764 0.01113 0.89388 0.89824 0.99809 0.929
0.08772 0.01114 0.89464 0.89900 1.00000 1.044
