x y z dist_scaled dist_frac flux_norm sig_norm wavelength redshift
0.01218 -0.01318 0.05434 0.05723 0.00000 1.099 0.254 1568.021 0.01281
0.01220 -0.01320 0.05444 0.05734 0.00106 1.203 0.260 1568.058 0.01283
0.01222 -0.01323 0.05455 0.05744 0.00212 0.998 0.244 1568.094 0.01285
0.01225 -0.01325 0.05465 0.05755 0.00318 0.998 0.244 1568.131 0.01288
0.01227 -0.01328 0.05475 0.05766 0.00425 0.754 0.222 1568.168 0.01290
0.01229 -0.01330 0.05485 0.05776 0.00531 1.003 0.244 1568.204 0.01292
0.01232 -0.01333 0.05495 0.05787 0.00637 1.073 0.251 1568.241 0.01295
0.01234 -0.01335 0.05505 0.05798 0.00743 1.039 0.248 1568.278 0.01297
0.01236 -0.01338 0.05516 0.05808 0.00849 0.685 0.215 1568.315 0.01300
0.01238 -0.01340 0.05526 0.05819 0.00956 0.863 0.233 1568.351 0.01302
0.01241 -0.01343 0.05536 0.05830 0.01062 1.113 0.257 1568.388 0.01304
0.01243 -0.01345 0.05546 0.05841 0.01168 1.253 0.268 1568.425 0.01307
0.01245 -0.01347 0.05556 0.05851 0.01274 1.008 0.246 1568.462 0.01309
0.01247 -0.01350 0.05566 0.05862 0.01380 1.079 0.255 1568.498 0.01311
0.01250 -0.01352 0.05577 0.05873 0.01487 1.187 0.261 1568.535 0.01314
0.01252 -0.01355 0.05587 0.05883 0.01593 1.399 0.280 1568.572 0.01316
0.01254 -0.01357 0.05597 0.05894 0.01699 1.367 0.277 1568.608 0.01319
0.01257 -0.01360 0.05607 0.05905 0.01805 0.942 0.241 1568.645 0.01321
0.01259 -0.01362 0.05617 0.05916 0.01911 0.625 0.209 1568.682 0.01323
0.01261 -0.01365 0.05627 0.05926 0.02018 0.768 0.225 1568.719 0.01326
0.01263 -0.01367 0.05638 0.05937 0.02124 0.839 0.232 1568.755 0.01328
0.01266 -0.01370 0.05648 0.05948 0.02230 1.302 0.274 1568.792 0.01330
0.01268 -0.01372 0.05658 0.05958 0.02336 1.091 0.255 1568.829 0.01333
0.01270 -0.01375 0.05668 0.05969 0.02443 0.840 0.233 1568.865 0.01335
0.01273 -0.01377 0.05678 0.05980 0.02549 0.661 0.215 1568.902 0.01338
0.01275 -0.01380 0.05688 0.05991 0.02655 1.235 0.270 1568.939 0.01340
0.01277 -0.01382 0.05699 0.06001 0.02761 1.237 0.270 1568.976 0.01342
0.01279 -0.01384 0.05709 0.06012 0.02868 0.773 0.227 1569.012 0.01345
0.01282 -0.01387 0.05719 0.06023 0.02974 1.166 0.262 1569.049 0.01347
0.01284 -0.01389 0.05729 0.06033 0.03080 1.097 0.256 1569.086 0.01349
0.01286 -0.01392 0.05739 0.06044 0.03186 1.097 0.256 1569.122 0.01352
0.01289 -0.01394 0.05749 0.06055 0.03293 1.209 0.268 1569.159 0.01354
0.01291 -0.01397 0.05760 0.06066 0.03399 0.993 0.247 1569.196 0.01356
0.01293 -0.01399 0.05770 0.06076 0.03505 1.069 0.257 1569.233 0.01359
0.01295 -0.01402 0.05780 0.06087 0.03611 0.887 0.238 1569.269 0.01361
0.01298 -0.01404 0.05790 0.06098 0.03718 1.213 0.269 1569.306 0.01364
0.01300 -0.01407 0.05800 0.06108 0.03824 1.177 0.267 1569.343 0.01366
0.01302 -0.01409 0.05811 0.06119 0.03930 0.708 0.221 1569.380 0.01368
0.01304 -0.01412 0.05821 0.06130 0.04037 0.637 0.214 1569.416 0.01371
0.01307 -0.01414 0.05831 0.06141 0.04143 0.925 0.243 1569.453 0.01373
0.01309 -0.01417 0.05841 0.06151 0.04249 0.965 0.246 1569.490 0.01375
0.01311 -0.01419 0.05851 0.06162 0.04355 0.928 0.243 1569.526 0.01378
0.01314 -0.01421 0.05861 0.06173 0.04462 1.262 0.274 1569.563 0.01380
0.01316 -0.01424 0.05872 0.06183 0.04568 0.862 0.238 1569.600 0.01383
0.01318 -0.01426 0.05882 0.06194 0.04674 0.899 0.241 1569.637 0.01385
0.01320 -0.01429 0.05892 0.06205 0.04781 0.827 0.235 1569.673 0.01387
0.01323 -0.01431 0.05902 0.06216 0.04887 0.939 0.248 1569.710 0.01390
0.01325 -0.01434 0.05912 0.06226 0.04993 0.608 0.212 1569.747 0.01392
0.01327 -0.01436 0.05922 0.06237 0.05100 1.309 0.279 1569.783 0.01394
0.01330 -0.01439 0.05933 0.06248 0.05206 1.053 0.258 1569.820 0.01397
0.01332 -0.01441 0.05943 0.06258 0.05312 0.684 0.221 1569.857 0.01399
0.01334 -0.01444 0.05953 0.06269 0.05419 1.052 0.256 1569.894 0.01402
0.01336 -0.01446 0.05963 0.06280 0.05525 1.090 0.262 1569.930 0.01404
0.01339 -0.01449 0.05973 0.06291 0.05631 0.797 0.233 1569.967 0.01406
0.01341 -0.01451 0.05984 0.06301 0.05738 0.872 0.240 1570.004 0.01409
0.01343 -0.01454 0.05994 0.06312 0.05844 1.243 0.275 1570.040 0.01411
0.01346 -0.01456 0.06004 0.06323 0.05951 0.986 0.251 1570.077 0.01413
0.01348 -0.01459 0.06014 0.06333 0.06057 1.024 0.258 1570.114 0.01416
0.01350 -0.01461 0.06024 0.06344 0.06163 0.951 0.250 1570.151 0.01418
0.01352 -0.01463 0.06034 0.06355 0.06270 0.766 0.231 1570.187 0.01421
0.01355 -0.01466 0.06045 0.06366 0.06376 1.139 0.265 1570.224 0.01423
0.01357 -0.01468 0.06055 0.06376 0.06482 0.916 0.245 1570.261 0.01425
0.01359 -0.01471 0.06065 0.06387 0.06589 1.218 0.275 1570.298 0.01428
0.01362 -0.01473 0.06075 0.06398 0.06695 1.257 0.277 1570.334 0.01430
0.01364 -0.01476 0.06085 0.06409 0.06802 1.410 0.291 1570.371 0.01432
0.01366 -0.01478 0.06096 0.06419 0.06908 0.735 0.228 1570.408 0.01435
0.01368 -0.01481 0.06106 0.06430 0.07014 1.139 0.269 1570.444 0.01437
0.01371 -0.01483 0.06116 0.06441 0.07121 1.187 0.275 1570.481 0.01439
0.01373 -0.01486 0.06126 0.06451 0.07227 1.192 0.271 1570.518 0.01442
0.01375 -0.01488 0.06136 0.06462 0.07334 1.120 0.266 1570.555 0.01444
0.01377 -0.01491 0.06146 0.06473 0.07440 0.981 0.257 1570.591 0.01447
0.01380 -0.01493 0.06157 0.06484 0.07546 0.883 0.247 1570.628 0.01449
0.01382 -0.01496 0.06167 0.06494 0.07653 1.116 0.267 1570.665 0.01451
0.01384 -0.01498 0.06177 0.06505 0.07759 0.803 0.236 1570.701 0.01454
0.01387 -0.01501 0.06187 0.06516 0.07866 1.108 0.268 1570.738 0.01456
0.01389 -0.01503 0.06197 0.06527 0.07972 1.100 0.264 1570.775 0.01458
0.01391 -0.01505 0.06208 0.06537 0.08079 1.083 0.262 1570.812 0.01461
0.01393 -0.01508 0.06218 0.06548 0.08185 1.265 0.280 1570.848 0.01463
0.01396 -0.01510 0.06228 0.06559 0.08291 1.149 0.272 1570.885 0.01466
0.01398 -0.01513 0.06238 0.06569 0.08398 0.717 0.235 1570.922 0.01468
0.01400 -0.01515 0.06248 0.06580 0.08504 0.899 0.253 1570.958 0.01470
0.01403 -0.01518 0.06259 0.06591 0.08611 1.419 0.296 1570.995 0.01473
0.01405 -0.01520 0.06269 0.06602 0.08717 1.327 0.288 1571.032 0.01475
0.01407 -0.01523 0.06279 0.06612 0.08824 1.057 0.264 1571.069 0.01477
0.01409 -0.01525 0.06289 0.06623 0.08930 0.823 0.240 1571.105 0.01480
0.01412 -0.01528 0.06299 0.06634 0.09037 0.747 0.232 1571.142 0.01482
0.01414 -0.01530 0.06310 0.06645 0.09143 0.899 0.247 1571.179 0.01485
0.01416 -0.01533 0.06320 0.06655 0.09250 0.479 0.203 1571.216 0.01487
0.01419 -0.01535 0.06330 0.06666 0.09356 0.786 0.236 1571.252 0.01489
0.01421 -0.01538 0.06340 0.06677 0.09463 1.019 0.262 1571.289 0.01492
0.01423 -0.01540 0.06350 0.06688 0.09569 0.864 0.245 1571.326 0.01494
0.01425 -0.01543 0.06361 0.06698 0.09676 1.020 0.259 1571.362 0.01496
0.01428 -0.01545 0.06371 0.06709 0.09782 0.982 0.256 1571.399 0.01499
0.01430 -0.01547 0.06381 0.06720 0.09889 0.865 0.245 1571.436 0.01501
0.01432 -0.01550 0.06391 0.06731 0.09995 1.368 0.294 1571.473 0.01504
0.01435 -0.01552 0.06401 0.06741 0.10102 0.907 0.250 1571.509 0.01506
0.01437 -0.01555 0.06411 0.06752 0.10208 0.908 0.250 1571.546 0.01508
0.01439 -0.01557 0.06422 0.06763 0.10315 0.792 0.239 1571.583 0.01511
0.01441 -0.01560 0.06432 0.06773 0.10421 0.985 0.257 1571.619 0.01513
0.01444 -0.01562 0.06442 0.06784 0.10528 0.795 0.240 1571.656 0.01515
0.01446 -0.01565 0.06452 0.06795 0.10634 0.913 0.254 1571.693 0.01518
0.01448 -0.01567 0.06462 0.06806 0.10741 1.226 0.281 1571.730 0.01520
0.01451 -0.01570 0.06473 0.06816 0.10847 0.679 0.227 1571.766 0.01523
0.01453 -0.01572 0.06483 0.06827 0.10954 1.110 0.271 1571.803 0.01525
0.01455 -0.01575 0.06493 0.06838 0.11060 0.954 0.255 1571.840 0.01527
0.01457 -0.01577 0.06503 0.06849 0.11167 0.837 0.244 1571.877 0.01530
0.01460 -0.01580 0.06513 0.06859 0.11273 1.230 0.282 1571.913 0.01532
0.01462 -0.01582 0.06524 0.06870 0.11380 1.389 0.298 1571.950 0.01534
0.01464 -0.01585 0.06534 0.06881 0.11486 1.075 0.269 1571.987 0.01537
0.01467 -0.01587 0.06544 0.06892 0.11593 1.195 0.280 1572.023 0.01539
0.01469 -0.01590 0.06554 0.06902 0.11700 1.000 0.260 1572.060 0.01541
0.01471 -0.01592 0.06564 0.06913 0.11806 0.962 0.257 1572.097 0.01544
0.01473 -0.01594 0.06575 0.06924 0.11913 1.004 0.261 1572.134 0.01546
0.01476 -0.01597 0.06585 0.06935 0.12019 0.769 0.238 1572.170 0.01549
0.01478 -0.01599 0.06595 0.06945 0.12126 0.968 0.260 1572.207 0.01551
0.01480 -0.01602 0.06605 0.06956 0.12232 1.124 0.275 1572.244 0.01553
0.01483 -0.01604 0.06615 0.06967 0.12339 0.768 0.239 1572.280 0.01556
0.01485 -0.01607 0.06626 0.06978 0.12446 1.361 0.294 1572.317 0.01558
0.01487 -0.01609 0.06636 0.06988 0.12552 0.849 0.247 1572.354 0.01560
0.01489 -0.01612 0.06646 0.06999 0.12659 0.929 0.255 1572.391 0.01563
0.01492 -0.01614 0.06656 0.07010 0.12765 0.968 0.262 1572.427 0.01565
0.01494 -0.01617 0.06667 0.07021 0.12872 0.812 0.243 1572.464 0.01568
0.01496 -0.01619 0.06677 0.07031 0.12979 0.774 0.240 1572.501 0.01570
0.01499 -0.01622 0.06687 0.07042 0.13085 1.212 0.283 1572.537 0.01572
0.01501 -0.01624 0.06697 0.07053 0.13192 1.292 0.289 1572.574 0.01575
0.01503 -0.01627 0.06707 0.07064 0.13299 1.092 0.274 1572.611 0.01577
0.01505 -0.01629 0.06718 0.07074 0.13405 1.175 0.280 1572.648 0.01579
0.01508 -0.01632 0.06728 0.07085 0.13512 0.937 0.257 1572.684 0.01582
0.01510 -0.01634 0.06738 0.07096 0.13618 0.977 0.264 1572.721 0.01584
0.01512 -0.01637 0.06748 0.07107 0.13725 1.017 0.268 1572.758 0.01587
0.01515 -0.01639 0.06758 0.07117 0.13832 1.019 0.265 1572.795 0.01589
0.01517 -0.01641 0.06769 0.07128 0.13938 1.060 0.272 1572.831 0.01591
0.01519 -0.01644 0.06779 0.07139 0.14045 1.099 0.276 1572.868 0.01594
0.01521 -0.01646 0.06789 0.07150 0.14152 0.941 0.258 1572.905 0.01596
0.01524 -0.01649 0.06799 0.07160 0.14258 1.023 0.266 1572.941 0.01598
0.01526 -0.01651 0.06809 0.07171 0.14365 0.822 0.247 1572.978 0.01601
0.01528 -0.01654 0.06820 0.07182 0.14472 0.623 0.225 1573.015 0.01603
0.01531 -0.01656 0.06830 0.07193 0.14578 0.543 0.217 1573.052 0.01606
0.01533 -0.01659 0.06840 0.07203 0.14685 1.268 0.290 1573.088 0.01608
0.01535 -0.01661 0.06850 0.07214 0.14792 1.349 0.297 1573.125 0.01610
0.01537 -0.01664 0.06860 0.07225 0.14898 0.705 0.235 1573.162 0.01613
0.01540 -0.01666 0.06871 0.07236 0.15005 0.786 0.243 1573.198 0.01615
0.01542 -0.01669 0.06881 0.07246 0.15112 1.028 0.270 1573.235 0.01617
0.01544 -0.01671 0.06891 0.07257 0.15218 0.869 0.253 1573.272 0.01620
0.01547 -0.01674 0.06901 0.07268 0.15325 1.151 0.279 1573.309 0.01622
0.01549 -0.01676 0.06912 0.07279 0.15432 1.152 0.282 1573.345 0.01624
0.01551 -0.01679 0.06922 0.07289 0.15538 1.031 0.269 1573.382 0.01627
0.01554 -0.01681 0.06932 0.07300 0.15645 0.830 0.250 1573.419 0.01629
0.01556 -0.01684 0.06942 0.07311 0.15752 1.074 0.273 1573.455 0.01632
0.01558 -0.01686 0.06952 0.07322 0.15859 1.237 0.293 1573.492 0.01634
0.01560 -0.01689 0.06963 0.07332 0.15965 0.914 0.258 1573.529 0.01636
0.01563 -0.01691 0.06973 0.07343 0.16072 0.955 0.262 1573.566 0.01639
0.01565 -0.01694 0.06983 0.07354 0.16179 1.405 0.303 1573.602 0.01641
0.01567 -0.01696 0.06993 0.07365 0.16285 1.244 0.291 1573.639 0.01643
0.01570 -0.01698 0.07003 0.07375 0.16392 0.632 0.230 1573.676 0.01646
0.01572 -0.01701 0.07014 0.07386 0.16499 1.164 0.284 1573.713 0.01648
0.01574 -0.01703 0.07024 0.07397 0.16606 1.082 0.278 1573.749 0.01651
0.01576 -0.01706 0.07034 0.07408 0.16712 0.879 0.256 1573.786 0.01653
0.01579 -0.01708 0.07044 0.07418 0.16819 0.798 0.248 1573.823 0.01655
0.01581 -0.01711 0.07055 0.07429 0.16926 1.002 0.270 1573.859 0.01658
0.01583 -0.01713 0.07065 0.07440 0.17033 1.004 0.268 1573.896 0.01660
0.01586 -0.01716 0.07075 0.07451 0.17139 0.637 0.229 1573.933 0.01662
0.01588 -0.01718 0.07085 0.07462 0.17246 1.006 0.268 1573.970 0.01665
0.01590 -0.01721 0.07095 0.07472 0.17353 1.008 0.323 1574.006 0.01667
0.01592 -0.01723 0.07106 0.07483 0.17460 1.132 0.280 1574.043 0.01670
0.01595 -0.01726 0.07116 0.07494 0.17566 0.763 0.245 1574.080 0.01672
0.01597 -0.01728 0.07126 0.07505 0.17673 0.805 0.250 1574.116 0.01674
0.01599 -0.01731 0.07136 0.07515 0.17780 0.723 0.243 1574.153 0.01677
0.01602 -0.01733 0.07147 0.07526 0.17887 1.180 0.288 1574.190 0.01679
0.01604 -0.01736 0.07157 0.07537 0.17993 1.099 0.282 1574.227 0.01681
0.01606 -0.01738 0.07167 0.07548 0.18100 0.893 0.315 1574.263 0.01684
0.01608 -0.01741 0.07177 0.07558 0.18207 1.019 0.273 1574.300 0.01686
0.01611 -0.01743 0.07187 0.07569 0.18314 0.771 0.246 1574.337 0.01689
0.01613 -0.01746 0.07198 0.07580 0.18421 0.897 0.259 1574.374 0.01691
0.01615 -0.01748 0.07208 0.07591 0.18527 0.855 0.255 1574.410 0.01693
0.01618 -0.01751 0.07218 0.07601 0.18634 1.023 0.271 1574.447 0.01696
0.01620 -0.01753 0.07228 0.07612 0.18741 0.981 0.270 1574.484 0.01698
0.01622 -0.01755 0.07239 0.07623 0.18848 0.981 0.268 1574.520 0.01700
0.01625 -0.01758 0.07249 0.07634 0.18955 0.815 0.252 1574.557 0.01703
0.01627 -0.01760 0.07259 0.07645 0.19062 1.233 0.294 1574.594 0.01705
0.01629 -0.01763 0.07269 0.07655 0.19168 0.733 0.244 1574.631 0.01708
0.01631 -0.01765 0.07279 0.07666 0.19275 0.775 0.248 1574.667 0.01710
0.01634 -0.01768 0.07290 0.07677 0.19382 0.817 0.253 1574.704 0.01712
0.01636 -0.01770 0.07300 0.07688 0.19489 0.817 0.253 1574.741 0.01715
0.01638 -0.01773 0.07310 0.07698 0.19596 0.943 0.268 1574.777 0.01717
0.01641 -0.01775 0.07320 0.07709 0.19703 0.357 0.199 1574.814 0.01719
0.01643 -0.01778 0.07331 0.07720 0.19809 0.483 0.216 1574.851 0.01722
0.01645 -0.01780 0.07341 0.07731 0.19916 0.525 0.221 1574.888 0.01724
0.01647 -0.01783 0.07351 0.07741 0.20023 0.904 0.262 1574.924 0.01726
0.01650 -0.01785 0.07361 0.07752 0.20130 0.904 0.262 1574.961 0.01729
0.01652 -0.01788 0.07372 0.07763 0.20237 0.609 0.232 1574.998 0.01731
0.01654 -0.01790 0.07382 0.07774 0.20344 0.483 0.217 1575.034 0.01734
0.01657 -0.01793 0.07392 0.07785 0.20451 0.314 0.193 1575.071 0.01736
0.01659 -0.01795 0.07402 0.07795 0.20557 0.441 0.212 1575.108 0.01738
0.01661 -0.01798 0.07412 0.07806 0.20664 0.188 0.173 1575.145 0.01741
0.01663 -0.01800 0.07423 0.07817 0.20771 0.357 0.201 1575.181 0.01743
0.01666 -0.01803 0.07433 0.07828 0.20878 0.147 0.165 1575.218 0.01745
0.01668 -0.01805 0.07443 0.07838 0.20985 0.062 0.149 1575.255 0.01748
0.01670 -0.01808 0.07453 0.07849 0.21092 0.105 0.158 1575.292 0.01750
0.01673 -0.01810 0.07464 0.07860 0.21199 0.022 0.139 1575.328 0.01753
0.01675 -0.01813 0.07474 0.07871 0.21306 0.106 0.158 1575.365 0.01755
0.01677 -0.01815 0.07484 0.07882 0.21413 0.191 0.175 1575.402 0.01757
0.01680 -0.01818 0.07494 0.07892 0.21519 0.275 0.189 1575.438 0.01760
0.01682 -0.01820 0.07505 0.07903 0.21626 0.402 0.206 1575.475 0.01762
0.01684 -0.01822 0.07515 0.07914 0.21733 0.656 0.238 1575.512 0.01764
0.01686 -0.01825 0.07525 0.07925 0.21840 0.528 0.223 1575.549 0.01767
0.01689 -0.01827 0.07535 0.07935 0.21947 0.528 0.223 1575.585 0.01769
0.01691 -0.01830 0.07546 0.07946 0.22054 0.827 0.258 1575.622 0.01772
0.01693 -0.01832 0.07556 0.07957 0.22161 0.785 0.253 1575.659 0.01774
0.01696 -0.01835 0.07566 0.07968 0.22268 1.255 0.299 1575.695 0.01776
0.01698 -0.01837 0.07576 0.07979 0.22375 1.512 0.320 1575.732 0.01779
0.01700 -0.01840 0.07586 0.07989 0.22482 1.129 0.290 1575.769 0.01781
0.01702 -0.01842 0.07597 0.08000 0.22589 1.215 0.297 1575.806 0.01783
0.01705 -0.01845 0.07607 0.08011 0.22696 1.129 0.289 1575.842 0.01786
0.01707 -0.01847 0.07617 0.08022 0.22803 1.130 0.290 1575.879 0.01788
0.01709 -0.01850 0.07627 0.08032 0.22910 0.533 0.226 1575.916 0.01791
0.01712 -0.01852 0.07638 0.08043 0.23017 0.747 0.250 1575.952 0.01793
0.01714 -0.01855 0.07648 0.08054 0.23123 0.876 0.264 1575.989 0.01795
0.01716 -0.01857 0.07658 0.08065 0.23230 0.833 0.260 1576.026 0.01798
0.01719 -0.01860 0.07668 0.08076 0.23337 1.009 0.280 1576.063 0.01800
0.01721 -0.01862 0.07679 0.08086 0.23444 0.794 0.256 1576.099 0.01802
0.01723 -0.01865 0.07689 0.08097 0.23551 0.709 0.247 1576.136 0.01805
0.01725 -0.01867 0.07699 0.08108 0.23658 0.666 0.242 1576.173 0.01807
0.01728 -0.01870 0.07709 0.08119 0.23765 1.270 0.302 1576.210 0.01809
0.01730 -0.01872 0.07720 0.08130 0.23872 1.139 0.292 1576.246 0.01812
0.01732 -0.01875 0.07730 0.08140 0.23979 1.229 0.300 1576.283 0.01814
0.01735 -0.01877 0.07740 0.08151 0.24086 1.229 0.297 1576.320 0.01817
0.01737 -0.01880 0.07750 0.08162 0.24193 1.099 0.286 1576.356 0.01819
0.01739 -0.01882 0.07761 0.08173 0.24300 0.884 0.264 1576.393 0.01821
0.01741 -0.01885 0.07771 0.08183 0.24407 0.971 0.274 1576.430 0.01824
0.01744 -0.01887 0.07781 0.08194 0.24514 1.014 0.279 1576.467 0.01826
0.01746 -0.01890 0.07791 0.08205 0.24621 0.799 0.258 1576.503 0.01828
0.01748 -0.01892 0.07802 0.08216 0.24728 1.361 0.311 1576.540 0.01831
0.01751 -0.01894 0.07812 0.08227 0.24835 0.799 0.258 1576.577 0.01833
0.01753 -0.01897 0.07822 0.08237 0.24942 0.583 0.233 1576.613 0.01836
0.01755 -0.01899 0.07832 0.08248 0.25049 1.191 0.298 1576.650 0.01838
0.01758 -0.01902 0.07843 0.08259 0.25156 0.975 0.276 1576.687 0.01840
0.01760 -0.01904 0.07853 0.08270 0.25264 0.715 0.249 1576.724 0.01843
0.01762 -0.01907 0.07863 0.08281 0.25371 0.760 0.254 1576.760 0.01845
0.01764 -0.01909 0.07873 0.08291 0.25478 1.152 0.292 1576.797 0.01847
0.01767 -0.01912 0.07883 0.08302 0.25585 0.937 0.272 1576.834 0.01850
0.01769 -0.01914 0.07894 0.08313 0.25692 0.936 0.272 1576.871 0.01852
0.01771 -0.01917 0.07904 0.08324 0.25799 0.980 0.277 1576.907 0.01855
0.01774 -0.01919 0.07914 0.08335 0.25906 0.891 0.268 1576.944 0.01857
0.01776 -0.01922 0.07924 0.08345 0.26013 0.848 0.263 1576.981 0.01859
0.01778 -0.01924 0.07935 0.08356 0.26120 1.197 0.297 1577.017 0.01862
0.01781 -0.01927 0.07945 0.08367 0.26227 0.893 0.269 1577.054 0.01864
0.01783 -0.01929 0.07955 0.08378 0.26334 0.808 0.261 1577.091 0.01866
0.01785 -0.01932 0.07965 0.08389 0.26441 1.054 0.290 1577.128 0.01869
0.01787 -0.01934 0.07976 0.08399 0.26548 1.684 0.339 1577.164 0.01871
0.01790 -0.01937 0.07986 0.08410 0.26655 1.162 0.298 1577.201 0.01874
0.01792 -0.01939 0.07996 0.08421 0.26762 0.803 0.266 1577.238 0.01876
0.01794 -0.01942 0.08006 0.08432 0.26870 1.587 0.333 1577.274 0.01878
0.01797 -0.01944 0.08017 0.08443 0.26977 1.025 0.287 1577.311 0.01881
0.01799 -0.01947 0.08027 0.08453 0.27084 0.816 0.261 1577.348 0.01883
0.01801 -0.01949 0.08037 0.08464 0.27191 0.995 0.283 1577.385 0.01885
0.01804 -0.01952 0.08048 0.08475 0.27298 0.874 0.270 1577.421 0.01888
0.01806 -0.01954 0.08058 0.08486 0.27405 0.798 0.262 1577.458 0.01890
0.01808 -0.01957 0.08068 0.08496 0.27512 1.372 0.318 1577.495 0.01893
0.01810 -0.01959 0.08078 0.08507 0.27619 1.378 0.321 1577.531 0.01895
0.01813 -0.01962 0.08089 0.08518 0.27726 0.996 0.284 1577.568 0.01897
0.01815 -0.01964 0.08099 0.08529 0.27834 1.092 0.292 1577.605 0.01900
0.01817 -0.01967 0.08109 0.08540 0.27941 0.735 0.253 1577.642 0.01902
0.01820 -0.01969 0.08119 0.08550 0.28048 1.061 0.293 1577.678 0.01904
0.01822 -0.01972 0.08130 0.08561 0.28155 1.046 0.284 1577.715 0.01907
0.01824 -0.01974 0.08140 0.08572 0.28262 1.170 0.300 1577.752 0.01909
0.01826 -0.01977 0.08150 0.08583 0.28369 1.345 0.315 1577.789 0.01911
0.01829 -0.01979 0.08160 0.08594 0.28476 1.081 0.290 1577.825 0.01914
0.01831 -0.01982 0.08171 0.08605 0.28583 1.082 0.289 1577.862 0.01916
0.01833 -0.01984 0.08181 0.08615 0.28691 0.948 0.277 1577.899 0.01919
0.01836 -0.01986 0.08191 0.08626 0.28798 1.171 0.300 1577.935 0.01921
0.01838 -0.01989 0.08201 0.08637 0.28905 0.903 0.274 1577.972 0.01923
0.01840 -0.01991 0.08212 0.08648 0.29012 1.124 0.293 1578.009 0.01926
0.01843 -0.01994 0.08222 0.08659 0.29119 1.213 0.302 1578.046 0.01928
0.01845 -0.01996 0.08232 0.08669 0.29226 0.812 0.265 1578.082 0.01930
0.01847 -0.01999 0.08242 0.08680 0.29334 0.949 0.278 1578.119 0.01933
0.01849 -0.02001 0.08253 0.08691 0.29441 1.084 0.291 1578.156 0.01935
0.01852 -0.02004 0.08263 0.08702 0.29548 0.728 0.255 1578.192 0.01938
0.01854 -0.02006 0.08273 0.08713 0.29655 0.638 0.246 1578.229 0.01940
0.01856 -0.02009 0.08283 0.08723 0.29762 0.820 0.266 1578.266 0.01942
0.01859 -0.02011 0.08294 0.08734 0.29870 0.995 0.284 1578.303 0.01945
0.01861 -0.02014 0.08304 0.08745 0.29977 0.819 0.265 1578.339 0.01947
0.01863 -0.02016 0.08314 0.08756 0.30084 1.131 0.296 1578.376 0.01949
0.01866 -0.02019 0.08324 0.08767 0.30191 0.953 0.278 1578.413 0.01952
0.01868 -0.02021 0.08335 0.08777 0.30298 0.508 0.231 1578.449 0.01954
0.01870 -0.02024 0.08345 0.08788 0.30406 0.823 0.267 1578.486 0.01957
0.01872 -0.02026 0.08355 0.08799 0.30513 1.226 0.305 1578.523 0.01959
0.01875 -0.02029 0.08366 0.08810 0.30620 0.868 0.272 1578.560 0.01961
0.01877 -0.02031 0.08376 0.08821 0.30727 0.735 0.257 1578.596 0.01964
0.01879 -0.02034 0.08386 0.08831 0.30835 1.046 0.289 1578.633 0.01966
0.01882 -0.02036 0.08396 0.08842 0.30942 1.045 0.289 1578.670 0.01968
0.01884 -0.02039 0.08407 0.08853 0.31049 0.870 0.272 1578.707 0.01971
0.01886 -0.02041 0.08417 0.08864 0.31156 1.004 0.285 1578.743 0.01973
0.01889 -0.02044 0.08427 0.08875 0.31264 1.272 0.310 1578.780 0.01976
0.01891 -0.02046 0.08437 0.08886 0.31371 0.601 0.241 1578.817 0.01978
0.01893 -0.02049 0.08448 0.08896 0.31478 0.693 0.254 1578.853 0.01980
0.01895 -0.02051 0.08458 0.08907 0.31585 1.100 0.294 1578.890 0.01983
0.01898 -0.02054 0.08468 0.08918 0.31693 1.230 0.306 1578.927 0.01985
0.01900 -0.02056 0.08478 0.08929 0.31800 0.783 0.263 1578.964 0.01987
0.01902 -0.02059 0.08489 0.08940 0.31907 1.101 0.295 1579.000 0.01990
0.01905 -0.02061 0.08499 0.08950 0.32014 1.145 0.299 1579.037 0.01992
0.01907 -0.02064 0.08509 0.08961 0.32122 0.876 0.274 1579.074 0.01994
0.01909 -0.02066 0.08520 0.08972 0.32229 0.741 0.260 1579.110 0.01997
0.01912 -0.02069 0.08530 0.08983 0.32336 0.921 0.279 1579.147 0.01999
0.01914 -0.02071 0.08540 0.08994 0.32443 1.103 0.296 1579.184 0.02002
0.01916 -0.02074 0.08550 0.09004 0.32551 0.971 0.283 1579.221 0.02004
0.01919 -0.02076 0.08561 0.09015 0.32658 0.790 0.265 1579.257 0.02006
0.01921 -0.02079 0.08571 0.09026 0.32765 1.195 0.304 1579.294 0.02009
0.01923 -0.02081 0.08581 0.09037 0.32873 0.792 0.266 1579.331 0.02011
0.01925 -0.02084 0.08591 0.09048 0.32980 1.151 0.303 1579.368 0.02013
0.01928 -0.02086 0.08602 0.09059 0.33087 1.022 0.288 1579.404 0.02016
0.01930 -0.02089 0.08612 0.09069 0.33195 1.201 0.305 1579.441 0.02018
0.01932 -0.02091 0.08622 0.09080 0.33302 1.156 0.301 1579.478 0.02021
0.01935 -0.02094 0.08633 0.09091 0.33409 0.930 0.280 1579.514 0.02023
0.01937 -0.02096 0.08643 0.09102 0.33517 0.568 0.239 1579.551 0.02025
0.01939 -0.02099 0.08653 0.09113 0.33624 0.703 0.255 1579.588 0.02028
0.01942 -0.02101 0.08663 0.09123 0.33731 0.616 0.246 1579.625 0.02030
0.01944 -0.02104 0.08674 0.09134 0.33838 0.751 0.261 1579.661 0.02032
0.01946 -0.02106 0.08684 0.09145 0.33946 0.798 0.267 1579.698 0.02035
0.01948 -0.02108 0.08694 0.09156 0.34053 1.432 0.329 1579.735 0.02037
0.01951 -0.02111 0.08704 0.09167 0.34161 1.294 0.314 1579.771 0.02040
0.01953 -0.02113 0.08715 0.09178 0.34268 0.843 0.272 1579.808 0.02042
0.01955 -0.02116 0.08725 0.09188 0.34375 1.341 0.319 1579.845 0.02044
0.01958 -0.02118 0.08735 0.09199 0.34483 0.751 0.262 1579.882 0.02047
0.01960 -0.02121 0.08746 0.09210 0.34590 0.887 0.277 1579.918 0.02049
0.01962 -0.02123 0.08756 0.09221 0.34697 1.070 0.295 1579.955 0.02051
0.01965 -0.02126 0.08766 0.09232 0.34805 0.846 0.273 1579.992 0.02054
0.01967 -0.02128 0.08776 0.09243 0.34912 1.113 0.299 1580.028 0.02056
0.01969 -0.02131 0.08787 0.09253 0.35019 0.664 0.251 1580.065 0.02059
0.01971 -0.02133 0.08797 0.09264 0.35127 0.886 0.278 1580.102 0.02061
0.01974 -0.02136 0.08807 0.09275 0.35234 1.300 0.316 1580.139 0.02063
0.01976 -0.02138 0.08818 0.09286 0.35342 0.889 0.278 1580.175 0.02066
0.01978 -0.02141 0.08828 0.09297 0.35449 1.207 0.308 1580.212 0.02068
0.01981 -0.02143 0.08838 0.09307 0.35556 0.932 0.283 1580.249 0.02070
0.01983 -0.02146 0.08848 0.09318 0.35664 1.022 0.292 1580.286 0.02073
0.01985 -0.02148 0.08859 0.09329 0.35771 1.117 0.300 1580.322 0.02075
0.01988 -0.02151 0.08869 0.09340 0.35879 0.617 0.247 1580.359 0.02078
0.01990 -0.02153 0.08879 0.09351 0.35986 1.659 0.349 1580.396 0.02080
0.01992 -0.02156 0.08889 0.09362 0.36093 0.888 0.278 1580.432 0.02082
0.01995 -0.02158 0.08900 0.09372 0.36201 0.983 0.288 1580.469 0.02085
0.01997 -0.02161 0.08910 0.09383 0.36308 0.665 0.255 1580.506 0.02087
0.01999 -0.02163 0.08920 0.09394 0.36416 1.028 0.292 1580.543 0.02089
0.02001 -0.02166 0.08931 0.09405 0.36523 0.847 0.274 1580.579 0.02092
0.02004 -0.02168 0.08941 0.09416 0.36630 1.302 0.318 1580.616 0.02094
0.02006 -0.02171 0.08951 0.09427 0.36738 0.873 0.261 1580.653 0.02096
0.02008 -0.02173 0.08961 0.09437 0.36845 1.393 0.262 1580.689 0.02099
0.02011 -0.02176 0.08972 0.09448 0.36953 1.262 0.254 1580.726 0.02101
0.02013 -0.02178 0.08982 0.09459 0.37060 1.157 0.244 1580.763 0.02104
0.02015 -0.02181 0.08992 0.09470 0.37168 1.067 0.236 1580.800 0.02106
0.02018 -0.02183 0.09003 0.09481 0.37275 1.034 0.234 1580.836 0.02108
0.02020 -0.02186 0.09013 0.09492 0.37383 1.075 0.239 1580.873 0.02111
0.02022 -0.02188 0.09023 0.09502 0.37490 1.289 0.254 1580.910 0.02113
0.02024 -0.02191 0.09033 0.09513 0.37598 1.074 0.240 1580.946 0.02115
0.02027 -0.02193 0.09044 0.09524 0.37705 1.101 0.240 1580.983 0.02118
0.02029 -0.02196 0.09054 0.09535 0.37812 1.059 0.238 1581.020 0.02120
0.02031 -0.02198 0.09064 0.09546 0.37920 1.385 0.263 1581.057 0.02123
0.02034 -0.02201 0.09075 0.09557 0.38027 1.185 0.247 1581.093 0.02125
0.02036 -0.02203 0.09085 0.09567 0.38135 1.010 0.235 1581.130 0.02127
0.02038 -0.02206 0.09095 0.09578 0.38242 1.154 0.245 1581.167 0.02130
0.02041 -0.02208 0.09106 0.09589 0.38350 0.865 0.220 1581.204 0.02132
0.02043 -0.02211 0.09116 0.09600 0.38457 0.754 0.211 1581.240 0.02134
0.02045 -0.02213 0.09126 0.09611 0.38565 1.146 0.246 1581.277 0.02137
0.02048 -0.02216 0.09136 0.09622 0.38672 1.195 0.248 1581.314 0.02139
0.02050 -0.02218 0.09147 0.09632 0.38780 0.829 0.217 1581.350 0.02142
0.02052 -0.02221 0.09157 0.09643 0.38887 1.259 0.253 1581.387 0.02144
0.02054 -0.02223 0.09167 0.09654 0.38995 0.831 0.217 1581.424 0.02146
0.02057 -0.02226 0.09178 0.09665 0.39102 1.016 0.234 1581.461 0.02149
0.02059 -0.02228 0.09188 0.09676 0.39210 0.911 0.223 1581.497 0.02151
0.02061 -0.02231 0.09198 0.09687 0.39317 0.814 0.215 1581.534 0.02153
0.02064 -0.02233 0.09208 0.09697 0.39425 0.974 0.229 1581.571 0.02156
0.02066 -0.02236 0.09219 0.09708 0.39532 1.261 0.256 1581.607 0.02158
0.02068 -0.02238 0.09229 0.09719 0.39640 1.036 0.234 1581.644 0.02161
0.02071 -0.02241 0.09239 0.09730 0.39748 1.099 0.240 1581.681 0.02163
0.02073 -0.02243 0.09250 0.09741 0.39855 1.060 0.240 1581.718 0.02165
0.02075 -0.02246 0.09260 0.09752 0.39963 0.989 0.232 1581.754 0.02168
0.02078 -0.02248 0.09270 0.09763 0.40070 0.915 0.224 1581.791 0.02170
0.02080 -0.02251 0.09280 0.09773 0.40178 1.210 0.251 1581.828 0.02172
0.02082 -0.02253 0.09291 0.09784 0.40285 0.884 0.221 1581.865 0.02175
0.02084 -0.02256 0.09301 0.09795 0.40393 0.886 0.222 1581.901 0.02177
0.02087 -0.02258 0.09311 0.09806 0.40500 1.016 0.235 1581.938 0.02180
0.02089 -0.02261 0.09322 0.09817 0.40608 0.821 0.218 1581.975 0.02182
0.02091 -0.02263 0.09332 0.09828 0.40716 0.885 0.221 1582.011 0.02184
0.02094 -0.02266 0.09342 0.09838 0.40823 1.149 0.245 1582.048 0.02187
0.02096 -0.02268 0.09353 0.09849 0.40931 0.917 0.225 1582.085 0.02189
0.02098 -0.02271 0.09363 0.09860 0.41038 1.241 0.255 1582.122 0.02191
0.02101 -0.02273 0.09373 0.09871 0.41146 0.987 0.233 1582.158 0.02194
0.02103 -0.02276 0.09383 0.09882 0.41253 0.880 0.222 1582.195 0.02196
0.02105 -0.02278 0.09394 0.09893 0.41361 0.983 0.230 1582.232 0.02198
0.02108 -0.02281 0.09404 0.09904 0.41469 0.916 0.227 1582.268 0.02201
0.02110 -0.02283 0.09414 0.09914 0.41576 0.495 0.184 1582.305 0.02203
0.02112 -0.02286 0.09425 0.09925 0.41684 1.630 0.282 1582.342 0.02206
0.02114 -0.02288 0.09435 0.09936 0.41791 0.859 0.221 1582.379 0.02208
0.02117 -0.02291 0.09445 0.09947 0.41899 1.147 0.248 1582.415 0.02210
0.02119 -0.02293 0.09456 0.09958 0.42007 1.080 0.239 1582.452 0.02213
0.02121 -0.02296 0.09466 0.09969 0.42114 0.653 0.200 1582.489 0.02215
0.02124 -0.02298 0.09476 0.09979 0.42222 0.989 0.231 1582.525 0.02217
0.02126 -0.02301 0.09486 0.09990 0.42330 0.924 0.228 1582.562 0.02220
0.02128 -0.02303 0.09497 0.10001 0.42437 1.148 0.246 1582.599 0.02222
0.02131 -0.02306 0.09507 0.10012 0.42545 0.943 0.229 1582.636 0.02225
0.02133 -0.02308 0.09517 0.10023 0.42652 1.277 0.256 1582.672 0.02227
0.02135 -0.02311 0.09528 0.10034 0.42760 0.873 0.223 1582.709 0.02229
0.02138 -0.02313 0.09538 0.10045 0.42868 0.849 0.221 1582.746 0.02232
0.02140 -0.02316 0.09548 0.10055 0.42975 0.748 0.212 1582.783 0.02234
0.02142 -0.02318 0.09559 0.10066 0.43083 0.916 0.226 1582.819 0.02236
0.02144 -0.02321 0.09569 0.10077 0.43191 0.849 0.220 1582.856 0.02239
0.02147 -0.02323 0.09579 0.10088 0.43298 0.724 0.208 1582.893 0.02241
0.02149 -0.02326 0.09590 0.10099 0.43406 0.819 0.218 1582.929 0.02244
0.02151 -0.02328 0.09600 0.10110 0.43514 0.859 0.221 1582.966 0.02246
0.02154 -0.02331 0.09610 0.10121 0.43621 1.080 0.240 1583.003 0.02248
0.02156 -0.02333 0.09620 0.10131 0.43729 0.948 0.229 1583.040 0.02251
0.02158 -0.02336 0.09631 0.10142 0.43837 1.342 0.262 1583.076 0.02253
0.02161 -0.02338 0.09641 0.10153 0.43944 1.012 0.235 1583.113 0.02255
0.02163 -0.02341 0.09651 0.10164 0.44052 1.157 0.248 1583.150 0.02258
0.02165 -0.02343 0.09662 0.10175 0.44160 0.790 0.215 1583.186 0.02260
0.02168 -0.02346 0.09672 0.10186 0.44268 0.888 0.224 1583.223 0.02263
0.02170 -0.02348 0.09682 0.10197 0.44375 0.687 0.206 1583.260 0.02265
0.02172 -0.02351 0.09693 0.10207 0.44483 1.124 0.245 1583.297 0.02267
0.02175 -0.02353 0.09703 0.10218 0.44591 0.957 0.230 1583.333 0.02270
0.02177 -0.02356 0.09713 0.10229 0.44698 1.023 0.235 1583.370 0.02272
0.02179 -0.02358 0.09724 0.10240 0.44806 0.995 0.233 1583.407 0.02274
0.02181 -0.02361 0.09734 0.10251 0.44914 0.973 0.235 1583.443 0.02277
0.02184 -0.02363 0.09744 0.10262 0.45021 1.248 0.258 1583.480 0.02279
0.02186 -0.02366 0.09755 0.10273 0.45129 1.296 0.260 1583.517 0.02281
0.02188 -0.02368 0.09765 0.10283 0.45237 1.167 0.251 1583.554 0.02284
0.02191 -0.02371 0.09775 0.10294 0.45345 0.760 0.216 1583.590 0.02286
0.02193 -0.02373 0.09785 0.10305 0.45452 1.005 0.235 1583.627 0.02289
0.02195 -0.02376 0.09796 0.10316 0.45560 0.710 0.210 1583.664 0.02291
0.02198 -0.02378 0.09806 0.10327 0.45668 1.590 0.281 1583.701 0.02293
0.02200 -0.02381 0.09816 0.10338 0.45776 0.662 0.204 1583.737 0.02296
0.02202 -0.02383 0.09827 0.10349 0.45883 1.062 0.241 1583.774 0.02298
0.02205 -0.02386 0.09837 0.10359 0.45991 0.752 0.213 1583.811 0.02300
0.02207 -0.02388 0.09847 0.10370 0.46099 1.371 0.264 1583.847 0.02303
0.02209 -0.02391 0.09858 0.10381 0.46207 0.982 0.259 1583.884 0.02305
0.02211 -0.02393 0.09868 0.10392 0.46314 1.055 0.303 1583.921 0.02308
0.02214 -0.02396 0.09878 0.10403 0.46422 0.937 0.289 1583.958 0.02310
0.02216 -0.02398 0.09889 0.10414 0.46530 1.023 0.298 1583.994 0.02312
0.02218 -0.02401 0.09899 0.10425 0.46638 0.912 0.288 1584.031 0.02315
0.02221 -0.02403 0.09909 0.10436 0.46745 1.319 0.328 1584.068 0.02317
0.02223 -0.02406 0.09920 0.10446 0.46853 1.042 0.304 1584.104 0.02319
0.02225 -0.02408 0.09930 0.10457 0.46961 0.419 0.214 1584.141 0.02322
0.02228 -0.02411 0.09940 0.10468 0.47069 0.801 0.216 1584.178 0.02324
0.02230 -0.02413 0.09951 0.10479 0.47177 1.137 0.249 1584.215 0.02327
0.02232 -0.02416 0.09961 0.10490 0.47284 0.776 0.217 1584.251 0.02329
0.02235 -0.02418 0.09971 0.10501 0.47392 1.228 0.255 1584.288 0.02331
0.02237 -0.02421 0.09981 0.10512 0.47500 0.830 0.219 1584.325 0.02334
0.02239 -0.02423 0.09992 0.10522 0.47608 1.183 0.252 1584.362 0.02336
0.02242 -0.02426 0.10002 0.10533 0.47716 1.032 0.237 1584.398 0.02338
0.02244 -0.02428 0.10012 0.10544 0.47823 0.566 0.195 1584.435 0.02341
0.02246 -0.02431 0.10023 0.10555 0.47931 1.166 0.248 1584.472 0.02343
0.02248 -0.02433 0.10033 0.10566 0.48039 0.856 0.223 1584.508 0.02346
0.02251 -0.02436 0.10043 0.10577 0.48147 1.000 0.235 1584.545 0.02348
0.02253 -0.02438 0.10054 0.10588 0.48255 0.738 0.211 1584.582 0.02350
0.02255 -0.02441 0.10064 0.10599 0.48363 0.880 0.216 1584.619 0.02353
0.02258 -0.02443 0.10074 0.10609 0.48470 1.032 0.208 1584.655 0.02355
0.02260 -0.02446 0.10085 0.10620 0.48578 0.957 0.203 1584.692 0.02357
0.02262 -0.02448 0.10095 0.10631 0.48686 1.133 0.215 1584.729 0.02360
0.02265 -0.02451 0.10105 0.10642 0.48794 1.075 0.212 1584.765 0.02362
0.02267 -0.02453 0.10116 0.10653 0.48902 1.045 0.209 1584.802 0.02365
0.02269 -0.02456 0.10126 0.10664 0.49010 0.787 0.188 1584.839 0.02367
0.02272 -0.02458 0.10136 0.10675 0.49118 0.882 0.197 1584.876 0.02369
0.02274 -0.02461 0.10147 0.10686 0.49225 1.096 0.214 1584.912 0.02372
0.02276 -0.02463 0.10157 0.10696 0.49333 1.053 0.209 1584.949 0.02374
0.02279 -0.02466 0.10167 0.10707 0.49441 0.967 0.203 1584.986 0.02376
0.02281 -0.02468 0.10178 0.10718 0.49549 1.010 0.207 1585.022 0.02379
0.02283 -0.02471 0.10188 0.10729 0.49657 1.062 0.213 1585.059 0.02381
0.02286 -0.02473 0.10198 0.10740 0.49765 1.061 0.211 1585.096 0.02383
0.02288 -0.02476 0.10209 0.10751 0.49873 1.194 0.220 1585.133 0.02386
0.02290 -0.02478 0.10219 0.10762 0.49981 0.835 0.195 1585.169 0.02388
0.02292 -0.02481 0.10229 0.10773 0.50088 0.957 0.202 1585.206 0.02391
0.02295 -0.02483 0.10240 0.10783 0.50196 1.248 0.225 1585.243 0.02393
0.02297 -0.02486 0.10250 0.10794 0.50304 1.445 0.237 1585.280 0.02395
0.02299 -0.02488 0.10260 0.10805 0.50412 1.169 0.220 1585.316 0.02398
0.02302 -0.02491 0.10271 0.10816 0.50520 0.858 0.193 1585.353 0.02400
0.02304 -0.02493 0.10281 0.10827 0.50628 1.143 0.217 1585.390 0.02402
0.02306 -0.02496 0.10291 0.10838 0.50736 1.044 0.209 1585.426 0.02405
0.02309 -0.02498 0.10302 0.10849 0.50844 1.079 0.213 1585.463 0.02407
0.02311 -0.02501 0.10312 0.10860 0.50952 1.162 0.219 1585.500 0.02410
0.02313 -0.02503 0.10322 0.10870 0.51060 0.912 0.199 1585.537 0.02412
0.02316 -0.02506 0.10333 0.10881 0.51168 0.960 0.203 1585.573 0.02414
0.02318 -0.02508 0.10343 0.10892 0.51276 1.110 0.215 1585.610 0.02417
0.02320 -0.02511 0.10353 0.10903 0.51383 0.876 0.196 1585.647 0.02419
0.02323 -0.02513 0.10364 0.10914 0.51491 1.111 0.215 1585.683 0.02421
0.02325 -0.02516 0.10374 0.10925 0.51599 0.956 0.203 1585.720 0.02424
0.02327 -0.02518 0.10384 0.10936 0.51707 1.078 0.212 1585.757 0.02426
0.02330 -0.02521 0.10395 0.10947 0.51815 1.089 0.212 1585.794 0.02429
0.02332 -0.02523 0.10405 0.10957 0.51923 1.198 0.223 1585.830 0.02431
0.02334 -0.02526 0.10415 0.10968 0.52031 1.107 0.215 1585.867 0.02433
0.02336 -0.02528 0.10426 0.10979 0.52139 0.788 0.189 1585.904 0.02436
0.02339 -0.02531 0.10436 0.10990 0.52247 0.608 0.173 1585.940 0.02438
0.02341 -0.02533 0.10446 0.11001 0.52355 1.082 0.213 1585.977 0.02440
0.02343 -0.02536 0.10457 0.11012 0.52463 1.386 0.235 1586.014 0.02443
0.02346 -0.02538 0.10467 0.11023 0.52571 0.991 0.206 1586.051 0.02445
0.02348 -0.02541 0.10477 0.11034 0.52679 0.853 0.196 1586.087 0.02448
0.02350 -0.02543 0.10488 0.11045 0.52787 1.030 0.208 1586.124 0.02450
0.02353 -0.02546 0.10498 0.11055 0.52895 1.221 0.223 1586.161 0.02452
0.02355 -0.02548 0.10508 0.11066 0.53003 0.658 0.178 1586.198 0.02455
0.02357 -0.02551 0.10519 0.11077 0.53111 1.070 0.212 1586.234 0.02457
0.02360 -0.02553 0.10529 0.11088 0.53219 1.192 0.221 1586.271 0.02459
0.02362 -0.02556 0.10539 0.11099 0.53327 1.005 0.208 1586.308 0.02462
0.02364 -0.02558 0.10550 0.11110 0.53435 0.764 0.185 1586.344 0.02464
0.02367 -0.02561 0.10560 0.11121 0.53543 0.922 0.202 1586.381 0.02466
0.02369 -0.02563 0.10570 0.11132 0.53651 0.843 0.196 1586.418 0.02469
0.02371 -0.02566 0.10581 0.11143 0.53759 1.032 0.208 1586.455 0.02471
0.02374 -0.02568 0.10591 0.11153 0.53867 0.864 0.196 1586.491 0.02474
0.02376 -0.02571 0.10601 0.11164 0.53975 1.190 0.221 1586.528 0.02476
0.02378 -0.02574 0.10612 0.11175 0.54083 0.616 0.170 1586.565 0.02478
0.02380 -0.02576 0.10622 0.11186 0.54191 0.974 0.204 1586.601 0.02481
0.02383 -0.02579 0.10632 0.11197 0.54299 0.720 0.183 1586.638 0.02483
0.02385 -0.02581 0.10643 0.11208 0.54407 1.028 0.208 1586.675 0.02485
0.02387 -0.02584 0.10653 0.11219 0.54515 0.940 0.202 1586.712 0.02488
0.02390 -0.02586 0.10663 0.11230 0.54623 0.762 0.185 1586.748 0.02490
0.02392 -0.02589 0.10674 0.11241 0.54731 1.020 0.210 1586.785 0.02493
0.02394 -0.02591 0.10684 0.11251 0.54839 1.201 0.221 1586.822 0.02495
0.02397 -0.02594 0.10694 0.11262 0.54947 1.237 0.225 1586.859 0.02497
0.02399 -0.02596 0.10705 0.11273 0.55056 0.849 0.196 1586.895 0.02500
0.02401 -0.02599 0.10715 0.11284 0.55164 0.904 0.200 1586.932 0.02502
0.02404 -0.02601 0.10725 0.11295 0.55272 0.874 0.196 1586.969 0.02504
0.02406 -0.02604 0.10736 0.11306 0.55380 0.934 0.202 1587.005 0.02507
0.02408 -0.02606 0.10746 0.11317 0.55488 0.705 0.182 1587.042 0.02509
0.02411 -0.02609 0.10756 0.11328 0.55596 0.745 0.186 1587.079 0.02512
0.02413 -0.02611 0.10767 0.11339 0.55704 1.241 0.225 1587.116 0.02514
0.02415 -0.02614 0.10777 0.11350 0.55812 1.313 0.229 1587.152 0.02516
0.02418 -0.02616 0.10788 0.11360 0.55920 0.929 0.202 1587.189 0.02519
0.02420 -0.02619 0.10798 0.11371 0.56028 0.881 0.198 1587.226 0.02521
0.02422 -0.02621 0.10808 0.11382 0.56136 0.959 0.204 1587.262 0.02523
0.02425 -0.02624 0.10819 0.11393 0.56244 0.672 0.177 1587.299 0.02526
0.02427 -0.02626 0.10829 0.11404 0.56353 1.240 0.225 1587.336 0.02528
0.02429 -0.02629 0.10839 0.11415 0.56461 0.820 0.194 1587.373 0.02531
0.02431 -0.02631 0.10850 0.11426 0.56569 1.061 0.212 1587.409 0.02533
0.02434 -0.02634 0.10860 0.11437 0.56677 0.753 0.187 1587.446 0.02535
0.02436 -0.02636 0.10870 0.11448 0.56785 0.925 0.202 1587.483 0.02538
0.02438 -0.02639 0.10881 0.11459 0.56893 0.992 0.206 1587.519 0.02540
0.02441 -0.02641 0.10891 0.11469 0.57001 1.335 0.232 1587.556 0.02542
0.02443 -0.02644 0.10901 0.11480 0.57109 1.099 0.216 1587.593 0.02545
0.02445 -0.02646 0.10912 0.11491 0.57218 1.004 0.206 1587.630 0.02547
0.02448 -0.02649 0.10922 0.11502 0.57326 1.134 0.217 1587.666 0.02550
0.02450 -0.02651 0.10932 0.11513 0.57434 1.065 0.212 1587.703 0.02552
0.02452 -0.02654 0.10943 0.11524 0.57542 1.113 0.216 1587.740 0.02554
0.02455 -0.02656 0.10953 0.11535 0.57650 0.843 0.194 1587.777 0.02557
0.02457 -0.02659 0.10963 0.11546 0.57758 0.742 0.185 1587.813 0.02559
0.02459 -0.02661 0.10974 0.11557 0.57866 1.375 0.247 1587.850 0.02561
0.02462 -0.02664 0.10984 0.11568 0.57975 1.078 0.245 1587.887 0.02564
0.02464 -0.02666 0.10995 0.11578 0.58083 1.055 0.245 1587.923 0.02566
0.02466 -0.02669 0.11005 0.11589 0.58191 1.189 0.251 1587.960 0.02568
0.02469 -0.02671 0.11015 0.11600 0.58299 1.061 0.244 1587.997 0.02571
0.02471 -0.02674 0.11026 0.11611 0.58407 0.942 0.234 1588.034 0.02573
0.02473 -0.02676 0.11036 0.11622 0.58515 1.126 0.247 1588.070 0.02576
0.02476 -0.02679 0.11046 0.11633 0.58624 0.772 0.210 1588.107 0.02578
0.02478 -0.02681 0.11057 0.11644 0.58732 1.125 0.216 1588.144 0.02580
0.02480 -0.02684 0.11067 0.11655 0.58840 0.967 0.204 1588.180 0.02583
0.02483 -0.02686 0.11077 0.11666 0.58948 1.011 0.208 1588.217 0.02585
0.02485 -0.02689 0.11088 0.11677 0.59056 1.072 0.214 1588.254 0.02587
0.02487 -0.02691 0.11098 0.11688 0.59165 0.784 0.187 1588.291 0.02590
0.02490 -0.02694 0.11108 0.11698 0.59273 1.107 0.216 1588.327 0.02592
0.02492 -0.02697 0.11119 0.11709 0.59381 1.086 0.212 1588.364 0.02595
0.02494 -0.02699 0.11129 0.11720 0.59489 0.908 0.200 1588.401 0.02597
0.02496 -0.02702 0.11140 0.11731 0.59598 0.886 0.198 1588.437 0.02599
0.02499 -0.02704 0.11150 0.11742 0.59706 1.079 0.214 1588.474 0.02602
0.02501 -0.02707 0.11160 0.11753 0.59814 0.889 0.198 1588.511 0.02604
0.02503 -0.02709 0.11171 0.11764 0.59922 1.039 0.210 1588.548 0.02606
0.02506 -0.02712 0.11181 0.11775 0.60030 1.239 0.225 1588.584 0.02609
0.02508 -0.02714 0.11191 0.11786 0.60139 1.081 0.214 1588.621 0.02611
0.02510 -0.02717 0.11202 0.11797 0.60247 0.736 0.185 1588.658 0.02614
0.02513 -0.02719 0.11212 0.11808 0.60355 0.638 0.175 1588.695 0.02616
0.02515 -0.02722 0.11222 0.11818 0.60463 1.035 0.208 1588.731 0.02618
0.02517 -0.02724 0.11233 0.11829 0.60572 0.943 0.204 1588.768 0.02621
0.02520 -0.02727 0.11243 0.11840 0.60680 1.057 0.210 1588.805 0.02623
0.02522 -0.02729 0.11254 0.11851 0.60788 1.527 0.244 1588.841 0.02625
0.02524 -0.02732 0.11264 0.11862 0.60896 1.234 0.223 1588.878 0.02628
0.02527 -0.02734 0.11274 0.11873 0.61005 0.944 0.202 1588.915 0.02630
0.02529 -0.02737 0.11285 0.11884 0.61113 1.140 0.217 1588.952 0.02633
0.02531 -0.02739 0.11295 0.11895 0.61221 0.898 0.198 1588.988 0.02635
0.02534 -0.02742 0.11305 0.11906 0.61329 1.051 0.212 1589.025 0.02637
0.02536 -0.02744 0.11316 0.11917 0.61438 0.726 0.183 1589.062 0.02640
0.02538 -0.02747 0.11326 0.11928 0.61546 0.971 0.204 1589.098 0.02642
0.02541 -0.02749 0.11336 0.11939 0.61654 1.092 0.235 1589.135 0.02644
0.02543 -0.02752 0.11347 0.11949 0.61763 0.856 0.242 1589.172 0.02647
0.02545 -0.02754 0.11357 0.11960 0.61871 1.051 0.258 1589.209 0.02649
0.02548 -0.02757 0.11368 0.11971 0.61979 1.495 0.295 1589.245 0.02651
0.02550 -0.02759 0.11378 0.11982 0.62088 1.253 0.277 1589.282 0.02654
0.02552 -0.02762 0.11388 0.11993 0.62196 1.440 0.290 1589.319 0.02656
0.02555 -0.02764 0.11399 0.12004 0.62304 1.030 0.258 1589.356 0.02659
0.02557 -0.02767 0.11409 0.12015 0.62412 0.957 0.249 1589.392 0.02661
0.02559 -0.02769 0.11419 0.12026 0.62521 0.951 0.249 1589.429 0.02663
0.02562 -0.02772 0.11430 0.12037 0.62629 1.225 0.276 1589.466 0.02666
0.02564 -0.02774 0.11440 0.12048 0.62737 1.105 0.261 1589.502 0.02668
0.02566 -0.02777 0.11451 0.12059 0.62846 1.142 0.264 1589.539 0.02670
0.02568 -0.02779 0.11461 0.12070 0.62954 1.104 0.264 1589.576 0.02673
0.02571 -0.02782 0.11471 0.12080 0.63062 1.104 0.262 1589.613 0.02675
0.02573 -0.02784 0.11482 0.12091 0.63171 0.656 0.217 1589.649 0.02678
0.02575 -0.02787 0.11492 0.12102 0.63279 0.846 0.238 1589.686 0.02680
0.02578 -0.02790 0.11502 0.12113 0.63387 1.406 0.287 1589.723 0.02682
0.02580 -0.02792 0.11513 0.12124 0.63496 0.972 0.252 1589.759 0.02685
0.02582 -0.02795 0.11523 0.12135 0.63604 0.883 0.242 1589.796 0.02687
0.02585 -0.02797 0.11533 0.12146 0.63713 1.100 0.261 1589.833 0.02689
0.02587 -0.02800 0.11544 0.12157 0.63821 1.039 0.255 1589.870 0.02692
0.02589 -0.02802 0.11554 0.12168 0.63929 1.000 0.255 1589.906 0.02694
0.02592 -0.02805 0.11565 0.12179 0.64038 1.096 0.261 1589.943 0.02697
0.02594 -0.02807 0.11575 0.12190 0.64146 1.510 0.294 1589.980 0.02699
0.02596 -0.02810 0.11585 0.12201 0.64254 0.910 0.245 1590.016 0.02701
0.02599 -0.02812 0.11596 0.12212 0.64363 0.743 0.228 1590.053 0.02704
0.02601 -0.02815 0.11606 0.12223 0.64471 0.641 0.217 1590.090 0.02706
0.02603 -0.02817 0.11616 0.12233 0.64580 1.105 0.263 1590.127 0.02708
0.02606 -0.02820 0.11627 0.12244 0.64688 0.682 0.224 1590.163 0.02711
0.02608 -0.02822 0.11637 0.12255 0.64796 1.040 0.258 1590.200 0.02713
0.02610 -0.02825 0.11648 0.12266 0.64905 0.679 0.220 1590.237 0.02716
0.02613 -0.02827 0.11658 0.12277 0.65013 0.942 0.248 1590.274 0.02718
0.02615 -0.02830 0.11668 0.12288 0.65122 0.462 0.193 1590.310 0.02720
0.02617 -0.02832 0.11679 0.12299 0.65230 0.841 0.238 1590.347 0.02723
0.02620 -0.02835 0.11689 0.12310 0.65338 0.872 0.241 1590.384 0.02725
0.02622 -0.02837 0.11700 0.12321 0.65447 0.642 0.216 1590.420 0.02727
0.02624 -0.02840 0.11710 0.12332 0.65555 0.778 0.230 1590.457 0.02730
0.02627 -0.02842 0.11720 0.12343 0.65664 0.790 0.235 1590.494 0.02732
0.02629 -0.02845 0.11731 0.12354 0.65772 0.516 0.202 1590.531 0.02735
0.02631 -0.02847 0.11741 0.12365 0.65880 0.856 0.241 1590.567 0.02737
0.02634 -0.02850 0.11751 0.12376 0.65989 0.365 0.185 1590.604 0.02739
0.02636 -0.02852 0.11762 0.12386 0.66097 0.476 0.195 1590.641 0.02742
0.02638 -0.02855 0.11772 0.12397 0.66206 0.464 0.195 1590.677 0.02744
0.02641 -0.02857 0.11783 0.12408 0.66314 0.370 0.185 1590.714 0.02746
0.02643 -0.02860 0.11793 0.12419 0.66423 0.317 0.175 1590.751 0.02749
0.02645 -0.02863 0.11803 0.12430 0.66531 0.316 0.176 1590.788 0.02751
0.02648 -0.02865 0.11814 0.12441 0.66640 0.411 0.189 1590.824 0.02753
0.02650 -0.02868 0.11824 0.12452 0.66748 0.510 0.199 1590.861 0.02756
0.02652 -0.02870 0.11834 0.12463 0.66857 0.225 0.165 1590.898 0.02758
0.02655 -0.02873 0.11845 0.12474 0.66965 0.260 0.170 1590.934 0.02761
0.02657 -0.02875 0.11855 0.12485 0.67073 0.850 0.237 1590.971 0.02763
0.02659 -0.02878 0.11866 0.12496 0.67182 0.674 0.222 1591.008 0.02765
0.02662 -0.02880 0.11876 0.12507 0.67290 0.759 0.230 1591.045 0.02768
0.02664 -0.02883 0.11886 0.12518 0.67399 0.532 0.202 1591.081 0.02770
0.02666 -0.02885 0.11897 0.12529 0.67507 0.641 0.215 1591.118 0.02772
0.02668 -0.02888 0.11907 0.12540 0.67616 1.121 0.266 1591.155 0.02775
0.02671 -0.02890 0.11918 0.12550 0.67724 0.792 0.230 1591.192 0.02777
0.02673 -0.02893 0.11928 0.12561 0.67833 0.755 0.226 1591.228 0.02780
0.02675 -0.02895 0.11938 0.12572 0.67941 0.757 0.225 1591.265 0.02782
0.02678 -0.02898 0.11949 0.12583 0.68050 0.764 0.230 1591.302 0.02784
0.02680 -0.02900 0.11959 0.12594 0.68158 0.883 0.243 1591.338 0.02787
0.02682 -0.02903 0.11969 0.12605 0.68267 0.728 0.230 1591.375 0.02789
0.02685 -0.02905 0.11980 0.12616 0.68375 0.690 0.221 1591.412 0.02791
0.02687 -0.02908 0.11990 0.12627 0.68484 0.732 0.222 1591.449 0.02794
0.02689 -0.02910 0.12001 0.12638 0.68592 0.739 0.230 1591.485 0.02796
0.02692 -0.02913 0.12011 0.12649 0.68701 1.024 0.253 1591.522 0.02799
0.02694 -0.02915 0.12021 0.12660 0.68809 0.877 0.240 1591.559 0.02801
0.02696 -0.02918 0.12032 0.12671 0.68918 1.060 0.259 1591.595 0.02803
0.02699 -0.02920 0.12042 0.12682 0.69027 0.689 0.226 1591.632 0.02806
0.02701 -0.02923 0.12053 0.12693 0.69135 0.674 0.219 1591.669 0.02808
0.02703 -0.02925 0.12063 0.12704 0.69244 0.636 0.215 1591.706 0.02810
0.02706 -0.02928 0.12073 0.12715 0.69352 1.005 0.253 1591.742 0.02813
0.02708 -0.02931 0.12084 0.12726 0.69461 0.958 0.246 1591.779 0.02815
0.02710 -0.02933 0.12094 0.12736 0.69569 0.901 0.243 1591.816 0.02818
0.02713 -0.02936 0.12105 0.12747 0.69678 1.176 0.267 1591.852 0.02820
0.02715 -0.02938 0.12115 0.12758 0.69786 1.001 0.251 1591.889 0.02822
0.02717 -0.02941 0.12125 0.12769 0.69895 0.797 0.232 1591.926 0.02825
0.02720 -0.02943 0.12136 0.12780 0.70004 0.937 0.242 1591.963 0.02827
0.02722 -0.02946 0.12146 0.12791 0.70112 0.711 0.222 1591.999 0.02829
0.02724 -0.02948 0.12157 0.12802 0.70221 0.735 0.225 1592.036 0.02832
0.02727 -0.02951 0.12167 0.12813 0.70329 0.862 0.235 1592.073 0.02834
0.02729 -0.02953 0.12177 0.12824 0.70438 1.053 0.257 1592.110 0.02836
0.02731 -0.02956 0.12188 0.12835 0.70546 1.085 0.258 1592.146 0.02839
0.02734 -0.02958 0.12198 0.12846 0.70655 1.141 0.264 1592.183 0.02841
0.02736 -0.02961 0.12209 0.12857 0.70764 0.961 0.245 1592.220 0.02844
0.02738 -0.02963 0.12219 0.12868 0.70872 1.413 0.285 1592.256 0.02846
0.02741 -0.02966 0.12229 0.12879 0.70981 0.905 0.242 1592.293 0.02848
0.02743 -0.02968 0.12240 0.12890 0.71090 1.160 0.264 1592.330 0.02851
0.02745 -0.02971 0.12250 0.12901 0.71198 0.946 0.245 1592.367 0.02853
0.02748 -0.02973 0.12260 0.12912 0.71307 1.014 0.251 1592.403 0.02855
0.02750 -0.02976 0.12271 0.12923 0.71415 0.970 0.248 1592.440 0.02858
0.02752 -0.02978 0.12281 0.12934 0.71524 0.837 0.234 1592.477 0.02860
0.02755 -0.02981 0.12292 0.12944 0.71633 1.033 0.254 1592.513 0.02863
0.02757 -0.02983 0.12302 0.12955 0.71741 0.980 0.248 1592.550 0.02865
0.02759 -0.02986 0.12312 0.12966 0.71850 0.930 0.244 1592.587 0.02867
0.02762 -0.02989 0.12323 0.12977 0.71959 0.745 0.224 1592.624 0.02870
0.02764 -0.02991 0.12333 0.12988 0.72067 0.876 0.238 1592.660 0.02872
0.02766 -0.02994 0.12344 0.12999 0.72176 0.928 0.244 1592.697 0.02874
0.02769 -0.02996 0.12354 0.13010 0.72284 1.086 0.260 1592.734 0.02877
0.02771 -0.02999 0.12364 0.13021 0.72393 1.184 0.268 1592.771 0.02879
0.02773 -0.03001 0.12375 0.13032 0.72502 0.852 0.235 1592.807 0.02882
0.02776 -0.03004 0.12385 0.13043 0.72610 1.231 0.268 1592.844 0.02884
0.02778 -0.03006 0.12396 0.13054 0.72719 0.899 0.307 1592.881 0.02886
0.02780 -0.03009 0.12406 0.13065 0.72828 0.846 0.324 1592.917 0.02889
0.02783 -0.03011 0.12417 0.13076 0.72936 0.596 0.288 1592.954 0.02891
0.02785 -0.03014 0.12427 0.13087 0.73045 0.913 0.336 1592.991 0.02893
0.02787 -0.03016 0.12437 0.13098 0.73154 1.101 0.356 1593.028 0.02896
0.02790 -0.03019 0.12448 0.13109 0.73262 0.723 0.310 1593.064 0.02898
0.02792 -0.03021 0.12458 0.13120 0.73371 1.164 0.360 1593.101 0.02901
0.02794 -0.03024 0.12469 0.13131 0.73480 1.166 0.361 1593.138 0.02903
0.02797 -0.03026 0.12479 0.13142 0.73589 1.666 0.403 1593.174 0.02905
0.02799 -0.03029 0.12489 0.13153 0.73697 1.037 0.348 1593.211 0.02908
0.02801 -0.03031 0.12500 0.13164 0.73806 1.355 0.383 1593.248 0.02910
0.02804 -0.03034 0.12510 0.13175 0.73915 1.479 0.394 1593.285 0.02912
0.02806 -0.03036 0.12521 0.13186 0.74023 0.976 0.336 1593.321 0.02915
0.02808 -0.03039 0.12531 0.13196 0.74132 1.037 0.349 1593.358 0.02917
0.02811 -0.03041 0.12541 0.13207 0.74241 0.974 0.343 1593.395 0.02920
0.02813 -0.03044 0.12552 0.13218 0.74349 1.034 0.349 1593.431 0.02922
0.02815 -0.03047 0.12562 0.13229 0.74458 1.537 0.398 1593.468 0.02924
0.02818 -0.03049 0.12573 0.13240 0.74567 0.720 0.308 1593.505 0.02927
0.02820 -0.03052 0.12583 0.13251 0.74676 1.029 0.348 1593.542 0.02929
0.02822 -0.03054 0.12593 0.13262 0.74784 0.971 0.342 1593.578 0.02931
0.02825 -0.03057 0.12604 0.13273 0.74893 1.281 0.370 1593.615 0.02934
0.02827 -0.03059 0.12614 0.13284 0.75002 1.345 0.382 1593.652 0.02936
0.02829 -0.03062 0.12625 0.13295 0.75111 0.971 0.335 1593.689 0.02938
0.02832 -0.03064 0.12635 0.13306 0.75219 0.719 0.307 1593.725 0.02941
0.02834 -0.03067 0.12645 0.13317 0.75328 0.905 0.327 1593.762 0.02943
0.02836 -0.03069 0.12656 0.13328 0.75437 0.773 0.314 1593.799 0.02946
0.02839 -0.03072 0.12666 0.13339 0.75546 0.713 0.301 1593.835 0.02948
0.02841 -0.03074 0.12677 0.13350 0.75654 0.777 0.308 1593.872 0.02950
0.02843 -0.03077 0.12687 0.13361 0.75763 1.212 0.364 1593.909 0.02953
0.02846 -0.03079 0.12698 0.13372 0.75872 0.776 0.308 1593.946 0.02955
0.02848 -0.03082 0.12708 0.13383 0.75981 1.088 0.353 1593.982 0.02957
0.02850 -0.03084 0.12718 0.13394 0.76089 0.772 0.308 1594.019 0.02960
0.02853 -0.03087 0.12729 0.13405 0.76198 1.087 0.346 1594.056 0.02962
0.02855 -0.03089 0.12739 0.13416 0.76307 0.529 0.276 1594.092 0.02965
0.02857 -0.03092 0.12750 0.13427 0.76416 0.925 0.333 1594.129 0.02967
0.02860 -0.03095 0.12760 0.13438 0.76525 1.468 0.388 1594.166 0.02969
0.02862 -0.03097 0.12770 0.13449 0.76633 1.001 0.339 1594.203 0.02972
0.02864 -0.03100 0.12781 0.13460 0.76742 0.812 0.321 1594.239 0.02974
0.02867 -0.03102 0.12791 0.13471 0.76851 1.110 0.352 1594.276 0.02976
0.02869 -0.03105 0.12802 0.13482 0.76960 0.881 0.333 1594.313 0.02979
0.02871 -0.03107 0.12812 0.13493 0.77069 0.785 0.311 1594.349 0.02981
0.02874 -0.03110 0.12822 0.13503 0.77177 1.299 0.368 1594.386 0.02984
0.02876 -0.03112 0.12833 0.13514 0.77286 1.030 0.339 1594.423 0.02986
0.02878 -0.03115 0.12843 0.13525 0.77395 0.609 0.295 1594.460 0.02988
0.02881 -0.03117 0.12854 0.13536 0.77504 1.146 0.357 1594.496 0.02991
0.02883 -0.03120 0.12864 0.13547 0.77613 0.768 0.312 1594.533 0.02993
0.02885 -0.03122 0.12875 0.13558 0.77722 1.065 0.351 1594.570 0.02995
0.02888 -0.03125 0.12885 0.13569 0.77830 0.994 0.339 1594.607 0.02998
0.02890 -0.03127 0.12895 0.13580 0.77939 1.295 0.373 1594.643 0.03000
0.02892 -0.03130 0.12906 0.13591 0.78048 0.824 0.319 1594.680 0.03003
0.02895 -0.03132 0.12916 0.13602 0.78157 1.107 0.356 1594.717 0.03005
0.02897 -0.03135 0.12927 0.13613 0.78266 0.913 0.329 1594.753 0.03007
0.02899 -0.03137 0.12937 0.13624 0.78375 0.760 0.312 1594.790 0.03010
0.02902 -0.03140 0.12948 0.13635 0.78483 1.378 0.376 1594.827 0.03012
0.02904 -0.03143 0.12958 0.13646 0.78592 1.195 0.360 1594.864 0.03014
0.02906 -0.03145 0.12968 0.13657 0.78701 1.002 0.342 1594.900 0.03017
0.02909 -0.03148 0.12979 0.13668 0.78810 1.245 0.359 1594.937 0.03019
0.02911 -0.03150 0.12989 0.13679 0.78919 1.315 0.370 1594.974 0.03022
0.02913 -0.03153 0.13000 0.13690 0.79028 1.193 0.360 1595.010 0.03024
0.02916 -0.03155 0.13010 0.13701 0.79137 1.071 0.348 1595.047 0.03026
0.02918 -0.03158 0.13020 0.13712 0.79246 0.947 0.331 1595.084 0.03029
0.02920 -0.03160 0.13031 0.13723 0.79354 0.703 0.303 1595.121 0.03031
0.02923 -0.03163 0.13041 0.13734 0.79463 0.700 0.303 1595.157 0.03033
0.02925 -0.03165 0.13052 0.13745 0.79572 0.761 0.304 1595.194 0.03036
0.02927 -0.03168 0.13062 0.13756 0.79681 0.944 0.329 1595.231 0.03038
0.02930 -0.03170 0.13073 0.13767 0.79790 0.885 0.323 1595.268 0.03040
0.02932 -0.03173 0.13083 0.13778 0.79899 0.944 0.330 1595.304 0.03043
0.02934 -0.03175 0.13093 0.13789 0.80008 0.576 0.284 1595.341 0.03045
0.02937 -0.03178 0.13104 0.13800 0.80117 0.754 0.303 1595.378 0.03048
0.02939 -0.03180 0.13114 0.13811 0.80226 1.239 0.363 1595.414 0.03050
0.02941 -0.03183 0.13125 0.13822 0.80335 0.816 0.310 1595.451 0.03052
0.02944 -0.03186 0.13135 0.13833 0.80444 0.930 0.328 1595.488 0.03055
0.02946 -0.03188 0.13146 0.13844 0.80552 1.176 0.358 1595.525 0.03057
0.02948 -0.03191 0.13156 0.13855 0.80661 0.993 0.335 1595.561 0.03059
0.02951 -0.03193 0.13166 0.13866 0.80770 0.933 0.323 1595.598 0.03062
0.02953 -0.03196 0.13177 0.13877 0.80879 0.810 0.315 1595.635 0.03064
0.02955 -0.03198 0.13187 0.13888 0.80988 1.423 0.384 1595.671 0.03067
0.02958 -0.03201 0.13198 0.13899 0.81097 0.934 0.328 1595.708 0.03069
0.02960 -0.03203 0.13208 0.13910 0.81206 1.119 0.345 1595.745 0.03071
0.02962 -0.03206 0.13219 0.13921 0.81315 1.300 0.366 1595.782 0.03074
0.02965 -0.03208 0.13229 0.13932 0.81424 0.753 0.307 1595.818 0.03076
0.02967 -0.03211 0.13239 0.13943 0.81533 0.876 0.321 1595.855 0.03078
0.02969 -0.03213 0.13250 0.13954 0.81642 1.057 0.345 1595.892 0.03081
0.02972 -0.03216 0.13260 0.13965 0.81751 0.994 0.339 1595.928 0.03083
0.02974 -0.03218 0.13271 0.13976 0.81860 0.928 0.327 1595.965 0.03086
0.02976 -0.03221 0.13281 0.13987 0.81969 0.629 0.287 1596.002 0.03088
0.02979 -0.03223 0.13292 0.13998 0.82078 0.924 0.321 1596.039 0.03090
0.02981 -0.03226 0.13302 0.14009 0.82187 1.102 0.343 1596.075 0.03093
0.02983 -0.03229 0.13312 0.14020 0.82296 1.167 0.354 1596.112 0.03095
0.02986 -0.03231 0.13323 0.14030 0.82405 0.807 0.313 1596.149 0.03097
0.02988 -0.03234 0.13333 0.14041 0.82514 0.991 0.332 1596.186 0.03100
0.02990 -0.03236 0.13344 0.14052 0.82623 0.805 0.307 1596.222 0.03102
0.02993 -0.03239 0.13354 0.14063 0.82732 0.982 0.331 1596.259 0.03105
0.02995 -0.03241 0.13365 0.14074 0.82841 0.803 0.306 1596.296 0.03107
0.02997 -0.03244 0.13375 0.14085 0.82950 0.868 0.319 1596.332 0.03109
0.03000 -0.03246 0.13386 0.14096 0.83059 0.805 0.313 1596.369 0.03112
0.03002 -0.03249 0.13396 0.14107 0.83168 0.982 0.330 1596.406 0.03114
0.03004 -0.03251 0.13406 0.14118 0.83277 0.623 0.283 1596.443 0.03116
0.03007 -0.03254 0.13417 0.14129 0.83386 1.104 0.349 1596.479 0.03119
0.03009 -0.03256 0.13427 0.14140 0.83495 0.866 0.317 1596.516 0.03121
0.03012 -0.03259 0.13438 0.14151 0.83604 1.043 0.336 1596.553 0.03123
0.03014 -0.03261 0.13448 0.14162 0.83713 0.800 0.305 1596.589 0.03126
0.03016 -0.03264 0.13459 0.14173 0.83822 0.685 0.297 1596.626 0.03128
0.03019 -0.03266 0.13469 0.14184 0.83931 1.277 0.363 1596.663 0.03131
0.03021 -0.03269 0.13479 0.14195 0.84040 1.339 0.369 1596.700 0.03133
0.03023 -0.03272 0.13490 0.14206 0.84149 1.343 0.374 1596.736 0.03135
0.03026 -0.03274 0.13500 0.14217 0.84258 1.095 0.347 1596.773 0.03138
0.03028 -0.03277 0.13511 0.14228 0.84367 0.740 0.298 1596.810 0.03140
0.03030 -0.03279 0.13521 0.14239 0.84476 1.034 0.335 1596.846 0.03142
0.03033 -0.03282 0.13532 0.14250 0.84585 0.974 0.329 1596.883 0.03145
0.03035 -0.03284 0.13542 0.14261 0.84694 0.792 0.304 1596.920 0.03147
0.03037 -0.03287 0.13553 0.14272 0.84804 0.549 0.272 1596.957 0.03150
0.03040 -0.03289 0.13563 0.14283 0.84913 1.086 0.341 1596.993 0.03152
0.03042 -0.03292 0.13573 0.14294 0.85022 0.608 0.283 1597.030 0.03154
0.03044 -0.03294 0.13584 0.14305 0.85131 1.206 0.362 1597.067 0.03157
0.03047 -0.03297 0.13594 0.14316 0.85240 0.904 0.316 1597.104 0.03159
0.03049 -0.03299 0.13605 0.14327 0.85349 0.608 0.287 1597.140 0.03161
0.03051 -0.03302 0.13615 0.14338 0.85458 0.902 0.316 1597.177 0.03164
0.03054 -0.03304 0.13626 0.14349 0.85567 0.900 0.316 1597.214 0.03166
0.03056 -0.03307 0.13636 0.14360 0.85676 0.907 0.316 1597.250 0.03169
0.03058 -0.03310 0.13647 0.14371 0.85785 1.493 0.380 1597.287 0.03171
0.03061 -0.03312 0.13657 0.14382 0.85894 0.785 0.302 1597.324 0.03173
0.03063 -0.03315 0.13667 0.14393 0.86004 0.845 0.313 1597.361 0.03176
0.03065 -0.03317 0.13678 0.14404 0.86113 0.900 0.320 1597.397 0.03178
0.03068 -0.03320 0.13688 0.14415 0.86222 0.901 0.320 1597.434 0.03180
0.03070 -0.03322 0.13699 0.14426 0.86331 1.136 0.349 1597.471 0.03183
0.03072 -0.03325 0.13709 0.14437 0.86440 0.780 0.302 1597.507 0.03185
0.03075 -0.03327 0.13720 0.14448 0.86549 1.305 0.370 1597.544 0.03188
0.03077 -0.03330 0.13730 0.14459 0.86658 0.306 0.240 1597.581 0.03190
0.03079 -0.03332 0.13741 0.14470 0.86767 1.067 0.332 1597.618 0.03192
0.03082 -0.03335 0.13751 0.14481 0.86877 0.777 0.301 1597.654 0.03195
0.03084 -0.03337 0.13761 0.14492 0.86986 1.186 0.348 1597.691 0.03197
0.03086 -0.03340 0.13772 0.14503 0.87095 0.956 0.320 1597.728 0.03199
0.03089 -0.03342 0.13782 0.14514 0.87204 0.604 0.279 1597.765 0.03202
0.03091 -0.03345 0.13793 0.14525 0.87313 1.016 0.336 1597.801 0.03204
0.03093 -0.03348 0.13803 0.14536 0.87422 0.725 0.294 1597.838 0.03207
0.03096 -0.03350 0.13814 0.14547 0.87531 1.009 0.330 1597.875 0.03209
0.03098 -0.03353 0.13824 0.14558 0.87641 1.119 0.347 1597.911 0.03211
0.03100 -0.03355 0.13835 0.14569 0.87750 0.951 0.323 1597.948 0.03214
0.03103 -0.03358 0.13845 0.14580 0.87859 1.411 0.372 1597.985 0.03216
0.03105 -0.03360 0.13856 0.14591 0.87968 1.638 0.395 1598.022 0.03218
0.03107 -0.03363 0.13866 0.14602 0.88077 1.010 0.329 1598.058 0.03221
0.03110 -0.03365 0.13876 0.14613 0.88187 1.177 0.345 1598.095 0.03223
0.03112 -0.03368 0.13887 0.14624 0.88296 0.953 0.323 1598.132 0.03225
0.03115 -0.03370 0.13897 0.14635 0.88405 1.296 0.366 1598.168 0.03228
0.03117 -0.03373 0.13908 0.14646 0.88514 0.832 0.305 1598.205 0.03230
0.03119 -0.03375 0.13918 0.14657 0.88623 1.008 0.333 1598.242 0.03233
0.03122 -0.03378 0.13929 0.14668 0.88733 0.716 0.291 1598.279 0.03235
0.03124 -0.03380 0.13939 0.14679 0.88842 1.461 0.373 1598.315 0.03237
0.03126 -0.03383 0.13950 0.14690 0.88951 1.175 0.356 1598.352 0.03240
0.03129 -0.03386 0.13960 0.14701 0.89060 0.829 0.309 1598.389 0.03242
0.03131 -0.03388 0.13970 0.14712 0.89169 1.168 0.350 1598.425 0.03244
0.03133 -0.03391 0.13981 0.14723 0.89279 1.057 0.338 1598.462 0.03247
0.03136 -0.03393 0.13991 0.14734 0.89388 0.939 0.320 1598.499 0.03249
0.03138 -0.03396 0.14002 0.14745 0.89497 1.167 0.348 1598.536 0.03252
0.03140 -0.03398 0.14012 0.14757 0.89606 1.402 0.363 1598.572 0.03254
0.03143 -0.03401 0.14023 0.14768 0.89716 0.881 0.315 1598.609 0.03256
0.03145 -0.03403 0.14033 0.14779 0.89825 0.937 0.320 1598.646 0.03259
0.03147 -0.03406 0.14044 0.14790 0.89934 0.653 0.287 1598.683 0.03261
0.03150 -0.03408 0.14054 0.14801 0.90043 1.227 0.353 1598.719 0.03263
0.03152 -0.03411 0.14065 0.14812 0.90152 1.230 0.351 1598.756 0.03266
0.03154 -0.03413 0.14075 0.14823 0.90262 0.710 0.293 1598.793 0.03268
0.03157 -0.03416 0.14086 0.14834 0.90371 0.940 0.320 1598.829 0.03271
0.03159 -0.03419 0.14096 0.14845 0.90480 1.110 0.341 1598.866 0.03273
0.03161 -0.03421 0.14106 0.14856 0.90590 1.053 0.336 1598.903 0.03275
0.03164 -0.03424 0.14117 0.14867 0.90699 0.945 0.319 1598.940 0.03278
0.03166 -0.03426 0.14127 0.14878 0.90808 1.399 0.371 1598.976 0.03280
0.03168 -0.03429 0.14138 0.14889 0.90917 1.054 0.329 1599.013 0.03282
0.03171 -0.03431 0.14148 0.14900 0.91027 0.996 0.319 1599.050 0.03285
0.03173 -0.03434 0.14159 0.14911 0.91136 0.885 0.317 1599.086 0.03287
0.03175 -0.03436 0.14169 0.14922 0.91245 0.377 0.243 1599.123 0.03290
0.03178 -0.03439 0.14180 0.14933 0.91354 1.053 0.333 1599.160 0.03292
0.03180 -0.03441 0.14190 0.14944 0.91464 0.713 0.293 1599.197 0.03294
0.03182 -0.03444 0.14201 0.14955 0.91573 1.171 0.345 1599.233 0.03297
0.03185 -0.03446 0.14211 0.14966 0.91682 1.050 0.332 1599.270 0.03299
0.03187 -0.03449 0.14222 0.14977 0.91792 0.937 0.318 1599.307 0.03301
0.03190 -0.03452 0.14232 0.14988 0.91901 0.713 0.287 1599.343 0.03304
0.03192 -0.03454 0.14242 0.14999 0.92010 0.937 0.322 1599.380 0.03306
0.03194 -0.03457 0.14253 0.15010 0.92120 0.821 0.304 1599.417 0.03308
0.03197 -0.03459 0.14263 0.15021 0.92229 0.879 0.311 1599.454 0.03311
0.03199 -0.03462 0.14274 0.15032 0.92338 1.213 0.348 1599.490 0.03313
0.03201 -0.03464 0.14284 0.15043 0.92448 0.594 0.272 1599.527 0.03316
0.03204 -0.03467 0.14295 0.15054 0.92557 0.761 0.298 1599.564 0.03318
0.03206 -0.03469 0.14305 0.15065 0.92666 0.705 0.286 1599.601 0.03320
0.03208 -0.03472 0.14316 0.15076 0.92776 1.098 0.334 1599.637 0.03323
0.03211 -0.03474 0.14326 0.15087 0.92885 0.480 0.256 1599.674 0.03325
0.03213 -0.03477 0.14337 0.15098 0.92994 1.207 0.347 1599.711 0.03327
0.03215 -0.03479 0.14347 0.15109 0.93104 0.869 0.309 1599.747 0.03330
0.03218 -0.03482 0.14358 0.15120 0.93213 1.090 0.336 1599.784 0.03332
0.03220 -0.03484 0.14368 0.15131 0.93322 0.924 0.308 1599.821 0.03335
0.03222 -0.03487 0.14379 0.15142 0.93432 0.866 0.309 1599.858 0.03337
0.03225 -0.03490 0.14389 0.15153 0.93541 0.749 0.291 1599.894 0.03339
0.03227 -0.03492 0.14399 0.15164 0.93650 0.471 0.256 1599.931 0.03342
0.03229 -0.03495 0.14410 0.15175 0.93760 0.636 0.277 1599.968 0.03344
0.03232 -0.03497 0.14420 0.15186 0.93869 1.138 0.334 1600.004 0.03346
0.03234 -0.03500 0.14431 0.15197 0.93979 1.415 0.364 1600.041 0.03349
0.03236 -0.03502 0.14441 0.15208 0.94088 1.130 0.335 1600.078 0.03351
0.03239 -0.03505 0.14452 0.15219 0.94197 0.517 0.258 1600.115 0.03354
0.03241 -0.03507 0.14462 0.15230 0.94307 0.911 0.313 1600.151 0.03356
0.03243 -0.03510 0.14473 0.15241 0.94416 0.571 0.267 1600.188 0.03358
0.03246 -0.03512 0.14483 0.15252 0.94526 0.902 0.307 1600.225 0.03361
0.03248 -0.03515 0.14494 0.15263 0.94635 1.014 0.323 1600.262 0.03363
0.03251 -0.03518 0.14504 0.15274 0.94744 0.904 0.309 1600.298 0.03365
0.03253 -0.03520 0.14515 0.15286 0.94854 0.790 0.295 1600.335 0.03368
0.03255 -0.03523 0.14525 0.15297 0.94963 0.859 0.300 1600.372 0.03370
0.03258 -0.03525 0.14536 0.15308 0.95073 0.730 0.288 1600.408 0.03373
0.03260 -0.03528 0.14546 0.15319 0.95182 1.379 0.357 1600.445 0.03375
0.03262 -0.03530 0.14557 0.15330 0.95291 1.472 0.367 1600.482 0.03377
0.03265 -0.03533 0.14567 0.15341 0.95401 0.665 0.280 1600.519 0.03380
0.03267 -0.03535 0.14578 0.15352 0.95510 0.869 0.304 1600.555 0.03382
0.03269 -0.03538 0.14588 0.15363 0.95620 0.865 0.310 1600.592 0.03384
0.03272 -0.03540 0.14598 0.15374 0.95729 1.095 0.337 1600.629 0.03387
0.03274 -0.03543 0.14609 0.15385 0.95839 1.195 0.341 1600.665 0.03389
0.03276 -0.03545 0.14619 0.15396 0.95948 1.039 0.325 1600.702 0.03392
0.03279 -0.03548 0.14630 0.15407 0.96057 1.334 0.351 1600.739 0.03394
0.03281 -0.03551 0.14640 0.15418 0.96167 0.991 0.321 1600.776 0.03396
0.03283 -0.03553 0.14651 0.15429 0.96276 1.315 0.354 1600.812 0.03399
0.03286 -0.03556 0.14661 0.15440 0.96386 0.600 0.278 1600.849 0.03401
0.03288 -0.03558 0.14672 0.15451 0.96495 1.021 0.319 1600.886 0.03403
0.03290 -0.03561 0.14682 0.15462 0.96605 0.985 0.319 1600.922 0.03406
0.03293 -0.03563 0.14693 0.15473 0.96714 0.684 0.278 1600.959 0.03408
0.03295 -0.03566 0.14703 0.15484 0.96824 1.003 0.318 1600.996 0.03410
0.03297 -0.03568 0.14714 0.15495 0.96933 0.677 0.279 1601.033 0.03413
0.03300 -0.03571 0.14724 0.15506 0.97043 0.515 0.258 1601.069 0.03415
0.03302 -0.03573 0.14735 0.15517 0.97152 1.059 0.323 1601.106 0.03418
0.03305 -0.03576 0.14745 0.15528 0.97262 1.055 0.323 1601.143 0.03420
0.03307 -0.03578 0.14756 0.15539 0.97371 1.269 0.347 1601.180 0.03422
0.03309 -0.03581 0.14766 0.15550 0.97481 0.618 0.271 1601.216 0.03425
0.03312 -0.03584 0.14777 0.15561 0.97590 0.728 0.284 1601.253 0.03427
0.03314 -0.03586 0.14787 0.15572 0.97700 1.272 0.347 1601.290 0.03429
0.03316 -0.03589 0.14798 0.15583 0.97809 0.946 0.307 1601.326 0.03432
0.03319 -0.03591 0.14808 0.15595 0.97919 1.215 0.343 1601.363 0.03434
0.03321 -0.03594 0.14819 0.15606 0.98028 1.217 0.337 1601.400 0.03437
0.03323 -0.03596 0.14829 0.15617 0.98138 1.429 0.361 1601.437 0.03439
0.03326 -0.03599 0.14840 0.15628 0.98247 0.778 0.289 1601.473 0.03441
0.03328 -0.03601 0.14850 0.15639 0.98357 1.049 0.317 1601.510 0.03444
0.03330 -0.03604 0.14860 0.15650 0.98466 0.566 0.262 1601.547 0.03446
0.03333 -0.03606 0.14871 0.15661 0.98576 1.211 0.341 1601.583 0.03448
0.03335 -0.03609 0.14881 0.15672 0.98685 1.047 0.325 1601.620 0.03451
0.03337 -0.03612 0.14892 0.15683 0.98795 0.616 0.269 1601.657 0.03453
0.03340 -0.03614 0.14902 0.15694 0.98904 0.935 0.309 1601.694 0.03456
0.03342 -0.03617 0.14913 0.15705 0.99014 0.937 0.308 1601.730 0.03458
0.03344 -0.03619 0.14923 0.15716 0.99123 0.881 0.303 1601.767 0.03460
0.03347 -0.03622 0.14934 0.15727 0.99233 0.826 0.298 1601.804 0.03463
0.03349 -0.03624 0.14944 0.15738 0.99343 0.505 0.254 1601.840 0.03465
0.03352 -0.03627 0.14955 0.15749 0.99452 0.827 0.293 1601.877 0.03467
0.03354 -0.03629 0.14965 0.15760 0.99562 0.771 0.286 1601.914 0.03470
0.03356 -0.03632 0.14976 0.15771 0.99671 1.416 0.362 1601.951 0.03472
0.03359 -0.03634 0.14986 0.15782 0.99781 1.097 0.328 1601.987 0.03475
0.03361 -0.03637 0.14997 0.15793 0.99890 0.826 0.296 1602.024 0.03477
0.03363 -0.03640 0.15007 0.15804 1.00000 0.982 0.308 1602.061 0.03479
