x y z dist_scaled dist_frac flux_norm sig_norm wavelength redshift
-0.01682 0.03343 0.04331 0.05724 0.00000 0.978 0.039 1568.024 0.01281
-0.01685 0.03349 0.04339 0.05734 0.00106 1.049 0.040 1568.060 0.01283
-0.01688 0.03355 0.04347 0.05745 0.00212 0.998 0.039 1568.097 0.01285
-0.01691 0.03361 0.04355 0.05756 0.00318 0.989 0.039 1568.134 0.01288
-0.01694 0.03368 0.04364 0.05766 0.00425 1.010 0.039 1568.170 0.01290
-0.01697 0.03374 0.04372 0.05777 0.00531 1.064 0.040 1568.207 0.01293
-0.01700 0.03380 0.04380 0.05788 0.00637 1.058 0.040 1568.244 0.01295
-0.01704 0.03386 0.04388 0.05799 0.00743 1.039 0.040 1568.281 0.01297
-0.01707 0.03393 0.04396 0.05809 0.00849 1.043 0.040 1568.317 0.01300
-0.01710 0.03399 0.04404 0.05820 0.00956 1.100 0.041 1568.354 0.01302
-0.01713 0.03405 0.04412 0.05831 0.01062 0.960 0.038 1568.391 0.01304
-0.01716 0.03411 0.04420 0.05841 0.01168 0.996 0.039 1568.427 0.01307
-0.01719 0.03418 0.04428 0.05852 0.01274 1.063 0.040 1568.464 0.01309
-0.01722 0.03424 0.04436 0.05863 0.01380 0.953 0.038 1568.501 0.01312
-0.01726 0.03430 0.04445 0.05873 0.01487 1.022 0.039 1568.537 0.01314
-0.01729 0.03436 0.04453 0.05884 0.01593 1.005 0.039 1568.574 0.01316
-0.01732 0.03443 0.04461 0.05895 0.01699 1.052 0.040 1568.611 0.01319
-0.01735 0.03449 0.04469 0.05906 0.01805 0.985 0.039 1568.648 0.01321
-0.01738 0.03455 0.04477 0.05916 0.01911 1.028 0.040 1568.684 0.01323
-0.01741 0.03461 0.04485 0.05927 0.02018 1.057 0.040 1568.721 0.01326
-0.01744 0.03468 0.04493 0.05938 0.02124 1.010 0.039 1568.758 0.01328
-0.01748 0.03474 0.04501 0.05948 0.02230 0.945 0.038 1568.794 0.01331
-0.01751 0.03480 0.04509 0.05959 0.02336 1.034 0.040 1568.831 0.01333
-0.01754 0.03486 0.04517 0.05970 0.02443 0.980 0.039 1568.868 0.01335
-0.01757 0.03493 0.04526 0.05981 0.02549 1.029 0.039 1568.905 0.01338
-0.01760 0.03499 0.04534 0.05991 0.02655 1.035 0.040 1568.941 0.01340
-0.01763 0.03505 0.04542 0.06002 0.02761 1.009 0.039 1568.978 0.01342
-0.01766 0.03511 0.04550 0.06013 0.02868 1.034 0.040 1569.015 0.01345
-0.01770 0.03518 0.04558 0.06023 0.02974 0.952 0.038 1569.051 0.01347
-0.01773 0.03524 0.04566 0.06034 0.03080 0.957 0.038 1569.088 0.01350
-0.01776 0.03530 0.04574 0.06045 0.03186 1.005 0.039 1569.125 0.01352
-0.01779 0.03536 0.04582 0.06056 0.03293 1.021 0.039 1569.162 0.01354
-0.01782 0.03543 0.04590 0.06066 0.03399 1.034 0.039 1569.198 0.01357
-0.01785 0.03549 0.04599 0.06077 0.03505 0.924 0.037 1569.235 0.01359
-0.01788 0.03555 0.04607 0.06088 0.03611 1.076 0.040 1569.272 0.01361
-0.01792 0.03562 0.04615 0.06098 0.03718 0.969 0.038 1569.308 0.01364
-0.01795 0.03568 0.04623 0.06109 0.03824 1.021 0.039 1569.345 0.01366
-0.01798 0.03574 0.04631 0.06120 0.03930 1.025 0.039 1569.382 0.01368
-0.01801 0.03580 0.04639 0.06131 0.04037 1.020 0.039 1569.419 0.01371
-0.01804 0.03587 0.04647 0.06141 0.04143 1.000 0.039 1569.455 0.01373
-0.01807 0.03593 0.04655 0.06152 0.04249 0.979 0.038 1569.492 0.01376
-0.01811 0.03599 0.04663 0.06163 0.04355 0.969 0.038 1569.529 0.01378
-0.01814 0.03605 0.04671 0.06173 0.04462 0.921 0.037 1569.565 0.01380
-0.01817 0.03612 0.04680 0.06184 0.04568 1.069 0.040 1569.602 0.01383
-0.01820 0.03618 0.04688 0.06195 0.04674 0.952 0.040 1569.639 0.01385
-0.01823 0.03624 0.04696 0.06206 0.04781 1.034 0.042 1569.676 0.01387
-0.01826 0.03630 0.04704 0.06216 0.04887 0.973 0.041 1569.712 0.01390
-0.01829 0.03637 0.04712 0.06227 0.04993 0.932 0.040 1569.749 0.01392
-0.01833 0.03643 0.04720 0.06238 0.05100 0.981 0.041 1569.786 0.01395
-0.01836 0.03649 0.04728 0.06248 0.05206 1.024 0.042 1569.822 0.01397
-0.01839 0.03655 0.04736 0.06259 0.05312 0.968 0.043 1569.859 0.01399
-0.01842 0.03662 0.04744 0.06270 0.05419 1.003 0.044 1569.896 0.01402
-0.01845 0.03668 0.04753 0.06281 0.05525 0.951 0.043 1569.933 0.01404
-0.01848 0.03674 0.04761 0.06291 0.05631 0.979 0.044 1569.969 0.01406
-0.01851 0.03680 0.04769 0.06302 0.05738 1.002 0.044 1570.006 0.01409
-0.01855 0.03687 0.04777 0.06313 0.05844 0.973 0.044 1570.043 0.01411
-0.01858 0.03693 0.04785 0.06323 0.05951 0.981 0.044 1570.079 0.01414
-0.01861 0.03699 0.04793 0.06334 0.06057 1.040 0.045 1570.116 0.01416
-0.01864 0.03705 0.04801 0.06345 0.06163 0.937 0.043 1570.153 0.01418
-0.01867 0.03712 0.04809 0.06356 0.06270 0.975 0.044 1570.190 0.01421
-0.01870 0.03718 0.04817 0.06366 0.06376 1.029 0.045 1570.226 0.01423
-0.01874 0.03724 0.04826 0.06377 0.06482 1.060 0.046 1570.263 0.01425
-0.01877 0.03731 0.04834 0.06388 0.06589 1.010 0.044 1570.300 0.01428
-0.01880 0.03737 0.04842 0.06398 0.06695 0.996 0.044 1570.336 0.01430
-0.01883 0.03743 0.04850 0.06409 0.06802 0.968 0.043 1570.373 0.01433
-0.01886 0.03749 0.04858 0.06420 0.06908 1.045 0.045 1570.410 0.01435
-0.01889 0.03756 0.04866 0.06431 0.07014 0.970 0.043 1570.447 0.01437
-0.01892 0.03762 0.04874 0.06441 0.07121 0.984 0.044 1570.483 0.01440
-0.01896 0.03768 0.04882 0.06452 0.07227 1.065 0.046 1570.520 0.01442
-0.01899 0.03774 0.04891 0.06463 0.07334 0.961 0.043 1570.557 0.01444
-0.01902 0.03781 0.04899 0.06474 0.07440 1.063 0.045 1570.593 0.01447
-0.01905 0.03787 0.04907 0.06484 0.07546 1.005 0.044 1570.630 0.01449
-0.01908 0.03793 0.04915 0.06495 0.07653 1.020 0.044 1570.667 0.01451
-0.01911 0.03799 0.04923 0.06506 0.07759 0.984 0.044 1570.704 0.01454
-0.01914 0.03806 0.04931 0.06516 0.07866 1.012 0.044 1570.740 0.01456
-0.01918 0.03812 0.04939 0.06527 0.07972 1.033 0.045 1570.777 0.01459
-0.01921 0.03818 0.04947 0.06538 0.08079 0.989 0.044 1570.814 0.01461
-0.01924 0.03824 0.04955 0.06549 0.08185 0.993 0.044 1570.850 0.01463
-0.01927 0.03831 0.04964 0.06559 0.08291 1.022 0.044 1570.887 0.01466
-0.01930 0.03837 0.04972 0.06570 0.08398 0.960 0.043 1570.924 0.01468
-0.01933 0.03843 0.04980 0.06581 0.08504 0.931 0.042 1570.961 0.01470
-0.01937 0.03850 0.04988 0.06592 0.08611 1.009 0.044 1570.997 0.01473
-0.01940 0.03856 0.04996 0.06602 0.08717 1.021 0.044 1571.034 0.01475
-0.01943 0.03862 0.05004 0.06613 0.08824 1.008 0.044 1571.071 0.01478
-0.01946 0.03868 0.05012 0.06624 0.08930 1.013 0.044 1571.107 0.01480
-0.01949 0.03875 0.05020 0.06634 0.09037 0.967 0.043 1571.144 0.01482
-0.01952 0.03881 0.05029 0.06645 0.09143 1.006 0.044 1571.181 0.01485
-0.01955 0.03887 0.05037 0.06656 0.09250 0.970 0.043 1571.218 0.01487
-0.01959 0.03893 0.05045 0.06667 0.09356 1.006 0.044 1571.254 0.01489
-0.01962 0.03900 0.05053 0.06677 0.09463 0.992 0.044 1571.291 0.01492
-0.01965 0.03906 0.05061 0.06688 0.09569 1.030 0.044 1571.328 0.01494
-0.01968 0.03912 0.05069 0.06699 0.09676 0.963 0.043 1571.364 0.01497
-0.01971 0.03918 0.05077 0.06710 0.09782 1.056 0.045 1571.401 0.01499
-0.01974 0.03925 0.05085 0.06720 0.09889 0.967 0.043 1571.438 0.01501
-0.01978 0.03931 0.05094 0.06731 0.09995 0.941 0.042 1571.475 0.01504
-0.01981 0.03937 0.05102 0.06742 0.10102 1.053 0.045 1571.511 0.01506
-0.01984 0.03944 0.05110 0.06753 0.10208 0.881 0.041 1571.548 0.01508
-0.01987 0.03950 0.05118 0.06763 0.10315 0.993 0.043 1571.585 0.01511
-0.01990 0.03956 0.05126 0.06774 0.10421 1.066 0.045 1571.621 0.01513
-0.01993 0.03962 0.05134 0.06785 0.10528 1.071 0.045 1571.658 0.01516
-0.01996 0.03969 0.05142 0.06796 0.10634 1.047 0.045 1571.695 0.01518
-0.02000 0.03975 0.05150 0.06806 0.10741 1.033 0.046 1571.732 0.01520
-0.02003 0.03981 0.05159 0.06817 0.10847 0.982 0.043 1571.768 0.01523
-0.02006 0.03987 0.05167 0.06828 0.10954 1.032 0.044 1571.805 0.01525
-0.02009 0.03994 0.05175 0.06838 0.11060 0.954 0.042 1571.842 0.01527
-0.02012 0.04000 0.05183 0.06849 0.11167 1.023 0.044 1571.878 0.01530
-0.02015 0.04006 0.05191 0.06860 0.11273 0.972 0.043 1571.915 0.01532
-0.02019 0.04013 0.05199 0.06871 0.11380 0.948 0.042 1571.952 0.01534
-0.02022 0.04019 0.05207 0.06881 0.11487 0.900 0.041 1571.989 0.01537
-0.02025 0.04025 0.05215 0.06892 0.11593 0.955 0.042 1572.025 0.01539
-0.02028 0.04031 0.05224 0.06903 0.11700 1.059 0.045 1572.062 0.01542
-0.02031 0.04038 0.05232 0.06914 0.11806 0.960 0.042 1572.099 0.01544
-0.02034 0.04044 0.05240 0.06924 0.11913 1.027 0.044 1572.135 0.01546
-0.02037 0.04050 0.05248 0.06935 0.12019 1.017 0.044 1572.172 0.01549
-0.02041 0.04056 0.05256 0.06946 0.12126 1.022 0.044 1572.209 0.01551
-0.02044 0.04063 0.05264 0.06957 0.12233 1.063 0.045 1572.246 0.01553
-0.02047 0.04069 0.05272 0.06967 0.12339 0.974 0.043 1572.282 0.01556
-0.02050 0.04075 0.05280 0.06978 0.12446 1.024 0.044 1572.319 0.01558
-0.02053 0.04082 0.05289 0.06989 0.12552 0.976 0.043 1572.356 0.01561
-0.02056 0.04088 0.05297 0.07000 0.12659 0.950 0.042 1572.392 0.01563
-0.02060 0.04094 0.05305 0.07010 0.12766 1.028 0.044 1572.429 0.01565
-0.02063 0.04100 0.05313 0.07021 0.12872 1.034 0.044 1572.466 0.01568
-0.02066 0.04107 0.05321 0.07032 0.12979 0.880 0.040 1572.503 0.01570
-0.02069 0.04113 0.05329 0.07043 0.13085 0.989 0.043 1572.539 0.01572
-0.02072 0.04119 0.05337 0.07053 0.13192 0.936 0.042 1572.576 0.01575
-0.02075 0.04125 0.05345 0.07064 0.13299 0.952 0.042 1572.613 0.01577
-0.02079 0.04132 0.05354 0.07075 0.13405 0.963 0.042 1572.649 0.01580
-0.02082 0.04138 0.05362 0.07086 0.13512 0.922 0.041 1572.686 0.01582
-0.02085 0.04144 0.05370 0.07096 0.13618 1.018 0.043 1572.723 0.01584
-0.02088 0.04151 0.05378 0.07107 0.13725 0.968 0.042 1572.760 0.01587
-0.02091 0.04157 0.05386 0.07118 0.13832 0.927 0.041 1572.796 0.01589
-0.02094 0.04163 0.05394 0.07129 0.13938 0.923 0.041 1572.833 0.01591
-0.02097 0.04169 0.05402 0.07139 0.14045 0.922 0.041 1572.870 0.01594
-0.02101 0.04176 0.05411 0.07150 0.14152 0.957 0.042 1572.906 0.01596
-0.02104 0.04182 0.05419 0.07161 0.14258 1.054 0.044 1572.943 0.01599
-0.02107 0.04188 0.05427 0.07172 0.14365 1.012 0.043 1572.980 0.01601
-0.02110 0.04195 0.05435 0.07182 0.14472 0.964 0.042 1573.017 0.01603
-0.02113 0.04201 0.05443 0.07193 0.14578 0.908 0.041 1573.053 0.01606
-0.02116 0.04207 0.05451 0.07204 0.14685 0.917 0.041 1573.090 0.01608
-0.02120 0.04213 0.05459 0.07215 0.14792 1.019 0.043 1573.127 0.01610
-0.02123 0.04220 0.05468 0.07225 0.14898 0.998 0.043 1573.163 0.01613
-0.02126 0.04226 0.05476 0.07236 0.15005 0.978 0.042 1573.200 0.01615
-0.02129 0.04232 0.05484 0.07247 0.15112 0.932 0.041 1573.237 0.01617
-0.02132 0.04238 0.05492 0.07258 0.15218 0.986 0.042 1573.274 0.01620
-0.02135 0.04245 0.05500 0.07268 0.15325 1.036 0.043 1573.310 0.01622
-0.02139 0.04251 0.05508 0.07279 0.15432 0.956 0.042 1573.347 0.01625
-0.02142 0.04257 0.05516 0.07290 0.15538 0.967 0.042 1573.384 0.01627
-0.02145 0.04264 0.05524 0.07301 0.15645 1.011 0.043 1573.420 0.01629
-0.02148 0.04270 0.05533 0.07311 0.15752 1.015 0.043 1573.457 0.01632
-0.02151 0.04276 0.05541 0.07322 0.15859 0.957 0.042 1573.494 0.01634
-0.02154 0.04282 0.05549 0.07333 0.15965 0.946 0.041 1573.531 0.01636
-0.02157 0.04289 0.05557 0.07344 0.16072 0.985 0.042 1573.567 0.01639
-0.02161 0.04295 0.05565 0.07354 0.16179 0.909 0.041 1573.604 0.01641
-0.02164 0.04301 0.05573 0.07365 0.16285 0.866 0.040 1573.641 0.01644
-0.02167 0.04308 0.05581 0.07376 0.16392 0.906 0.040 1573.677 0.01646
-0.02170 0.04314 0.05590 0.07387 0.16499 0.972 0.042 1573.714 0.01648
-0.02173 0.04320 0.05598 0.07397 0.16606 0.960 0.042 1573.751 0.01651
-0.02176 0.04326 0.05606 0.07408 0.16712 0.907 0.040 1573.787 0.01653
-0.02180 0.04333 0.05614 0.07419 0.16819 0.947 0.041 1573.824 0.01655
-0.02183 0.04339 0.05622 0.07430 0.16926 0.946 0.041 1573.861 0.01658
-0.02186 0.04345 0.05630 0.07440 0.17033 0.932 0.041 1573.898 0.01660
-0.02189 0.04352 0.05638 0.07451 0.17139 0.976 0.042 1573.934 0.01663
-0.02192 0.04358 0.05647 0.07462 0.17246 0.942 0.041 1573.971 0.01665
-0.02195 0.04364 0.05655 0.07473 0.17353 0.954 0.041 1574.008 0.01667
-0.02199 0.04370 0.05663 0.07483 0.17460 1.034 0.043 1574.044 0.01670
-0.02202 0.04377 0.05671 0.07494 0.17566 0.928 0.041 1574.081 0.01672
-0.02205 0.04383 0.05679 0.07505 0.17673 0.923 0.041 1574.118 0.01674
-0.02208 0.04389 0.05687 0.07516 0.17780 1.005 0.042 1574.155 0.01677
-0.02211 0.04396 0.05695 0.07527 0.17887 0.964 0.041 1574.191 0.01679
-0.02214 0.04402 0.05704 0.07537 0.17994 0.908 0.040 1574.228 0.01682
-0.02218 0.04408 0.05712 0.07548 0.18100 0.900 0.040 1574.265 0.01684
-0.02221 0.04414 0.05720 0.07559 0.18207 1.001 0.042 1574.301 0.01686
-0.02224 0.04421 0.05728 0.07570 0.18314 0.980 0.042 1574.338 0.01689
-0.02227 0.04427 0.05736 0.07580 0.18421 1.016 0.042 1574.375 0.01691
-0.02230 0.04433 0.05744 0.07591 0.18528 1.058 0.043 1574.412 0.01693
-0.02233 0.04440 0.05752 0.07602 0.18634 0.925 0.040 1574.448 0.01696
-0.02237 0.04446 0.05761 0.07613 0.18741 0.991 0.042 1574.485 0.01698
-0.02240 0.04452 0.05769 0.07623 0.18848 0.981 0.042 1574.522 0.01700
-0.02243 0.04458 0.05777 0.07634 0.18955 0.958 0.041 1574.558 0.01703
-0.02246 0.04465 0.05785 0.07645 0.19062 1.001 0.042 1574.595 0.01705
-0.02249 0.04471 0.05793 0.07656 0.19168 1.047 0.043 1574.632 0.01708
-0.02252 0.04477 0.05801 0.07666 0.19275 1.008 0.042 1574.669 0.01710
-0.02256 0.04484 0.05810 0.07677 0.19382 0.967 0.041 1574.705 0.01712
-0.02259 0.04490 0.05818 0.07688 0.19489 1.033 0.043 1574.742 0.01715
-0.02262 0.04496 0.05826 0.07699 0.19596 1.059 0.043 1574.779 0.01717
-0.02265 0.04502 0.05834 0.07710 0.19703 1.006 0.042 1574.815 0.01719
-0.02268 0.04509 0.05842 0.07720 0.19809 0.922 0.040 1574.852 0.01722
-0.02271 0.04515 0.05850 0.07731 0.19916 1.030 0.042 1574.889 0.01724
-0.02274 0.04521 0.05858 0.07742 0.20023 1.009 0.042 1574.926 0.01727
-0.02278 0.04528 0.05867 0.07753 0.20130 1.062 0.043 1574.962 0.01729
-0.02281 0.04534 0.05875 0.07763 0.20237 1.014 0.042 1574.999 0.01731
-0.02284 0.04540 0.05883 0.07774 0.20344 0.978 0.041 1575.036 0.01734
-0.02287 0.04546 0.05891 0.07785 0.20451 0.930 0.040 1575.072 0.01736
-0.02290 0.04553 0.05899 0.07796 0.20557 0.915 0.040 1575.109 0.01738
-0.02293 0.04559 0.05907 0.07806 0.20664 0.997 0.042 1575.146 0.01741
-0.02297 0.04565 0.05915 0.07817 0.20771 0.964 0.041 1575.183 0.01743
-0.02300 0.04572 0.05924 0.07828 0.20878 0.974 0.041 1575.219 0.01746
-0.02303 0.04578 0.05932 0.07839 0.20985 1.036 0.042 1575.256 0.01748
-0.02306 0.04584 0.05940 0.07850 0.21092 1.024 0.042 1575.293 0.01750
-0.02309 0.04591 0.05948 0.07860 0.21199 0.934 0.040 1575.329 0.01753
-0.02312 0.04597 0.05956 0.07871 0.21306 0.958 0.041 1575.366 0.01755
-0.02316 0.04603 0.05964 0.07882 0.21413 0.952 0.041 1575.403 0.01757
-0.02319 0.04609 0.05973 0.07893 0.21519 0.998 0.042 1575.440 0.01760
-0.02322 0.04616 0.05981 0.07903 0.21626 1.012 0.042 1575.476 0.01762
-0.02325 0.04622 0.05989 0.07914 0.21733 0.986 0.041 1575.513 0.01765
-0.02328 0.04628 0.05997 0.07925 0.21840 1.067 0.043 1575.550 0.01767
-0.02331 0.04635 0.06005 0.07936 0.21947 0.984 0.041 1575.586 0.01769
-0.02335 0.04641 0.06013 0.07947 0.22054 0.909 0.040 1575.623 0.01772
-0.02338 0.04647 0.06021 0.07957 0.22161 0.981 0.041 1575.660 0.01774
-0.02341 0.04653 0.06030 0.07968 0.22268 0.965 0.041 1575.697 0.01776
-0.02344 0.04660 0.06038 0.07979 0.22375 0.946 0.040 1575.733 0.01779
-0.02347 0.04666 0.06046 0.07990 0.22482 1.009 0.042 1575.770 0.01781
-0.02350 0.04672 0.06054 0.08000 0.22589 0.968 0.041 1575.807 0.01783
-0.02354 0.04679 0.06062 0.08011 0.22696 1.008 0.042 1575.843 0.01786
-0.02357 0.04685 0.06070 0.08022 0.22803 0.985 0.041 1575.880 0.01788
-0.02360 0.04691 0.06079 0.08033 0.22910 1.030 0.042 1575.917 0.01791
-0.02363 0.04698 0.06087 0.08044 0.23017 0.966 0.041 1575.954 0.01793
-0.02366 0.04704 0.06095 0.08054 0.23124 0.957 0.040 1575.990 0.01795
-0.02369 0.04710 0.06103 0.08065 0.23231 1.008 0.041 1576.027 0.01798
-0.02373 0.04716 0.06111 0.08076 0.23337 0.991 0.041 1576.064 0.01800
-0.02376 0.04723 0.06119 0.08087 0.23444 0.968 0.041 1576.100 0.01802
-0.02379 0.04729 0.06128 0.08098 0.23551 1.008 0.041 1576.137 0.01805
-0.02382 0.04735 0.06136 0.08108 0.23658 0.943 0.040 1576.174 0.01807
-0.02385 0.04742 0.06144 0.08119 0.23765 0.967 0.040 1576.211 0.01810
-0.02388 0.04748 0.06152 0.08130 0.23872 0.964 0.040 1576.247 0.01812
-0.02392 0.04754 0.06160 0.08141 0.23979 1.019 0.041 1576.284 0.01814
-0.02395 0.04761 0.06168 0.08151 0.24086 0.953 0.040 1576.321 0.01817
-0.02398 0.04767 0.06176 0.08162 0.24193 1.055 0.042 1576.357 0.01819
-0.02401 0.04773 0.06185 0.08173 0.24300 1.002 0.041 1576.394 0.01821
-0.02404 0.04779 0.06193 0.08184 0.24407 1.063 0.042 1576.431 0.01824
-0.02407 0.04786 0.06201 0.08195 0.24514 0.987 0.041 1576.468 0.01826
-0.02411 0.04792 0.06209 0.08205 0.24621 0.985 0.041 1576.504 0.01829
-0.02414 0.04798 0.06217 0.08216 0.24728 0.906 0.039 1576.541 0.01831
-0.02417 0.04805 0.06225 0.08227 0.24835 0.871 0.038 1576.578 0.01833
-0.02420 0.04811 0.06234 0.08238 0.24942 0.975 0.040 1576.614 0.01836
-0.02423 0.04817 0.06242 0.08248 0.25049 0.990 0.041 1576.651 0.01838
-0.02426 0.04824 0.06250 0.08259 0.25157 0.941 0.040 1576.688 0.01840
-0.02430 0.04830 0.06258 0.08270 0.25264 0.972 0.040 1576.725 0.01843
-0.02433 0.04836 0.06266 0.08281 0.25371 0.939 0.040 1576.761 0.01845
-0.02436 0.04842 0.06274 0.08292 0.25478 0.984 0.040 1576.798 0.01848
-0.02439 0.04849 0.06283 0.08302 0.25585 0.995 0.041 1576.835 0.01850
-0.02442 0.04855 0.06291 0.08313 0.25692 1.033 0.041 1576.871 0.01852
-0.02446 0.04861 0.06299 0.08324 0.25799 0.980 0.040 1576.908 0.01855
-0.02449 0.04868 0.06307 0.08335 0.25906 0.940 0.039 1576.945 0.01857
-0.02452 0.04874 0.06315 0.08346 0.26013 0.996 0.041 1576.982 0.01859
-0.02455 0.04880 0.06323 0.08356 0.26120 0.924 0.039 1577.018 0.01862
-0.02458 0.04887 0.06332 0.08367 0.26227 0.986 0.040 1577.055 0.01864
-0.02461 0.04893 0.06340 0.08378 0.26334 0.956 0.040 1577.092 0.01866
-0.02465 0.04899 0.06348 0.08389 0.26441 1.011 0.041 1577.128 0.01869
-0.02468 0.04905 0.06356 0.08400 0.26548 0.934 0.039 1577.165 0.01871
-0.02471 0.04912 0.06364 0.08410 0.26655 0.940 0.039 1577.202 0.01874
-0.02474 0.04918 0.06372 0.08421 0.26762 1.000 0.041 1577.239 0.01876
-0.02477 0.04924 0.06381 0.08432 0.26870 0.980 0.040 1577.275 0.01878
-0.02480 0.04931 0.06389 0.08443 0.26977 1.032 0.041 1577.312 0.01881
-0.02484 0.04937 0.06397 0.08454 0.27084 1.052 0.042 1577.349 0.01883
-0.02487 0.04943 0.06405 0.08464 0.27191 0.970 0.040 1577.385 0.01885
-0.02490 0.04950 0.06413 0.08475 0.27298 0.966 0.040 1577.422 0.01888
-0.02493 0.04956 0.06421 0.08486 0.27405 0.987 0.040 1577.459 0.01890
-0.02496 0.04962 0.06430 0.08497 0.27512 0.976 0.040 1577.496 0.01893
-0.02499 0.04968 0.06438 0.08508 0.27619 0.861 0.037 1577.532 0.01895
-0.02503 0.04975 0.06446 0.08518 0.27726 0.919 0.039 1577.569 0.01897
-0.02506 0.04981 0.06454 0.08529 0.27834 0.959 0.040 1577.606 0.01900
-0.02509 0.04987 0.06462 0.08540 0.27941 0.949 0.039 1577.642 0.01902
-0.02512 0.04994 0.06470 0.08551 0.28048 0.979 0.040 1577.679 0.01904
-0.02515 0.05000 0.06479 0.08562 0.28155 1.011 0.041 1577.716 0.01907
-0.02518 0.05006 0.06487 0.08572 0.28262 0.976 0.040 1577.753 0.01909
-0.02522 0.05013 0.06495 0.08583 0.28369 1.016 0.041 1577.789 0.01912
-0.02525 0.05019 0.06503 0.08594 0.28476 0.999 0.040 1577.826 0.01914
-0.02528 0.05025 0.06511 0.08605 0.28584 0.984 0.040 1577.863 0.01916
-0.02531 0.05032 0.06520 0.08616 0.28691 1.023 0.041 1577.899 0.01919
-0.02534 0.05038 0.06528 0.08626 0.28798 0.947 0.039 1577.936 0.01921
-0.02537 0.05044 0.06536 0.08637 0.28905 1.026 0.041 1577.973 0.01923
-0.02541 0.05050 0.06544 0.08648 0.29012 1.014 0.040 1578.010 0.01926
-0.02544 0.05057 0.06552 0.08659 0.29119 0.942 0.039 1578.046 0.01928
-0.02547 0.05063 0.06560 0.08670 0.29227 0.958 0.039 1578.083 0.01931
-0.02550 0.05069 0.06569 0.08680 0.29334 0.990 0.040 1578.120 0.01933
-0.02553 0.05076 0.06577 0.08691 0.29441 1.007 0.040 1578.156 0.01935
-0.02557 0.05082 0.06585 0.08702 0.29548 1.041 0.041 1578.193 0.01938
-0.02560 0.05088 0.06593 0.08713 0.29655 0.962 0.039 1578.230 0.01940
-0.02563 0.05095 0.06601 0.08724 0.29762 1.015 0.040 1578.267 0.01942
-0.02566 0.05101 0.06609 0.08734 0.29870 1.046 0.041 1578.303 0.01945
-0.02569 0.05107 0.06618 0.08745 0.29977 1.020 0.040 1578.340 0.01947
-0.02572 0.05114 0.06626 0.08756 0.30084 1.007 0.040 1578.377 0.01949
-0.02576 0.05120 0.06634 0.08767 0.30191 1.045 0.041 1578.413 0.01952
-0.02579 0.05126 0.06642 0.08778 0.30298 1.048 0.041 1578.450 0.01954
-0.02582 0.05132 0.06650 0.08788 0.30406 1.018 0.040 1578.487 0.01957
-0.02585 0.05139 0.06658 0.08799 0.30513 1.043 0.041 1578.524 0.01959
-0.02588 0.05145 0.06667 0.08810 0.30620 0.918 0.038 1578.560 0.01961
-0.02591 0.05151 0.06675 0.08821 0.30727 0.982 0.039 1578.597 0.01964
-0.02595 0.05158 0.06683 0.08832 0.30835 0.944 0.039 1578.634 0.01966
-0.02598 0.05164 0.06691 0.08842 0.30942 0.990 0.040 1578.670 0.01968
-0.02601 0.05170 0.06699 0.08853 0.31049 0.915 0.038 1578.707 0.01971
-0.02604 0.05177 0.06708 0.08864 0.31156 0.989 0.040 1578.744 0.01973
-0.02607 0.05183 0.06716 0.08875 0.31264 1.068 0.041 1578.781 0.01976
-0.02611 0.05189 0.06724 0.08886 0.31371 1.033 0.040 1578.817 0.01978
-0.02614 0.05196 0.06732 0.08896 0.31478 0.958 0.039 1578.854 0.01980
-0.02617 0.05202 0.06740 0.08907 0.31585 0.961 0.039 1578.891 0.01983
-0.02620 0.05208 0.06748 0.08918 0.31693 0.935 0.038 1578.927 0.01985
-0.02623 0.05215 0.06757 0.08929 0.31800 0.988 0.039 1578.964 0.01987
-0.02626 0.05221 0.06765 0.08940 0.31907 0.933 0.038 1579.001 0.01990
-0.02630 0.05227 0.06773 0.08951 0.32014 0.980 0.039 1579.038 0.01992
-0.02633 0.05234 0.06781 0.08961 0.32122 0.999 0.040 1579.074 0.01995
-0.02636 0.05240 0.06789 0.08972 0.32229 1.021 0.040 1579.111 0.01997
-0.02639 0.05246 0.06798 0.08983 0.32336 0.938 0.038 1579.148 0.01999
-0.02642 0.05252 0.06806 0.08994 0.32444 0.979 0.039 1579.184 0.02002
-0.02645 0.05259 0.06814 0.09005 0.32551 1.023 0.040 1579.221 0.02004
-0.02649 0.05265 0.06822 0.09015 0.32658 0.930 0.038 1579.258 0.02006
-0.02652 0.05271 0.06830 0.09026 0.32765 1.044 0.040 1579.294 0.02009
-0.02655 0.05278 0.06838 0.09037 0.32873 0.919 0.038 1579.331 0.02011
-0.02658 0.05284 0.06847 0.09048 0.32980 0.998 0.039 1579.368 0.02014
-0.02661 0.05290 0.06855 0.09059 0.33087 0.985 0.039 1579.405 0.02016
-0.02665 0.05297 0.06863 0.09069 0.33195 1.028 0.040 1579.441 0.02018
-0.02668 0.05303 0.06871 0.09080 0.33302 0.985 0.039 1579.478 0.02021
-0.02671 0.05309 0.06879 0.09091 0.33409 0.930 0.038 1579.515 0.02023
-0.02674 0.05316 0.06888 0.09102 0.33517 0.992 0.039 1579.551 0.02025
-0.02677 0.05322 0.06896 0.09113 0.33624 0.981 0.039 1579.588 0.02028
-0.02680 0.05328 0.06904 0.09124 0.33731 0.982 0.039 1579.625 0.02030
-0.02684 0.05335 0.06912 0.09134 0.33839 0.968 0.039 1579.662 0.02032
-0.02687 0.05341 0.06920 0.09145 0.33946 1.012 0.039 1579.698 0.02035
-0.02690 0.05347 0.06929 0.09156 0.34053 0.986 0.039 1579.735 0.02037
-0.02693 0.05354 0.06937 0.09167 0.34161 0.962 0.038 1579.772 0.02040
-0.02696 0.05360 0.06945 0.09178 0.34268 1.014 0.039 1579.808 0.02042
-0.02699 0.05366 0.06953 0.09188 0.34375 0.992 0.039 1579.845 0.02044
-0.02703 0.05372 0.06961 0.09199 0.34483 0.960 0.038 1579.882 0.02047
-0.02706 0.05379 0.06969 0.09210 0.34590 0.955 0.038 1579.919 0.02049
-0.02709 0.05385 0.06978 0.09221 0.34697 1.026 0.040 1579.955 0.02051
-0.02712 0.05391 0.06986 0.09232 0.34805 0.964 0.038 1579.992 0.02054
-0.02715 0.05398 0.06994 0.09243 0.34912 0.943 0.038 1580.029 0.02056
-0.02719 0.05404 0.07002 0.09253 0.35019 0.924 0.038 1580.065 0.02059
-0.02722 0.05410 0.07010 0.09264 0.35127 1.018 0.039 1580.102 0.02061
-0.02725 0.05417 0.07019 0.09275 0.35234 1.013 0.039 1580.139 0.02063
-0.02728 0.05423 0.07027 0.09286 0.35342 0.988 0.039 1580.176 0.02066
-0.02731 0.05429 0.07035 0.09297 0.35449 1.000 0.039 1580.212 0.02068
-0.02734 0.05436 0.07043 0.09308 0.35556 1.014 0.039 1580.249 0.02070
-0.02738 0.05442 0.07051 0.09318 0.35664 0.937 0.038 1580.286 0.02073
-0.02741 0.05448 0.07060 0.09329 0.35771 0.970 0.038 1580.322 0.02075
-0.02744 0.05455 0.07068 0.09340 0.35879 0.943 0.038 1580.359 0.02078
-0.02747 0.05461 0.07076 0.09351 0.35986 0.940 0.038 1580.396 0.02080
-0.02750 0.05467 0.07084 0.09362 0.36093 0.887 0.037 1580.433 0.02082
-0.02754 0.05474 0.07092 0.09372 0.36201 0.934 0.037 1580.469 0.02085
-0.02757 0.05480 0.07101 0.09383 0.36308 0.922 0.037 1580.506 0.02087
-0.02760 0.05486 0.07109 0.09394 0.36416 0.892 0.037 1580.543 0.02089
-0.02763 0.05493 0.07117 0.09405 0.36523 0.942 0.038 1580.579 0.02092
-0.02766 0.05499 0.07125 0.09416 0.36631 1.007 0.039 1580.616 0.02094
-0.02769 0.05505 0.07133 0.09427 0.36738 0.903 0.037 1580.653 0.02096
-0.02773 0.05512 0.07141 0.09437 0.36845 0.907 0.037 1580.690 0.02099
-0.02776 0.05518 0.07150 0.09448 0.36953 0.890 0.036 1580.726 0.02101
-0.02779 0.05524 0.07158 0.09459 0.37060 0.977 0.038 1580.763 0.02104
-0.02782 0.05531 0.07166 0.09470 0.37168 0.874 0.036 1580.800 0.02106
-0.02785 0.05537 0.07174 0.09481 0.37275 0.949 0.038 1580.836 0.02108
-0.02789 0.05543 0.07182 0.09492 0.37383 0.943 0.037 1580.873 0.02111
-0.02792 0.05550 0.07191 0.09502 0.37490 0.930 0.037 1580.910 0.02113
-0.02795 0.05556 0.07199 0.09513 0.37598 0.945 0.039 1580.947 0.02115
-0.02798 0.05562 0.07207 0.09524 0.37705 0.912 0.040 1580.983 0.02118
-0.02801 0.05568 0.07215 0.09535 0.37813 0.827 0.038 1581.020 0.02120
-0.02804 0.05575 0.07223 0.09546 0.37920 0.935 0.041 1581.057 0.02123
-0.02808 0.05581 0.07232 0.09557 0.38027 0.866 0.039 1581.093 0.02125
-0.02811 0.05587 0.07240 0.09567 0.38135 0.872 0.039 1581.130 0.02127
-0.02814 0.05594 0.07248 0.09578 0.38242 0.926 0.040 1581.167 0.02130
-0.02817 0.05600 0.07256 0.09589 0.38350 0.939 0.041 1581.204 0.02132
-0.02820 0.05606 0.07264 0.09600 0.38457 0.999 0.042 1581.240 0.02134
-0.02824 0.05613 0.07273 0.09611 0.38565 0.881 0.039 1581.277 0.02137
-0.02827 0.05619 0.07281 0.09622 0.38672 0.977 0.046 1581.314 0.02139
-0.02830 0.05625 0.07289 0.09632 0.38780 0.916 0.045 1581.350 0.02142
-0.02833 0.05632 0.07297 0.09643 0.38887 0.914 0.045 1581.387 0.02144
-0.02836 0.05638 0.07305 0.09654 0.38995 0.941 0.045 1581.424 0.02146
-0.02839 0.05644 0.07314 0.09665 0.39102 0.924 0.045 1581.461 0.02149
-0.02843 0.05651 0.07322 0.09676 0.39210 1.018 0.047 1581.497 0.02151
-0.02846 0.05657 0.07330 0.09687 0.39318 0.929 0.045 1581.534 0.02153
-0.02849 0.05663 0.07338 0.09697 0.39425 0.913 0.045 1581.571 0.02156
-0.02852 0.05670 0.07346 0.09708 0.39533 0.970 0.046 1581.607 0.02158
-0.02855 0.05676 0.07355 0.09719 0.39640 0.973 0.046 1581.644 0.02161
-0.02859 0.05682 0.07363 0.09730 0.39748 0.977 0.046 1581.681 0.02163
-0.02862 0.05689 0.07371 0.09741 0.39855 0.918 0.045 1581.718 0.02165
-0.02865 0.05695 0.07379 0.09752 0.39963 1.031 0.047 1581.754 0.02168
-0.02868 0.05701 0.07387 0.09763 0.40070 0.887 0.044 1581.791 0.02170
-0.02871 0.05708 0.07396 0.09773 0.40178 0.964 0.046 1581.828 0.02172
-0.02874 0.05714 0.07404 0.09784 0.40285 0.914 0.044 1581.864 0.02175
-0.02878 0.05720 0.07412 0.09795 0.40393 1.007 0.047 1581.901 0.02177
-0.02881 0.05727 0.07420 0.09806 0.40501 0.983 0.046 1581.938 0.02179
-0.02884 0.05733 0.07428 0.09817 0.40608 0.898 0.044 1581.975 0.02182
-0.02887 0.05739 0.07437 0.09828 0.40716 0.917 0.044 1582.011 0.02184
-0.02890 0.05746 0.07445 0.09838 0.40823 0.872 0.043 1582.048 0.02187
-0.02894 0.05752 0.07453 0.09849 0.40931 0.897 0.044 1582.085 0.02189
-0.02897 0.05758 0.07461 0.09860 0.41038 1.027 0.047 1582.121 0.02191
-0.02900 0.05765 0.07470 0.09871 0.41146 1.034 0.047 1582.158 0.02194
-0.02903 0.05771 0.07478 0.09882 0.41254 0.943 0.045 1582.195 0.02196
-0.02906 0.05777 0.07486 0.09893 0.41361 0.915 0.044 1582.232 0.02198
-0.02910 0.05784 0.07494 0.09903 0.41469 0.961 0.045 1582.268 0.02201
-0.02913 0.05790 0.07502 0.09914 0.41576 0.994 0.046 1582.305 0.02203
-0.02916 0.05796 0.07511 0.09925 0.41684 0.887 0.044 1582.342 0.02206
-0.02919 0.05803 0.07519 0.09936 0.41792 0.935 0.045 1582.378 0.02208
-0.02922 0.05809 0.07527 0.09947 0.41899 0.912 0.044 1582.415 0.02210
-0.02925 0.05815 0.07535 0.09958 0.42007 0.897 0.044 1582.452 0.02213
-0.02929 0.05822 0.07543 0.09969 0.42114 0.969 0.045 1582.489 0.02215
-0.02932 0.05828 0.07552 0.09979 0.42222 0.982 0.046 1582.525 0.02217
-0.02935 0.05834 0.07560 0.09990 0.42330 1.011 0.046 1582.562 0.02220
-0.02938 0.05841 0.07568 0.10001 0.42437 0.990 0.046 1582.599 0.02222
-0.02941 0.05847 0.07576 0.10012 0.42545 0.957 0.045 1582.635 0.02225
-0.02945 0.05853 0.07584 0.10023 0.42653 1.005 0.046 1582.672 0.02227
-0.02948 0.05860 0.07593 0.10034 0.42760 0.933 0.044 1582.709 0.02229
-0.02951 0.05866 0.07601 0.10044 0.42868 1.006 0.046 1582.746 0.02232
-0.02954 0.05872 0.07609 0.10055 0.42976 0.938 0.044 1582.782 0.02234
-0.02957 0.05879 0.07617 0.10066 0.43083 0.898 0.043 1582.819 0.02236
-0.02961 0.05885 0.07625 0.10077 0.43191 0.972 0.045 1582.856 0.02239
-0.02964 0.05891 0.07634 0.10088 0.43298 0.899 0.043 1582.892 0.02241
-0.02967 0.05898 0.07642 0.10099 0.43406 0.919 0.044 1582.929 0.02244
-0.02970 0.05904 0.07650 0.10110 0.43514 0.965 0.045 1582.966 0.02246
-0.02973 0.05910 0.07658 0.10120 0.43621 0.986 0.045 1583.003 0.02248
-0.02976 0.05917 0.07667 0.10131 0.43729 0.945 0.044 1583.039 0.02251
-0.02980 0.05923 0.07675 0.10142 0.43837 0.921 0.044 1583.076 0.02253
-0.02983 0.05929 0.07683 0.10153 0.43945 0.948 0.045 1583.113 0.02255
-0.02986 0.05936 0.07691 0.10164 0.44052 1.001 0.046 1583.149 0.02258
-0.02989 0.05942 0.07699 0.10175 0.44160 0.884 0.043 1583.186 0.02260
-0.02992 0.05948 0.07708 0.10186 0.44268 0.958 0.045 1583.223 0.02262
-0.02996 0.05955 0.07716 0.10196 0.44375 0.964 0.045 1583.260 0.02265
-0.02999 0.05961 0.07724 0.10207 0.44483 0.920 0.044 1583.296 0.02267
-0.03002 0.05967 0.07732 0.10218 0.44591 1.007 0.046 1583.333 0.02270
-0.03005 0.05974 0.07740 0.10229 0.44698 0.963 0.045 1583.370 0.02272
-0.03008 0.05980 0.07749 0.10240 0.44806 0.994 0.045 1583.406 0.02274
-0.03012 0.05987 0.07757 0.10251 0.44914 1.025 0.046 1583.443 0.02277
-0.03015 0.05993 0.07765 0.10262 0.45022 0.950 0.044 1583.480 0.02279
-0.03018 0.05999 0.07773 0.10272 0.45129 0.957 0.044 1583.517 0.02281
-0.03021 0.06006 0.07782 0.10283 0.45237 0.903 0.043 1583.553 0.02284
-0.03024 0.06012 0.07790 0.10294 0.45345 0.946 0.044 1583.590 0.02286
-0.03028 0.06018 0.07798 0.10305 0.45452 0.877 0.043 1583.627 0.02289
-0.03031 0.06025 0.07806 0.10316 0.45560 0.898 0.043 1583.663 0.02291
-0.03034 0.06031 0.07814 0.10327 0.45668 0.941 0.044 1583.700 0.02293
-0.03037 0.06037 0.07823 0.10338 0.45776 0.942 0.044 1583.737 0.02296
-0.03040 0.06044 0.07831 0.10348 0.45883 0.977 0.045 1583.774 0.02298
-0.03043 0.06050 0.07839 0.10359 0.45991 0.987 0.045 1583.810 0.02300
-0.03047 0.06056 0.07847 0.10370 0.46099 0.923 0.043 1583.847 0.02303
-0.03050 0.06063 0.07856 0.10381 0.46207 0.955 0.044 1583.884 0.02305
-0.03053 0.06069 0.07864 0.10392 0.46314 0.919 0.043 1583.920 0.02308
-0.03056 0.06075 0.07872 0.10403 0.46422 0.951 0.044 1583.957 0.02310
-0.03059 0.06082 0.07880 0.10414 0.46530 0.967 0.044 1583.994 0.02312
-0.03063 0.06088 0.07888 0.10424 0.46638 0.960 0.044 1584.031 0.02315
-0.03066 0.06094 0.07897 0.10435 0.46746 0.942 0.044 1584.067 0.02317
-0.03069 0.06101 0.07905 0.10446 0.46853 0.933 0.044 1584.104 0.02319
-0.03072 0.06107 0.07913 0.10457 0.46961 0.905 0.043 1584.141 0.02322
-0.03075 0.06113 0.07921 0.10468 0.47069 0.902 0.043 1584.177 0.02324
-0.03079 0.06120 0.07929 0.10479 0.47177 0.932 0.043 1584.214 0.02327
-0.03082 0.06126 0.07938 0.10490 0.47285 0.948 0.044 1584.251 0.02329
-0.03085 0.06132 0.07946 0.10501 0.47392 0.920 0.043 1584.288 0.02331
-0.03088 0.06139 0.07954 0.10511 0.47500 0.985 0.045 1584.324 0.02334
-0.03091 0.06145 0.07962 0.10522 0.47608 1.009 0.045 1584.361 0.02336
-0.03095 0.06151 0.07971 0.10533 0.47716 0.958 0.044 1584.398 0.02338
-0.03098 0.06158 0.07979 0.10544 0.47824 0.961 0.044 1584.434 0.02341
-0.03101 0.06164 0.07987 0.10555 0.47931 0.929 0.043 1584.471 0.02343
-0.03104 0.06170 0.07995 0.10566 0.48039 0.934 0.043 1584.508 0.02345
-0.03107 0.06177 0.08003 0.10577 0.48147 0.849 0.041 1584.544 0.02348
-0.03110 0.06183 0.08012 0.10587 0.48255 1.005 0.045 1584.581 0.02350
-0.03114 0.06190 0.08020 0.10598 0.48363 0.956 0.044 1584.618 0.02353
-0.03117 0.06196 0.08028 0.10609 0.48471 0.943 0.043 1584.655 0.02355
-0.03120 0.06202 0.08036 0.10620 0.48578 0.915 0.043 1584.691 0.02357
-0.03123 0.06209 0.08045 0.10631 0.48686 1.035 0.045 1584.728 0.02360
-0.03126 0.06215 0.08053 0.10642 0.48794 0.893 0.042 1584.765 0.02362
-0.03130 0.06221 0.08061 0.10653 0.48902 1.045 0.046 1584.801 0.02364
-0.03133 0.06228 0.08069 0.10664 0.49010 1.069 0.046 1584.838 0.02367
-0.03136 0.06234 0.08078 0.10674 0.49118 1.031 0.045 1584.875 0.02369
-0.03139 0.06240 0.08086 0.10685 0.49225 1.032 0.045 1584.912 0.02372
-0.03142 0.06247 0.08094 0.10696 0.49333 1.055 0.046 1584.948 0.02374
-0.03146 0.06253 0.08102 0.10707 0.49441 0.956 0.044 1584.985 0.02376
-0.03149 0.06259 0.08110 0.10718 0.49549 0.868 0.041 1585.022 0.02379
-0.03152 0.06266 0.08119 0.10729 0.49657 0.942 0.043 1585.058 0.02381
-0.03155 0.06272 0.08127 0.10740 0.49765 0.935 0.043 1585.095 0.02383
-0.03158 0.06278 0.08135 0.10751 0.49873 1.007 0.045 1585.132 0.02386
-0.03162 0.06285 0.08143 0.10761 0.49981 0.959 0.043 1585.169 0.02388
-0.03165 0.06291 0.08152 0.10772 0.50089 0.930 0.043 1585.205 0.02391
-0.03168 0.06297 0.08160 0.10783 0.50196 0.992 0.044 1585.242 0.02393
-0.03171 0.06304 0.08168 0.10794 0.50304 0.902 0.042 1585.279 0.02395
-0.03174 0.06310 0.08176 0.10805 0.50412 0.921 0.043 1585.315 0.02398
-0.03178 0.06317 0.08185 0.10816 0.50520 0.857 0.041 1585.352 0.02400
-0.03181 0.06323 0.08193 0.10827 0.50628 0.969 0.044 1585.389 0.02402
-0.03184 0.06329 0.08201 0.10838 0.50736 0.912 0.042 1585.426 0.02405
-0.03187 0.06336 0.08209 0.10848 0.50844 0.980 0.044 1585.462 0.02407
-0.03190 0.06342 0.08217 0.10859 0.50952 0.884 0.042 1585.499 0.02410
-0.03194 0.06348 0.08226 0.10870 0.51060 1.033 0.045 1585.536 0.02412
-0.03197 0.06355 0.08234 0.10881 0.51168 0.998 0.044 1585.572 0.02414
-0.03200 0.06361 0.08242 0.10892 0.51276 0.973 0.044 1585.609 0.02417
-0.03203 0.06367 0.08250 0.10903 0.51384 0.916 0.042 1585.646 0.02419
-0.03206 0.06374 0.08259 0.10914 0.51491 0.921 0.042 1585.683 0.02421
-0.03210 0.06380 0.08267 0.10925 0.51599 0.942 0.043 1585.719 0.02424
-0.03213 0.06386 0.08275 0.10935 0.51707 0.943 0.043 1585.756 0.02426
-0.03216 0.06393 0.08283 0.10946 0.51815 0.984 0.044 1585.793 0.02428
-0.03219 0.06399 0.08292 0.10957 0.51923 0.905 0.042 1585.829 0.02431
-0.03222 0.06405 0.08300 0.10968 0.52031 0.922 0.042 1585.866 0.02433
-0.03226 0.06412 0.08308 0.10979 0.52139 0.929 0.042 1585.903 0.02436
-0.03229 0.06418 0.08316 0.10990 0.52247 0.944 0.043 1585.940 0.02438
-0.03232 0.06425 0.08324 0.11001 0.52355 0.886 0.041 1585.976 0.02440
-0.03235 0.06431 0.08333 0.11012 0.52463 0.952 0.043 1586.013 0.02443
-0.03238 0.06437 0.08341 0.11023 0.52571 0.904 0.042 1586.050 0.02445
-0.03242 0.06444 0.08349 0.11033 0.52679 0.915 0.042 1586.086 0.02447
-0.03245 0.06450 0.08357 0.11044 0.52787 0.965 0.043 1586.123 0.02450
-0.03248 0.06456 0.08366 0.11055 0.52895 0.956 0.043 1586.160 0.02452
-0.03251 0.06463 0.08374 0.11066 0.53003 0.953 0.043 1586.197 0.02455
-0.03254 0.06469 0.08382 0.11077 0.53111 0.974 0.043 1586.233 0.02457
-0.03257 0.06475 0.08390 0.11088 0.53219 1.030 0.044 1586.270 0.02459
-0.03261 0.06482 0.08399 0.11099 0.53327 1.001 0.044 1586.307 0.02462
-0.03264 0.06488 0.08407 0.11110 0.53435 0.920 0.042 1586.343 0.02464
-0.03267 0.06494 0.08415 0.11120 0.53543 0.997 0.044 1586.380 0.02466
-0.03270 0.06501 0.08423 0.11131 0.53651 0.973 0.043 1586.417 0.02469
-0.03273 0.06507 0.08432 0.11142 0.53759 0.960 0.043 1586.454 0.02471
-0.03277 0.06514 0.08440 0.11153 0.53867 0.980 0.043 1586.490 0.02474
-0.03280 0.06520 0.08448 0.11164 0.53975 0.948 0.042 1586.527 0.02476
-0.03283 0.06526 0.08456 0.11175 0.54083 0.961 0.043 1586.564 0.02478
-0.03286 0.06533 0.08465 0.11186 0.54191 0.902 0.041 1586.600 0.02481
-0.03289 0.06539 0.08473 0.11197 0.54299 1.006 0.044 1586.637 0.02483
-0.03293 0.06545 0.08481 0.11208 0.54407 1.025 0.044 1586.674 0.02485
-0.03296 0.06552 0.08489 0.11218 0.54515 0.972 0.043 1586.711 0.02488
-0.03299 0.06558 0.08497 0.11229 0.54623 1.004 0.044 1586.747 0.02490
-0.03302 0.06564 0.08506 0.11240 0.54731 0.972 0.043 1586.784 0.02493
-0.03305 0.06571 0.08514 0.11251 0.54839 0.941 0.042 1586.821 0.02495
-0.03309 0.06577 0.08522 0.11262 0.54948 0.940 0.042 1586.857 0.02497
-0.03312 0.06584 0.08530 0.11273 0.55056 1.042 0.044 1586.894 0.02500
-0.03315 0.06590 0.08539 0.11284 0.55164 1.008 0.043 1586.931 0.02502
-0.03318 0.06596 0.08547 0.11295 0.55272 0.973 0.043 1586.968 0.02504
-0.03321 0.06603 0.08555 0.11306 0.55380 1.062 0.045 1587.004 0.02507
-0.03325 0.06609 0.08563 0.11317 0.55488 0.938 0.042 1587.041 0.02509
-0.03328 0.06615 0.08572 0.11327 0.55596 0.964 0.042 1587.078 0.02511
-0.03331 0.06622 0.08580 0.11338 0.55704 0.959 0.042 1587.114 0.02514
-0.03334 0.06628 0.08588 0.11349 0.55812 0.922 0.041 1587.151 0.02516
-0.03337 0.06634 0.08596 0.11360 0.55920 0.983 0.043 1587.188 0.02519
-0.03341 0.06641 0.08605 0.11371 0.56028 0.982 0.043 1587.225 0.02521
-0.03344 0.06647 0.08613 0.11382 0.56136 0.917 0.041 1587.261 0.02523
-0.03347 0.06653 0.08621 0.11393 0.56245 0.926 0.041 1587.298 0.02526
-0.03350 0.06660 0.08629 0.11404 0.56353 0.903 0.041 1587.335 0.02528
-0.03353 0.06666 0.08638 0.11415 0.56461 0.968 0.042 1587.371 0.02530
-0.03357 0.06673 0.08646 0.11425 0.56569 0.966 0.042 1587.408 0.02533
-0.03360 0.06679 0.08654 0.11436 0.56677 0.991 0.043 1587.445 0.02535
-0.03363 0.06685 0.08662 0.11447 0.56785 0.977 0.042 1587.482 0.02538
-0.03366 0.06692 0.08671 0.11458 0.56893 1.024 0.043 1587.518 0.02540
-0.03370 0.06698 0.08679 0.11469 0.57001 0.898 0.041 1587.555 0.02542
-0.03373 0.06704 0.08687 0.11480 0.57109 0.920 0.041 1587.592 0.02545
-0.03376 0.06711 0.08695 0.11491 0.57218 1.008 0.043 1587.628 0.02547
-0.03379 0.06717 0.08704 0.11502 0.57326 0.920 0.041 1587.665 0.02549
-0.03382 0.06724 0.08712 0.11513 0.57434 0.945 0.042 1587.702 0.02552
-0.03386 0.06730 0.08720 0.11524 0.57542 0.959 0.042 1587.739 0.02554
-0.03389 0.06736 0.08728 0.11534 0.57650 1.018 0.043 1587.775 0.02557
-0.03392 0.06743 0.08737 0.11545 0.57758 0.967 0.042 1587.812 0.02559
-0.03395 0.06749 0.08745 0.11556 0.57867 0.926 0.041 1587.849 0.02561
-0.03398 0.06755 0.08753 0.11567 0.57975 1.002 0.043 1587.885 0.02564
-0.03402 0.06762 0.08761 0.11578 0.58083 0.923 0.041 1587.922 0.02566
-0.03405 0.06768 0.08770 0.11589 0.58191 0.946 0.042 1587.959 0.02568
-0.03408 0.06774 0.08778 0.11600 0.58299 1.061 0.044 1587.996 0.02571
-0.03411 0.06781 0.08786 0.11611 0.58407 0.876 0.040 1588.032 0.02573
-0.03414 0.06787 0.08794 0.11622 0.58516 0.963 0.042 1588.069 0.02576
-0.03418 0.06794 0.08803 0.11633 0.58624 0.944 0.041 1588.106 0.02578
-0.03421 0.06800 0.08811 0.11644 0.58732 0.876 0.040 1588.142 0.02580
-0.03424 0.06806 0.08819 0.11654 0.58840 0.893 0.040 1588.179 0.02583
-0.03427 0.06813 0.08827 0.11665 0.58948 0.896 0.040 1588.216 0.02585
-0.03430 0.06819 0.08836 0.11676 0.59057 0.853 0.039 1588.253 0.02587
-0.03434 0.06825 0.08844 0.11687 0.59165 0.921 0.041 1588.289 0.02590
-0.03437 0.06832 0.08852 0.11698 0.59273 0.975 0.042 1588.326 0.02592
-0.03440 0.06838 0.08860 0.11709 0.59381 1.014 0.043 1588.363 0.02594
-0.03443 0.06845 0.08869 0.11720 0.59489 0.980 0.042 1588.399 0.02597
-0.03446 0.06851 0.08877 0.11731 0.59598 0.913 0.041 1588.436 0.02599
-0.03450 0.06857 0.08885 0.11742 0.59706 0.945 0.041 1588.473 0.02602
-0.03453 0.06864 0.08893 0.11753 0.59814 0.920 0.041 1588.510 0.02604
-0.03456 0.06870 0.08902 0.11763 0.59922 0.915 0.041 1588.546 0.02606
-0.03459 0.06876 0.08910 0.11774 0.60030 1.003 0.042 1588.583 0.02609
-0.03462 0.06883 0.08918 0.11785 0.60139 0.914 0.040 1588.620 0.02611
-0.03466 0.06889 0.08926 0.11796 0.60247 0.953 0.041 1588.656 0.02613
-0.03469 0.06895 0.08935 0.11807 0.60355 0.955 0.041 1588.693 0.02616
-0.03472 0.06902 0.08943 0.11818 0.60463 0.966 0.041 1588.730 0.02618
-0.03475 0.06908 0.08951 0.11829 0.60572 0.944 0.041 1588.767 0.02621
-0.03478 0.06915 0.08959 0.11840 0.60680 0.986 0.042 1588.803 0.02623
-0.03482 0.06921 0.08968 0.11851 0.60788 0.941 0.041 1588.840 0.02625
-0.03485 0.06927 0.08976 0.11862 0.60896 1.031 0.043 1588.877 0.02628
-0.03488 0.06934 0.08984 0.11873 0.61005 1.079 0.044 1588.913 0.02630
-0.03491 0.06940 0.08992 0.11884 0.61113 1.061 0.043 1588.950 0.02632
-0.03494 0.06946 0.09001 0.11894 0.61221 1.000 0.042 1588.987 0.02635
-0.03498 0.06953 0.09009 0.11905 0.61330 1.059 0.043 1589.024 0.02637
-0.03501 0.06959 0.09017 0.11916 0.61438 1.011 0.042 1589.060 0.02640
-0.03504 0.06966 0.09025 0.11927 0.61546 0.992 0.042 1589.097 0.02642
-0.03507 0.06972 0.09034 0.11938 0.61654 0.995 0.042 1589.134 0.02644
-0.03510 0.06978 0.09042 0.11949 0.61763 1.037 0.043 1589.170 0.02647
-0.03514 0.06985 0.09050 0.11960 0.61871 0.947 0.041 1589.207 0.02649
-0.03517 0.06991 0.09059 0.11971 0.61979 0.939 0.041 1589.244 0.02651
-0.03520 0.06997 0.09067 0.11982 0.62088 1.032 0.043 1589.281 0.02654
-0.03523 0.07004 0.09075 0.11993 0.62196 1.005 0.042 1589.317 0.02656
-0.03527 0.07010 0.09083 0.12004 0.62304 0.997 0.042 1589.354 0.02659
-0.03530 0.07017 0.09092 0.12014 0.62413 0.994 0.042 1589.391 0.02661
-0.03533 0.07023 0.09100 0.12025 0.62521 1.020 0.042 1589.427 0.02663
-0.03536 0.07029 0.09108 0.12036 0.62629 1.057 0.043 1589.464 0.02666
-0.03539 0.07036 0.09116 0.12047 0.62737 1.024 0.042 1589.501 0.02668
-0.03543 0.07042 0.09125 0.12058 0.62846 1.078 0.043 1589.538 0.02670
-0.03546 0.07048 0.09133 0.12069 0.62954 0.943 0.041 1589.574 0.02673
-0.03549 0.07055 0.09141 0.12080 0.63062 1.053 0.043 1589.611 0.02675
-0.03552 0.07061 0.09149 0.12091 0.63171 0.969 0.041 1589.648 0.02677
-0.03555 0.07068 0.09158 0.12102 0.63279 0.963 0.041 1589.684 0.02680
-0.03559 0.07074 0.09166 0.12113 0.63388 1.065 0.043 1589.721 0.02682
-0.03562 0.07080 0.09174 0.12124 0.63496 1.057 0.043 1589.758 0.02685
-0.03565 0.07087 0.09182 0.12135 0.63604 1.032 0.042 1589.794 0.02687
-0.03568 0.07093 0.09191 0.12146 0.63713 1.111 0.044 1589.831 0.02689
-0.03571 0.07099 0.09199 0.12156 0.63821 1.053 0.043 1589.868 0.02692
-0.03575 0.07106 0.09207 0.12167 0.63929 1.038 0.042 1589.905 0.02694
-0.03578 0.07112 0.09216 0.12178 0.64038 1.078 0.043 1589.941 0.02696
-0.03581 0.07119 0.09224 0.12189 0.64146 1.092 0.043 1589.978 0.02699
-0.03584 0.07125 0.09232 0.12200 0.64254 0.952 0.040 1590.015 0.02701
-0.03587 0.07131 0.09240 0.12211 0.64363 1.018 0.042 1590.051 0.02704
-0.03591 0.07138 0.09249 0.12222 0.64471 1.037 0.042 1590.088 0.02706
-0.03594 0.07144 0.09257 0.12233 0.64580 1.092 0.043 1590.125 0.02708
-0.03597 0.07151 0.09265 0.12244 0.64688 0.989 0.041 1590.162 0.02711
-0.03600 0.07157 0.09273 0.12255 0.64796 0.984 0.041 1590.198 0.02713
-0.03604 0.07163 0.09282 0.12266 0.64905 0.961 0.041 1590.235 0.02715
-0.03607 0.07170 0.09290 0.12277 0.65013 1.089 0.040 1590.272 0.02718
-0.03610 0.07176 0.09298 0.12288 0.65122 0.914 0.036 1590.308 0.02720
-0.03613 0.07182 0.09306 0.12298 0.65230 0.955 0.036 1590.345 0.02723
-0.03616 0.07189 0.09315 0.12309 0.65338 0.960 0.036 1590.382 0.02725
-0.03620 0.07195 0.09323 0.12320 0.65447 1.012 0.036 1590.419 0.02727
-0.03623 0.07202 0.09331 0.12331 0.65555 1.009 0.034 1590.455 0.02730
-0.03626 0.07208 0.09340 0.12342 0.65664 0.948 0.033 1590.492 0.02732
-0.03629 0.07214 0.09348 0.12353 0.65772 0.935 0.033 1590.529 0.02734
-0.03632 0.07221 0.09356 0.12364 0.65881 0.965 0.033 1590.565 0.02737
-0.03636 0.07227 0.09364 0.12375 0.65989 0.999 0.034 1590.602 0.02739
-0.03639 0.07233 0.09373 0.12386 0.66097 1.017 0.034 1590.639 0.02742
-0.03642 0.07240 0.09381 0.12397 0.66206 0.969 0.033 1590.676 0.02744
-0.03645 0.07246 0.09389 0.12408 0.66314 0.959 0.033 1590.712 0.02746
-0.03648 0.07253 0.09397 0.12419 0.66423 1.028 0.034 1590.749 0.02749
-0.03652 0.07259 0.09406 0.12430 0.66531 1.083 0.035 1590.786 0.02751
-0.03655 0.07265 0.09414 0.12441 0.66640 1.013 0.034 1590.822 0.02753
-0.03658 0.07272 0.09422 0.12451 0.66748 0.954 0.033 1590.859 0.02756
-0.03661 0.07278 0.09431 0.12462 0.66857 1.002 0.034 1590.896 0.02758
-0.03665 0.07285 0.09439 0.12473 0.66965 0.988 0.033 1590.933 0.02760
-0.03668 0.07291 0.09447 0.12484 0.67074 0.941 0.033 1590.969 0.02763
-0.03671 0.07297 0.09455 0.12495 0.67182 0.990 0.033 1591.006 0.02765
-0.03674 0.07304 0.09464 0.12506 0.67290 0.919 0.032 1591.043 0.02768
-0.03677 0.07310 0.09472 0.12517 0.67399 0.981 0.033 1591.079 0.02770
-0.03681 0.07316 0.09480 0.12528 0.67507 1.047 0.034 1591.116 0.02772
-0.03684 0.07323 0.09488 0.12539 0.67616 0.976 0.033 1591.153 0.02775
-0.03687 0.07329 0.09497 0.12550 0.67724 1.031 0.034 1591.190 0.02777
-0.03690 0.07336 0.09505 0.12561 0.67833 1.068 0.035 1591.226 0.02779
-0.03693 0.07342 0.09513 0.12572 0.67941 1.002 0.034 1591.263 0.02782
-0.03697 0.07348 0.09522 0.12583 0.68050 1.017 0.034 1591.300 0.02784
-0.03700 0.07355 0.09530 0.12594 0.68158 0.975 0.033 1591.336 0.02787
-0.03703 0.07361 0.09538 0.12605 0.68267 0.970 0.033 1591.373 0.02789
-0.03706 0.07368 0.09546 0.12616 0.68375 0.994 0.033 1591.410 0.02791
-0.03710 0.07374 0.09555 0.12626 0.68484 0.993 0.033 1591.447 0.02794
-0.03713 0.07380 0.09563 0.12637 0.68593 1.070 0.035 1591.483 0.02796
-0.03716 0.07387 0.09571 0.12648 0.68701 1.037 0.034 1591.520 0.02798
-0.03719 0.07393 0.09579 0.12659 0.68810 0.967 0.033 1591.557 0.02801
-0.03722 0.07400 0.09588 0.12670 0.68918 1.033 0.034 1591.593 0.02803
-0.03726 0.07406 0.09596 0.12681 0.69027 0.968 0.033 1591.630 0.02806
-0.03729 0.07412 0.09604 0.12692 0.69135 1.026 0.034 1591.667 0.02808
-0.03732 0.07419 0.09613 0.12703 0.69244 0.994 0.033 1591.704 0.02810
-0.03735 0.07425 0.09621 0.12714 0.69352 1.071 0.034 1591.740 0.02813
-0.03738 0.07431 0.09629 0.12725 0.69461 1.015 0.034 1591.777 0.02815
-0.03742 0.07438 0.09637 0.12736 0.69569 1.087 0.035 1591.814 0.02817
-0.03745 0.07444 0.09646 0.12747 0.69678 1.015 0.033 1591.850 0.02820
-0.03748 0.07451 0.09654 0.12758 0.69787 1.009 0.033 1591.887 0.02822
-0.03751 0.07457 0.09662 0.12769 0.69895 0.991 0.033 1591.924 0.02825
-0.03755 0.07463 0.09671 0.12780 0.70004 0.963 0.033 1591.961 0.02827
-0.03758 0.07470 0.09679 0.12791 0.70112 0.995 0.033 1591.997 0.02829
-0.03761 0.07476 0.09687 0.12802 0.70221 0.972 0.033 1592.034 0.02832
-0.03764 0.07483 0.09695 0.12812 0.70329 1.026 0.034 1592.071 0.02834
-0.03767 0.07489 0.09704 0.12823 0.70438 1.023 0.033 1592.107 0.02836
-0.03771 0.07495 0.09712 0.12834 0.70547 1.004 0.033 1592.144 0.02839
-0.03774 0.07502 0.09720 0.12845 0.70655 0.976 0.033 1592.181 0.02841
-0.03777 0.07508 0.09729 0.12856 0.70764 1.051 0.034 1592.218 0.02843
-0.03780 0.07515 0.09737 0.12867 0.70872 0.977 0.034 1592.254 0.02846
-0.03783 0.07521 0.09745 0.12878 0.70981 0.948 0.032 1592.291 0.02848
-0.03787 0.07527 0.09753 0.12889 0.71090 0.971 0.033 1592.328 0.02851
-0.03790 0.07534 0.09762 0.12900 0.71198 0.990 0.033 1592.364 0.02853
-0.03793 0.07540 0.09770 0.12911 0.71307 0.960 0.032 1592.401 0.02855
-0.03796 0.07547 0.09778 0.12922 0.71415 0.889 0.031 1592.438 0.02858
-0.03800 0.07553 0.09787 0.12933 0.71524 0.934 0.032 1592.475 0.02860
-0.03803 0.07559 0.09795 0.12944 0.71633 0.896 0.031 1592.511 0.02862
-0.03806 0.07566 0.09803 0.12955 0.71741 0.952 0.032 1592.548 0.02865
-0.03809 0.07572 0.09811 0.12966 0.71850 0.918 0.033 1592.585 0.02867
-0.03812 0.07579 0.09820 0.12977 0.71959 0.888 0.034 1592.621 0.02870
-0.03816 0.07585 0.09828 0.12988 0.72067 0.926 0.035 1592.658 0.02872
-0.03819 0.07591 0.09836 0.12999 0.72176 0.926 0.035 1592.695 0.02874
-0.03822 0.07598 0.09845 0.13010 0.72284 0.936 0.035 1592.732 0.02877
-0.03825 0.07604 0.09853 0.13020 0.72393 0.985 0.036 1592.768 0.02879
-0.03829 0.07610 0.09861 0.13031 0.72502 0.957 0.035 1592.805 0.02881
-0.03832 0.07617 0.09869 0.13042 0.72610 0.906 0.034 1592.842 0.02884
-0.03835 0.07623 0.09878 0.13053 0.72719 0.915 0.037 1592.878 0.02886
-0.03838 0.07630 0.09886 0.13064 0.72828 1.005 0.040 1592.915 0.02889
-0.03841 0.07636 0.09894 0.13075 0.72936 0.939 0.039 1592.952 0.02891
-0.03845 0.07642 0.09903 0.13086 0.73045 1.029 0.041 1592.989 0.02893
-0.03848 0.07649 0.09911 0.13097 0.73154 1.090 0.042 1593.025 0.02896
-0.03851 0.07655 0.09919 0.13108 0.73263 1.027 0.041 1593.062 0.02898
-0.03854 0.07662 0.09927 0.13119 0.73371 1.004 0.040 1593.099 0.02900
-0.03857 0.07668 0.09936 0.13130 0.73480 0.976 0.040 1593.135 0.02903
-0.03861 0.07674 0.09944 0.13141 0.73589 0.960 0.039 1593.172 0.02905
-0.03864 0.07681 0.09952 0.13152 0.73697 1.056 0.041 1593.209 0.02908
-0.03867 0.07687 0.09961 0.13163 0.73806 1.014 0.040 1593.246 0.02910
-0.03870 0.07694 0.09969 0.13174 0.73915 1.019 0.040 1593.282 0.02912
-0.03874 0.07700 0.09977 0.13185 0.74023 1.078 0.041 1593.319 0.02915
-0.03877 0.07706 0.09985 0.13196 0.74132 0.991 0.040 1593.356 0.02917
-0.03880 0.07713 0.09994 0.13207 0.74241 0.992 0.040 1593.392 0.02919
-0.03883 0.07719 0.10002 0.13218 0.74350 1.020 0.040 1593.429 0.02922
-0.03886 0.07726 0.10010 0.13229 0.74458 1.009 0.040 1593.466 0.02924
-0.03890 0.07732 0.10019 0.13240 0.74567 1.062 0.041 1593.503 0.02926
-0.03893 0.07738 0.10027 0.13251 0.74676 1.032 0.040 1593.539 0.02929
-0.03896 0.07745 0.10035 0.13262 0.74784 0.979 0.043 1593.576 0.02931
-0.03899 0.07751 0.10044 0.13272 0.74893 0.925 0.044 1593.613 0.02934
-0.03903 0.07758 0.10052 0.13283 0.75002 1.030 0.046 1593.649 0.02936
-0.03906 0.07764 0.10060 0.13294 0.75111 0.966 0.045 1593.686 0.02938
-0.03909 0.07770 0.10068 0.13305 0.75219 0.967 0.052 1593.723 0.02941
-0.03912 0.07777 0.10077 0.13316 0.75328 0.991 0.049 1593.760 0.02943
-0.03915 0.07783 0.10085 0.13327 0.75437 1.040 0.047 1593.796 0.02945
-0.03919 0.07790 0.10093 0.13338 0.75546 1.132 0.049 1593.833 0.02948
-0.03922 0.07796 0.10102 0.13349 0.75654 0.965 0.045 1593.870 0.02950
-0.03925 0.07802 0.10110 0.13360 0.75763 0.976 0.043 1593.906 0.02953
-0.03928 0.07809 0.10118 0.13371 0.75872 1.019 0.040 1593.943 0.02955
-0.03932 0.07815 0.10126 0.13382 0.75981 1.035 0.040 1593.980 0.02957
-0.03935 0.07822 0.10135 0.13393 0.76090 0.946 0.039 1594.017 0.02960
-0.03938 0.07828 0.10143 0.13404 0.76198 0.995 0.039 1594.053 0.02962
-0.03941 0.07834 0.10151 0.13415 0.76307 1.014 0.040 1594.090 0.02964
-0.03944 0.07841 0.10160 0.13426 0.76416 0.991 0.039 1594.127 0.02967
-0.03948 0.07847 0.10168 0.13437 0.76525 1.054 0.041 1594.163 0.02969
-0.03951 0.07854 0.10176 0.13448 0.76633 0.971 0.039 1594.200 0.02972
-0.03954 0.07860 0.10185 0.13459 0.76742 0.987 0.039 1594.237 0.02974
-0.03957 0.07867 0.10193 0.13470 0.76851 0.995 0.039 1594.274 0.02976
-0.03961 0.07873 0.10201 0.13481 0.76960 1.065 0.041 1594.310 0.02979
-0.03964 0.07879 0.10209 0.13492 0.77069 0.991 0.039 1594.347 0.02981
-0.03967 0.07886 0.10218 0.13503 0.77177 1.026 0.040 1594.384 0.02983
-0.03970 0.07892 0.10226 0.13514 0.77286 1.023 0.040 1594.420 0.02986
-0.03973 0.07899 0.10234 0.13525 0.77395 1.025 0.040 1594.457 0.02988
-0.03977 0.07905 0.10243 0.13536 0.77504 1.005 0.039 1594.494 0.02991
-0.03980 0.07911 0.10251 0.13547 0.77613 1.044 0.040 1594.531 0.02993
-0.03983 0.07918 0.10259 0.13558 0.77722 0.971 0.039 1594.567 0.02995
-0.03986 0.07924 0.10268 0.13569 0.77830 1.072 0.041 1594.604 0.02998
-0.03990 0.07931 0.10276 0.13580 0.77939 0.966 0.039 1594.641 0.03000
-0.03993 0.07937 0.10284 0.13590 0.78048 0.941 0.038 1594.677 0.03002
-0.03996 0.07943 0.10292 0.13601 0.78157 0.953 0.038 1594.714 0.03005
-0.03999 0.07950 0.10301 0.13612 0.78266 0.922 0.038 1594.751 0.03007
-0.04002 0.07956 0.10309 0.13623 0.78375 0.940 0.038 1594.788 0.03009
-0.04006 0.07963 0.10317 0.13634 0.78484 0.925 0.038 1594.824 0.03012
-0.04009 0.07969 0.10326 0.13645 0.78592 1.081 0.041 1594.861 0.03014
-0.04012 0.07975 0.10334 0.13656 0.78701 1.021 0.040 1594.898 0.03017
-0.04015 0.07982 0.10342 0.13667 0.78810 0.992 0.039 1594.934 0.03019
-0.04019 0.07988 0.10351 0.13678 0.78919 1.023 0.040 1594.971 0.03021
-0.04022 0.07995 0.10359 0.13689 0.79028 1.002 0.039 1595.008 0.03024
-0.04025 0.08001 0.10367 0.13700 0.79137 1.009 0.039 1595.044 0.03026
-0.04028 0.08007 0.10375 0.13711 0.79246 1.033 0.040 1595.081 0.03028
-0.04031 0.08014 0.10384 0.13722 0.79355 0.988 0.039 1595.118 0.03031
-0.04035 0.08020 0.10392 0.13733 0.79463 0.961 0.038 1595.155 0.03033
-0.04038 0.08027 0.10400 0.13744 0.79572 0.924 0.037 1595.191 0.03036
-0.04041 0.08033 0.10409 0.13755 0.79681 1.061 0.040 1595.228 0.03038
-0.04044 0.08040 0.10417 0.13766 0.79790 0.921 0.037 1595.265 0.03040
-0.04048 0.08046 0.10425 0.13777 0.79899 0.996 0.039 1595.301 0.03043
-0.04051 0.08052 0.10434 0.13788 0.80008 0.997 0.039 1595.338 0.03045
-0.04054 0.08059 0.10442 0.13799 0.80117 0.984 0.039 1595.375 0.03047
-0.04057 0.08065 0.10450 0.13810 0.80226 0.924 0.037 1595.412 0.03050
-0.04060 0.08072 0.10459 0.13821 0.80335 1.002 0.039 1595.448 0.03052
-0.04064 0.08078 0.10467 0.13832 0.80444 0.947 0.038 1595.485 0.03055
-0.04067 0.08084 0.10475 0.13843 0.80553 0.998 0.039 1595.522 0.03057
-0.04070 0.08091 0.10483 0.13854 0.80661 0.947 0.038 1595.558 0.03059
-0.04073 0.08097 0.10492 0.13865 0.80770 1.098 0.041 1595.595 0.03062
-0.04077 0.08104 0.10500 0.13876 0.80879 1.072 0.040 1595.632 0.03064
-0.04080 0.08110 0.10508 0.13887 0.80988 1.037 0.039 1595.669 0.03066
-0.04083 0.08116 0.10517 0.13898 0.81097 0.950 0.038 1595.705 0.03069
-0.04086 0.08123 0.10525 0.13909 0.81206 1.006 0.039 1595.742 0.03071
-0.04089 0.08129 0.10533 0.13920 0.81315 1.032 0.039 1595.779 0.03073
-0.04093 0.08136 0.10542 0.13931 0.81424 0.970 0.038 1595.815 0.03076
-0.04096 0.08142 0.10550 0.13942 0.81533 0.998 0.039 1595.852 0.03078
-0.04099 0.08149 0.10558 0.13953 0.81642 0.916 0.037 1595.889 0.03081
-0.04102 0.08155 0.10567 0.13964 0.81751 1.000 0.039 1595.926 0.03083
-0.04106 0.08161 0.10575 0.13975 0.81860 0.921 0.037 1595.962 0.03085
-0.04109 0.08168 0.10583 0.13986 0.81969 0.958 0.038 1595.999 0.03088
-0.04112 0.08174 0.10592 0.13997 0.82078 1.015 0.039 1596.036 0.03090
-0.04115 0.08181 0.10600 0.14008 0.82187 0.852 0.036 1596.072 0.03092
-0.04119 0.08187 0.10608 0.14019 0.82296 0.961 0.038 1596.109 0.03095
-0.04122 0.08193 0.10616 0.14030 0.82405 0.933 0.037 1596.146 0.03097
-0.04125 0.08200 0.10625 0.14041 0.82514 1.027 0.039 1596.183 0.03100
-0.04128 0.08206 0.10633 0.14052 0.82623 0.994 0.038 1596.219 0.03102
-0.04131 0.08213 0.10641 0.14063 0.82732 1.030 0.039 1596.256 0.03104
-0.04135 0.08219 0.10650 0.14074 0.82841 1.025 0.039 1596.293 0.03107
-0.04138 0.08226 0.10658 0.14085 0.82950 1.000 0.038 1596.329 0.03109
-0.04141 0.08232 0.10666 0.14096 0.83059 0.979 0.038 1596.366 0.03111
-0.04144 0.08238 0.10675 0.14107 0.83168 0.982 0.038 1596.403 0.03114
-0.04148 0.08245 0.10683 0.14118 0.83277 1.052 0.039 1596.440 0.03116
-0.04151 0.08251 0.10691 0.14129 0.83386 1.064 0.040 1596.476 0.03119
-0.04154 0.08258 0.10700 0.14139 0.83495 0.969 0.038 1596.513 0.03121
-0.04157 0.08264 0.10708 0.14150 0.83604 1.011 0.039 1596.550 0.03123
-0.04160 0.08270 0.10716 0.14161 0.83713 1.030 0.039 1596.586 0.03126
-0.04164 0.08277 0.10725 0.14172 0.83822 1.056 0.039 1596.623 0.03128
-0.04167 0.08283 0.10733 0.14183 0.83931 1.055 0.039 1596.660 0.03130
-0.04170 0.08290 0.10741 0.14194 0.84040 1.086 0.040 1596.697 0.03133
-0.04173 0.08296 0.10749 0.14205 0.84149 1.073 0.040 1596.733 0.03135
-0.04177 0.08303 0.10758 0.14216 0.84258 1.033 0.039 1596.770 0.03138
-0.04180 0.08309 0.10766 0.14227 0.84367 0.978 0.038 1596.807 0.03140
-0.04183 0.08315 0.10774 0.14238 0.84476 1.015 0.038 1596.843 0.03142
-0.04186 0.08322 0.10783 0.14249 0.84585 0.995 0.038 1596.880 0.03145
-0.04190 0.08328 0.10791 0.14260 0.84695 0.969 0.038 1596.917 0.03147
-0.04193 0.08335 0.10799 0.14271 0.84804 0.959 0.037 1596.954 0.03149
-0.04196 0.08341 0.10808 0.14282 0.84913 0.939 0.037 1596.990 0.03152
-0.04199 0.08347 0.10816 0.14293 0.85022 1.024 0.039 1597.027 0.03154
-0.04202 0.08354 0.10824 0.14304 0.85131 1.114 0.040 1597.064 0.03156
-0.04206 0.08360 0.10833 0.14315 0.85240 1.070 0.039 1597.100 0.03159
-0.04209 0.08367 0.10841 0.14326 0.85349 1.057 0.039 1597.137 0.03161
-0.04212 0.08373 0.10849 0.14337 0.85458 1.014 0.038 1597.174 0.03164
-0.04215 0.08380 0.10858 0.14348 0.85567 1.046 0.039 1597.211 0.03166
-0.04219 0.08386 0.10866 0.14359 0.85676 1.023 0.038 1597.247 0.03168
-0.04222 0.08392 0.10874 0.14370 0.85785 0.964 0.037 1597.284 0.03171
-0.04225 0.08399 0.10883 0.14381 0.85894 0.999 0.038 1597.321 0.03173
-0.04228 0.08405 0.10891 0.14392 0.86004 1.019 0.038 1597.357 0.03175
-0.04232 0.08412 0.10899 0.14403 0.86113 0.937 0.037 1597.394 0.03178
-0.04235 0.08418 0.10908 0.14414 0.86222 0.965 0.037 1597.431 0.03180
-0.04238 0.08425 0.10916 0.14425 0.86331 0.912 0.036 1597.468 0.03183
-0.04241 0.08431 0.10924 0.14436 0.86440 0.958 0.037 1597.504 0.03185
-0.04244 0.08437 0.10933 0.14447 0.86549 0.893 0.036 1597.541 0.03187
-0.04248 0.08444 0.10941 0.14458 0.86658 0.971 0.037 1597.578 0.03190
-0.04251 0.08450 0.10949 0.14469 0.86767 0.968 0.037 1597.614 0.03192
-0.04254 0.08457 0.10958 0.14480 0.86877 0.998 0.038 1597.651 0.03194
-0.04257 0.08463 0.10966 0.14491 0.86986 0.986 0.037 1597.688 0.03197
-0.04261 0.08470 0.10974 0.14502 0.87095 0.975 0.037 1597.725 0.03199
-0.04264 0.08476 0.10982 0.14513 0.87204 1.034 0.038 1597.761 0.03202
-0.04267 0.08482 0.10991 0.14524 0.87313 1.015 0.038 1597.798 0.03204
-0.04270 0.08489 0.10999 0.14535 0.87422 0.988 0.037 1597.835 0.03206
-0.04274 0.08495 0.11007 0.14546 0.87532 1.024 0.038 1597.871 0.03209
-0.04277 0.08502 0.11016 0.14557 0.87641 0.995 0.038 1597.908 0.03211
-0.04280 0.08508 0.11024 0.14568 0.87750 0.930 0.036 1597.945 0.03213
-0.04283 0.08514 0.11032 0.14579 0.87859 0.986 0.037 1597.982 0.03216
-0.04287 0.08521 0.11041 0.14590 0.87968 0.947 0.037 1598.018 0.03218
-0.04290 0.08527 0.11049 0.14601 0.88077 0.859 0.035 1598.055 0.03221
-0.04293 0.08534 0.11057 0.14612 0.88187 0.858 0.035 1598.092 0.03223
-0.04296 0.08540 0.11066 0.14623 0.88296 0.957 0.037 1598.128 0.03225
-0.04299 0.08547 0.11074 0.14634 0.88405 0.947 0.036 1598.165 0.03228
-0.04303 0.08553 0.11082 0.14645 0.88514 0.956 0.037 1598.202 0.03230
-0.04306 0.08559 0.11091 0.14656 0.88623 0.915 0.036 1598.239 0.03232
-0.04309 0.08566 0.11099 0.14667 0.88733 0.956 0.037 1598.275 0.03235
-0.04312 0.08572 0.11107 0.14678 0.88842 0.966 0.039 1598.312 0.03237
-0.04316 0.08579 0.11116 0.14689 0.88951 0.926 0.036 1598.349 0.03239
-0.04319 0.08585 0.11124 0.14700 0.89060 0.941 0.036 1598.385 0.03242
-0.04322 0.08592 0.11132 0.14711 0.89169 0.954 0.037 1598.422 0.03244
-0.04325 0.08598 0.11141 0.14722 0.89279 0.937 0.036 1598.459 0.03247
-0.04329 0.08604 0.11149 0.14733 0.89388 0.942 0.036 1598.496 0.03249
-0.04332 0.08611 0.11157 0.14744 0.89497 0.962 0.037 1598.532 0.03251
-0.04335 0.08617 0.11166 0.14755 0.89606 0.951 0.036 1598.569 0.03254
-0.04338 0.08624 0.11174 0.14766 0.89716 0.900 0.035 1598.606 0.03256
-0.04341 0.08630 0.11182 0.14778 0.89825 0.995 0.037 1598.642 0.03258
-0.04345 0.08637 0.11191 0.14789 0.89934 1.024 0.038 1598.679 0.03261
-0.04348 0.08643 0.11199 0.14800 0.90043 0.944 0.036 1598.716 0.03263
-0.04351 0.08649 0.11207 0.14811 0.90153 0.933 0.036 1598.753 0.03266
-0.04354 0.08656 0.11216 0.14822 0.90262 0.892 0.035 1598.789 0.03268
-0.04358 0.08662 0.11224 0.14833 0.90371 1.004 0.037 1598.826 0.03270
-0.04361 0.08669 0.11232 0.14844 0.90480 0.914 0.036 1598.863 0.03273
-0.04364 0.08675 0.11241 0.14855 0.90590 1.013 0.037 1598.899 0.03275
-0.04367 0.08682 0.11249 0.14866 0.90699 0.914 0.035 1598.936 0.03277
-0.04371 0.08688 0.11257 0.14877 0.90808 0.929 0.036 1598.973 0.03280
-0.04374 0.08695 0.11266 0.14888 0.90917 0.891 0.035 1599.010 0.03282
-0.04377 0.08701 0.11274 0.14899 0.91027 0.929 0.036 1599.046 0.03285
-0.04380 0.08707 0.11282 0.14910 0.91136 0.939 0.036 1599.083 0.03287
-0.04384 0.08714 0.11291 0.14921 0.91245 0.974 0.037 1599.120 0.03289
-0.04387 0.08720 0.11299 0.14932 0.91355 0.891 0.035 1599.156 0.03292
-0.04390 0.08727 0.11307 0.14943 0.91464 0.989 0.037 1599.193 0.03294
-0.04393 0.08733 0.11316 0.14954 0.91573 0.893 0.035 1599.230 0.03296
-0.04396 0.08740 0.11324 0.14965 0.91682 0.922 0.035 1599.267 0.03299
-0.04400 0.08746 0.11332 0.14976 0.91792 0.904 0.035 1599.303 0.03301
-0.04403 0.08752 0.11341 0.14987 0.91901 0.922 0.035 1599.340 0.03304
-0.04406 0.08759 0.11349 0.14998 0.92010 0.914 0.035 1599.377 0.03306
-0.04409 0.08765 0.11357 0.15009 0.92120 0.892 0.035 1599.413 0.03308
-0.04413 0.08772 0.11366 0.15020 0.92229 0.863 0.034 1599.450 0.03311
-0.04416 0.08778 0.11374 0.15031 0.92338 0.915 0.035 1599.487 0.03313
-0.04419 0.08785 0.11382 0.15042 0.92448 0.879 0.035 1599.524 0.03315
-0.04422 0.08791 0.11391 0.15053 0.92557 0.893 0.035 1599.560 0.03318
-0.04426 0.08797 0.11399 0.15064 0.92666 0.857 0.034 1599.597 0.03320
-0.04429 0.08804 0.11407 0.15075 0.92776 0.819 0.033 1599.634 0.03322
-0.04432 0.08810 0.11416 0.15086 0.92885 0.834 0.034 1599.670 0.03325
-0.04435 0.08817 0.11424 0.15097 0.92994 0.881 0.034 1599.707 0.03327
-0.04439 0.08823 0.11432 0.15108 0.93104 0.963 0.036 1599.744 0.03330
-0.04442 0.08830 0.11441 0.15119 0.93213 0.872 0.034 1599.781 0.03332
-0.04445 0.08836 0.11449 0.15130 0.93322 0.887 0.035 1599.817 0.03334
-0.04448 0.08843 0.11457 0.15141 0.93432 0.885 0.035 1599.854 0.03337
-0.04452 0.08849 0.11466 0.15152 0.93541 0.873 0.034 1599.891 0.03339
-0.04455 0.08855 0.11474 0.15163 0.93650 0.842 0.034 1599.927 0.03341
-0.04458 0.08862 0.11483 0.15174 0.93760 0.848 0.034 1599.964 0.03344
-0.04461 0.08868 0.11491 0.15185 0.93869 0.916 0.035 1600.001 0.03346
-0.04464 0.08875 0.11499 0.15196 0.93979 0.896 0.035 1600.038 0.03349
-0.04468 0.08881 0.11508 0.15207 0.94088 0.932 0.035 1600.074 0.03351
-0.04471 0.08888 0.11516 0.15218 0.94197 0.823 0.033 1600.111 0.03353
-0.04474 0.08894 0.11524 0.15229 0.94307 0.874 0.034 1600.148 0.03356
-0.04477 0.08900 0.11533 0.15240 0.94416 0.844 0.034 1600.184 0.03358
-0.04481 0.08907 0.11541 0.15251 0.94526 0.864 0.034 1600.221 0.03360
-0.04484 0.08913 0.11549 0.15262 0.94635 0.820 0.033 1600.258 0.03363
-0.04487 0.08920 0.11558 0.15273 0.94744 0.798 0.033 1600.294 0.03365
-0.04490 0.08926 0.11566 0.15284 0.94854 0.857 0.034 1600.331 0.03368
-0.04494 0.08933 0.11574 0.15295 0.94963 0.864 0.034 1600.368 0.03370
-0.04497 0.08939 0.11583 0.15306 0.95073 0.857 0.034 1600.405 0.03372
-0.04500 0.08946 0.11591 0.15317 0.95182 0.796 0.032 1600.441 0.03375
-0.04503 0.08952 0.11599 0.15329 0.95291 0.811 0.033 1600.478 0.03377
-0.04507 0.08958 0.11608 0.15340 0.95401 0.805 0.033 1600.515 0.03379
-0.04510 0.08965 0.11616 0.15351 0.95510 0.793 0.032 1600.551 0.03382
-0.04513 0.08971 0.11624 0.15362 0.95620 0.818 0.033 1600.588 0.03384
-0.04516 0.08978 0.11633 0.15373 0.95729 0.807 0.033 1600.625 0.03387
-0.04520 0.08984 0.11641 0.15384 0.95839 0.766 0.032 1600.662 0.03389
-0.04523 0.08991 0.11649 0.15395 0.95948 0.821 0.033 1600.698 0.03391
-0.04526 0.08997 0.11658 0.15406 0.96057 0.876 0.034 1600.735 0.03394
-0.04529 0.09004 0.11666 0.15417 0.96167 0.823 0.033 1600.772 0.03396
-0.04533 0.09010 0.11674 0.15428 0.96276 0.895 0.034 1600.808 0.03398
-0.04536 0.09016 0.11683 0.15439 0.96386 0.789 0.032 1600.845 0.03401
-0.04539 0.09023 0.11691 0.15450 0.96495 0.842 0.033 1600.882 0.03403
-0.04542 0.09029 0.11700 0.15461 0.96605 0.824 0.033 1600.919 0.03405
-0.04545 0.09036 0.11708 0.15472 0.96714 0.801 0.032 1600.955 0.03408
-0.04549 0.09042 0.11716 0.15483 0.96824 0.806 0.032 1600.992 0.03410
-0.04552 0.09049 0.11725 0.15494 0.96933 0.796 0.032 1601.029 0.03413
-0.04555 0.09055 0.11733 0.15505 0.97043 0.776 0.032 1601.065 0.03415
-0.04558 0.09062 0.11741 0.15516 0.97152 0.845 0.033 1601.102 0.03417
-0.04562 0.09068 0.11750 0.15527 0.97262 0.762 0.032 1601.139 0.03420
-0.04565 0.09074 0.11758 0.15538 0.97371 0.738 0.031 1601.176 0.03422
-0.04568 0.09081 0.11766 0.15549 0.97481 0.768 0.032 1601.212 0.03424
-0.04571 0.09087 0.11775 0.15560 0.97590 0.778 0.032 1601.249 0.03427
-0.04575 0.09094 0.11783 0.15571 0.97700 0.782 0.032 1601.286 0.03429
-0.04578 0.09100 0.11791 0.15582 0.97809 0.817 0.033 1601.322 0.03432
-0.04581 0.09107 0.11800 0.15593 0.97919 0.778 0.032 1601.359 0.03434
-0.04584 0.09113 0.11808 0.15604 0.98028 0.833 0.033 1601.396 0.03436
-0.04588 0.09120 0.11816 0.15615 0.98138 0.883 0.034 1601.433 0.03439
-0.04591 0.09126 0.11825 0.15626 0.98247 0.765 0.031 1601.469 0.03441
-0.04594 0.09132 0.11833 0.15637 0.98357 0.755 0.031 1601.506 0.03443
-0.04597 0.09139 0.11841 0.15649 0.98466 0.798 0.032 1601.543 0.03446
-0.04601 0.09145 0.11850 0.15660 0.98576 0.739 0.030 1601.579 0.03448
-0.04604 0.09152 0.11858 0.15671 0.98685 0.758 0.028 1601.616 0.03451
-0.04607 0.09158 0.11867 0.15682 0.98795 0.853 0.030 1601.653 0.03453
-0.04610 0.09165 0.11875 0.15693 0.98904 0.813 0.029 1601.690 0.03455
-0.04614 0.09171 0.11883 0.15704 0.99014 0.778 0.028 1601.726 0.03458
-0.04617 0.09178 0.11892 0.15715 0.99123 0.802 0.029 1601.763 0.03460
-0.04620 0.09184 0.11900 0.15726 0.99233 0.819 0.029 1601.800 0.03462
-0.04623 0.09190 0.11908 0.15737 0.99343 0.839 0.029 1601.836 0.03465
-0.04627 0.09197 0.11917 0.15748 0.99452 0.795 0.028 1601.873 0.03467
-0.04630 0.09203 0.11925 0.15759 0.99562 0.777 0.026 1601.910 0.03470
-0.04633 0.09210 0.11933 0.15770 0.99671 0.810 0.026 1601.947 0.03472
-0.04636 0.09216 0.11942 0.15781 0.99781 0.798 0.026 1601.983 0.03474
-0.04640 0.09223 0.11950 0.15792 0.99890 0.791 0.026 1602.020 0.03477
-0.04643 0.09229 0.11958 0.15803 1.00000 0.794 0.026 1602.057 0.03479
