x y z dist_scaled dist_frac flux_norm sig_norm wavelength redshift
0.02940 -0.02522 0.04223 0.05730 0.00000 0.987 0.071 1568.045 0.01282
0.02945 -0.02527 0.04231 0.05741 0.00106 0.983 0.071 1568.082 0.01285
0.02951 -0.02531 0.04239 0.05751 0.00213 0.966 0.070 1568.119 0.01287
0.02956 -0.02536 0.04246 0.05762 0.00319 1.035 0.073 1568.155 0.01289
0.02962 -0.02541 0.04254 0.05773 0.00425 0.924 0.069 1568.192 0.01292
0.02967 -0.02546 0.04262 0.05784 0.00531 0.956 0.070 1568.229 0.01294
0.02973 -0.02550 0.04270 0.05794 0.00638 0.987 0.071 1568.266 0.01296
0.02978 -0.02555 0.04278 0.05805 0.00744 0.927 0.069 1568.302 0.01299
0.02983 -0.02560 0.04286 0.05816 0.00850 0.960 0.070 1568.339 0.01301
0.02989 -0.02564 0.04294 0.05826 0.00957 1.010 0.072 1568.376 0.01304
0.02994 -0.02569 0.04302 0.05837 0.01063 0.831 0.065 1568.413 0.01306
0.03000 -0.02574 0.04310 0.05848 0.01169 1.087 0.075 1568.449 0.01308
0.03005 -0.02579 0.04317 0.05858 0.01276 1.056 0.074 1568.486 0.01311
0.03011 -0.02583 0.04325 0.05869 0.01382 1.003 0.072 1568.523 0.01313
0.03016 -0.02588 0.04333 0.05880 0.01488 0.993 0.071 1568.559 0.01315
0.03022 -0.02593 0.04341 0.05891 0.01594 0.914 0.068 1568.596 0.01318
0.03027 -0.02597 0.04349 0.05901 0.01701 1.097 0.075 1568.633 0.01320
0.03033 -0.02602 0.04357 0.05912 0.01807 0.946 0.070 1568.670 0.01322
0.03038 -0.02607 0.04365 0.05923 0.01913 1.009 0.072 1568.706 0.01325
0.03044 -0.02612 0.04373 0.05933 0.02020 1.030 0.073 1568.743 0.01327
0.03049 -0.02616 0.04381 0.05944 0.02126 0.983 0.071 1568.780 0.01330
0.03055 -0.02621 0.04388 0.05955 0.02233 1.009 0.072 1568.816 0.01332
0.03060 -0.02626 0.04396 0.05966 0.02339 0.947 0.070 1568.853 0.01334
0.03066 -0.02630 0.04404 0.05976 0.02445 0.983 0.071 1568.890 0.01337
0.03071 -0.02635 0.04412 0.05987 0.02552 1.036 0.073 1568.927 0.01339
0.03077 -0.02640 0.04420 0.05998 0.02658 1.025 0.073 1568.963 0.01341
0.03082 -0.02645 0.04428 0.06008 0.02764 0.879 0.067 1569.000 0.01344
0.03088 -0.02649 0.04436 0.06019 0.02871 1.046 0.073 1569.037 0.01346
0.03093 -0.02654 0.04444 0.06030 0.02977 0.936 0.069 1569.074 0.01349
0.03099 -0.02659 0.04452 0.06041 0.03083 0.855 0.066 1569.110 0.01351
0.03104 -0.02663 0.04459 0.06051 0.03190 0.918 0.069 1569.147 0.01353
0.03110 -0.02668 0.04467 0.06062 0.03296 1.016 0.072 1569.184 0.01356
0.03115 -0.02673 0.04475 0.06073 0.03403 0.951 0.070 1569.220 0.01358
0.03121 -0.02678 0.04483 0.06083 0.03509 0.878 0.067 1569.257 0.01360
0.03126 -0.02682 0.04491 0.06094 0.03615 0.905 0.068 1569.294 0.01363
0.03132 -0.02687 0.04499 0.06105 0.03722 1.003 0.072 1569.331 0.01365
0.03137 -0.02692 0.04507 0.06116 0.03828 0.830 0.065 1569.367 0.01368
0.03143 -0.02696 0.04515 0.06126 0.03935 0.870 0.067 1569.404 0.01370
0.03148 -0.02701 0.04523 0.06137 0.04041 0.977 0.071 1569.441 0.01372
0.03154 -0.02706 0.04531 0.06148 0.04147 0.809 0.065 1569.477 0.01375
0.03159 -0.02711 0.04538 0.06158 0.04254 1.036 0.073 1569.514 0.01377
0.03165 -0.02715 0.04546 0.06169 0.04360 0.985 0.071 1569.551 0.01379
0.03170 -0.02720 0.04554 0.06180 0.04467 1.098 0.089 1569.588 0.01382
0.03176 -0.02725 0.04562 0.06191 0.04573 1.026 0.086 1569.624 0.01384
0.03181 -0.02729 0.04570 0.06201 0.04680 0.981 0.084 1569.661 0.01387
0.03187 -0.02734 0.04578 0.06212 0.04786 0.966 0.084 1569.698 0.01389
0.03192 -0.02739 0.04586 0.06223 0.04892 1.040 0.087 1569.734 0.01391
0.03198 -0.02744 0.04594 0.06233 0.04999 0.996 0.085 1569.771 0.01394
0.03203 -0.02748 0.04602 0.06244 0.05105 0.893 0.081 1569.808 0.01396
0.03209 -0.02753 0.04610 0.06255 0.05212 0.856 0.079 1569.845 0.01398
0.03214 -0.02758 0.04617 0.06266 0.05318 0.967 0.084 1569.881 0.01401
0.03220 -0.02762 0.04625 0.06276 0.05425 1.064 0.088 1569.918 0.01403
0.03225 -0.02767 0.04633 0.06287 0.05531 0.982 0.085 1569.955 0.01405
0.03231 -0.02772 0.04641 0.06298 0.05638 0.878 0.080 1569.992 0.01408
0.03236 -0.02777 0.04649 0.06308 0.05744 0.945 0.083 1570.028 0.01410
0.03242 -0.02781 0.04657 0.06319 0.05851 1.056 0.088 1570.065 0.01413
0.03247 -0.02786 0.04665 0.06330 0.05957 1.020 0.086 1570.102 0.01415
0.03253 -0.02791 0.04673 0.06341 0.06064 0.834 0.078 1570.138 0.01417
0.03258 -0.02795 0.04681 0.06351 0.06170 0.864 0.079 1570.175 0.01420
0.03264 -0.02800 0.04689 0.06362 0.06277 1.006 0.086 1570.212 0.01422
0.03269 -0.02805 0.04696 0.06373 0.06383 0.924 0.082 1570.249 0.01424
0.03275 -0.02810 0.04704 0.06384 0.06490 0.939 0.083 1570.285 0.01427
0.03280 -0.02814 0.04712 0.06394 0.06596 0.946 0.083 1570.322 0.01429
0.03286 -0.02819 0.04720 0.06405 0.06703 1.161 0.092 1570.359 0.01432
0.03291 -0.02824 0.04728 0.06416 0.06809 0.976 0.084 1570.395 0.01434
0.03297 -0.02829 0.04736 0.06426 0.06916 0.984 0.085 1570.432 0.01436
0.03302 -0.02833 0.04744 0.06437 0.07022 1.028 0.087 1570.469 0.01439
0.03308 -0.02838 0.04752 0.06448 0.07129 1.006 0.086 1570.506 0.01441
0.03313 -0.02843 0.04760 0.06459 0.07235 0.932 0.082 1570.542 0.01443
0.03319 -0.02847 0.04768 0.06469 0.07342 0.858 0.079 1570.579 0.01446
0.03324 -0.02852 0.04776 0.06480 0.07448 0.962 0.084 1570.616 0.01448
0.03330 -0.02857 0.04783 0.06491 0.07555 1.007 0.086 1570.652 0.01451
0.03335 -0.02862 0.04791 0.06502 0.07661 0.992 0.085 1570.689 0.01453
0.03341 -0.02866 0.04799 0.06512 0.07768 1.068 0.088 1570.726 0.01455
0.03346 -0.02871 0.04807 0.06523 0.07874 1.009 0.086 1570.763 0.01458
0.03352 -0.02876 0.04815 0.06534 0.07981 0.881 0.080 1570.799 0.01460
0.03357 -0.02880 0.04823 0.06544 0.08087 1.172 0.093 1570.836 0.01462
0.03363 -0.02885 0.04831 0.06555 0.08194 1.008 0.086 1570.873 0.01465
0.03368 -0.02890 0.04839 0.06566 0.08301 0.980 0.085 1570.910 0.01467
0.03374 -0.02895 0.04847 0.06577 0.08407 0.944 0.083 1570.946 0.01470
0.03379 -0.02899 0.04855 0.06587 0.08514 0.760 0.079 1570.983 0.01472
0.03385 -0.02904 0.04863 0.06598 0.08620 0.858 0.079 1571.020 0.01474
0.03390 -0.02909 0.04870 0.06609 0.08727 0.988 0.085 1571.056 0.01477
0.03396 -0.02914 0.04878 0.06620 0.08833 0.974 0.084 1571.093 0.01479
0.03401 -0.02918 0.04886 0.06630 0.08940 1.046 0.087 1571.130 0.01481
0.03407 -0.02923 0.04894 0.06641 0.09047 0.960 0.084 1571.167 0.01484
0.03412 -0.02928 0.04902 0.06652 0.09153 1.120 0.091 1571.203 0.01486
0.03418 -0.02932 0.04910 0.06663 0.09260 1.125 0.091 1571.240 0.01489
0.03423 -0.02937 0.04918 0.06673 0.09366 0.910 0.082 1571.277 0.01491
0.03429 -0.02942 0.04926 0.06684 0.09473 0.746 0.078 1571.313 0.01493
0.03434 -0.02947 0.04934 0.06695 0.09580 1.088 0.089 1571.350 0.01496
0.03440 -0.02951 0.04942 0.06705 0.09686 0.913 0.082 1571.387 0.01498
0.03445 -0.02956 0.04950 0.06716 0.09793 1.070 0.088 1571.424 0.01500
0.03451 -0.02961 0.04957 0.06727 0.09899 1.145 0.092 1571.460 0.01503
0.03457 -0.02965 0.04965 0.06738 0.10006 0.944 0.083 1571.497 0.01505
0.03462 -0.02970 0.04973 0.06748 0.10113 0.951 0.083 1571.534 0.01507
0.03468 -0.02975 0.04981 0.06759 0.10219 1.094 0.089 1571.571 0.01510
0.03473 -0.02980 0.04989 0.06770 0.10326 0.989 0.085 1571.607 0.01512
0.03479 -0.02984 0.04997 0.06781 0.10433 1.064 0.088 1571.644 0.01515
0.03484 -0.02989 0.05005 0.06791 0.10539 0.922 0.082 1571.681 0.01517
0.03490 -0.02994 0.05013 0.06802 0.10646 0.974 0.084 1571.717 0.01519
0.03495 -0.02999 0.05021 0.06813 0.10752 1.012 0.086 1571.754 0.01522
0.03501 -0.03003 0.05029 0.06824 0.10859 0.953 0.084 1571.791 0.01524
0.03506 -0.03008 0.05037 0.06834 0.10966 1.124 0.091 1571.828 0.01526
0.03512 -0.03013 0.05045 0.06845 0.11072 1.117 0.090 1571.864 0.01529
0.03517 -0.03017 0.05052 0.06856 0.11179 1.177 0.093 1571.901 0.01531
0.03523 -0.03022 0.05060 0.06867 0.11286 1.080 0.089 1571.938 0.01534
0.03528 -0.03027 0.05068 0.06877 0.11392 1.087 0.089 1571.974 0.01536
0.03534 -0.03032 0.05076 0.06888 0.11499 1.028 0.087 1572.011 0.01538
0.03539 -0.03036 0.05084 0.06899 0.11606 0.834 0.078 1572.048 0.01541
0.03545 -0.03041 0.05092 0.06910 0.11712 0.826 0.078 1572.085 0.01543
0.03550 -0.03046 0.05100 0.06920 0.11819 1.028 0.087 1572.121 0.01545
0.03556 -0.03051 0.05108 0.06931 0.11926 1.103 0.090 1572.158 0.01548
0.03561 -0.03055 0.05116 0.06942 0.12033 0.826 0.078 1572.195 0.01550
0.03567 -0.03060 0.05124 0.06953 0.12139 0.999 0.086 1572.231 0.01553
0.03572 -0.03065 0.05132 0.06963 0.12246 0.983 0.085 1572.268 0.01555
0.03578 -0.03069 0.05140 0.06974 0.12353 1.088 0.089 1572.305 0.01557
0.03583 -0.03074 0.05147 0.06985 0.12459 1.116 0.090 1572.342 0.01560
0.03589 -0.03079 0.05155 0.06995 0.12566 1.059 0.088 1572.378 0.01562
0.03594 -0.03084 0.05163 0.07006 0.12673 0.925 0.082 1572.415 0.01564
0.03600 -0.03088 0.05171 0.07017 0.12779 0.927 0.083 1572.452 0.01567
0.03605 -0.03093 0.05179 0.07028 0.12886 1.095 0.090 1572.489 0.01569
0.03611 -0.03098 0.05187 0.07038 0.12993 0.992 0.085 1572.525 0.01572
0.03616 -0.03103 0.05195 0.07049 0.13100 1.052 0.088 1572.562 0.01574
0.03622 -0.03107 0.05203 0.07060 0.13206 0.993 0.085 1572.599 0.01576
0.03627 -0.03112 0.05211 0.07071 0.13313 1.003 0.086 1572.635 0.01579
0.03633 -0.03117 0.05219 0.07081 0.13420 0.923 0.082 1572.672 0.01581
0.03638 -0.03122 0.05227 0.07092 0.13527 0.982 0.085 1572.709 0.01583
0.03644 -0.03126 0.05235 0.07103 0.13633 1.026 0.087 1572.746 0.01586
0.03649 -0.03131 0.05242 0.07114 0.13740 0.840 0.079 1572.782 0.01588
0.03655 -0.03136 0.05250 0.07124 0.13847 1.002 0.086 1572.819 0.01590
0.03660 -0.03140 0.05258 0.07135 0.13954 1.142 0.092 1572.856 0.01593
0.03666 -0.03145 0.05266 0.07146 0.14060 0.875 0.080 1572.892 0.01595
0.03671 -0.03150 0.05274 0.07157 0.14167 1.003 0.086 1572.929 0.01598
0.03677 -0.03155 0.05282 0.07167 0.14274 0.985 0.085 1572.966 0.01600
0.03683 -0.03159 0.05290 0.07178 0.14381 0.933 0.083 1573.003 0.01602
0.03688 -0.03164 0.05298 0.07189 0.14487 1.016 0.086 1573.039 0.01605
0.03694 -0.03169 0.05306 0.07200 0.14594 0.858 0.079 1573.076 0.01607
0.03699 -0.03174 0.05314 0.07210 0.14701 1.031 0.087 1573.113 0.01609
0.03705 -0.03178 0.05322 0.07221 0.14808 0.986 0.085 1573.149 0.01612
0.03710 -0.03183 0.05330 0.07232 0.14915 1.001 0.086 1573.186 0.01614
0.03716 -0.03188 0.05338 0.07243 0.15021 1.001 0.086 1573.223 0.01617
0.03721 -0.03193 0.05346 0.07254 0.15128 1.024 0.087 1573.260 0.01619
0.03727 -0.03197 0.05353 0.07264 0.15235 0.994 0.086 1573.296 0.01621
0.03732 -0.03202 0.05361 0.07275 0.15342 0.957 0.084 1573.333 0.01624
0.03738 -0.03207 0.05369 0.07286 0.15449 1.025 0.087 1573.370 0.01626
0.03743 -0.03211 0.05377 0.07297 0.15555 0.837 0.079 1573.407 0.01628
0.03749 -0.03216 0.05385 0.07307 0.15662 0.890 0.085 1573.443 0.01631
0.03754 -0.03221 0.05393 0.07318 0.15769 1.078 0.089 1573.480 0.01633
0.03760 -0.03226 0.05401 0.07329 0.15876 0.935 0.083 1573.517 0.01636
0.03765 -0.03230 0.05409 0.07340 0.15983 0.927 0.083 1573.553 0.01638
0.03771 -0.03235 0.05417 0.07350 0.16090 1.055 0.088 1573.590 0.01640
0.03776 -0.03240 0.05425 0.07361 0.16196 1.033 0.087 1573.627 0.01643
0.03782 -0.03245 0.05433 0.07372 0.16303 0.980 0.085 1573.664 0.01645
0.03787 -0.03249 0.05441 0.07383 0.16410 0.860 0.080 1573.700 0.01647
0.03793 -0.03254 0.05449 0.07393 0.16517 0.838 0.079 1573.737 0.01650
0.03798 -0.03259 0.05457 0.07404 0.16624 1.004 0.086 1573.774 0.01652
0.03804 -0.03264 0.05464 0.07415 0.16731 0.944 0.083 1573.810 0.01655
0.03809 -0.03268 0.05472 0.07426 0.16838 0.929 0.083 1573.847 0.01657
0.03815 -0.03273 0.05480 0.07436 0.16944 0.861 0.080 1573.884 0.01659
0.03820 -0.03278 0.05488 0.07447 0.17051 0.996 0.086 1573.921 0.01662
0.03826 -0.03283 0.05496 0.07458 0.17158 0.846 0.079 1573.957 0.01664
0.03832 -0.03287 0.05504 0.07469 0.17265 1.094 0.090 1573.994 0.01666
0.03837 -0.03292 0.05512 0.07479 0.17372 1.147 0.092 1574.031 0.01669
0.03843 -0.03297 0.05520 0.07490 0.17479 1.132 0.091 1574.068 0.01671
0.03848 -0.03301 0.05528 0.07501 0.17586 1.109 0.091 1574.104 0.01674
0.03854 -0.03306 0.05536 0.07512 0.17693 1.004 0.086 1574.141 0.01676
0.03859 -0.03311 0.05544 0.07523 0.17799 1.072 0.089 1574.178 0.01678
0.03865 -0.03316 0.05552 0.07533 0.17906 0.846 0.079 1574.214 0.01681
0.03870 -0.03320 0.05560 0.07544 0.18013 0.922 0.083 1574.251 0.01683
0.03876 -0.03325 0.05568 0.07555 0.18120 0.899 0.082 1574.288 0.01685
0.03881 -0.03330 0.05575 0.07566 0.18227 0.892 0.085 1574.325 0.01688
0.03887 -0.03335 0.05583 0.07576 0.18334 0.772 0.080 1574.361 0.01690
0.03892 -0.03339 0.05591 0.07587 0.18441 0.945 0.084 1574.398 0.01692
0.03898 -0.03344 0.05599 0.07598 0.18548 1.005 0.086 1574.435 0.01695
0.03903 -0.03349 0.05607 0.07609 0.18655 0.930 0.083 1574.471 0.01697
0.03909 -0.03354 0.05615 0.07619 0.18762 1.073 0.089 1574.508 0.01700
0.03914 -0.03358 0.05623 0.07630 0.18869 0.824 0.078 1574.545 0.01702
0.03920 -0.03363 0.05631 0.07641 0.18976 1.134 0.092 1574.582 0.01704
0.03925 -0.03368 0.05639 0.07652 0.19082 0.968 0.085 1574.618 0.01707
0.03931 -0.03373 0.05647 0.07663 0.19189 1.081 0.089 1574.655 0.01709
0.03936 -0.03377 0.05655 0.07673 0.19296 0.848 0.079 1574.692 0.01711
0.03942 -0.03382 0.05663 0.07684 0.19403 1.097 0.090 1574.728 0.01714
0.03948 -0.03387 0.05671 0.07695 0.19510 0.832 0.079 1574.765 0.01716
0.03953 -0.03391 0.05679 0.07706 0.19617 0.863 0.080 1574.802 0.01719
0.03959 -0.03396 0.05687 0.07716 0.19724 0.841 0.079 1574.839 0.01721
0.03964 -0.03401 0.05695 0.07727 0.19831 0.984 0.085 1574.875 0.01723
0.03970 -0.03406 0.05702 0.07738 0.19938 0.947 0.088 1574.912 0.01726
0.03975 -0.03410 0.05710 0.07749 0.20045 1.181 0.094 1574.949 0.01728
0.03981 -0.03415 0.05718 0.07759 0.20152 1.083 0.090 1574.986 0.01730
0.03986 -0.03420 0.05726 0.07770 0.20259 1.136 0.092 1575.022 0.01733
0.03992 -0.03425 0.05734 0.07781 0.20366 1.182 0.094 1575.059 0.01735
0.03997 -0.03429 0.05742 0.07792 0.20473 1.009 0.087 1575.096 0.01738
0.04003 -0.03434 0.05750 0.07803 0.20580 0.952 0.084 1575.132 0.01740
0.04008 -0.03439 0.05758 0.07813 0.20687 1.037 0.088 1575.169 0.01742
0.04014 -0.03444 0.05766 0.07824 0.20794 1.058 0.089 1575.206 0.01745
0.04019 -0.03448 0.05774 0.07835 0.20901 0.958 0.084 1575.243 0.01747
0.04025 -0.03453 0.05782 0.07846 0.21008 0.855 0.084 1575.279 0.01749
0.04030 -0.03458 0.05790 0.07856 0.21115 1.121 0.091 1575.316 0.01752
0.04036 -0.03463 0.05798 0.07867 0.21222 1.026 0.087 1575.353 0.01754
0.04041 -0.03467 0.05806 0.07878 0.21329 1.057 0.089 1575.389 0.01757
0.04047 -0.03472 0.05814 0.07889 0.21436 0.984 0.086 1575.426 0.01759
0.04053 -0.03477 0.05822 0.07900 0.21543 0.885 0.081 1575.463 0.01761
0.04058 -0.03482 0.05830 0.07910 0.21650 0.866 0.080 1575.500 0.01764
0.04064 -0.03486 0.05837 0.07921 0.21757 0.826 0.078 1575.536 0.01766
0.04069 -0.03491 0.05845 0.07932 0.21864 1.074 0.089 1575.573 0.01768
0.04075 -0.03496 0.05853 0.07943 0.21971 0.993 0.086 1575.610 0.01771
0.04080 -0.03501 0.05861 0.07953 0.22078 1.111 0.091 1575.646 0.01773
0.04086 -0.03505 0.05869 0.07964 0.22185 1.032 0.088 1575.683 0.01776
0.04091 -0.03510 0.05877 0.07975 0.22292 1.018 0.087 1575.720 0.01778
0.04097 -0.03515 0.05885 0.07986 0.22399 0.949 0.084 1575.757 0.01780
0.04102 -0.03520 0.05893 0.07997 0.22506 1.055 0.089 1575.793 0.01783
0.04108 -0.03524 0.05901 0.08007 0.22613 0.816 0.078 1575.830 0.01785
0.04113 -0.03529 0.05909 0.08018 0.22721 1.043 0.088 1575.867 0.01787
0.04119 -0.03534 0.05917 0.08029 0.22828 0.944 0.084 1575.904 0.01790
0.04124 -0.03539 0.05925 0.08040 0.22935 0.913 0.082 1575.940 0.01792
0.04130 -0.03543 0.05933 0.08050 0.23042 1.020 0.087 1575.977 0.01794
0.04136 -0.03548 0.05941 0.08061 0.23149 1.027 0.088 1576.014 0.01797
0.04141 -0.03553 0.05949 0.08072 0.23256 0.868 0.085 1576.050 0.01799
0.04147 -0.03558 0.05957 0.08083 0.23363 1.020 0.087 1576.087 0.01802
0.04152 -0.03562 0.05965 0.08094 0.23470 0.884 0.081 1576.124 0.01804
0.04158 -0.03567 0.05973 0.08104 0.23577 0.854 0.084 1576.161 0.01806
0.04163 -0.03572 0.05981 0.08115 0.23684 0.983 0.086 1576.197 0.01809
0.04169 -0.03577 0.05988 0.08126 0.23791 1.059 0.089 1576.234 0.01811
0.04174 -0.03581 0.05996 0.08137 0.23899 0.839 0.083 1576.271 0.01813
0.04180 -0.03586 0.06004 0.08148 0.24006 1.037 0.088 1576.307 0.01816
0.04185 -0.03591 0.06012 0.08158 0.24113 1.060 0.089 1576.344 0.01818
0.04191 -0.03596 0.06020 0.08169 0.24220 0.984 0.086 1576.381 0.01821
0.04196 -0.03600 0.06028 0.08180 0.24327 0.977 0.085 1576.418 0.01823
0.04202 -0.03605 0.06036 0.08191 0.24434 0.764 0.080 1576.454 0.01825
0.04207 -0.03610 0.06044 0.08201 0.24541 0.977 0.085 1576.491 0.01828
0.04213 -0.03615 0.06052 0.08212 0.24648 0.931 0.083 1576.528 0.01830
0.04219 -0.03619 0.06060 0.08223 0.24756 0.847 0.080 1576.565 0.01832
0.04224 -0.03624 0.06068 0.08234 0.24863 1.030 0.088 1576.601 0.01835
0.04230 -0.03629 0.06076 0.08245 0.24970 0.847 0.080 1576.638 0.01837
0.04235 -0.03633 0.06084 0.08255 0.25077 0.908 0.086 1576.675 0.01840
0.04241 -0.03638 0.06092 0.08266 0.25184 0.870 0.081 1576.711 0.01842
0.04246 -0.03643 0.06100 0.08277 0.25291 1.007 0.087 1576.748 0.01844
0.04252 -0.03648 0.06108 0.08288 0.25398 1.129 0.092 1576.785 0.01847
0.04257 -0.03652 0.06116 0.08299 0.25506 0.763 0.076 1576.822 0.01849
0.04263 -0.03657 0.06124 0.08309 0.25613 0.870 0.081 1576.858 0.01851
0.04268 -0.03662 0.06132 0.08320 0.25720 0.885 0.081 1576.895 0.01854
0.04274 -0.03667 0.06140 0.08331 0.25827 0.832 0.083 1576.932 0.01856
0.04279 -0.03671 0.06147 0.08342 0.25934 1.023 0.088 1576.968 0.01859
0.04285 -0.03676 0.06155 0.08353 0.26041 0.939 0.084 1577.005 0.01861
0.04290 -0.03681 0.06163 0.08363 0.26149 0.787 0.081 1577.042 0.01863
0.04296 -0.03686 0.06171 0.08374 0.26256 1.009 0.087 1577.079 0.01866
0.04302 -0.03691 0.06179 0.08385 0.26363 0.948 0.084 1577.115 0.01868
0.04307 -0.03695 0.06187 0.08396 0.26470 0.880 0.081 1577.152 0.01870
0.04313 -0.03700 0.06195 0.08407 0.26577 1.040 0.088 1577.189 0.01873
0.04318 -0.03705 0.06203 0.08417 0.26685 1.125 0.092 1577.225 0.01875
0.04324 -0.03710 0.06211 0.08428 0.26792 0.972 0.085 1577.262 0.01877
0.04329 -0.03714 0.06219 0.08439 0.26899 0.957 0.085 1577.299 0.01880
0.04335 -0.03719 0.06227 0.08450 0.27006 0.903 0.082 1577.336 0.01882
0.04340 -0.03724 0.06235 0.08461 0.27113 0.881 0.081 1577.372 0.01885
0.04346 -0.03729 0.06243 0.08471 0.27221 0.957 0.085 1577.409 0.01887
0.04351 -0.03733 0.06251 0.08482 0.27328 1.102 0.091 1577.446 0.01889
0.04357 -0.03738 0.06259 0.08493 0.27435 0.850 0.080 1577.483 0.01892
0.04362 -0.03743 0.06267 0.08504 0.27542 0.934 0.084 1577.519 0.01894
0.04368 -0.03748 0.06275 0.08514 0.27650 0.988 0.086 1577.556 0.01896
0.04374 -0.03752 0.06283 0.08525 0.27757 1.172 0.094 1577.593 0.01899
0.04379 -0.03757 0.06291 0.08536 0.27864 0.973 0.085 1577.629 0.01901
0.04385 -0.03762 0.06299 0.08547 0.27971 0.973 0.085 1577.666 0.01904
0.04390 -0.03767 0.06307 0.08558 0.28079 0.950 0.084 1577.703 0.01906
0.04396 -0.03771 0.06315 0.08568 0.28186 1.057 0.089 1577.740 0.01908
0.04401 -0.03776 0.06323 0.08579 0.28293 1.019 0.087 1577.776 0.01911
0.04407 -0.03781 0.06331 0.08590 0.28400 0.958 0.085 1577.813 0.01913
0.04412 -0.03786 0.06338 0.08601 0.28508 0.843 0.080 1577.850 0.01915
0.04418 -0.03790 0.06346 0.08612 0.28615 1.165 0.094 1577.886 0.01918
0.04423 -0.03795 0.06354 0.08623 0.28722 1.036 0.088 1577.923 0.01920
0.04429 -0.03800 0.06362 0.08633 0.28829 0.937 0.084 1577.960 0.01923
0.04435 -0.03805 0.06370 0.08644 0.28937 0.906 0.083 1577.997 0.01925
0.04440 -0.03809 0.06378 0.08655 0.29044 1.068 0.090 1578.033 0.01927
0.04446 -0.03814 0.06386 0.08666 0.29151 1.091 0.091 1578.070 0.01930
0.04451 -0.03819 0.06394 0.08677 0.29259 0.953 0.085 1578.107 0.01932
0.04457 -0.03824 0.06402 0.08687 0.29366 1.033 0.088 1578.143 0.01934
0.04462 -0.03828 0.06410 0.08698 0.29473 1.058 0.089 1578.180 0.01937
0.04468 -0.03833 0.06418 0.08709 0.29580 0.892 0.082 1578.217 0.01939
0.04473 -0.03838 0.06426 0.08720 0.29688 1.272 0.098 1578.254 0.01942
0.04479 -0.03843 0.06434 0.08731 0.29795 1.130 0.092 1578.290 0.01944
0.04484 -0.03847 0.06442 0.08741 0.29902 1.121 0.092 1578.327 0.01946
0.04490 -0.03852 0.06450 0.08752 0.30010 0.848 0.084 1578.364 0.01949
0.04496 -0.03857 0.06458 0.08763 0.30117 1.191 0.095 1578.401 0.01951
0.04501 -0.03862 0.06466 0.08774 0.30224 0.888 0.082 1578.437 0.01953
0.04507 -0.03866 0.06474 0.08785 0.30332 1.192 0.095 1578.474 0.01956
0.04512 -0.03871 0.06482 0.08795 0.30439 0.974 0.086 1578.511 0.01958
0.04518 -0.03876 0.06490 0.08806 0.30546 0.911 0.083 1578.547 0.01961
0.04523 -0.03881 0.06498 0.08817 0.30654 0.862 0.081 1578.584 0.01963
0.04529 -0.03885 0.06506 0.08828 0.30761 0.987 0.086 1578.621 0.01965
0.04534 -0.03890 0.06514 0.08839 0.30868 0.972 0.086 1578.658 0.01968
0.04540 -0.03895 0.06522 0.08849 0.30976 0.911 0.083 1578.694 0.01970
0.04545 -0.03900 0.06530 0.08860 0.31083 0.902 0.083 1578.731 0.01972
0.04551 -0.03904 0.06538 0.08871 0.31190 0.895 0.082 1578.768 0.01975
0.04557 -0.03909 0.06546 0.08882 0.31298 1.049 0.089 1578.804 0.01977
0.04562 -0.03914 0.06554 0.08893 0.31405 0.995 0.087 1578.841 0.01979
0.04568 -0.03919 0.06561 0.08904 0.31513 0.949 0.085 1578.878 0.01982
0.04573 -0.03924 0.06569 0.08914 0.31620 1.041 0.089 1578.915 0.01984
0.04579 -0.03928 0.06577 0.08925 0.31727 1.026 0.088 1578.951 0.01987
0.04584 -0.03933 0.06585 0.08936 0.31835 0.965 0.085 1578.988 0.01989
0.04590 -0.03938 0.06593 0.08947 0.31942 1.043 0.089 1579.025 0.01991
0.04595 -0.03943 0.06601 0.08958 0.32049 0.904 0.083 1579.062 0.01994
0.04601 -0.03947 0.06609 0.08968 0.32157 0.985 0.086 1579.098 0.01996
0.04606 -0.03952 0.06617 0.08979 0.32264 1.220 0.096 1579.135 0.01998
0.04612 -0.03957 0.06625 0.08990 0.32372 1.096 0.091 1579.172 0.02001
0.04618 -0.03962 0.06633 0.09001 0.32479 0.923 0.084 1579.208 0.02003
0.04623 -0.03966 0.06641 0.09012 0.32586 0.952 0.085 1579.245 0.02006
0.04629 -0.03971 0.06649 0.09022 0.32694 0.921 0.083 1579.282 0.02008
0.04634 -0.03976 0.06657 0.09033 0.32801 1.052 0.089 1579.319 0.02010
0.04640 -0.03981 0.06665 0.09044 0.32909 1.132 0.093 1579.355 0.02013
0.04645 -0.03985 0.06673 0.09055 0.33016 0.780 0.077 1579.392 0.02015
0.04651 -0.03990 0.06681 0.09066 0.33124 1.003 0.087 1579.429 0.02017
0.04656 -0.03995 0.06689 0.09077 0.33231 1.003 0.087 1579.465 0.02020
0.04662 -0.04000 0.06697 0.09087 0.33338 1.020 0.088 1579.502 0.02022
0.04667 -0.04004 0.06705 0.09098 0.33446 0.999 0.087 1579.539 0.02025
0.04673 -0.04009 0.06713 0.09109 0.33553 1.001 0.087 1579.576 0.02027
0.04679 -0.04014 0.06721 0.09120 0.33661 0.876 0.081 1579.612 0.02029
0.04684 -0.04019 0.06729 0.09131 0.33768 1.003 0.087 1579.649 0.02032
0.04690 -0.04023 0.06737 0.09142 0.33876 1.136 0.093 1579.686 0.02034
0.04695 -0.04028 0.06745 0.09152 0.33983 0.870 0.081 1579.722 0.02036
0.04701 -0.04033 0.06753 0.09163 0.34091 1.052 0.089 1579.759 0.02039
0.04706 -0.04038 0.06761 0.09174 0.34198 0.968 0.086 1579.796 0.02041
0.04712 -0.04043 0.06769 0.09185 0.34305 1.025 0.088 1579.833 0.02044
0.04717 -0.04047 0.06777 0.09196 0.34413 0.913 0.083 1579.869 0.02046
0.04723 -0.04052 0.06785 0.09206 0.34520 0.983 0.086 1579.906 0.02048
0.04729 -0.04057 0.06793 0.09217 0.34628 0.970 0.086 1579.943 0.02051
0.04734 -0.04062 0.06801 0.09228 0.34735 0.924 0.084 1579.980 0.02053
0.04740 -0.04066 0.06809 0.09239 0.34843 0.746 0.080 1580.016 0.02055
0.04745 -0.04071 0.06817 0.09250 0.34950 0.909 0.083 1580.053 0.02058
0.04751 -0.04076 0.06825 0.09261 0.35058 0.932 0.084 1580.090 0.02060
0.04756 -0.04081 0.06833 0.09271 0.35165 0.886 0.082 1580.126 0.02062
0.04762 -0.04085 0.06841 0.09282 0.35273 0.956 0.085 1580.163 0.02065
0.04767 -0.04090 0.06849 0.09293 0.35380 0.963 0.086 1580.200 0.02067
0.04773 -0.04095 0.06857 0.09304 0.35488 0.948 0.085 1580.237 0.02070
0.04779 -0.04100 0.06864 0.09315 0.35595 1.041 0.089 1580.273 0.02072
0.04784 -0.04104 0.06872 0.09326 0.35703 0.856 0.081 1580.310 0.02074
0.04790 -0.04109 0.06880 0.09336 0.35810 0.871 0.081 1580.347 0.02077
0.04795 -0.04114 0.06888 0.09347 0.35918 0.879 0.082 1580.383 0.02079
0.04801 -0.04119 0.06896 0.09358 0.36025 0.910 0.083 1580.420 0.02081
0.04806 -0.04124 0.06904 0.09369 0.36133 1.018 0.088 1580.457 0.02084
0.04812 -0.04128 0.06912 0.09380 0.36241 0.925 0.084 1580.494 0.02086
0.04817 -0.04133 0.06920 0.09390 0.36348 0.801 0.078 1580.530 0.02089
0.04823 -0.04138 0.06928 0.09401 0.36456 1.042 0.089 1580.567 0.02091
0.04829 -0.04143 0.06936 0.09412 0.36563 0.887 0.082 1580.604 0.02093
0.04834 -0.04147 0.06944 0.09423 0.36671 0.872 0.082 1580.640 0.02096
0.04840 -0.04152 0.06952 0.09434 0.36778 0.771 0.081 1580.677 0.02098
0.04845 -0.04157 0.06960 0.09445 0.36886 0.934 0.084 1580.714 0.02100
0.04851 -0.04162 0.06968 0.09455 0.36993 0.958 0.085 1580.751 0.02103
0.04856 -0.04166 0.06976 0.09466 0.37101 0.997 0.087 1580.787 0.02105
0.04862 -0.04171 0.06984 0.09477 0.37208 0.802 0.078 1580.824 0.02108
0.04867 -0.04176 0.06992 0.09488 0.37316 0.818 0.079 1580.861 0.02110
0.04873 -0.04181 0.07000 0.09499 0.37424 0.912 0.083 1580.898 0.02112
0.04879 -0.04186 0.07008 0.09510 0.37531 0.788 0.082 1580.934 0.02115
0.04884 -0.04190 0.07016 0.09520 0.37639 0.952 0.085 1580.971 0.02117
0.04890 -0.04195 0.07024 0.09531 0.37746 1.076 0.091 1581.008 0.02119
0.04895 -0.04200 0.07032 0.09542 0.37854 0.967 0.086 1581.044 0.02122
0.04901 -0.04205 0.07040 0.09553 0.37962 1.006 0.137 1581.081 0.02124
0.04906 -0.04209 0.07048 0.09564 0.38069 1.059 0.132 1581.118 0.02127
0.04912 -0.04214 0.07056 0.09575 0.38177 1.010 0.138 1581.155 0.02129
0.04917 -0.04219 0.07064 0.09585 0.38284 1.026 0.140 1581.191 0.02131
0.04923 -0.04224 0.07072 0.09596 0.38392 0.897 0.132 1581.228 0.02134
0.04929 -0.04228 0.07080 0.09607 0.38500 0.905 0.132 1581.265 0.02136
0.04934 -0.04233 0.07088 0.09618 0.38607 1.020 0.139 1581.301 0.02138
0.04940 -0.04238 0.07096 0.09629 0.38715 1.039 0.141 1581.338 0.02141
0.04945 -0.04243 0.07104 0.09640 0.38822 0.947 0.136 1581.375 0.02143
0.04951 -0.04248 0.07112 0.09651 0.38930 0.800 0.126 1581.412 0.02146
0.04956 -0.04252 0.07120 0.09661 0.39038 0.719 0.120 1581.448 0.02148
0.04962 -0.04257 0.07128 0.09672 0.39145 0.893 0.133 1581.485 0.02150
0.04968 -0.04262 0.07136 0.09683 0.39253 1.083 0.134 1581.522 0.02153
0.04973 -0.04267 0.07144 0.09694 0.39361 0.811 0.127 1581.559 0.02155
0.04979 -0.04271 0.07152 0.09705 0.39468 0.882 0.132 1581.595 0.02157
0.04984 -0.04276 0.07160 0.09716 0.39576 1.031 0.141 1581.632 0.02160
0.04990 -0.04281 0.07168 0.09726 0.39684 1.069 0.134 1581.669 0.02162
0.04995 -0.04286 0.07176 0.09737 0.39791 0.843 0.129 1581.705 0.02164
0.05001 -0.04290 0.07184 0.09748 0.39899 0.983 0.137 1581.742 0.02167
0.05006 -0.04295 0.07192 0.09759 0.40007 0.903 0.123 1581.779 0.02169
0.05012 -0.04300 0.07200 0.09770 0.40114 0.929 0.134 1581.816 0.02172
0.05018 -0.04305 0.07208 0.09781 0.40222 0.996 0.130 1581.852 0.02174
0.05023 -0.04310 0.07216 0.09791 0.40330 0.809 0.126 1581.889 0.02176
0.05029 -0.04314 0.07224 0.09802 0.40437 0.929 0.134 1581.926 0.02179
0.05034 -0.04319 0.07232 0.09813 0.40545 0.863 0.130 1581.962 0.02181
0.05040 -0.04324 0.07240 0.09824 0.40653 1.050 0.132 1581.999 0.02183
0.05045 -0.04329 0.07248 0.09835 0.40760 1.024 0.131 1582.036 0.02186
0.05051 -0.04333 0.07256 0.09846 0.40868 0.757 0.123 1582.073 0.02188
0.05057 -0.04338 0.07264 0.09857 0.40976 0.730 0.121 1582.109 0.02191
0.05062 -0.04343 0.07272 0.09867 0.41083 0.877 0.131 1582.146 0.02193
0.05068 -0.04348 0.07280 0.09878 0.41191 0.770 0.124 1582.183 0.02195
0.05073 -0.04353 0.07288 0.09889 0.41299 0.837 0.128 1582.219 0.02198
0.05079 -0.04357 0.07296 0.09900 0.41406 1.051 0.141 1582.256 0.02200
0.05084 -0.04362 0.07304 0.09911 0.41514 0.905 0.124 1582.293 0.02202
0.05090 -0.04367 0.07312 0.09922 0.41622 0.825 0.128 1582.330 0.02205
0.05095 -0.04372 0.07320 0.09932 0.41730 0.839 0.128 1582.366 0.02207
0.05101 -0.04376 0.07328 0.09943 0.41837 0.745 0.123 1582.403 0.02210
0.05107 -0.04381 0.07336 0.09954 0.41945 0.798 0.126 1582.440 0.02212
0.05112 -0.04386 0.07344 0.09965 0.42053 0.879 0.131 1582.477 0.02214
0.05118 -0.04391 0.07352 0.09976 0.42161 0.866 0.130 1582.513 0.02217
0.05123 -0.04395 0.07360 0.09987 0.42268 0.987 0.137 1582.550 0.02219
0.05129 -0.04400 0.07368 0.09998 0.42376 1.148 0.130 1582.587 0.02221
0.05134 -0.04405 0.07376 0.10008 0.42484 0.880 0.131 1582.623 0.02224
0.05140 -0.04410 0.07384 0.10019 0.42592 1.007 0.131 1582.660 0.02226
0.05146 -0.04415 0.07392 0.10030 0.42699 0.868 0.131 1582.697 0.02229
0.05151 -0.04419 0.07400 0.10041 0.42807 1.274 0.138 1582.734 0.02231
0.05157 -0.04424 0.07408 0.10052 0.42915 1.080 0.135 1582.770 0.02233
0.05162 -0.04429 0.07416 0.10063 0.43023 1.236 0.136 1582.807 0.02236
0.05168 -0.04434 0.07424 0.10074 0.43130 1.029 0.131 1582.844 0.02238
0.05173 -0.04438 0.07432 0.10084 0.43238 0.993 0.130 1582.880 0.02240
0.05179 -0.04443 0.07440 0.10095 0.43346 1.322 0.140 1582.917 0.02243
0.05185 -0.04448 0.07448 0.10106 0.43454 1.078 0.143 1582.954 0.02245
0.05190 -0.04453 0.07456 0.10117 0.43561 0.783 0.126 1582.991 0.02247
0.05196 -0.04458 0.07464 0.10128 0.43669 0.992 0.130 1583.027 0.02250
0.05201 -0.04462 0.07472 0.10139 0.43777 0.994 0.130 1583.064 0.02252
0.05207 -0.04467 0.07480 0.10149 0.43885 0.826 0.129 1583.101 0.02255
0.05212 -0.04472 0.07488 0.10160 0.43993 1.021 0.141 1583.137 0.02257
0.05218 -0.04477 0.07496 0.10171 0.44100 1.114 0.137 1583.174 0.02259
0.05224 -0.04481 0.07504 0.10182 0.44208 0.876 0.124 1583.211 0.02262
0.05229 -0.04486 0.07512 0.10193 0.44316 1.079 0.136 1583.248 0.02264
0.05235 -0.04491 0.07520 0.10204 0.44424 0.938 0.126 1583.284 0.02266
0.05240 -0.04496 0.07528 0.10215 0.44532 1.033 0.132 1583.321 0.02269
0.05246 -0.04501 0.07536 0.10225 0.44640 0.723 0.122 1583.358 0.02271
0.05251 -0.04505 0.07544 0.10236 0.44747 0.858 0.130 1583.395 0.02274
0.05257 -0.04510 0.07552 0.10247 0.44855 0.939 0.135 1583.431 0.02276
0.05263 -0.04515 0.07560 0.10258 0.44963 0.858 0.130 1583.468 0.02278
0.05268 -0.04520 0.07568 0.10269 0.45071 1.020 0.139 1583.505 0.02281
0.05274 -0.04524 0.07576 0.10280 0.45179 0.764 0.124 1583.541 0.02283
0.05279 -0.04529 0.07584 0.10291 0.45287 0.818 0.128 1583.578 0.02285
0.05285 -0.04534 0.07592 0.10302 0.45394 0.885 0.132 1583.615 0.02288
0.05290 -0.04539 0.07600 0.10312 0.45502 0.886 0.132 1583.652 0.02290
0.05296 -0.04544 0.07608 0.10323 0.45610 0.994 0.138 1583.688 0.02293
0.05302 -0.04548 0.07616 0.10334 0.45718 0.832 0.128 1583.725 0.02295
0.05307 -0.04553 0.07624 0.10345 0.45826 1.075 0.143 1583.762 0.02297
0.05313 -0.04558 0.07632 0.10356 0.45934 1.183 0.133 1583.798 0.02300
0.05318 -0.04563 0.07640 0.10367 0.46042 1.049 0.133 1583.835 0.02302
0.05324 -0.04568 0.07648 0.10378 0.46149 0.779 0.125 1583.872 0.02304
0.05329 -0.04572 0.07656 0.10388 0.46257 1.036 0.141 1583.909 0.02307
0.05335 -0.04577 0.07664 0.10399 0.46365 1.158 0.139 1583.945 0.02309
0.05341 -0.04582 0.07672 0.10410 0.46473 1.050 0.133 1583.982 0.02312
0.05346 -0.04587 0.07680 0.10421 0.46581 1.266 0.137 1584.019 0.02314
0.05352 -0.04591 0.07688 0.10432 0.46689 0.861 0.131 1584.055 0.02316
0.05357 -0.04596 0.07696 0.10443 0.46797 0.969 0.137 1584.092 0.02319
0.05363 -0.04601 0.07704 0.10454 0.46905 0.996 0.139 1584.129 0.02321
0.05368 -0.04606 0.07712 0.10464 0.47013 0.860 0.131 1584.166 0.02323
0.05374 -0.04611 0.07720 0.10475 0.47120 1.050 0.133 1584.202 0.02326
0.05380 -0.04615 0.07728 0.10486 0.47228 0.792 0.117 1584.239 0.02328
0.05385 -0.04620 0.07736 0.10497 0.47336 0.860 0.131 1584.276 0.02331
0.05391 -0.04625 0.07744 0.10508 0.47444 0.942 0.135 1584.313 0.02333
0.05396 -0.04630 0.07752 0.10519 0.47552 1.064 0.134 1584.349 0.02335
0.05402 -0.04634 0.07760 0.10530 0.47660 0.766 0.125 1584.386 0.02338
0.05407 -0.04639 0.07768 0.10541 0.47768 1.200 0.134 1584.423 0.02340
0.05413 -0.04644 0.07776 0.10551 0.47876 1.010 0.131 1584.459 0.02342
0.05419 -0.04649 0.07784 0.10562 0.47984 0.861 0.131 1584.496 0.02345
0.05424 -0.04654 0.07792 0.10573 0.48092 0.780 0.126 1584.533 0.02347
0.05430 -0.04658 0.07800 0.10584 0.48200 0.875 0.132 1584.570 0.02349
0.05435 -0.04663 0.07808 0.10595 0.48308 0.848 0.130 1584.606 0.02352
0.05441 -0.04668 0.07816 0.10606 0.48416 1.012 0.140 1584.643 0.02354
0.05446 -0.04673 0.07824 0.10617 0.48524 0.889 0.133 1584.680 0.02357
0.05452 -0.04678 0.07832 0.10628 0.48632 0.944 0.136 1584.716 0.02359
0.05458 -0.04682 0.07840 0.10638 0.48740 0.931 0.135 1584.753 0.02361
0.05463 -0.04687 0.07848 0.10649 0.48848 0.945 0.127 1584.790 0.02364
0.05469 -0.04692 0.07856 0.10660 0.48955 1.013 0.132 1584.827 0.02366
0.05474 -0.04697 0.07864 0.10671 0.49063 0.728 0.123 1584.863 0.02368
0.05480 -0.04701 0.07872 0.10682 0.49171 1.054 0.134 1584.900 0.02371
0.05486 -0.04706 0.07880 0.10693 0.49279 0.999 0.139 1584.937 0.02373
0.05491 -0.04711 0.07888 0.10704 0.49387 1.040 0.133 1584.974 0.02376
0.05497 -0.04716 0.07896 0.10715 0.49495 1.149 0.139 1585.010 0.02378
0.05502 -0.04721 0.07904 0.10725 0.49603 0.986 0.130 1585.047 0.02380
0.05508 -0.04725 0.07912 0.10736 0.49711 0.960 0.129 1585.084 0.02383
0.05513 -0.04730 0.07920 0.10747 0.49819 1.069 0.143 1585.120 0.02385
0.05519 -0.04735 0.07928 0.10758 0.49927 0.811 0.128 1585.157 0.02387
0.05525 -0.04740 0.07936 0.10769 0.50035 1.015 0.140 1585.194 0.02390
0.05530 -0.04745 0.07944 0.10780 0.50143 1.138 0.139 1585.231 0.02392
0.05536 -0.04749 0.07952 0.10791 0.50251 0.961 0.137 1585.267 0.02395
0.05541 -0.04754 0.07960 0.10802 0.50359 0.839 0.130 1585.304 0.02397
0.05547 -0.04759 0.07968 0.10812 0.50467 0.894 0.133 1585.341 0.02399
0.05552 -0.04764 0.07976 0.10823 0.50575 0.854 0.131 1585.377 0.02402
0.05558 -0.04768 0.07984 0.10834 0.50684 0.868 0.132 1585.414 0.02404
0.05564 -0.04773 0.07992 0.10845 0.50792 1.032 0.124 1585.451 0.02406
0.05569 -0.04778 0.08000 0.10856 0.50900 0.868 0.132 1585.488 0.02409
0.05575 -0.04783 0.08008 0.10867 0.51008 1.100 0.136 1585.524 0.02411
0.05580 -0.04788 0.08016 0.10878 0.51116 0.964 0.129 1585.561 0.02414
0.05586 -0.04792 0.08024 0.10889 0.51224 1.019 0.140 1585.598 0.02416
0.05592 -0.04797 0.08032 0.10899 0.51332 1.019 0.141 1585.634 0.02418
0.05597 -0.04802 0.08040 0.10910 0.51440 0.856 0.131 1585.671 0.02421
0.05603 -0.04807 0.08048 0.10921 0.51548 0.937 0.136 1585.708 0.02423
0.05608 -0.04812 0.08056 0.10932 0.51656 0.787 0.127 1585.745 0.02425
0.05614 -0.04816 0.08064 0.10943 0.51764 1.033 0.133 1585.781 0.02428
0.05619 -0.04821 0.08072 0.10954 0.51872 0.815 0.129 1585.818 0.02430
0.05625 -0.04826 0.08081 0.10965 0.51980 0.979 0.138 1585.855 0.02432
0.05631 -0.04831 0.08089 0.10976 0.52088 0.952 0.137 1585.892 0.02435
0.05636 -0.04836 0.08097 0.10987 0.52196 0.994 0.139 1585.928 0.02437
0.05642 -0.04840 0.08105 0.10997 0.52304 1.021 0.132 1585.965 0.02440
0.05647 -0.04845 0.08113 0.11008 0.52413 1.022 0.133 1586.002 0.02442
0.05653 -0.04850 0.08121 0.11019 0.52521 0.940 0.136 1586.038 0.02444
0.05659 -0.04855 0.08129 0.11030 0.52629 0.940 0.136 1586.075 0.02447
0.05664 -0.04860 0.08137 0.11041 0.52737 1.077 0.144 1586.112 0.02449
0.05670 -0.04864 0.08145 0.11052 0.52845 0.872 0.123 1586.149 0.02451
0.05675 -0.04869 0.08153 0.11063 0.52953 1.008 0.132 1586.185 0.02454
0.05681 -0.04874 0.08161 0.11074 0.53061 0.885 0.133 1586.222 0.02456
0.05686 -0.04879 0.08169 0.11084 0.53169 0.858 0.131 1586.259 0.02459
0.05692 -0.04883 0.08177 0.11095 0.53277 0.844 0.131 1586.295 0.02461
0.05698 -0.04888 0.08185 0.11106 0.53385 0.913 0.126 1586.332 0.02463
0.05703 -0.04893 0.08193 0.11117 0.53494 0.954 0.137 1586.369 0.02466
0.05709 -0.04898 0.08201 0.11128 0.53602 0.954 0.137 1586.406 0.02468
0.05714 -0.04903 0.08209 0.11139 0.53710 0.927 0.136 1586.442 0.02470
0.05720 -0.04907 0.08217 0.11150 0.53818 1.010 0.141 1586.479 0.02473
0.05726 -0.04912 0.08225 0.11161 0.53926 0.927 0.127 1586.516 0.02475
0.05731 -0.04917 0.08233 0.11172 0.54034 0.927 0.136 1586.552 0.02478
0.05737 -0.04922 0.08241 0.11183 0.54142 0.928 0.136 1586.589 0.02480
0.05742 -0.04927 0.08249 0.11193 0.54251 0.955 0.129 1586.626 0.02482
0.05748 -0.04931 0.08257 0.11204 0.54359 1.010 0.141 1586.663 0.02485
0.05754 -0.04936 0.08265 0.11215 0.54467 0.928 0.136 1586.699 0.02487
0.05759 -0.04941 0.08273 0.11226 0.54575 0.942 0.137 1586.736 0.02489
0.05765 -0.04946 0.08281 0.11237 0.54683 0.887 0.134 1586.773 0.02492
0.05770 -0.04951 0.08289 0.11248 0.54791 0.901 0.134 1586.810 0.02494
0.05776 -0.04955 0.08297 0.11259 0.54900 0.888 0.134 1586.846 0.02497
0.05781 -0.04960 0.08305 0.11270 0.55008 0.874 0.133 1586.883 0.02499
0.05787 -0.04965 0.08313 0.11281 0.55116 1.095 0.137 1586.920 0.02501
0.05793 -0.04970 0.08321 0.11291 0.55224 0.903 0.135 1586.956 0.02504
0.05798 -0.04975 0.08329 0.11302 0.55332 0.972 0.139 1586.993 0.02506
0.05804 -0.04979 0.08337 0.11313 0.55440 1.413 0.146 1587.030 0.02508
0.05809 -0.04984 0.08345 0.11324 0.55549 1.054 0.135 1587.067 0.02511
0.05815 -0.04989 0.08353 0.11335 0.55657 1.096 0.137 1587.103 0.02513
0.05821 -0.04994 0.08361 0.11346 0.55765 1.000 0.132 1587.140 0.02516
0.05826 -0.04999 0.08369 0.11357 0.55873 1.069 0.136 1587.177 0.02518
0.05832 -0.05003 0.08377 0.11368 0.55982 0.863 0.132 1587.213 0.02520
0.05837 -0.05008 0.08386 0.11379 0.56090 1.030 0.144 1587.250 0.02523
0.05843 -0.05013 0.08394 0.11390 0.56198 0.980 0.132 1587.287 0.02525
0.05849 -0.05018 0.08402 0.11400 0.56306 1.109 0.139 1587.324 0.02527
0.05854 -0.05023 0.08410 0.11411 0.56414 0.930 0.128 1587.360 0.02530
0.05860 -0.05027 0.08418 0.11422 0.56523 0.954 0.138 1587.397 0.02532
0.05865 -0.05032 0.08426 0.11433 0.56631 0.965 0.140 1587.434 0.02534
0.05871 -0.05037 0.08434 0.11444 0.56739 1.013 0.142 1587.471 0.02537
0.05876 -0.05042 0.08442 0.11455 0.56847 0.972 0.139 1587.507 0.02539
0.05882 -0.05047 0.08450 0.11466 0.56956 0.953 0.138 1587.544 0.02542
0.05888 -0.05051 0.08458 0.11477 0.57064 0.908 0.136 1587.581 0.02544
0.05893 -0.05056 0.08466 0.11488 0.57172 0.955 0.139 1587.617 0.02546
0.05899 -0.05061 0.08474 0.11499 0.57280 0.894 0.135 1587.654 0.02549
0.05904 -0.05066 0.08482 0.11509 0.57389 1.076 0.137 1587.691 0.02551
0.05910 -0.05070 0.08490 0.11520 0.57497 0.857 0.133 1587.728 0.02553
0.05916 -0.05075 0.08498 0.11531 0.57605 0.986 0.140 1587.764 0.02556
0.05921 -0.05080 0.08506 0.11542 0.57713 0.748 0.126 1587.801 0.02558
0.05927 -0.05085 0.08514 0.11553 0.57822 0.929 0.138 1587.838 0.02561
0.05932 -0.05090 0.08522 0.11564 0.57930 1.091 0.147 1587.874 0.02563
0.05938 -0.05094 0.08530 0.11575 0.58038 0.958 0.139 1587.911 0.02565
0.05944 -0.05099 0.08538 0.11586 0.58147 0.980 0.139 1587.948 0.02568
0.05949 -0.05104 0.08546 0.11597 0.58255 1.078 0.136 1587.985 0.02570
0.05955 -0.05109 0.08554 0.11608 0.58363 1.119 0.147 1588.021 0.02572
0.05960 -0.05114 0.08562 0.11618 0.58471 0.995 0.141 1588.058 0.02575
0.05966 -0.05118 0.08570 0.11629 0.58580 0.995 0.141 1588.095 0.02577
0.05972 -0.05123 0.08578 0.11640 0.58688 1.064 0.136 1588.131 0.02580
0.05977 -0.05128 0.08586 0.11651 0.58796 0.926 0.137 1588.168 0.02582
0.05983 -0.05133 0.08594 0.11662 0.58905 1.050 0.135 1588.205 0.02584
0.05988 -0.05138 0.08602 0.11673 0.59013 0.995 0.141 1588.242 0.02587
0.05994 -0.05142 0.08610 0.11684 0.59121 0.982 0.140 1588.278 0.02589
0.06000 -0.05147 0.08619 0.11695 0.59230 0.982 0.131 1588.315 0.02591
0.06005 -0.05152 0.08627 0.11706 0.59338 0.885 0.134 1588.352 0.02594
0.06011 -0.05157 0.08635 0.11717 0.59446 0.885 0.134 1588.389 0.02596
0.06016 -0.05162 0.08643 0.11728 0.59555 0.997 0.141 1588.425 0.02599
0.06022 -0.05167 0.08651 0.11738 0.59663 0.816 0.130 1588.462 0.02601
0.06028 -0.05171 0.08659 0.11749 0.59771 0.802 0.129 1588.499 0.02603
0.06033 -0.05176 0.08667 0.11760 0.59880 0.887 0.134 1588.535 0.02606
0.06039 -0.05181 0.08675 0.11771 0.59988 0.970 0.139 1588.572 0.02608
0.06044 -0.05186 0.08683 0.11782 0.60096 0.928 0.128 1588.609 0.02610
0.06050 -0.05191 0.08691 0.11793 0.60205 1.054 0.136 1588.646 0.02613
0.06056 -0.05195 0.08699 0.11804 0.60313 0.817 0.130 1588.682 0.02615
0.06061 -0.05200 0.08707 0.11815 0.60421 1.096 0.147 1588.719 0.02618
0.06067 -0.05205 0.08715 0.11826 0.60530 0.971 0.140 1588.756 0.02620
0.06072 -0.05210 0.08723 0.11837 0.60638 1.083 0.146 1588.792 0.02622
0.06078 -0.05215 0.08731 0.11848 0.60746 0.972 0.140 1588.829 0.02625
0.06084 -0.05219 0.08739 0.11858 0.60855 0.763 0.127 1588.866 0.02627
0.06089 -0.05224 0.08747 0.11869 0.60963 1.111 0.139 1588.903 0.02629
0.06095 -0.05229 0.08755 0.11880 0.61072 0.874 0.134 1588.939 0.02632
0.06100 -0.05234 0.08763 0.11891 0.61180 0.972 0.140 1588.976 0.02634
0.06106 -0.05239 0.08771 0.11902 0.61288 1.013 0.134 1589.013 0.02636
0.06112 -0.05243 0.08779 0.11913 0.61397 0.944 0.138 1589.049 0.02639
0.06117 -0.05248 0.08787 0.11924 0.61505 0.889 0.135 1589.086 0.02641
0.06123 -0.05253 0.08795 0.11935 0.61614 0.847 0.133 1589.123 0.02644
0.06128 -0.05258 0.08804 0.11946 0.61722 1.043 0.135 1589.160 0.02646
0.06134 -0.05263 0.08812 0.11957 0.61830 0.974 0.140 1589.196 0.02648
0.06140 -0.05267 0.08820 0.11968 0.61939 1.170 0.143 1589.233 0.02651
0.06145 -0.05272 0.08828 0.11979 0.62047 0.863 0.133 1589.270 0.02653
0.06151 -0.05277 0.08836 0.11989 0.62156 1.269 0.148 1589.307 0.02655
0.06156 -0.05282 0.08844 0.12000 0.62264 1.003 0.142 1589.343 0.02658
0.06162 -0.05287 0.08852 0.12011 0.62373 0.990 0.141 1589.380 0.02660
0.06168 -0.05291 0.08860 0.12022 0.62481 0.976 0.140 1589.417 0.02663
0.06173 -0.05296 0.08868 0.12033 0.62589 1.074 0.146 1589.453 0.02665
0.06179 -0.05301 0.08876 0.12044 0.62698 1.074 0.137 1589.490 0.02667
0.06184 -0.05306 0.08884 0.12055 0.62806 0.948 0.139 1589.527 0.02670
0.06190 -0.05311 0.08892 0.12066 0.62915 0.920 0.137 1589.564 0.02672
0.06196 -0.05315 0.08900 0.12077 0.63023 1.019 0.134 1589.600 0.02674
0.06201 -0.05320 0.08908 0.12088 0.63132 0.949 0.139 1589.637 0.02677
0.06207 -0.05325 0.08916 0.12099 0.63240 0.963 0.140 1589.674 0.02679
0.06212 -0.05330 0.08924 0.12110 0.63349 0.949 0.139 1589.710 0.02682
0.06218 -0.05335 0.08932 0.12121 0.63457 1.133 0.141 1589.747 0.02684
0.06224 -0.05339 0.08940 0.12131 0.63565 1.048 0.145 1589.784 0.02686
0.06229 -0.05344 0.08948 0.12142 0.63674 1.049 0.145 1589.821 0.02689
0.06235 -0.05349 0.08956 0.12153 0.63782 0.993 0.133 1589.857 0.02691
0.06240 -0.05354 0.08964 0.12164 0.63891 0.994 0.141 1589.894 0.02693
0.06246 -0.05359 0.08973 0.12175 0.63999 1.120 0.140 1589.931 0.02696
0.06252 -0.05364 0.08981 0.12186 0.64108 0.727 0.125 1589.968 0.02698
0.06257 -0.05368 0.08989 0.12197 0.64216 0.923 0.138 1590.004 0.02701
0.06263 -0.05373 0.08997 0.12208 0.64325 0.868 0.134 1590.041 0.02703
0.06268 -0.05378 0.09005 0.12219 0.64433 0.952 0.139 1590.078 0.02705
0.06274 -0.05383 0.09013 0.12230 0.64542 1.262 0.140 1590.114 0.02708
0.06280 -0.05388 0.09021 0.12241 0.64650 0.961 0.126 1590.151 0.02710
0.06285 -0.05392 0.09029 0.12252 0.64759 0.975 0.089 1590.188 0.02712
0.06291 -0.05397 0.09037 0.12263 0.64867 0.920 0.091 1590.225 0.02715
0.06296 -0.05402 0.09045 0.12274 0.64976 0.842 0.083 1590.261 0.02717
0.06302 -0.05407 0.09053 0.12284 0.65084 0.999 0.090 1590.298 0.02719
0.06308 -0.05412 0.09061 0.12295 0.65193 1.066 0.093 1590.335 0.02722
0.06313 -0.05416 0.09069 0.12306 0.65301 1.044 0.092 1590.371 0.02724
0.06319 -0.05421 0.09077 0.12317 0.65410 1.090 0.094 1590.408 0.02727
0.06324 -0.05426 0.09085 0.12328 0.65519 0.875 0.085 1590.445 0.02729
0.06330 -0.05431 0.09093 0.12339 0.65627 0.955 0.088 1590.482 0.02731
0.06336 -0.05436 0.09101 0.12350 0.65736 0.955 0.088 1590.518 0.02734
0.06341 -0.05440 0.09109 0.12361 0.65844 1.079 0.094 1590.555 0.02736
0.06347 -0.05445 0.09118 0.12372 0.65953 1.011 0.091 1590.592 0.02738
0.06353 -0.05450 0.09126 0.12383 0.66061 0.849 0.089 1590.628 0.02741
0.06358 -0.05455 0.09134 0.12394 0.66170 1.008 0.091 1590.665 0.02743
0.06364 -0.05460 0.09142 0.12405 0.66278 1.024 0.092 1590.702 0.02746
0.06369 -0.05465 0.09150 0.12416 0.66387 0.873 0.094 1590.739 0.02748
0.06375 -0.05469 0.09158 0.12427 0.66496 1.100 0.095 1590.775 0.02750
0.06381 -0.05474 0.09166 0.12437 0.66604 0.957 0.089 1590.812 0.02753
0.06386 -0.05479 0.09174 0.12448 0.66713 1.007 0.091 1590.849 0.02755
0.06392 -0.05484 0.09182 0.12459 0.66821 1.072 0.094 1590.886 0.02757
0.06397 -0.05489 0.09190 0.12470 0.66930 1.120 0.096 1590.922 0.02760
0.06403 -0.05493 0.09198 0.12481 0.67038 0.947 0.088 1590.959 0.02762
0.06409 -0.05498 0.09206 0.12492 0.67147 1.003 0.091 1590.996 0.02765
0.06414 -0.05503 0.09214 0.12503 0.67256 0.978 0.090 1591.032 0.02767
0.06420 -0.05508 0.09222 0.12514 0.67364 1.098 0.095 1591.069 0.02769
0.06425 -0.05513 0.09230 0.12525 0.67473 0.996 0.091 1591.106 0.02772
0.06431 -0.05517 0.09238 0.12536 0.67581 0.921 0.087 1591.143 0.02774
0.06437 -0.05522 0.09246 0.12547 0.67690 0.801 0.081 1591.179 0.02776
0.06442 -0.05527 0.09254 0.12558 0.67799 1.035 0.092 1591.216 0.02779
0.06448 -0.05532 0.09263 0.12569 0.67907 0.954 0.093 1591.253 0.02781
0.06453 -0.05537 0.09271 0.12580 0.68016 0.892 0.086 1591.289 0.02784
0.06459 -0.05542 0.09279 0.12591 0.68125 0.822 0.082 1591.326 0.02786
0.06465 -0.05546 0.09287 0.12602 0.68233 0.998 0.091 1591.363 0.02788
0.06470 -0.05551 0.09295 0.12612 0.68342 0.907 0.087 1591.400 0.02791
0.06476 -0.05556 0.09303 0.12623 0.68450 1.082 0.095 1591.436 0.02793
0.06482 -0.05561 0.09311 0.12634 0.68559 0.931 0.088 1591.473 0.02795
0.06487 -0.05566 0.09319 0.12645 0.68668 1.014 0.092 1591.510 0.02798
0.06493 -0.05570 0.09327 0.12656 0.68776 0.851 0.089 1591.546 0.02800
0.06498 -0.05575 0.09335 0.12667 0.68885 0.856 0.089 1591.583 0.02803
0.06504 -0.05580 0.09343 0.12678 0.68994 0.944 0.088 1591.620 0.02805
0.06510 -0.05585 0.09351 0.12689 0.69102 1.126 0.096 1591.657 0.02807
0.06515 -0.05590 0.09359 0.12700 0.69211 1.093 0.095 1591.693 0.02810
0.06521 -0.05595 0.09367 0.12711 0.69320 1.023 0.092 1591.730 0.02812
0.06526 -0.05599 0.09375 0.12722 0.69428 0.955 0.089 1591.767 0.02814
0.06532 -0.05604 0.09384 0.12733 0.69537 1.114 0.096 1591.804 0.02817
0.06538 -0.05609 0.09392 0.12744 0.69646 1.116 0.096 1591.840 0.02819
0.06543 -0.05614 0.09400 0.12755 0.69754 0.934 0.088 1591.877 0.02821
0.06549 -0.05619 0.09408 0.12766 0.69863 0.885 0.086 1591.914 0.02824
0.06555 -0.05623 0.09416 0.12777 0.69972 1.050 0.093 1591.950 0.02826
0.06560 -0.05628 0.09424 0.12788 0.70080 1.017 0.092 1591.987 0.02829
0.06566 -0.05633 0.09432 0.12799 0.70189 1.041 0.093 1592.024 0.02831
0.06571 -0.05638 0.09440 0.12809 0.70298 1.139 0.097 1592.061 0.02833
0.06577 -0.05643 0.09448 0.12820 0.70406 0.977 0.095 1592.097 0.02836
0.06583 -0.05648 0.09456 0.12831 0.70515 1.046 0.093 1592.134 0.02838
0.06588 -0.05652 0.09464 0.12842 0.70624 0.808 0.082 1592.171 0.02840
0.06594 -0.05657 0.09472 0.12853 0.70733 0.841 0.088 1592.207 0.02843
0.06599 -0.05662 0.09480 0.12864 0.70841 0.893 0.091 1592.244 0.02845
0.06605 -0.05667 0.09488 0.12875 0.70950 0.806 0.087 1592.281 0.02848
0.06611 -0.05672 0.09496 0.12886 0.71059 0.937 0.088 1592.318 0.02850
0.06616 -0.05676 0.09505 0.12897 0.71167 0.826 0.088 1592.354 0.02852
0.06622 -0.05681 0.09513 0.12908 0.71276 0.878 0.085 1592.391 0.02855
0.06628 -0.05686 0.09521 0.12919 0.71385 1.032 0.097 1592.428 0.02857
0.06633 -0.05691 0.09529 0.12930 0.71494 0.971 0.090 1592.465 0.02859
0.06639 -0.05696 0.09537 0.12941 0.71602 0.936 0.088 1592.501 0.02862
0.06644 -0.05701 0.09545 0.12952 0.71711 0.973 0.090 1592.538 0.02864
0.06650 -0.05705 0.09553 0.12963 0.71820 0.948 0.089 1592.575 0.02867
0.06656 -0.05710 0.09561 0.12974 0.71929 0.907 0.092 1592.611 0.02869
0.06661 -0.05715 0.09569 0.12985 0.72037 1.023 0.092 1592.648 0.02871
0.06667 -0.05720 0.09577 0.12996 0.72146 0.976 0.095 1592.685 0.02874
0.06673 -0.05725 0.09585 0.13007 0.72255 0.820 0.093 1592.722 0.02876
0.06678 -0.05729 0.09593 0.13018 0.72364 0.839 0.084 1592.758 0.02878
0.06684 -0.05734 0.09601 0.13028 0.72473 0.985 0.091 1592.795 0.02881
0.06689 -0.05739 0.09609 0.13039 0.72581 0.813 0.087 1592.832 0.02883
0.06695 -0.05744 0.09618 0.13050 0.72690 0.932 0.088 1592.868 0.02886
0.06701 -0.05749 0.09626 0.13061 0.72799 0.907 0.087 1592.905 0.02888
0.06706 -0.05754 0.09634 0.13072 0.72908 0.809 0.088 1592.942 0.02890
0.06712 -0.05758 0.09642 0.13083 0.73016 1.080 0.095 1592.979 0.02893
0.06717 -0.05763 0.09650 0.13094 0.73125 0.780 0.090 1593.015 0.02895
0.06723 -0.05768 0.09658 0.13105 0.73234 0.893 0.086 1593.052 0.02897
0.06729 -0.05773 0.09666 0.13116 0.73343 0.988 0.091 1593.089 0.02900
0.06734 -0.05778 0.09674 0.13127 0.73452 0.801 0.087 1593.125 0.02902
0.06740 -0.05783 0.09682 0.13138 0.73560 1.133 0.097 1593.162 0.02904
0.06746 -0.05787 0.09690 0.13149 0.73669 0.920 0.119 1593.199 0.02907
0.06751 -0.05792 0.09698 0.13160 0.73778 1.170 0.118 1593.236 0.02909
0.06757 -0.05797 0.09706 0.13171 0.73887 0.923 0.126 1593.272 0.02912
0.06762 -0.05802 0.09714 0.13182 0.73996 0.896 0.117 1593.309 0.02914
0.06768 -0.05807 0.09722 0.13193 0.74105 0.866 0.123 1593.346 0.02916
0.06774 -0.05811 0.09731 0.13204 0.74213 1.027 0.125 1593.383 0.02919
0.06779 -0.05816 0.09739 0.13215 0.74322 0.881 0.157 1593.419 0.02921
0.06785 -0.05821 0.09747 0.13226 0.74431 0.966 0.221 1593.456 0.02923
0.06791 -0.05826 0.09755 0.13237 0.74540 0.949 0.218 1593.493 0.02926
0.06796 -0.05831 0.09763 0.13248 0.74649 0.854 0.212 1593.529 0.02928
0.06802 -0.05836 0.09771 0.13259 0.74758 0.960 0.219 1593.566 0.02931
0.06807 -0.05840 0.09779 0.13270 0.74866 0.982 0.221 1593.603 0.02933
0.06813 -0.05845 0.09787 0.13281 0.74975 1.259 0.210 1593.640 0.02935
0.06819 -0.05850 0.09795 0.13291 0.75084 0.962 0.122 1593.676 0.02938
0.06824 -0.05855 0.09803 0.13302 0.75193 1.209 0.127 1593.713 0.02940
0.06830 -0.05860 0.09811 0.13313 0.75302 0.972 0.123 1593.750 0.02942
0.06836 -0.05865 0.09819 0.13324 0.75411 1.136 0.131 1593.786 0.02945
0.06841 -0.05869 0.09828 0.13335 0.75520 0.873 0.125 1593.823 0.02947
0.06847 -0.05874 0.09836 0.13346 0.75628 1.027 0.126 1593.860 0.02950
0.06852 -0.05879 0.09844 0.13357 0.75737 1.110 0.130 1593.897 0.02952
0.06858 -0.05884 0.09852 0.13368 0.75846 1.074 0.128 1593.933 0.02954
0.06864 -0.05889 0.09860 0.13379 0.75955 1.063 0.128 1593.970 0.02957
0.06869 -0.05893 0.09868 0.13390 0.76064 0.999 0.124 1594.007 0.02959
0.06875 -0.05898 0.09876 0.13401 0.76173 0.741 0.117 1594.043 0.02961
0.06881 -0.05903 0.09884 0.13412 0.76282 0.999 0.132 1594.080 0.02964
0.06886 -0.05908 0.09892 0.13423 0.76391 1.039 0.127 1594.117 0.02966
0.06892 -0.05913 0.09900 0.13434 0.76500 0.938 0.121 1594.154 0.02969
0.06897 -0.05918 0.09908 0.13445 0.76609 0.881 0.117 1594.190 0.02971
0.06903 -0.05922 0.09916 0.13456 0.76717 1.092 0.121 1594.227 0.02973
0.06909 -0.05927 0.09925 0.13467 0.76826 0.991 0.124 1594.264 0.02976
0.06914 -0.05932 0.09933 0.13478 0.76935 1.078 0.128 1594.301 0.02978
0.06920 -0.05937 0.09941 0.13489 0.77044 0.902 0.127 1594.337 0.02980
0.06926 -0.05942 0.09949 0.13500 0.77153 0.829 0.122 1594.374 0.02983
0.06931 -0.05947 0.09957 0.13511 0.77262 0.805 0.121 1594.411 0.02985
0.06937 -0.05951 0.09965 0.13522 0.77371 0.970 0.123 1594.447 0.02988
0.06942 -0.05956 0.09973 0.13533 0.77480 0.942 0.129 1594.484 0.02990
0.06948 -0.05961 0.09981 0.13544 0.77589 0.957 0.122 1594.521 0.02992
0.06954 -0.05966 0.09989 0.13555 0.77698 1.103 0.123 1594.558 0.02995
0.06959 -0.05971 0.09997 0.13566 0.77807 0.930 0.121 1594.594 0.02997
0.06965 -0.05976 0.10005 0.13577 0.77916 1.015 0.126 1594.631 0.02999
0.06971 -0.05980 0.10013 0.13588 0.78025 1.092 0.130 1594.668 0.03002
0.06976 -0.05985 0.10022 0.13599 0.78134 1.065 0.121 1594.704 0.03004
0.06982 -0.05990 0.10030 0.13610 0.78243 0.993 0.125 1594.741 0.03006
0.06987 -0.05995 0.10038 0.13621 0.78352 1.197 0.127 1594.778 0.03009
0.06993 -0.06000 0.10046 0.13632 0.78461 0.994 0.132 1594.815 0.03011
0.06999 -0.06005 0.10054 0.13642 0.78570 0.957 0.122 1594.851 0.03014
0.07004 -0.06009 0.10062 0.13653 0.78679 0.918 0.128 1594.888 0.03016
0.07010 -0.06014 0.10070 0.13664 0.78788 1.047 0.127 1594.925 0.03018
0.07016 -0.06019 0.10078 0.13675 0.78897 0.743 0.117 1594.962 0.03021
0.07021 -0.06024 0.10086 0.13686 0.79006 0.920 0.128 1594.998 0.03023
0.07027 -0.06029 0.10094 0.13697 0.79115 0.856 0.124 1595.035 0.03025
0.07033 -0.06034 0.10102 0.13708 0.79224 0.906 0.128 1595.072 0.03028
0.07038 -0.06038 0.10110 0.13719 0.79333 0.982 0.123 1595.108 0.03030
0.07044 -0.06043 0.10119 0.13730 0.79442 0.996 0.125 1595.145 0.03033
0.07049 -0.06048 0.10127 0.13741 0.79551 0.932 0.129 1595.182 0.03035
0.07055 -0.06053 0.10135 0.13752 0.79660 1.047 0.128 1595.219 0.03037
0.07061 -0.06058 0.10143 0.13763 0.79769 0.984 0.124 1595.255 0.03040
0.07066 -0.06063 0.10151 0.13774 0.79878 0.808 0.112 1595.292 0.03042
0.07072 -0.06067 0.10159 0.13785 0.79987 0.948 0.122 1595.329 0.03044
0.07078 -0.06072 0.10167 0.13796 0.80096 0.946 0.130 1595.365 0.03047
0.07083 -0.06077 0.10175 0.13807 0.80205 1.047 0.128 1595.402 0.03049
0.07089 -0.06082 0.10183 0.13818 0.80314 0.846 0.116 1595.439 0.03052
0.07094 -0.06087 0.10191 0.13829 0.80423 0.899 0.128 1595.476 0.03054
0.07100 -0.06092 0.10200 0.13840 0.80532 0.694 0.114 1595.512 0.03056
0.07106 -0.06096 0.10208 0.13851 0.80641 0.858 0.125 1595.549 0.03059
0.07111 -0.06101 0.10216 0.13862 0.80750 0.833 0.123 1595.586 0.03061
0.07117 -0.06106 0.10224 0.13873 0.80859 0.995 0.133 1595.622 0.03063
0.07123 -0.06111 0.10232 0.13884 0.80968 0.951 0.130 1595.659 0.03066
0.07128 -0.06116 0.10240 0.13895 0.81077 0.759 0.119 1595.696 0.03068
0.07134 -0.06121 0.10248 0.13906 0.81186 1.063 0.129 1595.733 0.03071
0.07140 -0.06125 0.10256 0.13917 0.81295 0.783 0.120 1595.769 0.03073
0.07145 -0.06130 0.10264 0.13928 0.81404 0.950 0.130 1595.806 0.03075
0.07151 -0.06135 0.10272 0.13939 0.81513 0.989 0.133 1595.843 0.03078
0.07156 -0.06140 0.10280 0.13950 0.81622 1.014 0.126 1595.880 0.03080
0.07162 -0.06145 0.10289 0.13961 0.81732 1.102 0.130 1595.916 0.03082
0.07168 -0.06150 0.10297 0.13972 0.81841 0.914 0.128 1595.953 0.03085
0.07173 -0.06154 0.10305 0.13983 0.81950 1.001 0.133 1595.990 0.03087
0.07179 -0.06159 0.10313 0.13994 0.82059 0.962 0.131 1596.026 0.03089
0.07185 -0.06164 0.10321 0.14005 0.82168 0.800 0.122 1596.063 0.03092
0.07190 -0.06169 0.10329 0.14016 0.82277 0.913 0.129 1596.100 0.03094
0.07196 -0.06174 0.10337 0.14027 0.82386 0.861 0.125 1596.137 0.03097
0.07202 -0.06179 0.10345 0.14038 0.82495 0.980 0.125 1596.173 0.03099
0.07207 -0.06183 0.10353 0.14049 0.82604 1.120 0.124 1596.210 0.03101
0.07213 -0.06188 0.10361 0.14060 0.82713 1.005 0.126 1596.247 0.03104
0.07218 -0.06193 0.10370 0.14071 0.82823 0.980 0.124 1596.283 0.03106
0.07224 -0.06198 0.10378 0.14082 0.82932 0.802 0.122 1596.320 0.03108
0.07230 -0.06203 0.10386 0.14093 0.83041 1.045 0.127 1596.357 0.03111
0.07235 -0.06208 0.10394 0.14104 0.83150 1.197 0.128 1596.394 0.03113
0.07241 -0.06212 0.10402 0.14115 0.83259 0.957 0.124 1596.430 0.03116
0.07247 -0.06217 0.10410 0.14126 0.83368 0.970 0.122 1596.467 0.03118
0.07252 -0.06222 0.10418 0.14137 0.83477 1.118 0.124 1596.504 0.03120
0.07258 -0.06227 0.10426 0.14148 0.83587 1.021 0.127 1596.540 0.03123
0.07264 -0.06232 0.10434 0.14159 0.83696 1.058 0.129 1596.577 0.03125
0.07269 -0.06237 0.10442 0.14170 0.83805 0.945 0.123 1596.614 0.03127
0.07275 -0.06241 0.10451 0.14181 0.83914 0.866 0.116 1596.651 0.03130
0.07280 -0.06246 0.10459 0.14192 0.84023 0.854 0.126 1596.687 0.03132
0.07286 -0.06251 0.10467 0.14203 0.84132 0.845 0.125 1596.724 0.03135
0.07292 -0.06256 0.10475 0.14214 0.84241 0.857 0.126 1596.761 0.03137
0.07297 -0.06261 0.10483 0.14225 0.84351 1.087 0.131 1596.798 0.03139
0.07303 -0.06266 0.10491 0.14236 0.84460 1.009 0.127 1596.834 0.03142
0.07309 -0.06270 0.10499 0.14247 0.84569 0.907 0.129 1596.871 0.03144
0.07314 -0.06275 0.10507 0.14258 0.84678 0.870 0.118 1596.908 0.03146
0.07320 -0.06280 0.10515 0.14269 0.84787 1.055 0.130 1596.944 0.03149
0.07326 -0.06285 0.10523 0.14280 0.84897 1.048 0.120 1596.981 0.03151
0.07331 -0.06290 0.10532 0.14291 0.85006 1.074 0.130 1597.018 0.03154
0.07337 -0.06295 0.10540 0.14302 0.85115 0.845 0.125 1597.055 0.03156
0.07343 -0.06299 0.10548 0.14313 0.85224 0.984 0.125 1597.091 0.03158
0.07348 -0.06304 0.10556 0.14324 0.85333 1.115 0.132 1597.128 0.03161
0.07354 -0.06309 0.10564 0.14335 0.85443 0.988 0.134 1597.165 0.03163
0.07359 -0.06314 0.10572 0.14346 0.85552 0.961 0.132 1597.201 0.03165
0.07365 -0.06319 0.10580 0.14357 0.85661 1.112 0.124 1597.238 0.03168
0.07371 -0.06324 0.10588 0.14368 0.85770 0.797 0.123 1597.275 0.03170
0.07376 -0.06329 0.10596 0.14379 0.85879 0.935 0.131 1597.312 0.03173
0.07382 -0.06333 0.10604 0.14390 0.85989 0.884 0.128 1597.348 0.03175
0.07388 -0.06338 0.10613 0.14401 0.86098 0.858 0.125 1597.385 0.03177
0.07393 -0.06343 0.10621 0.14412 0.86207 0.961 0.124 1597.422 0.03180
0.07399 -0.06348 0.10629 0.14423 0.86316 1.064 0.130 1597.459 0.03182
0.07405 -0.06353 0.10637 0.14434 0.86426 0.913 0.130 1597.495 0.03184
0.07410 -0.06358 0.10645 0.14445 0.86535 1.119 0.124 1597.532 0.03187
0.07416 -0.06362 0.10653 0.14456 0.86644 0.965 0.124 1597.569 0.03189
0.07422 -0.06367 0.10661 0.14467 0.86753 0.801 0.123 1597.605 0.03191
0.07427 -0.06372 0.10669 0.14478 0.86863 0.965 0.132 1597.642 0.03194
0.07433 -0.06377 0.10677 0.14489 0.86972 1.041 0.129 1597.679 0.03196
0.07438 -0.06382 0.10686 0.14500 0.87081 0.940 0.124 1597.716 0.03199
0.07444 -0.06387 0.10694 0.14511 0.87190 0.800 0.123 1597.752 0.03201
0.07450 -0.06391 0.10702 0.14522 0.87300 0.557 0.106 1597.789 0.03203
0.07455 -0.06396 0.10710 0.14533 0.87409 0.852 0.126 1597.826 0.03206
0.07461 -0.06401 0.10718 0.14544 0.87518 0.994 0.134 1597.862 0.03208
0.07467 -0.06406 0.10726 0.14555 0.87628 1.109 0.133 1597.899 0.03210
0.07472 -0.06411 0.10734 0.14566 0.87737 0.965 0.125 1597.936 0.03213
0.07478 -0.06416 0.10742 0.14577 0.87846 0.787 0.121 1597.973 0.03215
0.07484 -0.06421 0.10750 0.14588 0.87955 0.837 0.125 1598.009 0.03218
0.07489 -0.06425 0.10759 0.14599 0.88065 0.952 0.123 1598.046 0.03220
0.07495 -0.06430 0.10767 0.14610 0.88174 0.943 0.124 1598.083 0.03222
0.07501 -0.06435 0.10775 0.14621 0.88283 0.981 0.134 1598.119 0.03225
0.07506 -0.06440 0.10783 0.14632 0.88393 1.058 0.130 1598.156 0.03227
0.07512 -0.06445 0.10791 0.14643 0.88502 0.944 0.132 1598.193 0.03229
0.07518 -0.06450 0.10799 0.14654 0.88611 1.058 0.130 1598.230 0.03232
0.07523 -0.06454 0.10807 0.14665 0.88721 0.882 0.129 1598.266 0.03234
0.07529 -0.06459 0.10815 0.14676 0.88830 1.099 0.133 1598.303 0.03237
0.07534 -0.06464 0.10823 0.14687 0.88939 0.816 0.124 1598.340 0.03239
0.07540 -0.06469 0.10832 0.14698 0.89049 0.996 0.118 1598.377 0.03241
0.07546 -0.06474 0.10840 0.14709 0.89158 0.907 0.130 1598.413 0.03244
0.07551 -0.06479 0.10848 0.14720 0.89267 0.856 0.127 1598.450 0.03246
0.07557 -0.06484 0.10856 0.14731 0.89377 0.752 0.120 1598.487 0.03248
0.07563 -0.06488 0.10864 0.14742 0.89486 0.753 0.120 1598.523 0.03251
0.07568 -0.06493 0.10872 0.14753 0.89595 0.997 0.134 1598.560 0.03253
0.07574 -0.06498 0.10880 0.14764 0.89705 0.883 0.128 1598.597 0.03256
0.07580 -0.06503 0.10888 0.14775 0.89814 1.180 0.137 1598.634 0.03258
0.07585 -0.06508 0.10897 0.14786 0.89923 1.115 0.134 1598.670 0.03260
0.07591 -0.06513 0.10905 0.14797 0.90033 0.794 0.122 1598.707 0.03263
0.07597 -0.06517 0.10913 0.14808 0.90142 0.984 0.134 1598.744 0.03265
0.07602 -0.06522 0.10921 0.14819 0.90251 0.871 0.128 1598.780 0.03267
0.07608 -0.06527 0.10929 0.14830 0.90361 0.997 0.128 1598.817 0.03270
0.07614 -0.06532 0.10937 0.14841 0.90470 0.870 0.119 1598.854 0.03272
0.07619 -0.06537 0.10945 0.14852 0.90580 0.820 0.124 1598.891 0.03274
0.07625 -0.06542 0.10953 0.14863 0.90689 0.883 0.119 1598.927 0.03277
0.07631 -0.06547 0.10961 0.14874 0.90798 1.181 0.137 1598.964 0.03279
0.07636 -0.06551 0.10970 0.14885 0.90908 0.871 0.119 1599.001 0.03282
0.07642 -0.06556 0.10978 0.14896 0.91017 1.089 0.132 1599.037 0.03284
0.07647 -0.06561 0.10986 0.14907 0.91126 1.118 0.134 1599.074 0.03286
0.07653 -0.06566 0.10994 0.14918 0.91236 0.952 0.133 1599.111 0.03289
0.07659 -0.06571 0.11002 0.14929 0.91345 1.007 0.128 1599.148 0.03291
0.07664 -0.06576 0.11010 0.14940 0.91455 0.979 0.134 1599.184 0.03293
0.07670 -0.06581 0.11018 0.14951 0.91564 0.944 0.124 1599.221 0.03296
0.07676 -0.06585 0.11026 0.14962 0.91674 0.816 0.124 1599.258 0.03298
0.07681 -0.06590 0.11035 0.14973 0.91783 0.925 0.123 1599.295 0.03301
0.07687 -0.06595 0.11043 0.14984 0.91892 0.917 0.131 1599.331 0.03303
0.07693 -0.06600 0.11051 0.14995 0.92002 0.990 0.127 1599.368 0.03305
0.07698 -0.06605 0.11059 0.15006 0.92111 0.925 0.131 1599.405 0.03308
0.07704 -0.06610 0.11067 0.15017 0.92221 1.081 0.132 1599.441 0.03310
0.07710 -0.06614 0.11075 0.15028 0.92330 1.030 0.130 1599.478 0.03312
0.07715 -0.06619 0.11083 0.15039 0.92440 1.137 0.135 1599.515 0.03315
0.07721 -0.06624 0.11091 0.15050 0.92549 1.089 0.133 1599.552 0.03317
0.07727 -0.06629 0.11099 0.15061 0.92658 1.000 0.128 1599.588 0.03320
0.07732 -0.06634 0.11108 0.15072 0.92768 0.991 0.135 1599.625 0.03322
0.07738 -0.06639 0.11116 0.15083 0.92877 0.964 0.134 1599.662 0.03324
0.07744 -0.06644 0.11124 0.15094 0.92987 0.858 0.118 1599.698 0.03327
0.07749 -0.06648 0.11132 0.15105 0.93096 0.912 0.130 1599.735 0.03329
0.07755 -0.06653 0.11140 0.15116 0.93206 1.020 0.128 1599.772 0.03331
0.07761 -0.06658 0.11148 0.15127 0.93315 0.964 0.125 1599.809 0.03334
0.07766 -0.06663 0.11156 0.15138 0.93425 1.091 0.154 1599.845 0.03336
0.07772 -0.06668 0.11164 0.15150 0.93534 0.944 0.132 1599.882 0.03339
0.07778 -0.06673 0.11173 0.15161 0.93644 1.128 0.135 1599.919 0.03341
0.07783 -0.06678 0.11181 0.15172 0.93753 1.077 0.124 1599.956 0.03343
0.07789 -0.06682 0.11189 0.15183 0.93863 0.999 0.136 1599.992 0.03346
0.07794 -0.06687 0.11197 0.15194 0.93972 0.870 0.128 1600.029 0.03348
0.07800 -0.06692 0.11205 0.15205 0.94082 0.814 0.125 1600.066 0.03350
0.07806 -0.06697 0.11213 0.15216 0.94191 0.815 0.125 1600.102 0.03353
0.07811 -0.06702 0.11221 0.15227 0.94301 0.892 0.122 1600.139 0.03355
0.07817 -0.06707 0.11229 0.15238 0.94410 1.152 0.128 1600.176 0.03358
0.07823 -0.06712 0.11238 0.15249 0.94520 1.080 0.133 1600.213 0.03360
0.07828 -0.06716 0.11246 0.15260 0.94629 1.072 0.132 1600.249 0.03362
0.07834 -0.06721 0.11254 0.15271 0.94739 1.154 0.129 1600.286 0.03365
0.07840 -0.06726 0.11262 0.15282 0.94848 0.906 0.131 1600.323 0.03367
0.07845 -0.06731 0.11270 0.15293 0.94958 0.712 0.118 1600.359 0.03369
0.07851 -0.06736 0.11278 0.15304 0.95067 0.987 0.136 1600.396 0.03372
0.07857 -0.06741 0.11286 0.15315 0.95177 0.882 0.130 1600.433 0.03374
0.07862 -0.06745 0.11295 0.15326 0.95286 1.122 0.127 1600.470 0.03376
0.07868 -0.06750 0.11303 0.15337 0.95396 1.018 0.130 1600.506 0.03379
0.07874 -0.06755 0.11311 0.15348 0.95505 1.159 0.129 1600.543 0.03381
0.07879 -0.06760 0.11319 0.15359 0.95615 1.381 0.132 1600.580 0.03384
0.07885 -0.06765 0.11327 0.15370 0.95725 1.028 0.130 1600.616 0.03386
0.07891 -0.06770 0.11335 0.15381 0.95834 1.068 0.133 1600.653 0.03388
0.07896 -0.06775 0.11343 0.15392 0.95944 1.094 0.133 1600.690 0.03391
0.07902 -0.06779 0.11351 0.15403 0.96053 0.884 0.129 1600.727 0.03393
0.07908 -0.06784 0.11360 0.15414 0.96163 0.807 0.125 1600.763 0.03395
0.07913 -0.06789 0.11368 0.15425 0.96272 0.885 0.130 1600.800 0.03398
0.07919 -0.06794 0.11376 0.15436 0.96382 1.029 0.131 1600.837 0.03400
0.07925 -0.06799 0.11384 0.15447 0.96492 1.042 0.131 1600.874 0.03403
0.07930 -0.06804 0.11392 0.15458 0.96601 0.781 0.123 1600.910 0.03405
0.07936 -0.06809 0.11400 0.15469 0.96711 0.861 0.129 1600.947 0.03407
0.07942 -0.06813 0.11408 0.15480 0.96820 0.886 0.130 1600.984 0.03410
0.07947 -0.06818 0.11417 0.15491 0.96930 0.860 0.129 1601.020 0.03412
0.07953 -0.06823 0.11425 0.15503 0.97039 0.731 0.120 1601.057 0.03414
0.07959 -0.06828 0.11433 0.15514 0.97149 0.939 0.133 1601.094 0.03417
0.07964 -0.06833 0.11441 0.15525 0.97259 0.953 0.135 1601.131 0.03419
0.07970 -0.06838 0.11449 0.15536 0.97368 0.992 0.128 1601.167 0.03422
0.07976 -0.06843 0.11457 0.15547 0.97478 1.083 0.133 1601.204 0.03424
0.07981 -0.06847 0.11465 0.15558 0.97588 1.128 0.128 1601.241 0.03426
0.07987 -0.06852 0.11473 0.15569 0.97697 1.020 0.131 1601.277 0.03429
0.07993 -0.06857 0.11482 0.15580 0.97807 1.101 0.135 1601.314 0.03431
0.07998 -0.06862 0.11490 0.15591 0.97916 0.930 0.133 1601.351 0.03433
0.08004 -0.06867 0.11498 0.15602 0.98026 0.942 0.134 1601.388 0.03436
0.08010 -0.06872 0.11506 0.15613 0.98136 0.903 0.123 1601.424 0.03438
0.08015 -0.06877 0.11514 0.15624 0.98245 1.271 0.128 1601.461 0.03441
0.08021 -0.06882 0.11522 0.15635 0.98355 0.823 0.126 1601.498 0.03443
0.08027 -0.06886 0.11530 0.15646 0.98465 1.048 0.140 1601.534 0.03445
0.08032 -0.06891 0.11539 0.15657 0.98574 0.968 0.135 1601.571 0.03448
0.08038 -0.06896 0.11547 0.15668 0.98684 1.130 0.137 1601.608 0.03450
0.08044 -0.06901 0.11555 0.15679 0.98794 0.719 0.119 1601.645 0.03452
0.08049 -0.06906 0.11563 0.15690 0.98903 0.948 0.112 1601.681 0.03455
0.08055 -0.06911 0.11571 0.15701 0.99013 1.015 0.091 1601.718 0.03457
0.08061 -0.06916 0.11579 0.15712 0.99123 0.890 0.090 1601.755 0.03460
0.08066 -0.06920 0.11587 0.15723 0.99232 0.964 0.089 1601.792 0.03462
0.08072 -0.06925 0.11596 0.15734 0.99342 1.017 0.091 1601.828 0.03464
0.08078 -0.06930 0.11604 0.15745 0.99452 1.015 0.091 1601.865 0.03467
0.08083 -0.06935 0.11612 0.15756 0.99561 0.950 0.088 1601.902 0.03469
0.08089 -0.06940 0.11620 0.15768 0.99671 0.841 0.088 1601.938 0.03471
0.08095 -0.06945 0.11628 0.15779 0.99781 0.985 0.090 1601.975 0.03474
0.08100 -0.06950 0.11636 0.15790 0.99890 0.983 0.090 1602.012 0.03476
0.08106 -0.06954 0.11644 0.15801 1.00000 1.000 0.090 1602.049 0.03478
