x y z dist_scaled dist_frac flux_norm sig_norm wavelength redshift
-0.04242 0.00414 0.03831 0.05731 0.00000 0.740 0.040 1568.048 0.01282
-0.04249 0.00415 0.03839 0.05741 0.00106 0.906 0.045 1568.085 0.01285
-0.04257 0.00416 0.03846 0.05752 0.00213 0.906 0.045 1568.121 0.01287
-0.04265 0.00416 0.03853 0.05763 0.00319 0.884 0.044 1568.158 0.01289
-0.04273 0.00417 0.03860 0.05774 0.00425 1.026 0.048 1568.195 0.01292
-0.04281 0.00418 0.03867 0.05784 0.00531 0.996 0.047 1568.232 0.01294
-0.04289 0.00419 0.03874 0.05795 0.00638 1.035 0.048 1568.268 0.01297
-0.04297 0.00420 0.03881 0.05806 0.00744 1.047 0.048 1568.305 0.01299
-0.04305 0.00420 0.03889 0.05816 0.00850 0.977 0.047 1568.342 0.01301
-0.04313 0.00421 0.03896 0.05827 0.00957 0.932 0.045 1568.378 0.01304
-0.04321 0.00422 0.03903 0.05838 0.01063 0.962 0.046 1568.415 0.01306
-0.04329 0.00423 0.03910 0.05849 0.01169 0.941 0.046 1568.452 0.01308
-0.04337 0.00423 0.03917 0.05859 0.01276 0.983 0.047 1568.489 0.01311
-0.04345 0.00424 0.03924 0.05870 0.01382 1.028 0.048 1568.525 0.01313
-0.04352 0.00425 0.03932 0.05881 0.01488 0.909 0.045 1568.562 0.01316
-0.04360 0.00426 0.03939 0.05891 0.01594 0.964 0.047 1568.599 0.01318
-0.04368 0.00427 0.03946 0.05902 0.01701 0.957 0.046 1568.635 0.01320
-0.04376 0.00427 0.03953 0.05913 0.01807 0.856 0.044 1568.672 0.01323
-0.04384 0.00428 0.03960 0.05923 0.01913 1.074 0.049 1568.709 0.01325
-0.04392 0.00429 0.03967 0.05934 0.02020 0.960 0.047 1568.746 0.01327
-0.04400 0.00430 0.03975 0.05945 0.02126 1.062 0.049 1568.782 0.01330
-0.04408 0.00430 0.03982 0.05956 0.02233 0.833 0.043 1568.819 0.01332
-0.04416 0.00431 0.03989 0.05966 0.02339 0.915 0.046 1568.856 0.01335
-0.04424 0.00432 0.03996 0.05977 0.02445 0.939 0.046 1568.892 0.01337
-0.04432 0.00433 0.04003 0.05988 0.02552 1.044 0.049 1568.929 0.01339
-0.04440 0.00433 0.04010 0.05998 0.02658 1.002 0.048 1568.966 0.01342
-0.04448 0.00434 0.04017 0.06009 0.02764 0.960 0.047 1569.003 0.01344
-0.04455 0.00435 0.04025 0.06020 0.02871 0.919 0.046 1569.039 0.01346
-0.04463 0.00436 0.04032 0.06031 0.02977 0.905 0.046 1569.076 0.01349
-0.04471 0.00437 0.04039 0.06041 0.03083 0.867 0.045 1569.113 0.01351
-0.04479 0.00437 0.04046 0.06052 0.03190 0.947 0.047 1569.149 0.01353
-0.04487 0.00438 0.04053 0.06063 0.03296 1.019 0.048 1569.186 0.01356
-0.04495 0.00439 0.04060 0.06073 0.03403 0.909 0.046 1569.223 0.01358
-0.04503 0.00440 0.04068 0.06084 0.03509 1.029 0.049 1569.260 0.01361
-0.04511 0.00440 0.04075 0.06095 0.03615 0.942 0.047 1569.296 0.01363
-0.04519 0.00441 0.04082 0.06106 0.03722 0.899 0.046 1569.333 0.01365
-0.04527 0.00442 0.04089 0.06116 0.03828 0.867 0.045 1569.370 0.01368
-0.04535 0.00443 0.04096 0.06127 0.03935 0.897 0.046 1569.406 0.01370
-0.04543 0.00444 0.04103 0.06138 0.04041 1.035 0.049 1569.443 0.01372
-0.04551 0.00444 0.04111 0.06148 0.04147 1.003 0.048 1569.480 0.01375
-0.04559 0.00445 0.04118 0.06159 0.04254 0.889 0.046 1569.517 0.01377
-0.04566 0.00446 0.04125 0.06170 0.04360 0.978 0.048 1569.553 0.01380
-0.04574 0.00447 0.04132 0.06181 0.04467 0.963 0.048 1569.590 0.01382
-0.04582 0.00447 0.04139 0.06191 0.04573 0.996 0.048 1569.627 0.01384
-0.04590 0.00448 0.04146 0.06202 0.04680 0.936 0.047 1569.663 0.01387
-0.04598 0.00449 0.04154 0.06213 0.04786 1.059 0.050 1569.700 0.01389
-0.04606 0.00450 0.04161 0.06223 0.04892 0.979 0.048 1569.737 0.01391
-0.04614 0.00451 0.04168 0.06234 0.04999 0.974 0.048 1569.774 0.01394
-0.04622 0.00451 0.04175 0.06245 0.05105 1.007 0.049 1569.810 0.01396
-0.04630 0.00452 0.04182 0.06256 0.05212 0.938 0.047 1569.847 0.01399
-0.04638 0.00453 0.04189 0.06266 0.05318 0.918 0.047 1569.884 0.01401
-0.04646 0.00454 0.04197 0.06277 0.05425 0.946 0.047 1569.920 0.01403
-0.04654 0.00454 0.04204 0.06288 0.05531 0.893 0.046 1569.957 0.01406
-0.04662 0.00455 0.04211 0.06298 0.05638 1.010 0.049 1569.994 0.01408
-0.04670 0.00456 0.04218 0.06309 0.05744 0.886 0.046 1570.031 0.01410
-0.04678 0.00457 0.04225 0.06320 0.05851 0.955 0.048 1570.067 0.01413
-0.04685 0.00457 0.04232 0.06331 0.05957 1.010 0.049 1570.104 0.01415
-0.04693 0.00458 0.04240 0.06341 0.06064 0.909 0.047 1570.141 0.01417
-0.04701 0.00459 0.04247 0.06352 0.06170 0.994 0.049 1570.177 0.01420
-0.04709 0.00460 0.04254 0.06363 0.06277 0.973 0.048 1570.214 0.01422
-0.04717 0.00461 0.04261 0.06373 0.06383 1.007 0.049 1570.251 0.01425
-0.04725 0.00461 0.04268 0.06384 0.06490 1.011 0.049 1570.287 0.01427
-0.04733 0.00462 0.04275 0.06395 0.06596 1.027 0.050 1570.324 0.01429
-0.04741 0.00463 0.04283 0.06406 0.06703 1.027 0.050 1570.361 0.01432
-0.04749 0.00464 0.04290 0.06416 0.06809 1.018 0.050 1570.398 0.01434
-0.04757 0.00464 0.04297 0.06427 0.06916 0.995 0.049 1570.434 0.01436
-0.04765 0.00465 0.04304 0.06438 0.07022 1.004 0.049 1570.471 0.01439
-0.04773 0.00466 0.04311 0.06449 0.07129 1.048 0.051 1570.508 0.01441
-0.04781 0.00467 0.04318 0.06459 0.07235 1.040 0.050 1570.544 0.01444
-0.04789 0.00468 0.04326 0.06470 0.07342 0.992 0.049 1570.581 0.01446
-0.04797 0.00468 0.04333 0.06481 0.07448 0.994 0.049 1570.618 0.01448
-0.04805 0.00469 0.04340 0.06491 0.07555 0.881 0.047 1570.655 0.01451
-0.04812 0.00470 0.04347 0.06502 0.07661 1.050 0.051 1570.691 0.01453
-0.04820 0.00471 0.04354 0.06513 0.07768 1.037 0.051 1570.728 0.01455
-0.04828 0.00471 0.04361 0.06524 0.07874 0.963 0.049 1570.765 0.01458
-0.04836 0.00472 0.04369 0.06534 0.07981 0.905 0.047 1570.801 0.01460
-0.04844 0.00473 0.04376 0.06545 0.08087 0.933 0.048 1570.838 0.01463
-0.04852 0.00474 0.04383 0.06556 0.08194 0.988 0.049 1570.875 0.01465
-0.04860 0.00475 0.04390 0.06567 0.08301 0.879 0.047 1570.912 0.01467
-0.04868 0.00475 0.04397 0.06577 0.08407 0.979 0.049 1570.948 0.01470
-0.04876 0.00476 0.04404 0.06588 0.08514 0.962 0.049 1570.985 0.01472
-0.04884 0.00477 0.04412 0.06599 0.08620 0.885 0.047 1571.022 0.01474
-0.04892 0.00478 0.04419 0.06609 0.08727 0.965 0.049 1571.058 0.01477
-0.04900 0.00478 0.04426 0.06620 0.08833 0.990 0.050 1571.095 0.01479
-0.04908 0.00479 0.04433 0.06631 0.08940 1.068 0.052 1571.132 0.01482
-0.04916 0.00480 0.04440 0.06642 0.09047 0.972 0.049 1571.169 0.01484
-0.04924 0.00481 0.04448 0.06652 0.09153 1.048 0.051 1571.205 0.01486
-0.04932 0.00482 0.04455 0.06663 0.09260 0.950 0.049 1571.242 0.01489
-0.04940 0.00482 0.04462 0.06674 0.09366 1.097 0.053 1571.279 0.01491
-0.04947 0.00483 0.04469 0.06685 0.09473 0.964 0.049 1571.315 0.01493
-0.04955 0.00484 0.04476 0.06695 0.09580 1.014 0.051 1571.352 0.01496
-0.04963 0.00485 0.04483 0.06706 0.09686 0.993 0.050 1571.389 0.01498
-0.04971 0.00485 0.04491 0.06717 0.09793 0.978 0.050 1571.426 0.01500
-0.04979 0.00486 0.04498 0.06728 0.09899 0.970 0.050 1571.462 0.01503
-0.04987 0.00487 0.04505 0.06738 0.10006 0.837 0.046 1571.499 0.01505
-0.04995 0.00488 0.04512 0.06749 0.10113 0.924 0.049 1571.536 0.01508
-0.05003 0.00488 0.04519 0.06760 0.10219 0.920 0.048 1571.572 0.01510
-0.05011 0.00489 0.04526 0.06770 0.10326 0.989 0.050 1571.609 0.01512
-0.05019 0.00490 0.04534 0.06781 0.10433 0.962 0.050 1571.646 0.01515
-0.05027 0.00491 0.04541 0.06792 0.10539 0.972 0.050 1571.683 0.01517
-0.05035 0.00492 0.04548 0.06803 0.10646 0.976 0.050 1571.719 0.01519
-0.05043 0.00492 0.04555 0.06813 0.10753 0.925 0.049 1571.756 0.01522
-0.05051 0.00493 0.04562 0.06824 0.10859 0.921 0.049 1571.793 0.01524
-0.05059 0.00494 0.04570 0.06835 0.10966 1.054 0.052 1571.829 0.01527
-0.05067 0.00495 0.04577 0.06846 0.11072 0.953 0.050 1571.866 0.01529
-0.05075 0.00495 0.04584 0.06856 0.11179 0.973 0.050 1571.903 0.01531
-0.05083 0.00496 0.04591 0.06867 0.11286 0.969 0.050 1571.940 0.01534
-0.05091 0.00497 0.04598 0.06878 0.11392 0.965 0.050 1571.976 0.01536
-0.05098 0.00498 0.04605 0.06889 0.11499 0.935 0.049 1572.013 0.01538
-0.05106 0.00499 0.04613 0.06899 0.11606 0.934 0.049 1572.050 0.01541
-0.05114 0.00499 0.04620 0.06910 0.11712 0.906 0.049 1572.086 0.01543
-0.05122 0.00500 0.04627 0.06921 0.11819 1.152 0.055 1572.123 0.01546
-0.05130 0.00501 0.04634 0.06932 0.11926 0.981 0.051 1572.160 0.01548
-0.05138 0.00502 0.04641 0.06942 0.12033 0.991 0.051 1572.197 0.01550
-0.05146 0.00502 0.04649 0.06953 0.12139 1.038 0.052 1572.233 0.01553
-0.05154 0.00503 0.04656 0.06964 0.12246 0.973 0.051 1572.270 0.01555
-0.05162 0.00504 0.04663 0.06975 0.12353 0.985 0.051 1572.307 0.01557
-0.05170 0.00505 0.04670 0.06985 0.12459 0.906 0.049 1572.343 0.01560
-0.05178 0.00506 0.04677 0.06996 0.12566 0.961 0.050 1572.380 0.01562
-0.05186 0.00506 0.04684 0.07007 0.12673 0.982 0.051 1572.417 0.01565
-0.05194 0.00507 0.04692 0.07018 0.12780 1.000 0.052 1572.454 0.01567
-0.05202 0.00508 0.04699 0.07028 0.12886 0.991 0.051 1572.490 0.01569
-0.05210 0.00509 0.04706 0.07039 0.12993 1.011 0.052 1572.527 0.01572
-0.05218 0.00509 0.04713 0.07050 0.13100 1.007 0.052 1572.564 0.01574
-0.05226 0.00510 0.04720 0.07060 0.13206 1.027 0.052 1572.600 0.01576
-0.05234 0.00511 0.04728 0.07071 0.13313 0.969 0.051 1572.637 0.01579
-0.05242 0.00512 0.04735 0.07082 0.13420 0.944 0.050 1572.674 0.01581
-0.05250 0.00513 0.04742 0.07093 0.13527 1.024 0.052 1572.711 0.01583
-0.05258 0.00513 0.04749 0.07103 0.13633 1.047 0.053 1572.747 0.01586
-0.05265 0.00514 0.04756 0.07114 0.13740 1.037 0.053 1572.784 0.01588
-0.05273 0.00515 0.04763 0.07125 0.13847 0.869 0.048 1572.821 0.01591
-0.05281 0.00516 0.04771 0.07136 0.13954 1.024 0.053 1572.857 0.01593
-0.05289 0.00516 0.04778 0.07146 0.14060 1.047 0.053 1572.894 0.01595
-0.05297 0.00517 0.04785 0.07157 0.14167 1.096 0.054 1572.931 0.01598
-0.05305 0.00518 0.04792 0.07168 0.14274 1.125 0.055 1572.968 0.01600
-0.05313 0.00519 0.04799 0.07179 0.14381 0.879 0.049 1573.004 0.01602
-0.05321 0.00520 0.04807 0.07189 0.14488 0.995 0.052 1573.041 0.01605
-0.05329 0.00520 0.04814 0.07200 0.14594 1.094 0.055 1573.078 0.01607
-0.05337 0.00521 0.04821 0.07211 0.14701 1.071 0.054 1573.114 0.01610
-0.05345 0.00522 0.04828 0.07222 0.14808 1.002 0.052 1573.151 0.01612
-0.05353 0.00523 0.04835 0.07232 0.14915 0.992 0.052 1573.188 0.01614
-0.05361 0.00523 0.04843 0.07243 0.15021 1.027 0.053 1573.225 0.01617
-0.05369 0.00524 0.04850 0.07254 0.15128 1.033 0.053 1573.261 0.01619
-0.05377 0.00525 0.04857 0.07265 0.15235 0.949 0.051 1573.298 0.01621
-0.05385 0.00526 0.04864 0.07275 0.15342 1.006 0.053 1573.335 0.01624
-0.05393 0.00527 0.04871 0.07286 0.15449 0.966 0.052 1573.371 0.01626
-0.05401 0.00527 0.04879 0.07297 0.15555 1.001 0.053 1573.408 0.01629
-0.05409 0.00528 0.04886 0.07308 0.15662 1.005 0.053 1573.445 0.01631
-0.05417 0.00529 0.04893 0.07319 0.15769 0.934 0.051 1573.482 0.01633
-0.05425 0.00530 0.04900 0.07329 0.15876 1.008 0.053 1573.518 0.01636
-0.05433 0.00530 0.04907 0.07340 0.15983 1.004 0.053 1573.555 0.01638
-0.05441 0.00531 0.04914 0.07351 0.16090 0.833 0.048 1573.592 0.01640
-0.05449 0.00532 0.04922 0.07362 0.16196 0.939 0.051 1573.628 0.01643
-0.05457 0.00533 0.04929 0.07372 0.16303 0.864 0.049 1573.665 0.01645
-0.05464 0.00534 0.04936 0.07383 0.16410 1.002 0.053 1573.702 0.01648
-0.05472 0.00534 0.04943 0.07394 0.16517 0.910 0.050 1573.739 0.01650
-0.05480 0.00535 0.04950 0.07405 0.16624 0.968 0.052 1573.775 0.01652
-0.05488 0.00536 0.04958 0.07415 0.16731 0.986 0.053 1573.812 0.01655
-0.05496 0.00537 0.04965 0.07426 0.16838 1.013 0.053 1573.849 0.01657
-0.05504 0.00537 0.04972 0.07437 0.16944 0.963 0.052 1573.885 0.01659
-0.05512 0.00538 0.04979 0.07448 0.17051 1.079 0.055 1573.922 0.01662
-0.05520 0.00539 0.04986 0.07458 0.17158 0.926 0.051 1573.959 0.01664
-0.05528 0.00540 0.04994 0.07469 0.17265 1.008 0.053 1573.996 0.01666
-0.05536 0.00541 0.05001 0.07480 0.17372 0.992 0.053 1574.032 0.01669
-0.05544 0.00541 0.05008 0.07491 0.17479 0.937 0.052 1574.069 0.01671
-0.05552 0.00542 0.05015 0.07501 0.17586 1.005 0.053 1574.106 0.01674
-0.05560 0.00543 0.05022 0.07512 0.17693 1.041 0.054 1574.142 0.01676
-0.05568 0.00544 0.05030 0.07523 0.17799 0.984 0.053 1574.179 0.01678
-0.05576 0.00544 0.05037 0.07534 0.17906 0.977 0.053 1574.216 0.01681
-0.05584 0.00545 0.05044 0.07544 0.18013 0.958 0.052 1574.253 0.01683
-0.05592 0.00546 0.05051 0.07555 0.18120 0.968 0.053 1574.289 0.01685
-0.05600 0.00547 0.05058 0.07566 0.18227 0.941 0.052 1574.326 0.01688
-0.05608 0.00548 0.05066 0.07577 0.18334 1.044 0.055 1574.363 0.01690
-0.05616 0.00548 0.05073 0.07588 0.18441 0.990 0.053 1574.399 0.01693
-0.05624 0.00549 0.05080 0.07598 0.18548 1.030 0.054 1574.436 0.01695
-0.05632 0.00550 0.05087 0.07609 0.18655 1.013 0.054 1574.473 0.01697
-0.05640 0.00551 0.05094 0.07620 0.18762 0.919 0.052 1574.510 0.01700
-0.05648 0.00551 0.05102 0.07631 0.18869 0.892 0.051 1574.546 0.01702
-0.05656 0.00552 0.05109 0.07641 0.18976 1.027 0.055 1574.583 0.01704
-0.05664 0.00553 0.05116 0.07652 0.19082 1.039 0.055 1574.620 0.01707
-0.05672 0.00554 0.05123 0.07663 0.19189 1.001 0.054 1574.656 0.01709
-0.05680 0.00555 0.05130 0.07674 0.19296 1.023 0.055 1574.693 0.01712
-0.05688 0.00555 0.05138 0.07684 0.19403 1.032 0.055 1574.730 0.01714
-0.05695 0.00556 0.05145 0.07695 0.19510 1.014 0.054 1574.767 0.01716
-0.05703 0.00557 0.05152 0.07706 0.19617 1.042 0.055 1574.803 0.01719
-0.05711 0.00558 0.05159 0.07717 0.19724 0.955 0.053 1574.840 0.01721
-0.05719 0.00558 0.05166 0.07728 0.19831 0.972 0.053 1574.877 0.01723
-0.05727 0.00559 0.05174 0.07738 0.19938 0.874 0.051 1574.913 0.01726
-0.05735 0.00560 0.05181 0.07749 0.20045 0.990 0.054 1574.950 0.01728
-0.05743 0.00561 0.05188 0.07760 0.20152 1.014 0.055 1574.987 0.01731
-0.05751 0.00562 0.05195 0.07771 0.20259 1.013 0.055 1575.024 0.01733
-0.05759 0.00562 0.05202 0.07781 0.20366 0.873 0.051 1575.060 0.01735
-0.05767 0.00563 0.05210 0.07792 0.20473 1.071 0.056 1575.097 0.01738
-0.05775 0.00564 0.05217 0.07803 0.20580 0.943 0.053 1575.134 0.01740
-0.05783 0.00565 0.05224 0.07814 0.20687 0.986 0.054 1575.170 0.01742
-0.05791 0.00565 0.05231 0.07824 0.20794 0.969 0.054 1575.207 0.01745
-0.05799 0.00566 0.05238 0.07835 0.20901 0.959 0.053 1575.244 0.01747
-0.05807 0.00567 0.05246 0.07846 0.21008 1.024 0.055 1575.281 0.01749
-0.05815 0.00568 0.05253 0.07857 0.21115 1.107 0.057 1575.317 0.01752
-0.05823 0.00569 0.05260 0.07868 0.21222 1.085 0.057 1575.354 0.01754
-0.05831 0.00569 0.05267 0.07878 0.21329 1.123 0.058 1575.391 0.01757
-0.05839 0.00570 0.05274 0.07889 0.21436 0.981 0.054 1575.427 0.01759
-0.05847 0.00571 0.05282 0.07900 0.21543 0.949 0.053 1575.464 0.01761
-0.05855 0.00572 0.05289 0.07911 0.21650 0.956 0.054 1575.501 0.01764
-0.05863 0.00572 0.05296 0.07921 0.21757 0.988 0.055 1575.537 0.01766
-0.05871 0.00573 0.05303 0.07932 0.21864 0.923 0.053 1575.574 0.01768
-0.05879 0.00574 0.05310 0.07943 0.21971 0.930 0.053 1575.611 0.01771
-0.05887 0.00575 0.05318 0.07954 0.22078 1.014 0.055 1575.648 0.01773
-0.05895 0.00576 0.05325 0.07965 0.22185 1.004 0.055 1575.684 0.01776
-0.05903 0.00576 0.05332 0.07975 0.22292 0.993 0.055 1575.721 0.01778
-0.05911 0.00577 0.05339 0.07986 0.22399 1.003 0.055 1575.758 0.01780
-0.05919 0.00578 0.05346 0.07997 0.22506 1.057 0.057 1575.794 0.01783
-0.05927 0.00579 0.05354 0.08008 0.22614 0.919 0.053 1575.831 0.01785
-0.05935 0.00579 0.05361 0.08018 0.22721 1.104 0.058 1575.868 0.01787
-0.05943 0.00580 0.05368 0.08029 0.22828 1.006 0.055 1575.905 0.01790
-0.05951 0.00581 0.05375 0.08040 0.22935 1.051 0.057 1575.941 0.01792
-0.05959 0.00582 0.05382 0.08051 0.23042 1.009 0.056 1575.978 0.01795
-0.05967 0.00583 0.05390 0.08062 0.23149 1.001 0.055 1576.015 0.01797
-0.05975 0.00583 0.05397 0.08072 0.23256 0.909 0.053 1576.051 0.01799
-0.05983 0.00584 0.05404 0.08083 0.23363 0.969 0.055 1576.088 0.01802
-0.05991 0.00585 0.05411 0.08094 0.23470 0.996 0.055 1576.125 0.01804
-0.05999 0.00586 0.05418 0.08105 0.23577 1.073 0.058 1576.162 0.01806
-0.06007 0.00586 0.05426 0.08115 0.23684 1.077 0.058 1576.198 0.01809
-0.06015 0.00587 0.05433 0.08126 0.23791 1.006 0.056 1576.235 0.01811
-0.06023 0.00588 0.05440 0.08137 0.23899 0.948 0.054 1576.272 0.01814
-0.06031 0.00589 0.05447 0.08148 0.24006 0.981 0.055 1576.308 0.01816
-0.06038 0.00590 0.05455 0.08159 0.24113 0.982 0.055 1576.345 0.01818
-0.06046 0.00590 0.05462 0.08169 0.24220 1.038 0.057 1576.382 0.01821
-0.06054 0.00591 0.05469 0.08180 0.24327 0.951 0.054 1576.419 0.01823
-0.06062 0.00592 0.05476 0.08191 0.24434 1.015 0.056 1576.455 0.01825
-0.06070 0.00593 0.05483 0.08202 0.24541 1.074 0.058 1576.492 0.01828
-0.06078 0.00593 0.05491 0.08213 0.24648 1.060 0.058 1576.529 0.01830
-0.06086 0.00594 0.05498 0.08223 0.24756 1.058 0.058 1576.565 0.01832
-0.06094 0.00595 0.05505 0.08234 0.24863 0.954 0.055 1576.602 0.01835
-0.06102 0.00596 0.05512 0.08245 0.24970 0.867 0.052 1576.639 0.01837
-0.06110 0.00597 0.05519 0.08256 0.25077 0.903 0.053 1576.676 0.01840
-0.06118 0.00597 0.05527 0.08266 0.25184 0.879 0.053 1576.712 0.01842
-0.06126 0.00598 0.05534 0.08277 0.25291 0.922 0.054 1576.749 0.01844
-0.06134 0.00599 0.05541 0.08288 0.25398 1.039 0.057 1576.786 0.01847
-0.06142 0.00600 0.05548 0.08299 0.25506 0.986 0.056 1576.822 0.01849
-0.06150 0.00600 0.05556 0.08310 0.25613 0.974 0.056 1576.859 0.01851
-0.06158 0.00601 0.05563 0.08320 0.25720 0.988 0.056 1576.896 0.01854
-0.06166 0.00602 0.05570 0.08331 0.25827 1.038 0.057 1576.933 0.01856
-0.06174 0.00603 0.05577 0.08342 0.25934 0.965 0.055 1576.969 0.01859
-0.06182 0.00604 0.05584 0.08353 0.26041 0.983 0.056 1577.006 0.01861
-0.06190 0.00604 0.05592 0.08364 0.26149 0.994 0.056 1577.043 0.01863
-0.06198 0.00605 0.05599 0.08374 0.26256 0.956 0.055 1577.079 0.01866
-0.06206 0.00606 0.05606 0.08385 0.26363 1.055 0.058 1577.116 0.01868
-0.06214 0.00607 0.05613 0.08396 0.26470 0.952 0.055 1577.153 0.01870
-0.06222 0.00608 0.05620 0.08407 0.26577 0.921 0.054 1577.190 0.01873
-0.06230 0.00608 0.05628 0.08418 0.26685 0.991 0.056 1577.226 0.01875
-0.06238 0.00609 0.05635 0.08428 0.26792 0.970 0.056 1577.263 0.01878
-0.06246 0.00610 0.05642 0.08439 0.26899 0.981 0.056 1577.300 0.01880
-0.06254 0.00611 0.05649 0.08450 0.27006 0.976 0.056 1577.336 0.01882
-0.06262 0.00611 0.05657 0.08461 0.27113 0.990 0.057 1577.373 0.01885
-0.06270 0.00612 0.05664 0.08472 0.27221 0.955 0.056 1577.410 0.01887
-0.06278 0.00613 0.05671 0.08482 0.27328 1.095 0.060 1577.447 0.01889
-0.06286 0.00614 0.05678 0.08493 0.27435 0.978 0.056 1577.483 0.01892
-0.06294 0.00615 0.05685 0.08504 0.27542 1.009 0.057 1577.520 0.01894
-0.06302 0.00615 0.05693 0.08515 0.27650 0.951 0.056 1577.557 0.01897
-0.06310 0.00616 0.05700 0.08526 0.27757 0.906 0.054 1577.593 0.01899
-0.06318 0.00617 0.05707 0.08536 0.27864 0.910 0.054 1577.630 0.01901
-0.06326 0.00618 0.05714 0.08547 0.27971 0.852 0.053 1577.667 0.01904
-0.06334 0.00618 0.05722 0.08558 0.28079 1.039 0.058 1577.704 0.01906
-0.06342 0.00619 0.05729 0.08569 0.28186 0.987 0.057 1577.740 0.01908
-0.06350 0.00620 0.05736 0.08580 0.28293 0.996 0.057 1577.777 0.01911
-0.06358 0.00621 0.05743 0.08590 0.28400 0.940 0.056 1577.814 0.01913
-0.06366 0.00622 0.05750 0.08601 0.28508 1.072 0.059 1577.850 0.01915
-0.06374 0.00622 0.05758 0.08612 0.28615 0.976 0.057 1577.887 0.01918
-0.06382 0.00623 0.05765 0.08623 0.28722 1.055 0.059 1577.924 0.01920
-0.06390 0.00624 0.05772 0.08634 0.28829 0.905 0.055 1577.961 0.01923
-0.06398 0.00625 0.05779 0.08644 0.28937 0.917 0.055 1577.997 0.01925
-0.06406 0.00625 0.05786 0.08655 0.29044 0.925 0.055 1578.034 0.01927
-0.06414 0.00626 0.05794 0.08666 0.29151 0.997 0.058 1578.071 0.01930
-0.06422 0.00627 0.05801 0.08677 0.29259 1.042 0.059 1578.107 0.01932
-0.06430 0.00628 0.05808 0.08688 0.29366 0.864 0.054 1578.144 0.01934
-0.06438 0.00629 0.05815 0.08698 0.29473 0.973 0.057 1578.181 0.01937
-0.06446 0.00629 0.05823 0.08709 0.29581 1.094 0.060 1578.218 0.01939
-0.06454 0.00630 0.05830 0.08720 0.29688 0.993 0.058 1578.254 0.01942
-0.06462 0.00631 0.05837 0.08731 0.29795 0.969 0.059 1578.291 0.01944
-0.06470 0.00632 0.05844 0.08742 0.29902 0.928 0.056 1578.328 0.01946
-0.06478 0.00632 0.05852 0.08752 0.30010 1.026 0.059 1578.364 0.01949
-0.06486 0.00633 0.05859 0.08763 0.30117 1.005 0.058 1578.401 0.01951
-0.06494 0.00634 0.05866 0.08774 0.30224 0.996 0.062 1578.438 0.01953
-0.06502 0.00635 0.05873 0.08785 0.30332 0.902 0.055 1578.475 0.01956
-0.06510 0.00636 0.05880 0.08796 0.30439 0.961 0.057 1578.511 0.01958
-0.06518 0.00636 0.05888 0.08806 0.30546 1.065 0.060 1578.548 0.01961
-0.06526 0.00637 0.05895 0.08817 0.30654 1.105 0.065 1578.585 0.01963
-0.06534 0.00638 0.05902 0.08828 0.30761 1.013 0.059 1578.621 0.01965
-0.06542 0.00639 0.05909 0.08839 0.30868 0.925 0.056 1578.658 0.01968
-0.06550 0.00640 0.05917 0.08850 0.30976 1.026 0.063 1578.695 0.01970
-0.06558 0.00640 0.05924 0.08860 0.31083 0.995 0.058 1578.732 0.01972
-0.06566 0.00641 0.05931 0.08871 0.31191 1.017 0.059 1578.768 0.01975
-0.06574 0.00642 0.05938 0.08882 0.31298 1.017 0.059 1578.805 0.01977
-0.06582 0.00643 0.05945 0.08893 0.31405 0.980 0.058 1578.842 0.01980
-0.06590 0.00643 0.05953 0.08904 0.31513 0.927 0.056 1578.878 0.01982
-0.06598 0.00644 0.05960 0.08914 0.31620 0.865 0.054 1578.915 0.01984
-0.06606 0.00645 0.05967 0.08925 0.31727 0.999 0.058 1578.952 0.01987
-0.06614 0.00646 0.05974 0.08936 0.31835 1.043 0.060 1578.989 0.01989
-0.06622 0.00647 0.05982 0.08947 0.31942 0.993 0.058 1579.025 0.01991
-0.06630 0.00647 0.05989 0.08958 0.32050 0.967 0.058 1579.062 0.01994
-0.06638 0.00648 0.05996 0.08969 0.32157 0.902 0.056 1579.099 0.01996
-0.06646 0.00649 0.06003 0.08979 0.32264 0.944 0.057 1579.135 0.01998
-0.06654 0.00650 0.06010 0.08990 0.32372 1.019 0.059 1579.172 0.02001
-0.06662 0.00650 0.06018 0.09001 0.32479 0.966 0.058 1579.209 0.02003
-0.06670 0.00651 0.06025 0.09012 0.32587 1.050 0.060 1579.246 0.02006
-0.06678 0.00652 0.06032 0.09023 0.32694 1.013 0.059 1579.282 0.02008
-0.06686 0.00653 0.06039 0.09033 0.32801 0.986 0.058 1579.319 0.02010
-0.06694 0.00654 0.06047 0.09044 0.32909 0.938 0.057 1579.356 0.02013
-0.06702 0.00654 0.06054 0.09055 0.33016 0.900 0.056 1579.392 0.02015
-0.06710 0.00655 0.06061 0.09066 0.33124 0.994 0.059 1579.429 0.02017
-0.06718 0.00656 0.06068 0.09077 0.33231 1.020 0.060 1579.466 0.02020
-0.06726 0.00657 0.06076 0.09088 0.33338 0.925 0.057 1579.503 0.02022
-0.06734 0.00657 0.06083 0.09098 0.33446 0.994 0.059 1579.539 0.02025
-0.06742 0.00658 0.06090 0.09109 0.33553 1.070 0.061 1579.576 0.02027
-0.06750 0.00659 0.06097 0.09120 0.33661 0.997 0.059 1579.613 0.02029
-0.06758 0.00660 0.06105 0.09131 0.33768 0.927 0.057 1579.649 0.02032
-0.06766 0.00661 0.06112 0.09142 0.33876 1.068 0.061 1579.686 0.02034
-0.06774 0.00661 0.06119 0.09152 0.33983 1.026 0.060 1579.723 0.02036
-0.06782 0.00662 0.06126 0.09163 0.34091 1.081 0.062 1579.760 0.02039
-0.06790 0.00663 0.06133 0.09174 0.34198 0.895 0.056 1579.796 0.02041
-0.06798 0.00664 0.06141 0.09185 0.34306 0.972 0.059 1579.833 0.02044
-0.06806 0.00665 0.06148 0.09196 0.34413 0.991 0.059 1579.870 0.02046
-0.06814 0.00665 0.06155 0.09207 0.34520 1.014 0.060 1579.906 0.02048
-0.06822 0.00666 0.06162 0.09217 0.34628 0.983 0.059 1579.943 0.02051
-0.06830 0.00667 0.06170 0.09228 0.34735 1.020 0.060 1579.980 0.02053
-0.06838 0.00668 0.06177 0.09239 0.34843 1.004 0.060 1580.017 0.02055
-0.06846 0.00668 0.06184 0.09250 0.34950 0.994 0.059 1580.053 0.02058
-0.06854 0.00669 0.06191 0.09261 0.35058 0.981 0.059 1580.090 0.02060
-0.06862 0.00670 0.06199 0.09271 0.35165 0.935 0.058 1580.127 0.02063
-0.06870 0.00671 0.06206 0.09282 0.35273 1.016 0.060 1580.163 0.02065
-0.06878 0.00672 0.06213 0.09293 0.35380 1.028 0.061 1580.200 0.02067
-0.06886 0.00672 0.06220 0.09304 0.35488 0.895 0.057 1580.237 0.02070
-0.06894 0.00673 0.06228 0.09315 0.35595 0.947 0.058 1580.274 0.02072
-0.06902 0.00674 0.06235 0.09326 0.35703 1.116 0.063 1580.310 0.02074
-0.06910 0.00675 0.06242 0.09336 0.35810 0.952 0.059 1580.347 0.02077
-0.06918 0.00675 0.06249 0.09347 0.35918 1.001 0.060 1580.384 0.02079
-0.06926 0.00676 0.06256 0.09358 0.36026 0.966 0.059 1580.420 0.02081
-0.06934 0.00677 0.06264 0.09369 0.36133 1.091 0.063 1580.457 0.02084
-0.06942 0.00678 0.06271 0.09380 0.36241 1.086 0.063 1580.494 0.02086
-0.06950 0.00679 0.06278 0.09391 0.36348 0.943 0.058 1580.531 0.02089
-0.06958 0.00679 0.06285 0.09401 0.36456 1.055 0.062 1580.567 0.02091
-0.06966 0.00680 0.06293 0.09412 0.36563 1.041 0.061 1580.604 0.02093
-0.06974 0.00681 0.06300 0.09423 0.36671 0.958 0.059 1580.641 0.02096
-0.06982 0.00682 0.06307 0.09434 0.36778 0.918 0.058 1580.677 0.02098
-0.06990 0.00683 0.06314 0.09445 0.36886 0.975 0.060 1580.714 0.02100
-0.06998 0.00683 0.06322 0.09456 0.36993 0.943 0.059 1580.751 0.02103
-0.07006 0.00684 0.06329 0.09466 0.37101 1.055 0.062 1580.788 0.02105
-0.07014 0.00685 0.06336 0.09477 0.37209 1.101 0.063 1580.824 0.02108
-0.07022 0.00686 0.06343 0.09488 0.37316 1.077 0.063 1580.861 0.02110
-0.07030 0.00686 0.06351 0.09499 0.37424 0.869 0.056 1580.898 0.02112
-0.07038 0.00687 0.06358 0.09510 0.37531 1.165 0.065 1580.934 0.02115
-0.07046 0.00688 0.06365 0.09521 0.37639 1.020 0.061 1580.971 0.02117
-0.07054 0.00689 0.06372 0.09531 0.37746 0.947 0.059 1581.008 0.02119
-0.07063 0.00690 0.06380 0.09542 0.37854 0.911 0.058 1581.044 0.02122
-0.07071 0.00690 0.06387 0.09553 0.37962 0.998 0.061 1581.081 0.02124
-0.07079 0.00691 0.06394 0.09564 0.38069 0.965 0.060 1581.118 0.02127
-0.07087 0.00692 0.06401 0.09575 0.38177 1.057 0.062 1581.155 0.02129
-0.07095 0.00693 0.06409 0.09586 0.38284 1.141 0.065 1581.191 0.02131
-0.07103 0.00693 0.06416 0.09596 0.38392 0.984 0.060 1581.228 0.02134
-0.07111 0.00694 0.06423 0.09607 0.38500 0.922 0.058 1581.265 0.02136
-0.07119 0.00695 0.06430 0.09618 0.38607 0.998 0.061 1581.301 0.02138
-0.07127 0.00696 0.06437 0.09629 0.38715 1.048 0.062 1581.338 0.02141
-0.07135 0.00697 0.06445 0.09640 0.38822 1.019 0.062 1581.375 0.02143
-0.07143 0.00697 0.06452 0.09651 0.38930 1.069 0.063 1581.412 0.02146
-0.07151 0.00698 0.06459 0.09661 0.39038 1.048 0.062 1581.448 0.02148
-0.07159 0.00699 0.06466 0.09672 0.39145 1.019 0.062 1581.485 0.02150
-0.07167 0.00700 0.06474 0.09683 0.39253 1.043 0.062 1581.522 0.02153
-0.07175 0.00701 0.06481 0.09694 0.39361 1.063 0.063 1581.558 0.02155
-0.07183 0.00701 0.06488 0.09705 0.39468 0.844 0.056 1581.595 0.02157
-0.07191 0.00702 0.06495 0.09716 0.39576 0.913 0.059 1581.632 0.02160
-0.07199 0.00703 0.06503 0.09726 0.39684 0.991 0.061 1581.669 0.02162
-0.07207 0.00704 0.06510 0.09737 0.39791 0.966 0.060 1581.705 0.02164
-0.07215 0.00704 0.06517 0.09748 0.39899 1.017 0.062 1581.742 0.02167
-0.07223 0.00705 0.06524 0.09759 0.40007 1.002 0.061 1581.779 0.02169
-0.07231 0.00706 0.06532 0.09770 0.40114 1.046 0.063 1581.815 0.02172
-0.07239 0.00707 0.06539 0.09781 0.40222 1.082 0.064 1581.852 0.02174
-0.07247 0.00708 0.06546 0.09791 0.40330 0.983 0.061 1581.889 0.02176
-0.07255 0.00708 0.06553 0.09802 0.40437 0.988 0.061 1581.926 0.02179
-0.07263 0.00709 0.06561 0.09813 0.40545 0.962 0.060 1581.962 0.02181
-0.07271 0.00710 0.06568 0.09824 0.40653 1.059 0.063 1581.999 0.02183
-0.07279 0.00711 0.06575 0.09835 0.40760 1.068 0.064 1582.036 0.02186
-0.07287 0.00711 0.06582 0.09846 0.40868 0.887 0.058 1582.072 0.02188
-0.07295 0.00712 0.06590 0.09856 0.40976 0.935 0.060 1582.109 0.02191
-0.07303 0.00713 0.06597 0.09867 0.41083 0.979 0.061 1582.146 0.02193
-0.07311 0.00714 0.06604 0.09878 0.41191 1.065 0.064 1582.183 0.02195
-0.07319 0.00715 0.06611 0.09889 0.41299 1.090 0.064 1582.219 0.02198
-0.07327 0.00715 0.06619 0.09900 0.41407 0.904 0.059 1582.256 0.02200
-0.07335 0.00716 0.06626 0.09911 0.41514 0.882 0.058 1582.293 0.02202
-0.07343 0.00717 0.06633 0.09922 0.41622 0.965 0.061 1582.329 0.02205
-0.07351 0.00718 0.06640 0.09932 0.41730 0.935 0.060 1582.366 0.02207
-0.07359 0.00719 0.06648 0.09943 0.41837 0.987 0.062 1582.403 0.02210
-0.07367 0.00719 0.06655 0.09954 0.41945 0.995 0.062 1582.440 0.02212
-0.07375 0.00720 0.06662 0.09965 0.42053 1.067 0.064 1582.476 0.02214
-0.07383 0.00721 0.06669 0.09976 0.42161 1.056 0.064 1582.513 0.02217
-0.07391 0.00722 0.06677 0.09987 0.42268 0.963 0.061 1582.550 0.02219
-0.07399 0.00722 0.06684 0.09997 0.42376 1.012 0.062 1582.586 0.02221
-0.07408 0.00723 0.06691 0.10008 0.42484 1.100 0.065 1582.623 0.02224
-0.07416 0.00724 0.06698 0.10019 0.42592 1.030 0.063 1582.660 0.02226
-0.07424 0.00725 0.06706 0.10030 0.42699 1.086 0.065 1582.697 0.02229
-0.07432 0.00726 0.06713 0.10041 0.42807 0.977 0.062 1582.733 0.02231
-0.07440 0.00726 0.06720 0.10052 0.42915 0.990 0.062 1582.770 0.02233
-0.07448 0.00727 0.06727 0.10063 0.43023 1.039 0.064 1582.807 0.02236
-0.07456 0.00728 0.06735 0.10073 0.43130 0.992 0.062 1582.843 0.02238
-0.07464 0.00729 0.06742 0.10084 0.43238 0.954 0.061 1582.880 0.02240
-0.07472 0.00730 0.06749 0.10095 0.43346 1.050 0.064 1582.917 0.02243
-0.07480 0.00730 0.06756 0.10106 0.43454 1.031 0.063 1582.954 0.02245
-0.07488 0.00731 0.06764 0.10117 0.43562 0.968 0.062 1582.990 0.02247
-0.07496 0.00732 0.06771 0.10128 0.43669 0.921 0.060 1583.027 0.02250
-0.07504 0.00733 0.06778 0.10139 0.43777 0.911 0.060 1583.064 0.02252
-0.07512 0.00733 0.06786 0.10149 0.43885 0.994 0.062 1583.100 0.02255
-0.07520 0.00734 0.06793 0.10160 0.43993 1.018 0.063 1583.137 0.02257
-0.07528 0.00735 0.06800 0.10171 0.44101 0.914 0.060 1583.174 0.02259
-0.07536 0.00736 0.06807 0.10182 0.44208 0.965 0.062 1583.211 0.02262
-0.07544 0.00737 0.06815 0.10193 0.44316 1.030 0.064 1583.247 0.02264
-0.07552 0.00737 0.06822 0.10204 0.44424 0.905 0.060 1583.284 0.02266
-0.07560 0.00738 0.06829 0.10215 0.44532 1.032 0.064 1583.321 0.02269
-0.07568 0.00739 0.06836 0.10225 0.44640 1.002 0.063 1583.357 0.02271
-0.07576 0.00740 0.06844 0.10236 0.44747 1.031 0.064 1583.394 0.02274
-0.07584 0.00741 0.06851 0.10247 0.44855 1.068 0.065 1583.431 0.02276
-0.07592 0.00741 0.06858 0.10258 0.44963 1.016 0.063 1583.468 0.02278
-0.07600 0.00742 0.06865 0.10269 0.45071 1.000 0.063 1583.504 0.02281
-0.07608 0.00743 0.06873 0.10280 0.45179 0.927 0.061 1583.541 0.02283
-0.07616 0.00744 0.06880 0.10291 0.45287 0.992 0.063 1583.578 0.02285
-0.07624 0.00744 0.06887 0.10301 0.45394 1.043 0.064 1583.614 0.02288
-0.07632 0.00745 0.06894 0.10312 0.45502 0.933 0.061 1583.651 0.02290
-0.07641 0.00746 0.06902 0.10323 0.45610 0.928 0.061 1583.688 0.02293
-0.07649 0.00747 0.06909 0.10334 0.45718 0.941 0.061 1583.725 0.02295
-0.07657 0.00748 0.06916 0.10345 0.45826 0.983 0.063 1583.761 0.02297
-0.07665 0.00748 0.06923 0.10356 0.45934 0.866 0.059 1583.798 0.02300
-0.07673 0.00749 0.06931 0.10367 0.46042 1.078 0.066 1583.835 0.02302
-0.07681 0.00750 0.06938 0.10377 0.46150 0.949 0.062 1583.871 0.02304
-0.07689 0.00751 0.06945 0.10388 0.46257 1.138 0.068 1583.908 0.02307
-0.07697 0.00751 0.06952 0.10399 0.46365 0.996 0.063 1583.945 0.02309
-0.07705 0.00752 0.06960 0.10410 0.46473 0.964 0.062 1583.982 0.02312
-0.07713 0.00753 0.06967 0.10421 0.46581 1.064 0.065 1584.018 0.02314
-0.07721 0.00754 0.06974 0.10432 0.46689 1.245 0.071 1584.055 0.02316
-0.07729 0.00755 0.06982 0.10443 0.46797 0.893 0.060 1584.092 0.02319
-0.07737 0.00755 0.06989 0.10453 0.46905 1.022 0.064 1584.128 0.02321
-0.07745 0.00756 0.06996 0.10464 0.47013 1.089 0.066 1584.165 0.02323
-0.07753 0.00757 0.07003 0.10475 0.47121 0.929 0.061 1584.202 0.02326
-0.07761 0.00758 0.07011 0.10486 0.47228 1.100 0.067 1584.239 0.02328
-0.07769 0.00759 0.07018 0.10497 0.47336 1.154 0.068 1584.275 0.02330
-0.07777 0.00759 0.07025 0.10508 0.47444 0.973 0.063 1584.312 0.02333
-0.07785 0.00760 0.07032 0.10519 0.47552 1.053 0.065 1584.349 0.02335
-0.07793 0.00761 0.07040 0.10530 0.47660 0.934 0.062 1584.385 0.02338
-0.07801 0.00762 0.07047 0.10540 0.47768 0.976 0.063 1584.422 0.02340
-0.07809 0.00762 0.07054 0.10551 0.47876 0.964 0.063 1584.459 0.02342
-0.07817 0.00763 0.07061 0.10562 0.47984 0.990 0.064 1584.496 0.02345
-0.07825 0.00764 0.07069 0.10573 0.48092 0.990 0.064 1584.532 0.02347
-0.07833 0.00765 0.07076 0.10584 0.48200 1.158 0.069 1584.569 0.02349
-0.07842 0.00766 0.07083 0.10595 0.48308 0.901 0.061 1584.606 0.02352
-0.07850 0.00766 0.07091 0.10606 0.48416 0.935 0.062 1584.642 0.02354
-0.07858 0.00767 0.07098 0.10616 0.48524 0.990 0.064 1584.679 0.02357
-0.07866 0.00768 0.07105 0.10627 0.48632 1.003 0.064 1584.716 0.02359
-0.07874 0.00769 0.07112 0.10638 0.48740 1.000 0.064 1584.753 0.02361
-0.07882 0.00770 0.07120 0.10649 0.48848 0.966 0.063 1584.789 0.02364
-0.07890 0.00770 0.07127 0.10660 0.48956 1.040 0.065 1584.826 0.02366
-0.07898 0.00771 0.07134 0.10671 0.49064 1.013 0.065 1584.863 0.02368
-0.07906 0.00772 0.07141 0.10682 0.49172 0.990 0.064 1584.899 0.02371
-0.07914 0.00773 0.07149 0.10693 0.49279 0.973 0.063 1584.936 0.02373
-0.07922 0.00773 0.07156 0.10703 0.49387 0.930 0.062 1584.973 0.02376
-0.07930 0.00774 0.07163 0.10714 0.49495 1.002 0.064 1585.010 0.02378
-0.07938 0.00775 0.07170 0.10725 0.49603 1.002 0.064 1585.046 0.02380
-0.07946 0.00776 0.07178 0.10736 0.49711 1.104 0.068 1585.083 0.02383
-0.07954 0.00777 0.07185 0.10747 0.49819 0.961 0.063 1585.120 0.02385
-0.07962 0.00777 0.07192 0.10758 0.49927 1.006 0.065 1585.156 0.02387
-0.07970 0.00778 0.07200 0.10769 0.50035 0.952 0.063 1585.193 0.02390
-0.07978 0.00779 0.07207 0.10780 0.50143 1.058 0.066 1585.230 0.02392
-0.07986 0.00780 0.07214 0.10790 0.50251 0.949 0.063 1585.267 0.02394
-0.07994 0.00781 0.07221 0.10801 0.50360 0.965 0.063 1585.303 0.02397
-0.08002 0.00781 0.07229 0.10812 0.50468 0.955 0.063 1585.340 0.02399
-0.08011 0.00782 0.07236 0.10823 0.50576 0.910 0.062 1585.377 0.02402
-0.08019 0.00783 0.07243 0.10834 0.50684 1.060 0.067 1585.413 0.02404
-0.08027 0.00784 0.07250 0.10845 0.50792 0.960 0.063 1585.450 0.02406
-0.08035 0.00784 0.07258 0.10856 0.50900 1.059 0.067 1585.487 0.02409
-0.08043 0.00785 0.07265 0.10867 0.51008 0.957 0.063 1585.524 0.02411
-0.08051 0.00786 0.07272 0.10877 0.51116 0.941 0.063 1585.560 0.02413
-0.08059 0.00787 0.07280 0.10888 0.51224 1.019 0.065 1585.597 0.02416
-0.08067 0.00788 0.07287 0.10899 0.51332 0.991 0.065 1585.634 0.02418
-0.08075 0.00788 0.07294 0.10910 0.51440 0.923 0.062 1585.670 0.02421
-0.08083 0.00789 0.07301 0.10921 0.51548 0.984 0.064 1585.707 0.02423
-0.08091 0.00790 0.07309 0.10932 0.51656 0.998 0.065 1585.744 0.02425
-0.08099 0.00791 0.07316 0.10943 0.51764 1.055 0.067 1585.781 0.02428
-0.08107 0.00792 0.07323 0.10954 0.51872 0.880 0.061 1585.817 0.02430
-0.08115 0.00792 0.07330 0.10964 0.51980 0.984 0.064 1585.854 0.02432
-0.08123 0.00793 0.07338 0.10975 0.52088 0.938 0.063 1585.891 0.02435
-0.08131 0.00794 0.07345 0.10986 0.52196 1.003 0.065 1585.927 0.02437
-0.08139 0.00795 0.07352 0.10997 0.52304 0.965 0.064 1585.964 0.02440
-0.08147 0.00795 0.07360 0.11008 0.52413 0.927 0.063 1586.001 0.02442
-0.08155 0.00796 0.07367 0.11019 0.52521 0.993 0.065 1586.038 0.02444
-0.08164 0.00797 0.07374 0.11030 0.52629 1.063 0.067 1586.074 0.02447
-0.08172 0.00798 0.07381 0.11041 0.52737 0.947 0.063 1586.111 0.02449
-0.08180 0.00799 0.07389 0.11052 0.52845 0.917 0.062 1586.148 0.02451
-0.08188 0.00799 0.07396 0.11062 0.52953 1.083 0.068 1586.184 0.02454
-0.08196 0.00800 0.07403 0.11073 0.53061 0.932 0.063 1586.221 0.02456
-0.08204 0.00801 0.07410 0.11084 0.53169 0.959 0.064 1586.258 0.02459
-0.08212 0.00802 0.07418 0.11095 0.53277 0.912 0.062 1586.294 0.02461
-0.08220 0.00803 0.07425 0.11106 0.53386 0.965 0.064 1586.331 0.02463
-0.08228 0.00803 0.07432 0.11117 0.53494 1.054 0.067 1586.368 0.02466
-0.08236 0.00804 0.07440 0.11128 0.53602 0.950 0.064 1586.405 0.02468
-0.08244 0.00805 0.07447 0.11139 0.53710 1.051 0.067 1586.441 0.02470
-0.08252 0.00806 0.07454 0.11150 0.53818 1.008 0.066 1586.478 0.02473
-0.08260 0.00807 0.07461 0.11160 0.53926 1.022 0.066 1586.515 0.02475
-0.08268 0.00807 0.07469 0.11171 0.54034 0.984 0.065 1586.551 0.02477
-0.08276 0.00808 0.07476 0.11182 0.54143 1.081 0.068 1586.588 0.02480
-0.08284 0.00809 0.07483 0.11193 0.54251 0.862 0.061 1586.625 0.02482
-0.08292 0.00810 0.07491 0.11204 0.54359 0.964 0.064 1586.662 0.02485
-0.08301 0.00810 0.07498 0.11215 0.54467 1.066 0.068 1586.698 0.02487
-0.08309 0.00811 0.07505 0.11226 0.54575 1.129 0.070 1586.735 0.02489
-0.08317 0.00812 0.07512 0.11237 0.54683 1.046 0.067 1586.772 0.02492
-0.08325 0.00813 0.07520 0.11248 0.54791 0.910 0.063 1586.808 0.02494
-0.08333 0.00814 0.07527 0.11258 0.54900 1.078 0.068 1586.845 0.02496
-0.08341 0.00814 0.07534 0.11269 0.55008 1.093 0.069 1586.882 0.02499
-0.08349 0.00815 0.07542 0.11280 0.55116 1.041 0.067 1586.919 0.02501
-0.08357 0.00816 0.07549 0.11291 0.55224 0.949 0.064 1586.955 0.02504
-0.08365 0.00817 0.07556 0.11302 0.55332 1.051 0.068 1586.992 0.02506
-0.08373 0.00818 0.07563 0.11313 0.55441 0.981 0.065 1587.029 0.02508
-0.08381 0.00818 0.07571 0.11324 0.55549 0.951 0.064 1587.065 0.02511
-0.08389 0.00819 0.07578 0.11335 0.55657 0.957 0.065 1587.102 0.02513
-0.08397 0.00820 0.07585 0.11346 0.55765 0.993 0.066 1587.139 0.02515
-0.08405 0.00821 0.07593 0.11356 0.55873 0.941 0.064 1587.176 0.02518
-0.08413 0.00821 0.07600 0.11367 0.55982 0.941 0.064 1587.212 0.02520
-0.08421 0.00822 0.07607 0.11378 0.56090 0.938 0.064 1587.249 0.02523
-0.08430 0.00823 0.07614 0.11389 0.56198 1.210 0.073 1587.286 0.02525
-0.08438 0.00824 0.07622 0.11400 0.56306 0.989 0.066 1587.322 0.02527
-0.08446 0.00825 0.07629 0.11411 0.56414 0.900 0.063 1587.359 0.02530
-0.08454 0.00825 0.07636 0.11422 0.56523 0.887 0.062 1587.396 0.02532
-0.08462 0.00826 0.07644 0.11433 0.56631 0.870 0.062 1587.433 0.02534
-0.08470 0.00827 0.07651 0.11444 0.56739 0.911 0.063 1587.469 0.02537
-0.08478 0.00828 0.07658 0.11455 0.56847 0.970 0.065 1587.506 0.02539
-0.08486 0.00829 0.07665 0.11465 0.56956 0.944 0.064 1587.543 0.02542
-0.08494 0.00829 0.07673 0.11476 0.57064 0.967 0.065 1587.579 0.02544
-0.08502 0.00830 0.07680 0.11487 0.57172 0.927 0.064 1587.616 0.02546
-0.08510 0.00831 0.07687 0.11498 0.57280 0.874 0.062 1587.653 0.02549
-0.08518 0.00832 0.07695 0.11509 0.57389 1.000 0.066 1587.690 0.02551
-0.08526 0.00832 0.07702 0.11520 0.57497 1.033 0.067 1587.726 0.02553
-0.08534 0.00833 0.07709 0.11531 0.57605 0.903 0.063 1587.763 0.02556
-0.08542 0.00834 0.07716 0.11542 0.57713 0.994 0.066 1587.800 0.02558
-0.08551 0.00835 0.07724 0.11553 0.57822 0.976 0.066 1587.836 0.02560
-0.08559 0.00836 0.07731 0.11564 0.57930 1.040 0.068 1587.873 0.02563
-0.08567 0.00836 0.07738 0.11574 0.58038 1.046 0.068 1587.910 0.02565
-0.08575 0.00837 0.07746 0.11585 0.58147 1.020 0.067 1587.947 0.02568
-0.08583 0.00838 0.07753 0.11596 0.58255 0.889 0.063 1587.983 0.02570
-0.08591 0.00839 0.07760 0.11607 0.58363 1.003 0.067 1588.020 0.02572
-0.08599 0.00840 0.07767 0.11618 0.58471 0.854 0.062 1588.057 0.02575
-0.08607 0.00840 0.07775 0.11629 0.58580 0.991 0.066 1588.093 0.02577
-0.08615 0.00841 0.07782 0.11640 0.58688 0.869 0.062 1588.130 0.02579
-0.08623 0.00842 0.07789 0.11651 0.58796 1.074 0.069 1588.167 0.02582
-0.08631 0.00843 0.07797 0.11662 0.58905 1.011 0.067 1588.204 0.02584
-0.08639 0.00844 0.07804 0.11673 0.59013 1.108 0.070 1588.240 0.02587
-0.08647 0.00844 0.07811 0.11683 0.59121 0.881 0.063 1588.277 0.02589
-0.08655 0.00845 0.07818 0.11694 0.59230 1.132 0.071 1588.314 0.02591
-0.08664 0.00846 0.07826 0.11705 0.59338 0.955 0.065 1588.350 0.02594
-0.08672 0.00847 0.07833 0.11716 0.59446 1.024 0.068 1588.387 0.02596
-0.08680 0.00847 0.07840 0.11727 0.59555 0.824 0.061 1588.424 0.02598
-0.08688 0.00848 0.07848 0.11738 0.59663 1.021 0.068 1588.461 0.02601
-0.08696 0.00849 0.07855 0.11749 0.59771 0.935 0.065 1588.497 0.02603
-0.08704 0.00850 0.07862 0.11760 0.59880 0.954 0.065 1588.534 0.02606
-0.08712 0.00851 0.07869 0.11771 0.59988 0.945 0.065 1588.571 0.02608
-0.08720 0.00851 0.07877 0.11782 0.60096 0.955 0.066 1588.607 0.02610
-0.08728 0.00852 0.07884 0.11793 0.60205 0.978 0.066 1588.644 0.02613
-0.08736 0.00853 0.07891 0.11803 0.60313 1.068 0.069 1588.681 0.02615
-0.08744 0.00854 0.07899 0.11814 0.60421 0.929 0.065 1588.718 0.02617
-0.08752 0.00855 0.07906 0.11825 0.60530 1.046 0.069 1588.754 0.02620
-0.08760 0.00855 0.07913 0.11836 0.60638 0.952 0.066 1588.791 0.02622
-0.08768 0.00856 0.07921 0.11847 0.60747 0.960 0.066 1588.828 0.02625
-0.08777 0.00857 0.07928 0.11858 0.60855 0.987 0.067 1588.864 0.02627
-0.08785 0.00858 0.07935 0.11869 0.60963 0.971 0.066 1588.901 0.02629
-0.08793 0.00858 0.07942 0.11880 0.61072 0.991 0.067 1588.938 0.02632
-0.08801 0.00859 0.07950 0.11891 0.61180 1.016 0.068 1588.975 0.02634
-0.08809 0.00860 0.07957 0.11902 0.61288 1.011 0.068 1589.011 0.02636
-0.08817 0.00861 0.07964 0.11913 0.61397 1.009 0.068 1589.048 0.02639
-0.08825 0.00862 0.07972 0.11924 0.61505 0.994 0.067 1589.085 0.02641
-0.08833 0.00862 0.07979 0.11934 0.61614 0.913 0.064 1589.121 0.02643
-0.08841 0.00863 0.07986 0.11945 0.61722 1.147 0.072 1589.158 0.02646
-0.08849 0.00864 0.07994 0.11956 0.61830 1.114 0.071 1589.195 0.02648
-0.08857 0.00865 0.08001 0.11967 0.61939 0.898 0.064 1589.232 0.02651
-0.08865 0.00866 0.08008 0.11978 0.62047 1.005 0.068 1589.268 0.02653
-0.08874 0.00866 0.08015 0.11989 0.62156 0.871 0.063 1589.305 0.02655
-0.08882 0.00867 0.08023 0.12000 0.62264 1.016 0.068 1589.342 0.02658
-0.08890 0.00868 0.08030 0.12011 0.62373 0.946 0.066 1589.378 0.02660
-0.08898 0.00869 0.08037 0.12022 0.62481 1.021 0.068 1589.415 0.02662
-0.08906 0.00870 0.08045 0.12033 0.62589 1.023 0.068 1589.452 0.02665
-0.08914 0.00870 0.08052 0.12044 0.62698 0.938 0.065 1589.489 0.02667
-0.08922 0.00871 0.08059 0.12055 0.62806 1.017 0.068 1589.525 0.02670
-0.08930 0.00872 0.08067 0.12065 0.62915 0.955 0.066 1589.562 0.02672
-0.08938 0.00873 0.08074 0.12076 0.63023 0.996 0.068 1589.599 0.02674
-0.08946 0.00873 0.08081 0.12087 0.63132 0.887 0.064 1589.635 0.02677
-0.08954 0.00874 0.08088 0.12098 0.63240 0.748 0.059 1589.672 0.02679
-0.08962 0.00875 0.08096 0.12109 0.63349 0.864 0.063 1589.709 0.02681
-0.08970 0.00876 0.08103 0.12120 0.63457 1.067 0.070 1589.746 0.02684
-0.08979 0.00877 0.08110 0.12131 0.63566 1.011 0.068 1589.782 0.02686
-0.08987 0.00877 0.08118 0.12142 0.63674 0.904 0.064 1589.819 0.02689
-0.08995 0.00878 0.08125 0.12153 0.63782 1.022 0.069 1589.856 0.02691
-0.09003 0.00879 0.08132 0.12164 0.63891 1.075 0.070 1589.892 0.02693
-0.09011 0.00880 0.08140 0.12175 0.63999 0.991 0.068 1589.929 0.02696
-0.09019 0.00881 0.08147 0.12186 0.64108 1.123 0.072 1589.966 0.02698
-0.09027 0.00881 0.08154 0.12197 0.64216 1.029 0.069 1590.003 0.02700
-0.09035 0.00882 0.08161 0.12207 0.64325 1.039 0.069 1590.039 0.02703
-0.09043 0.00883 0.08169 0.12218 0.64433 0.898 0.064 1590.076 0.02705
-0.09051 0.00884 0.08176 0.12229 0.64542 0.984 0.067 1590.113 0.02708
-0.09059 0.00885 0.08183 0.12240 0.64650 1.041 0.069 1590.149 0.02710
-0.09068 0.00885 0.08191 0.12251 0.64759 1.032 0.069 1590.186 0.02712
-0.09076 0.00886 0.08198 0.12262 0.64867 0.976 0.067 1590.223 0.02715
-0.09084 0.00887 0.08205 0.12273 0.64976 0.939 0.066 1590.260 0.02717
-0.09092 0.00888 0.08213 0.12284 0.65085 0.967 0.067 1590.296 0.02719
-0.09100 0.00888 0.08220 0.12295 0.65193 1.044 0.070 1590.333 0.02722
-0.09108 0.00889 0.08227 0.12306 0.65302 1.092 0.071 1590.370 0.02724
-0.09116 0.00890 0.08234 0.12317 0.65410 1.059 0.070 1590.406 0.02726
-0.09124 0.00891 0.08242 0.12328 0.65519 0.974 0.067 1590.443 0.02729
-0.09132 0.00892 0.08249 0.12339 0.65627 0.927 0.066 1590.480 0.02731
-0.09140 0.00892 0.08256 0.12349 0.65736 0.895 0.065 1590.517 0.02734
-0.09148 0.00893 0.08264 0.12360 0.65844 0.971 0.067 1590.553 0.02736
-0.09156 0.00894 0.08271 0.12371 0.65953 0.996 0.068 1590.590 0.02738
-0.09165 0.00895 0.08278 0.12382 0.66061 0.901 0.065 1590.627 0.02741
-0.09173 0.00896 0.08286 0.12393 0.66170 0.949 0.067 1590.663 0.02743
-0.09181 0.00896 0.08293 0.12404 0.66278 1.055 0.070 1590.700 0.02745
-0.09189 0.00897 0.08300 0.12415 0.66387 0.974 0.067 1590.737 0.02748
-0.09197 0.00898 0.08308 0.12426 0.66496 1.004 0.069 1590.774 0.02750
-0.09205 0.00899 0.08315 0.12437 0.66604 1.009 0.069 1590.810 0.02753
-0.09213 0.00900 0.08322 0.12448 0.66713 0.885 0.064 1590.847 0.02755
-0.09221 0.00900 0.08329 0.12459 0.66821 1.039 0.070 1590.884 0.02757
-0.09229 0.00901 0.08337 0.12470 0.66930 1.010 0.069 1590.920 0.02760
-0.09237 0.00902 0.08344 0.12481 0.67039 0.810 0.062 1590.957 0.02762
-0.09245 0.00903 0.08351 0.12492 0.67147 1.021 0.069 1590.994 0.02764
-0.09254 0.00903 0.08359 0.12503 0.67256 0.887 0.065 1591.031 0.02767
-0.09262 0.00904 0.08366 0.12513 0.67364 1.157 0.074 1591.067 0.02769
-0.09270 0.00905 0.08373 0.12524 0.67473 1.004 0.069 1591.104 0.02772
-0.09278 0.00906 0.08381 0.12535 0.67582 0.894 0.065 1591.141 0.02774
-0.09286 0.00907 0.08388 0.12546 0.67690 0.895 0.065 1591.177 0.02776
-0.09294 0.00907 0.08395 0.12557 0.67799 0.944 0.067 1591.214 0.02779
-0.09302 0.00908 0.08403 0.12568 0.67907 0.988 0.068 1591.251 0.02781
-0.09310 0.00909 0.08410 0.12579 0.68016 0.902 0.065 1591.288 0.02783
-0.09318 0.00910 0.08417 0.12590 0.68125 0.951 0.067 1591.324 0.02786
-0.09326 0.00911 0.08425 0.12601 0.68233 1.038 0.070 1591.361 0.02788
-0.09335 0.00911 0.08432 0.12612 0.68342 0.908 0.066 1591.398 0.02791
-0.09343 0.00912 0.08439 0.12623 0.68450 0.918 0.066 1591.434 0.02793
-0.09351 0.00913 0.08446 0.12634 0.68559 0.919 0.066 1591.471 0.02795
-0.09359 0.00914 0.08454 0.12645 0.68668 1.084 0.072 1591.508 0.02798
-0.09367 0.00915 0.08461 0.12656 0.68776 0.978 0.068 1591.544 0.02800
-0.09375 0.00915 0.08468 0.12667 0.68885 1.047 0.070 1591.581 0.02802
-0.09383 0.00916 0.08476 0.12678 0.68994 0.994 0.069 1591.618 0.02805
-0.09391 0.00917 0.08483 0.12688 0.69102 1.106 0.072 1591.655 0.02807
-0.09399 0.00918 0.08490 0.12699 0.69211 0.811 0.062 1591.691 0.02809
-0.09407 0.00919 0.08498 0.12710 0.69320 1.000 0.069 1591.728 0.02812
-0.09415 0.00919 0.08505 0.12721 0.69428 1.025 0.070 1591.765 0.02814
-0.09424 0.00920 0.08512 0.12732 0.69537 1.064 0.071 1591.801 0.02817
-0.09432 0.00921 0.08520 0.12743 0.69646 0.890 0.065 1591.838 0.02819
-0.09440 0.00922 0.08527 0.12754 0.69754 0.954 0.067 1591.875 0.02821
-0.09448 0.00922 0.08534 0.12765 0.69863 0.930 0.067 1591.912 0.02824
-0.09456 0.00923 0.08542 0.12776 0.69972 1.013 0.070 1591.948 0.02826
-0.09464 0.00924 0.08549 0.12787 0.70080 0.980 0.068 1591.985 0.02828
-0.09472 0.00925 0.08556 0.12798 0.70189 1.058 0.071 1592.022 0.02831
-0.09480 0.00926 0.08564 0.12809 0.70298 0.971 0.068 1592.058 0.02833
-0.09488 0.00926 0.08571 0.12820 0.70407 0.976 0.068 1592.095 0.02836
-0.09496 0.00927 0.08578 0.12831 0.70515 1.001 0.069 1592.132 0.02838
-0.09505 0.00928 0.08585 0.12842 0.70624 1.070 0.072 1592.169 0.02840
-0.09513 0.00929 0.08593 0.12853 0.70733 1.038 0.073 1592.205 0.02843
-0.09521 0.00930 0.08600 0.12864 0.70841 1.037 0.070 1592.242 0.02845
-0.09529 0.00930 0.08607 0.12874 0.70950 0.925 0.067 1592.279 0.02847
-0.09537 0.00931 0.08615 0.12885 0.71059 0.950 0.067 1592.315 0.02850
-0.09545 0.00932 0.08622 0.12896 0.71168 1.074 0.076 1592.352 0.02852
-0.09553 0.00933 0.08629 0.12907 0.71276 0.955 0.068 1592.389 0.02855
-0.09561 0.00934 0.08637 0.12918 0.71385 0.931 0.067 1592.426 0.02857
-0.09569 0.00934 0.08644 0.12929 0.71494 1.044 0.075 1592.462 0.02859
-0.09577 0.00935 0.08651 0.12940 0.71603 1.040 0.071 1592.499 0.02862
-0.09586 0.00936 0.08659 0.12951 0.71711 0.986 0.069 1592.536 0.02864
-0.09594 0.00937 0.08666 0.12962 0.71820 0.947 0.068 1592.572 0.02866
-0.09602 0.00937 0.08673 0.12973 0.71929 0.879 0.068 1592.609 0.02869
-0.09610 0.00938 0.08681 0.12984 0.72038 0.978 0.069 1592.646 0.02871
-0.09618 0.00939 0.08688 0.12995 0.72146 0.968 0.068 1592.683 0.02874
-0.09626 0.00940 0.08695 0.13006 0.72255 0.949 0.068 1592.719 0.02876
-0.09634 0.00941 0.08703 0.13017 0.72364 0.920 0.067 1592.756 0.02878
-0.09642 0.00941 0.08710 0.13028 0.72473 0.925 0.067 1592.793 0.02881
-0.09650 0.00942 0.08717 0.13039 0.72581 1.064 0.072 1592.829 0.02883
-0.09659 0.00943 0.08725 0.13050 0.72690 0.976 0.069 1592.866 0.02885
-0.09667 0.00944 0.08732 0.13061 0.72799 0.996 0.069 1592.903 0.02888
-0.09675 0.00945 0.08739 0.13072 0.72908 0.987 0.069 1592.940 0.02890
-0.09683 0.00945 0.08747 0.13083 0.73016 0.963 0.068 1592.976 0.02892
-0.09691 0.00946 0.08754 0.13094 0.73125 0.994 0.069 1593.013 0.02895
-0.09699 0.00947 0.08761 0.13104 0.73234 0.934 0.067 1593.050 0.02897
-0.09707 0.00948 0.08768 0.13115 0.73343 1.009 0.070 1593.086 0.02900
-0.09715 0.00949 0.08776 0.13126 0.73452 0.965 0.068 1593.123 0.02902
-0.09723 0.00949 0.08783 0.13137 0.73560 0.881 0.065 1593.160 0.02904
-0.09732 0.00950 0.08790 0.13148 0.73669 0.956 0.068 1593.197 0.02907
-0.09740 0.00951 0.08798 0.13159 0.73778 0.947 0.068 1593.233 0.02909
-0.09748 0.00952 0.08805 0.13170 0.73887 0.997 0.070 1593.270 0.02911
-0.09756 0.00953 0.08812 0.13181 0.73996 0.863 0.065 1593.307 0.02914
-0.09764 0.00953 0.08820 0.13192 0.74105 1.057 0.072 1593.343 0.02916
-0.09772 0.00954 0.08827 0.13203 0.74213 1.003 0.070 1593.380 0.02919
-0.09780 0.00955 0.08834 0.13214 0.74322 0.954 0.068 1593.417 0.02921
-0.09788 0.00956 0.08842 0.13225 0.74431 1.032 0.071 1593.454 0.02923
-0.09796 0.00956 0.08849 0.13236 0.74540 1.034 0.071 1593.490 0.02926
-0.09805 0.00957 0.08856 0.13247 0.74649 0.950 0.068 1593.527 0.02928
-0.09813 0.00958 0.08864 0.13258 0.74758 0.895 0.066 1593.564 0.02930
-0.09821 0.00959 0.08871 0.13269 0.74866 0.935 0.068 1593.600 0.02933
-0.09829 0.00960 0.08878 0.13280 0.74975 1.034 0.071 1593.637 0.02935
-0.09837 0.00960 0.08886 0.13291 0.75084 0.935 0.068 1593.674 0.02938
-0.09845 0.00961 0.08893 0.13302 0.75193 1.083 0.073 1593.711 0.02940
-0.09853 0.00962 0.08900 0.13313 0.75302 1.044 0.071 1593.747 0.02942
-0.09861 0.00963 0.08908 0.13324 0.75411 1.026 0.071 1593.784 0.02945
-0.09869 0.00964 0.08915 0.13335 0.75520 1.053 0.072 1593.821 0.02947
-0.09878 0.00964 0.08922 0.13346 0.75629 0.962 0.069 1593.857 0.02949
-0.09886 0.00965 0.08930 0.13357 0.75737 0.861 0.065 1593.894 0.02952
-0.09894 0.00966 0.08937 0.13367 0.75846 0.973 0.069 1593.931 0.02954
-0.09902 0.00967 0.08944 0.13378 0.75955 0.930 0.068 1593.968 0.02957
-0.09910 0.00968 0.08952 0.13389 0.76064 0.878 0.066 1594.004 0.02959
-0.09918 0.00968 0.08959 0.13400 0.76173 0.972 0.069 1594.041 0.02961
-0.09926 0.00969 0.08966 0.13411 0.76282 0.953 0.068 1594.078 0.02964
-0.09934 0.00970 0.08974 0.13422 0.76391 0.969 0.069 1594.114 0.02966
-0.09942 0.00971 0.08981 0.13433 0.76500 1.074 0.073 1594.151 0.02968
-0.09951 0.00972 0.08988 0.13444 0.76609 1.075 0.073 1594.188 0.02971
-0.09959 0.00972 0.08996 0.13455 0.76718 1.015 0.071 1594.225 0.02973
-0.09967 0.00973 0.09003 0.13466 0.76826 0.981 0.069 1594.261 0.02975
-0.09975 0.00974 0.09010 0.13477 0.76935 0.931 0.068 1594.298 0.02978
-0.09983 0.00975 0.09018 0.13488 0.77044 0.992 0.070 1594.335 0.02980
-0.09991 0.00976 0.09025 0.13499 0.77153 1.077 0.073 1594.371 0.02983
-0.09999 0.00976 0.09032 0.13510 0.77262 0.967 0.069 1594.408 0.02985
-0.10007 0.00977 0.09040 0.13521 0.77371 0.867 0.065 1594.445 0.02987
-0.10016 0.00978 0.09047 0.13532 0.77480 0.857 0.065 1594.482 0.02990
-0.10024 0.00979 0.09054 0.13543 0.77589 1.054 0.072 1594.518 0.02992
-0.10032 0.00979 0.09062 0.13554 0.77698 0.999 0.070 1594.555 0.02994
-0.10040 0.00980 0.09069 0.13565 0.77807 0.894 0.066 1594.592 0.02997
-0.10048 0.00981 0.09076 0.13576 0.77916 0.990 0.070 1594.628 0.02999
-0.10056 0.00982 0.09084 0.13587 0.78025 0.990 0.070 1594.665 0.03002
-0.10064 0.00983 0.09091 0.13598 0.78134 0.880 0.066 1594.702 0.03004
-0.10072 0.00983 0.09098 0.13609 0.78243 0.982 0.070 1594.739 0.03006
-0.10080 0.00984 0.09106 0.13620 0.78352 0.982 0.070 1594.775 0.03009
-0.10089 0.00985 0.09113 0.13631 0.78461 0.775 0.062 1594.812 0.03011
-0.10097 0.00986 0.09120 0.13642 0.78570 0.917 0.067 1594.849 0.03013
-0.10105 0.00987 0.09128 0.13653 0.78679 0.963 0.069 1594.885 0.03016
-0.10113 0.00987 0.09135 0.13664 0.78788 0.872 0.066 1594.922 0.03018
-0.10121 0.00988 0.09142 0.13675 0.78897 0.953 0.069 1594.959 0.03021
-0.10129 0.00989 0.09150 0.13686 0.79006 1.045 0.072 1594.996 0.03023
-0.10137 0.00990 0.09157 0.13697 0.79115 0.924 0.068 1595.032 0.03025
-0.10145 0.00991 0.09164 0.13708 0.79224 0.909 0.067 1595.069 0.03028
-0.10154 0.00991 0.09172 0.13719 0.79333 1.036 0.072 1595.106 0.03030
-0.10162 0.00992 0.09179 0.13729 0.79442 0.956 0.069 1595.142 0.03032
-0.10170 0.00993 0.09186 0.13740 0.79551 0.991 0.070 1595.179 0.03035
-0.10178 0.00994 0.09194 0.13751 0.79660 1.036 0.072 1595.216 0.03037
-0.10186 0.00995 0.09201 0.13762 0.79769 1.070 0.073 1595.253 0.03040
-0.10194 0.00995 0.09208 0.13773 0.79878 1.019 0.071 1595.289 0.03042
-0.10202 0.00996 0.09216 0.13784 0.79987 1.006 0.071 1595.326 0.03044
-0.10210 0.00997 0.09223 0.13795 0.80096 0.929 0.068 1595.363 0.03047
-0.10219 0.00998 0.09230 0.13806 0.80205 1.039 0.072 1595.399 0.03049
-0.10227 0.00999 0.09238 0.13817 0.80314 1.144 0.076 1595.436 0.03051
-0.10235 0.00999 0.09245 0.13828 0.80423 1.102 0.074 1595.473 0.03054
-0.10243 0.01000 0.09252 0.13839 0.80532 0.983 0.070 1595.510 0.03056
-0.10251 0.01001 0.09260 0.13850 0.80641 1.025 0.071 1595.546 0.03058
-0.10259 0.01002 0.09267 0.13861 0.80750 0.961 0.069 1595.583 0.03061
-0.10267 0.01002 0.09274 0.13872 0.80859 0.897 0.067 1595.620 0.03063
-0.10275 0.01003 0.09282 0.13883 0.80968 0.988 0.070 1595.656 0.03066
-0.10284 0.01004 0.09289 0.13894 0.81077 0.972 0.070 1595.693 0.03068
-0.10292 0.01005 0.09296 0.13905 0.81186 1.124 0.075 1595.730 0.03070
-0.10300 0.01006 0.09304 0.13916 0.81295 1.016 0.071 1595.767 0.03073
-0.10308 0.01006 0.09311 0.13927 0.81404 0.895 0.067 1595.803 0.03075
-0.10316 0.01007 0.09318 0.13938 0.81513 1.033 0.072 1595.840 0.03077
-0.10324 0.01008 0.09326 0.13949 0.81623 0.952 0.069 1595.877 0.03080
-0.10332 0.01009 0.09333 0.13960 0.81732 0.915 0.068 1595.913 0.03082
-0.10340 0.01010 0.09341 0.13971 0.81841 0.951 0.069 1595.950 0.03085
-0.10349 0.01010 0.09348 0.13982 0.81950 1.014 0.071 1595.987 0.03087
-0.10357 0.01011 0.09355 0.13993 0.82059 1.091 0.074 1596.024 0.03089
-0.10365 0.01012 0.09363 0.14004 0.82168 0.930 0.068 1596.060 0.03092
-0.10373 0.01013 0.09370 0.14015 0.82277 0.915 0.068 1596.097 0.03094
-0.10381 0.01014 0.09377 0.14026 0.82386 1.083 0.074 1596.134 0.03096
-0.10389 0.01014 0.09385 0.14037 0.82495 1.000 0.071 1596.170 0.03099
-0.10397 0.01015 0.09392 0.14048 0.82604 0.927 0.068 1596.207 0.03101
-0.10406 0.01016 0.09399 0.14059 0.82714 1.005 0.071 1596.244 0.03104
-0.10414 0.01017 0.09407 0.14070 0.82823 1.034 0.072 1596.281 0.03106
-0.10422 0.01018 0.09414 0.14081 0.82932 0.872 0.066 1596.317 0.03108
-0.10430 0.01018 0.09421 0.14092 0.83041 0.913 0.068 1596.354 0.03111
-0.10438 0.01019 0.09429 0.14103 0.83150 0.882 0.067 1596.391 0.03113
-0.10446 0.01020 0.09436 0.14114 0.83259 0.851 0.065 1596.427 0.03115
-0.10454 0.01021 0.09443 0.14125 0.83368 0.936 0.069 1596.464 0.03118
-0.10462 0.01022 0.09451 0.14136 0.83477 0.917 0.068 1596.501 0.03120
-0.10471 0.01022 0.09458 0.14147 0.83587 1.008 0.071 1596.538 0.03123
-0.10479 0.01023 0.09465 0.14158 0.83696 1.003 0.071 1596.574 0.03125
-0.10487 0.01024 0.09473 0.14169 0.83805 0.850 0.065 1596.611 0.03127
-0.10495 0.01025 0.09480 0.14180 0.83914 0.891 0.067 1596.648 0.03130
-0.10503 0.01025 0.09487 0.14191 0.84023 0.979 0.070 1596.684 0.03132
-0.10511 0.01026 0.09495 0.14202 0.84132 0.891 0.067 1596.721 0.03134
-0.10519 0.01027 0.09502 0.14213 0.84242 1.087 0.074 1596.758 0.03137
-0.10528 0.01028 0.09509 0.14224 0.84351 0.974 0.070 1596.794 0.03139
-0.10536 0.01029 0.09517 0.14235 0.84460 1.072 0.074 1596.831 0.03141
-0.10544 0.01029 0.09524 0.14246 0.84569 0.897 0.067 1596.868 0.03144
-0.10552 0.01030 0.09532 0.14257 0.84678 1.011 0.071 1596.905 0.03146
-0.10560 0.01031 0.09539 0.14268 0.84787 0.965 0.070 1596.941 0.03149
-0.10568 0.01032 0.09546 0.14279 0.84897 0.965 0.070 1596.978 0.03151
-0.10576 0.01033 0.09554 0.14290 0.85006 0.991 0.071 1597.015 0.03153
-0.10584 0.01033 0.09561 0.14301 0.85115 0.888 0.067 1597.051 0.03156
-0.10593 0.01034 0.09568 0.14312 0.85224 1.012 0.072 1597.088 0.03158
-0.10601 0.01035 0.09576 0.14323 0.85333 0.945 0.069 1597.125 0.03160
-0.10609 0.01036 0.09583 0.14334 0.85443 1.074 0.074 1597.162 0.03163
-0.10617 0.01037 0.09590 0.14345 0.85552 1.033 0.072 1597.198 0.03165
-0.10625 0.01037 0.09598 0.14356 0.85661 0.961 0.070 1597.235 0.03168
-0.10633 0.01038 0.09605 0.14367 0.85770 0.889 0.067 1597.272 0.03170
-0.10641 0.01039 0.09612 0.14378 0.85879 1.029 0.072 1597.308 0.03172
-0.10650 0.01040 0.09620 0.14389 0.85989 1.189 0.078 1597.345 0.03175
-0.10658 0.01041 0.09627 0.14400 0.86098 1.153 0.076 1597.382 0.03177
-0.10666 0.01041 0.09634 0.14411 0.86207 1.035 0.072 1597.419 0.03179
-0.10674 0.01042 0.09642 0.14422 0.86316 0.901 0.068 1597.455 0.03182
-0.10682 0.01043 0.09649 0.14433 0.86426 1.071 0.074 1597.492 0.03184
-0.10690 0.01044 0.09657 0.14444 0.86535 1.036 0.072 1597.529 0.03187
-0.10698 0.01045 0.09664 0.14455 0.86644 0.974 0.070 1597.565 0.03189
-0.10707 0.01045 0.09671 0.14466 0.86753 0.938 0.069 1597.602 0.03191
-0.10715 0.01046 0.09679 0.14477 0.86863 1.042 0.073 1597.639 0.03194
-0.10723 0.01047 0.09686 0.14488 0.86972 0.949 0.069 1597.676 0.03196
-0.10731 0.01048 0.09693 0.14499 0.87081 1.047 0.073 1597.712 0.03198
-0.10739 0.01049 0.09701 0.14510 0.87190 1.006 0.072 1597.749 0.03201
-0.10747 0.01049 0.09708 0.14521 0.87300 0.991 0.071 1597.786 0.03203
-0.10755 0.01050 0.09715 0.14532 0.87409 0.867 0.066 1597.822 0.03206
-0.10764 0.01051 0.09723 0.14543 0.87518 1.002 0.071 1597.859 0.03208
-0.10772 0.01052 0.09730 0.14554 0.87628 0.951 0.070 1597.896 0.03210
-0.10780 0.01053 0.09737 0.14565 0.87737 0.868 0.066 1597.933 0.03213
-0.10788 0.01053 0.09745 0.14576 0.87846 0.920 0.068 1597.969 0.03215
-0.10796 0.01054 0.09752 0.14587 0.87955 1.024 0.072 1598.006 0.03217
-0.10804 0.01055 0.09759 0.14598 0.88065 0.936 0.069 1598.043 0.03220
-0.10812 0.01056 0.09767 0.14609 0.88174 1.040 0.073 1598.079 0.03222
-0.10821 0.01056 0.09774 0.14620 0.88283 0.947 0.069 1598.116 0.03224
-0.10829 0.01057 0.09782 0.14631 0.88393 0.994 0.071 1598.153 0.03227
-0.10837 0.01058 0.09789 0.14642 0.88502 1.022 0.072 1598.190 0.03229
-0.10845 0.01059 0.09796 0.14653 0.88611 1.086 0.074 1598.226 0.03232
-0.10853 0.01060 0.09804 0.14664 0.88721 0.849 0.066 1598.263 0.03234
-0.10861 0.01060 0.09811 0.14675 0.88830 0.902 0.068 1598.300 0.03236
-0.10869 0.01061 0.09818 0.14686 0.88939 0.892 0.067 1598.336 0.03239
-0.10878 0.01062 0.09826 0.14697 0.89049 0.923 0.069 1598.373 0.03241
-0.10886 0.01063 0.09833 0.14708 0.89158 1.064 0.074 1598.410 0.03243
-0.10894 0.01064 0.09840 0.14719 0.89267 0.908 0.068 1598.447 0.03246
-0.10902 0.01064 0.09848 0.14730 0.89377 1.045 0.073 1598.483 0.03248
-0.10910 0.01065 0.09855 0.14741 0.89486 0.949 0.070 1598.520 0.03251
-0.10918 0.01066 0.09863 0.14752 0.89595 0.967 0.070 1598.557 0.03253
-0.10926 0.01067 0.09870 0.14763 0.89705 0.904 0.068 1598.593 0.03255
-0.10935 0.01068 0.09877 0.14774 0.89814 1.032 0.073 1598.630 0.03258
-0.10943 0.01068 0.09885 0.14785 0.89923 0.851 0.066 1598.667 0.03260
-0.10951 0.01069 0.09892 0.14796 0.90033 0.992 0.071 1598.704 0.03262
-0.10959 0.01070 0.09899 0.14807 0.90142 0.871 0.067 1598.740 0.03265
-0.10967 0.01071 0.09907 0.14818 0.90251 0.841 0.066 1598.777 0.03267
-0.10975 0.01072 0.09914 0.14829 0.90361 1.018 0.072 1598.814 0.03270
-0.10984 0.01072 0.09921 0.14840 0.90470 0.921 0.069 1598.850 0.03272
-0.10992 0.01073 0.09929 0.14851 0.90580 0.953 0.070 1598.887 0.03274
-0.11000 0.01074 0.09936 0.14862 0.90689 1.105 0.075 1598.924 0.03277
-0.11008 0.01075 0.09943 0.14873 0.90798 0.910 0.068 1598.961 0.03279
-0.11016 0.01076 0.09951 0.14884 0.90908 1.010 0.072 1598.997 0.03281
-0.11024 0.01076 0.09958 0.14895 0.91017 1.033 0.073 1599.034 0.03284
-0.11032 0.01077 0.09966 0.14906 0.91127 0.851 0.066 1599.071 0.03286
-0.11041 0.01078 0.09973 0.14917 0.91236 1.011 0.072 1599.107 0.03289
-0.11049 0.01079 0.09980 0.14928 0.91345 0.954 0.070 1599.144 0.03291
-0.11057 0.01080 0.09988 0.14939 0.91455 0.990 0.071 1599.181 0.03293
-0.11065 0.01080 0.09995 0.14950 0.91564 0.905 0.068 1599.218 0.03296
-0.11073 0.01081 0.10002 0.14961 0.91674 1.002 0.072 1599.254 0.03298
-0.11081 0.01082 0.10010 0.14972 0.91783 1.000 0.072 1599.291 0.03300
-0.11090 0.01083 0.10017 0.14983 0.91892 0.998 0.072 1599.328 0.03303
-0.11098 0.01084 0.10025 0.14994 0.92002 0.956 0.070 1599.364 0.03305
-0.11106 0.01084 0.10032 0.15005 0.92111 0.889 0.068 1599.401 0.03307
-0.11114 0.01085 0.10039 0.15016 0.92221 0.851 0.066 1599.438 0.03310
-0.11122 0.01086 0.10047 0.15027 0.92330 1.013 0.072 1599.475 0.03312
-0.11130 0.01087 0.10054 0.15038 0.92440 1.030 0.073 1599.511 0.03315
-0.11138 0.01088 0.10061 0.15049 0.92549 0.946 0.070 1599.548 0.03317
-0.11147 0.01088 0.10069 0.15060 0.92658 0.972 0.071 1599.585 0.03319
-0.11155 0.01089 0.10076 0.15071 0.92768 0.988 0.071 1599.621 0.03322
-0.11163 0.01090 0.10083 0.15082 0.92877 0.949 0.070 1599.658 0.03324
-0.11171 0.01091 0.10091 0.15093 0.92987 0.944 0.070 1599.695 0.03326
-0.11179 0.01092 0.10098 0.15104 0.93096 0.963 0.070 1599.732 0.03329
-0.11187 0.01092 0.10106 0.15115 0.93206 0.975 0.071 1599.768 0.03331
-0.11196 0.01093 0.10113 0.15126 0.93315 0.872 0.067 1599.805 0.03334
-0.11204 0.01094 0.10120 0.15137 0.93425 0.864 0.067 1599.842 0.03336
-0.11212 0.01095 0.10128 0.15148 0.93534 0.982 0.071 1599.878 0.03338
-0.11220 0.01095 0.10135 0.15159 0.93644 1.018 0.072 1599.915 0.03341
-0.11228 0.01096 0.10142 0.15170 0.93753 0.902 0.068 1599.952 0.03343
-0.11236 0.01097 0.10150 0.15181 0.93863 1.035 0.073 1599.989 0.03345
-0.11245 0.01098 0.10157 0.15193 0.93972 0.959 0.070 1600.025 0.03348
-0.11253 0.01099 0.10165 0.15204 0.94082 0.820 0.065 1600.062 0.03350
-0.11261 0.01099 0.10172 0.15215 0.94191 0.981 0.071 1600.099 0.03353
-0.11269 0.01100 0.10179 0.15226 0.94301 0.844 0.066 1600.135 0.03355
-0.11277 0.01101 0.10187 0.15237 0.94410 0.980 0.071 1600.172 0.03357
-0.11285 0.01102 0.10194 0.15248 0.94520 1.001 0.072 1600.209 0.03360
-0.11293 0.01103 0.10201 0.15259 0.94629 1.001 0.072 1600.246 0.03362
-0.11302 0.01103 0.10209 0.15270 0.94739 1.029 0.073 1600.282 0.03364
-0.11310 0.01104 0.10216 0.15281 0.94848 1.126 0.076 1600.319 0.03367
-0.11318 0.01105 0.10223 0.15292 0.94958 1.034 0.073 1600.356 0.03369
-0.11326 0.01106 0.10231 0.15303 0.95067 0.898 0.068 1600.392 0.03372
-0.11334 0.01107 0.10238 0.15314 0.95177 0.921 0.069 1600.429 0.03374
-0.11342 0.01107 0.10246 0.15325 0.95286 0.982 0.071 1600.466 0.03376
-0.11351 0.01108 0.10253 0.15336 0.95396 0.769 0.063 1600.503 0.03379
-0.11359 0.01109 0.10260 0.15347 0.95505 0.946 0.070 1600.539 0.03381
-0.11367 0.01110 0.10268 0.15358 0.95615 0.821 0.065 1600.576 0.03383
-0.11375 0.01111 0.10275 0.15369 0.95725 0.696 0.060 1600.613 0.03386
-0.11383 0.01111 0.10282 0.15380 0.95834 0.907 0.068 1600.649 0.03388
-0.11391 0.01112 0.10290 0.15391 0.95944 0.946 0.070 1600.686 0.03390
-0.11400 0.01113 0.10297 0.15402 0.96053 1.007 0.072 1600.723 0.03393
-0.11408 0.01114 0.10305 0.15413 0.96163 1.026 0.073 1600.760 0.03395
-0.11416 0.01115 0.10312 0.15424 0.96272 0.827 0.065 1600.796 0.03398
-0.11424 0.01115 0.10319 0.15435 0.96382 0.802 0.064 1600.833 0.03400
-0.11432 0.01116 0.10327 0.15446 0.96492 0.794 0.064 1600.870 0.03402
-0.11440 0.01117 0.10334 0.15457 0.96601 0.788 0.064 1600.906 0.03405
-0.11449 0.01118 0.10341 0.15468 0.96711 0.835 0.066 1600.943 0.03407
-0.11457 0.01119 0.10349 0.15479 0.96820 0.867 0.067 1600.980 0.03409
-0.11465 0.01119 0.10356 0.15490 0.96930 0.977 0.071 1601.017 0.03412
-0.11473 0.01120 0.10364 0.15501 0.97040 0.914 0.069 1601.053 0.03414
-0.11481 0.01121 0.10371 0.15512 0.97149 0.879 0.079 1601.090 0.03417
-0.11489 0.01122 0.10378 0.15523 0.97259 0.872 0.078 1601.127 0.03419
-0.11498 0.01123 0.10386 0.15534 0.97368 1.073 0.087 1601.163 0.03421
-0.11506 0.01123 0.10393 0.15545 0.97478 0.923 0.084 1601.200 0.03424
-0.11514 0.01124 0.10401 0.15557 0.97588 0.887 0.079 1601.237 0.03426
-0.11522 0.01125 0.10408 0.15568 0.97697 0.987 0.083 1601.274 0.03428
-0.11530 0.01126 0.10415 0.15579 0.97807 1.023 0.085 1601.310 0.03431
-0.11538 0.01127 0.10423 0.15590 0.97916 1.045 0.086 1601.347 0.03433
-0.11547 0.01127 0.10430 0.15601 0.98026 0.852 0.077 1601.384 0.03436
-0.11555 0.01128 0.10437 0.15612 0.98136 0.738 0.072 1601.420 0.03438
-0.11563 0.01129 0.10445 0.15623 0.98245 0.980 0.083 1601.457 0.03440
-0.11571 0.01130 0.10452 0.15634 0.98355 0.994 0.084 1601.494 0.03443
-0.11579 0.01131 0.10460 0.15645 0.98465 1.048 0.086 1601.531 0.03445
-0.11587 0.01131 0.10467 0.15656 0.98574 0.820 0.076 1601.567 0.03447
-0.11596 0.01132 0.10474 0.15667 0.98684 0.950 0.082 1601.604 0.03450
-0.11604 0.01133 0.10482 0.15678 0.98794 1.041 0.086 1601.641 0.03452
-0.11612 0.01134 0.10489 0.15689 0.98903 0.935 0.081 1601.677 0.03454
-0.11620 0.01135 0.10496 0.15700 0.99013 0.841 0.077 1601.714 0.03457
-0.11628 0.01135 0.10504 0.15711 0.99123 1.037 0.085 1601.751 0.03459
-0.11637 0.01136 0.10511 0.15722 0.99232 1.033 0.085 1601.788 0.03462
-0.11645 0.01137 0.10519 0.15733 0.99342 1.063 0.087 1601.824 0.03464
-0.11653 0.01138 0.10526 0.15744 0.99452 1.032 0.085 1601.861 0.03466
-0.11661 0.01139 0.10533 0.15755 0.99561 0.852 0.077 1601.898 0.03469
-0.11669 0.01139 0.10541 0.15766 0.99671 0.988 0.083 1601.934 0.03471
-0.11677 0.01140 0.10548 0.15777 0.99781 0.823 0.076 1601.971 0.03473
-0.11686 0.01141 0.10556 0.15788 0.99890 0.867 0.078 1602.008 0.03476
-0.11694 0.01142 0.10563 0.15799 1.00000 0.773 0.078 1602.044 0.03478
