x y z dist_scaled dist_frac flux_norm sig_norm wavelength redshift
0.03463 0.02289 0.03945 0.05726 0.00000 1.382 0.446 1568.033 0.01281
0.03469 0.02294 0.03952 0.05737 0.00106 1.102 0.416 1568.070 0.01284
0.03476 0.02298 0.03960 0.05748 0.00213 1.104 0.417 1568.107 0.01286
0.03482 0.02302 0.03967 0.05759 0.00319 1.106 0.417 1568.143 0.01288
0.03489 0.02306 0.03974 0.05769 0.00425 0.825 0.378 1568.180 0.01291
0.03495 0.02311 0.03982 0.05780 0.00531 0.752 0.372 1568.217 0.01293
0.03501 0.02315 0.03989 0.05791 0.00638 1.036 0.411 1568.253 0.01296
0.03508 0.02319 0.03996 0.05801 0.00744 1.108 0.420 1568.290 0.01298
0.03514 0.02324 0.04004 0.05812 0.00850 0.611 0.355 1568.327 0.01300
0.03521 0.02328 0.04011 0.05823 0.00957 0.969 0.404 1568.364 0.01303
0.03527 0.02332 0.04018 0.05833 0.01063 0.970 0.405 1568.400 0.01305
0.03534 0.02336 0.04026 0.05844 0.01169 0.826 0.387 1568.437 0.01307
0.03540 0.02341 0.04033 0.05855 0.01276 0.900 0.398 1568.474 0.01310
0.03547 0.02345 0.04041 0.05866 0.01382 1.045 0.416 1568.510 0.01312
0.03553 0.02349 0.04048 0.05876 0.01488 0.613 0.357 1568.547 0.01315
0.03560 0.02354 0.04055 0.05887 0.01594 1.479 0.465 1568.584 0.01317
0.03566 0.02358 0.04063 0.05898 0.01701 1.193 0.435 1568.621 0.01319
0.03573 0.02362 0.04070 0.05908 0.01807 1.124 0.421 1568.657 0.01322
0.03579 0.02366 0.04078 0.05919 0.01913 0.764 0.382 1568.694 0.01324
0.03586 0.02371 0.04085 0.05930 0.02020 1.346 0.453 1568.731 0.01326
0.03592 0.02375 0.04092 0.05941 0.02126 0.479 0.339 1568.768 0.01329
0.03599 0.02379 0.04100 0.05951 0.02233 1.278 0.446 1568.804 0.01331
0.03605 0.02384 0.04107 0.05962 0.02339 0.769 0.384 1568.841 0.01334
0.03612 0.02388 0.04114 0.05973 0.02445 1.644 0.486 1568.878 0.01336
0.03618 0.02392 0.04122 0.05983 0.02552 0.696 0.375 1568.914 0.01338
0.03624 0.02396 0.04129 0.05994 0.02658 0.914 0.404 1568.951 0.01341
0.03631 0.02401 0.04137 0.06005 0.02764 1.501 0.472 1568.988 0.01343
0.03637 0.02405 0.04144 0.06016 0.02871 0.990 0.415 1569.025 0.01345
0.03644 0.02409 0.04151 0.06026 0.02977 1.140 0.434 1569.061 0.01348
0.03650 0.02414 0.04159 0.06037 0.03083 1.435 0.467 1569.098 0.01350
0.03657 0.02418 0.04166 0.06048 0.03190 1.141 0.435 1569.135 0.01353
0.03663 0.02422 0.04173 0.06058 0.03296 0.920 0.409 1569.171 0.01355
0.03670 0.02426 0.04181 0.06069 0.03403 1.145 0.436 1569.208 0.01357
0.03676 0.02431 0.04188 0.06080 0.03509 0.778 0.391 1569.245 0.01360
0.03683 0.02435 0.04196 0.06091 0.03615 1.073 0.428 1569.282 0.01362
0.03689 0.02439 0.04203 0.06101 0.03722 1.445 0.471 1569.318 0.01364
0.03696 0.02444 0.04210 0.06112 0.03828 0.626 0.371 1569.355 0.01367
0.03702 0.02448 0.04218 0.06123 0.03935 1.072 0.430 1569.392 0.01369
0.03709 0.02452 0.04225 0.06133 0.04041 0.628 0.372 1569.428 0.01371
0.03715 0.02456 0.04232 0.06144 0.04147 0.632 0.372 1569.465 0.01374
0.03722 0.02461 0.04240 0.06155 0.04254 1.307 0.458 1569.502 0.01376
0.03728 0.02465 0.04247 0.06166 0.04360 0.562 0.360 1569.539 0.01379
0.03735 0.02469 0.04255 0.06176 0.04467 0.563 0.363 1569.575 0.01381
0.03741 0.02473 0.04262 0.06187 0.04573 0.564 0.363 1569.612 0.01383
0.03748 0.02478 0.04269 0.06198 0.04680 0.718 0.384 1569.649 0.01386
0.03754 0.02482 0.04277 0.06208 0.04786 1.246 0.453 1569.686 0.01388
0.03761 0.02486 0.04284 0.06219 0.04892 0.946 0.416 1569.722 0.01390
0.03767 0.02491 0.04292 0.06230 0.04999 1.099 0.435 1569.759 0.01393
0.03773 0.02495 0.04299 0.06241 0.05105 1.401 0.470 1569.796 0.01395
0.03780 0.02499 0.04306 0.06251 0.05212 1.401 0.473 1569.832 0.01398
0.03786 0.02503 0.04314 0.06262 0.05318 1.173 0.447 1569.869 0.01400
0.03793 0.02508 0.04321 0.06273 0.05425 1.099 0.439 1569.906 0.01402
0.03799 0.02512 0.04328 0.06283 0.05531 0.872 0.408 1569.943 0.01405
0.03806 0.02516 0.04336 0.06294 0.05638 0.872 0.412 1569.979 0.01407
0.03812 0.02521 0.04343 0.06305 0.05744 1.103 0.439 1570.016 0.01409
0.03819 0.02525 0.04351 0.06316 0.05851 0.723 0.390 1570.053 0.01412
0.03825 0.02529 0.04358 0.06326 0.05957 1.259 0.460 1570.089 0.01414
0.03832 0.02534 0.04365 0.06337 0.06064 1.337 0.469 1570.126 0.01417
0.03838 0.02538 0.04373 0.06348 0.06170 1.725 0.510 1570.163 0.01419
0.03845 0.02542 0.04380 0.06359 0.06277 1.189 0.453 1570.200 0.01421
0.03851 0.02546 0.04388 0.06369 0.06383 0.806 0.406 1570.236 0.01424
0.03858 0.02551 0.04395 0.06380 0.06490 0.961 0.426 1570.273 0.01426
0.03864 0.02555 0.04402 0.06391 0.06596 0.809 0.406 1570.310 0.01428
0.03871 0.02559 0.04410 0.06401 0.06703 1.118 0.447 1570.346 0.01431
0.03877 0.02564 0.04417 0.06412 0.06809 0.967 0.428 1570.383 0.01433
0.03884 0.02568 0.04425 0.06423 0.06916 1.047 0.435 1570.420 0.01436
0.03890 0.02572 0.04432 0.06434 0.07022 1.356 0.475 1570.457 0.01438
0.03897 0.02576 0.04439 0.06444 0.07129 1.281 0.467 1570.493 0.01440
0.03903 0.02581 0.04447 0.06455 0.07235 0.741 0.399 1570.530 0.01443
0.03910 0.02585 0.04454 0.06466 0.07342 1.209 0.458 1570.567 0.01445
0.03916 0.02589 0.04461 0.06477 0.07448 1.365 0.476 1570.604 0.01447
0.03923 0.02594 0.04469 0.06487 0.07555 1.135 0.451 1570.640 0.01450
0.03929 0.02598 0.04476 0.06498 0.07661 1.136 0.452 1570.677 0.01452
0.03936 0.02602 0.04484 0.06509 0.07768 1.449 0.487 1570.714 0.01455
0.03942 0.02606 0.04491 0.06519 0.07874 1.059 0.444 1570.750 0.01457
0.03949 0.02611 0.04498 0.06530 0.07981 1.057 0.444 1570.787 0.01459
0.03955 0.02615 0.04506 0.06541 0.08087 1.136 0.454 1570.824 0.01462
0.03962 0.02619 0.04513 0.06552 0.08194 1.293 0.471 1570.861 0.01464
0.03968 0.02624 0.04521 0.06562 0.08301 0.820 0.414 1570.897 0.01466
0.03975 0.02628 0.04528 0.06573 0.08407 1.215 0.463 1570.934 0.01469
0.03981 0.02632 0.04535 0.06584 0.08514 0.586 0.381 1570.971 0.01471
0.03988 0.02636 0.04543 0.06595 0.08620 0.984 0.436 1571.007 0.01473
0.03994 0.02641 0.04550 0.06605 0.08727 1.226 0.464 1571.044 0.01476
0.04001 0.02645 0.04558 0.06616 0.08833 1.070 0.445 1571.081 0.01478
0.04007 0.02649 0.04565 0.06627 0.08940 0.909 0.429 1571.118 0.01481
0.04013 0.02654 0.04572 0.06637 0.09047 1.066 0.449 1571.154 0.01483
0.04020 0.02658 0.04580 0.06648 0.09153 0.828 0.417 1571.191 0.01485
0.04026 0.02662 0.04587 0.06659 0.09260 0.910 0.431 1571.228 0.01488
0.04033 0.02666 0.04595 0.06670 0.09366 1.071 0.451 1571.265 0.01490
0.04039 0.02671 0.04602 0.06680 0.09473 1.231 0.468 1571.301 0.01492
0.04046 0.02675 0.04609 0.06691 0.09580 1.074 0.453 1571.338 0.01495
0.04052 0.02679 0.04617 0.06702 0.09686 0.513 0.374 1571.375 0.01497
0.04059 0.02684 0.04624 0.06713 0.09793 1.313 0.481 1571.411 0.01500
0.04065 0.02688 0.04632 0.06723 0.09899 1.075 0.454 1571.448 0.01502
0.04072 0.02692 0.04639 0.06734 0.10006 0.674 0.401 1571.485 0.01504
0.04078 0.02697 0.04646 0.06745 0.10113 1.480 0.500 1571.522 0.01507
0.04085 0.02701 0.04654 0.06756 0.10219 0.838 0.424 1571.558 0.01509
0.04091 0.02705 0.04661 0.06766 0.10326 0.756 0.414 1571.595 0.01511
0.04098 0.02709 0.04668 0.06777 0.10433 0.918 0.430 1571.632 0.01514
0.04104 0.02714 0.04676 0.06788 0.10539 0.433 0.362 1571.668 0.01516
0.04111 0.02718 0.04683 0.06799 0.10646 0.193 0.316 1571.705 0.01519
0.04117 0.02722 0.04691 0.06809 0.10752 0.113 0.297 1571.742 0.01521
0.04124 0.02727 0.04698 0.06820 0.10859 0.193 0.317 1571.779 0.01523
0.04130 0.02731 0.04705 0.06831 0.10966 0.032 0.279 1571.815 0.01526
0.04137 0.02735 0.04713 0.06841 0.11072 -0.048 0.256 1571.852 0.01528
0.04143 0.02739 0.04720 0.06852 0.11179 0.033 0.279 1571.889 0.01530
0.04150 0.02744 0.04728 0.06863 0.11286 -0.047 0.257 1571.925 0.01533
0.04156 0.02748 0.04735 0.06874 0.11392 0.035 0.280 1571.962 0.01535
0.04163 0.02752 0.04742 0.06884 0.11499 0.034 0.280 1571.999 0.01538
0.04169 0.02757 0.04750 0.06895 0.11606 0.032 0.281 1572.036 0.01540
0.04176 0.02761 0.04757 0.06906 0.11712 -0.050 0.258 1572.072 0.01542
0.04182 0.02765 0.04765 0.06917 0.11819 -0.049 0.258 1572.109 0.01545
0.04189 0.02770 0.04772 0.06927 0.11926 0.035 0.282 1572.146 0.01547
0.04195 0.02774 0.04779 0.06938 0.12033 0.035 0.282 1572.183 0.01549
0.04202 0.02778 0.04787 0.06949 0.12139 -0.048 0.259 1572.219 0.01552
0.04208 0.02782 0.04794 0.06960 0.12246 0.198 0.322 1572.256 0.01554
0.04215 0.02787 0.04802 0.06970 0.12353 0.033 0.283 1572.293 0.01557
0.04221 0.02791 0.04809 0.06981 0.12459 0.036 0.283 1572.329 0.01559
0.04228 0.02795 0.04817 0.06992 0.12566 0.041 0.284 1572.366 0.01561
0.04234 0.02800 0.04824 0.07003 0.12673 0.208 0.320 1572.403 0.01564
0.04241 0.02804 0.04831 0.07013 0.12779 0.877 0.424 1572.440 0.01566
0.04247 0.02808 0.04839 0.07024 0.12886 0.946 0.434 1572.476 0.01568
0.04254 0.02812 0.04846 0.07035 0.12993 0.966 0.449 1572.513 0.01571
0.04260 0.02817 0.04854 0.07046 0.13100 0.901 0.436 1572.550 0.01573
0.04267 0.02821 0.04861 0.07056 0.13206 0.709 0.402 1572.586 0.01575
0.04273 0.02825 0.04868 0.07067 0.13313 0.680 0.400 1572.623 0.01578
0.04280 0.02830 0.04876 0.07078 0.13420 0.802 0.426 1572.660 0.01580
0.04286 0.02834 0.04883 0.07089 0.13527 0.159 0.306 1572.697 0.01583
0.04293 0.02838 0.04891 0.07099 0.13633 0.459 0.362 1572.733 0.01585
0.04299 0.02843 0.04898 0.07110 0.13740 0.272 0.327 1572.770 0.01587
0.04306 0.02847 0.04905 0.07121 0.13847 0.166 0.309 1572.807 0.01590
0.04312 0.02851 0.04913 0.07132 0.13954 0.072 0.288 1572.843 0.01592
0.04319 0.02855 0.04920 0.07142 0.14060 0.073 0.288 1572.880 0.01594
0.04325 0.02860 0.04928 0.07153 0.14167 0.067 0.288 1572.917 0.01597
0.04332 0.02864 0.04935 0.07164 0.14274 0.058 0.289 1572.954 0.01599
0.04338 0.02868 0.04942 0.07175 0.14381 -0.035 0.265 1572.990 0.01602
0.04345 0.02873 0.04950 0.07185 0.14487 0.048 0.289 1573.027 0.01604
0.04351 0.02877 0.04957 0.07196 0.14594 0.131 0.312 1573.064 0.01606
0.04358 0.02881 0.04965 0.07207 0.14701 0.216 0.330 1573.101 0.01609
0.04364 0.02886 0.04972 0.07218 0.14808 0.047 0.290 1573.137 0.01611
0.04371 0.02890 0.04979 0.07228 0.14915 0.047 0.290 1573.174 0.01613
0.04377 0.02894 0.04987 0.07239 0.15021 0.219 0.331 1573.211 0.01616
0.04384 0.02898 0.04994 0.07250 0.15128 0.563 0.392 1573.247 0.01618
0.04390 0.02903 0.05002 0.07261 0.15235 0.906 0.447 1573.284 0.01621
0.04397 0.02907 0.05009 0.07271 0.15342 0.993 0.458 1573.321 0.01623
0.04403 0.02911 0.05016 0.07282 0.15449 0.737 0.422 1573.358 0.01625
0.04410 0.02916 0.05024 0.07293 0.15555 1.163 0.480 1573.394 0.01628
0.04416 0.02920 0.05031 0.07304 0.15662 1.248 0.491 1573.431 0.01630
0.04423 0.02924 0.05039 0.07314 0.15769 1.250 0.494 1573.468 0.01632
0.04429 0.02929 0.05046 0.07325 0.15876 0.651 0.412 1573.504 0.01635
0.04436 0.02933 0.05054 0.07336 0.15983 1.079 0.473 1573.541 0.01637
0.04442 0.02937 0.05061 0.07347 0.16090 0.823 0.437 1573.578 0.01640
0.04449 0.02941 0.05068 0.07358 0.16196 0.739 0.425 1573.615 0.01642
0.04455 0.02946 0.05076 0.07368 0.16303 0.913 0.453 1573.651 0.01644
0.04462 0.02950 0.05083 0.07379 0.16410 1.260 0.495 1573.688 0.01647
0.04468 0.02954 0.05091 0.07390 0.16517 0.574 0.397 1573.725 0.01649
0.04475 0.02959 0.05098 0.07401 0.16624 1.262 0.497 1573.762 0.01651
0.04481 0.02963 0.05105 0.07411 0.16731 1.262 0.496 1573.798 0.01654
0.04488 0.02967 0.05113 0.07422 0.16838 0.658 0.416 1573.835 0.01656
0.04494 0.02972 0.05120 0.07433 0.16944 1.612 0.538 1573.872 0.01658
0.04501 0.02976 0.05128 0.07444 0.17051 0.662 0.417 1573.908 0.01661
0.04507 0.02980 0.05135 0.07454 0.17158 0.228 0.338 1573.945 0.01663
0.04514 0.02984 0.05142 0.07465 0.17265 1.270 0.501 1573.982 0.01666
0.04520 0.02989 0.05150 0.07476 0.17372 1.529 0.530 1574.019 0.01668
0.04527 0.02993 0.05157 0.07487 0.17479 1.445 0.522 1574.055 0.01670
0.04533 0.02997 0.05165 0.07497 0.17586 0.577 0.401 1574.092 0.01673
0.04540 0.03002 0.05172 0.07508 0.17693 0.839 0.446 1574.129 0.01675
0.04546 0.03006 0.05180 0.07519 0.17799 1.014 0.467 1574.165 0.01677
0.04553 0.03010 0.05187 0.07530 0.17906 0.839 0.445 1574.202 0.01680
0.04560 0.03015 0.05194 0.07540 0.18013 1.103 0.482 1574.239 0.01682
0.04566 0.03019 0.05202 0.07551 0.18120 1.106 0.482 1574.276 0.01685
0.04573 0.03023 0.05209 0.07562 0.18227 1.283 0.504 1574.312 0.01687
0.04579 0.03028 0.05217 0.07573 0.18334 0.671 0.423 1574.349 0.01689
0.04586 0.03032 0.05224 0.07584 0.18441 1.286 0.505 1574.386 0.01692
0.04592 0.03036 0.05231 0.07594 0.18548 1.288 0.504 1574.422 0.01694
0.04599 0.03040 0.05239 0.07605 0.18655 0.937 0.459 1574.459 0.01696
0.04605 0.03045 0.05246 0.07616 0.18762 1.025 0.474 1574.496 0.01699
0.04612 0.03049 0.05254 0.07627 0.18869 0.850 0.450 1574.533 0.01701
0.04618 0.03053 0.05261 0.07637 0.18976 0.763 0.439 1574.569 0.01704
0.04625 0.03058 0.05269 0.07648 0.19082 1.471 0.529 1574.606 0.01706
0.04631 0.03062 0.05276 0.07659 0.19189 1.119 0.486 1574.643 0.01708
0.04638 0.03066 0.05283 0.07670 0.19296 2.005 0.584 1574.680 0.01711
0.04644 0.03071 0.05291 0.07680 0.19403 0.770 0.438 1574.716 0.01713
0.04651 0.03075 0.05298 0.07691 0.19510 1.213 0.497 1574.753 0.01715
0.04657 0.03079 0.05306 0.07702 0.19617 0.771 0.437 1574.790 0.01718
0.04664 0.03083 0.05313 0.07713 0.19724 0.771 0.435 1574.826 0.01720
0.04670 0.03088 0.05320 0.07724 0.19831 0.948 0.467 1574.863 0.01723
0.04677 0.03092 0.05328 0.07734 0.19938 0.947 0.466 1574.900 0.01725
0.04683 0.03096 0.05335 0.07745 0.20045 1.033 0.480 1574.937 0.01727
0.04690 0.03101 0.05343 0.07756 0.20152 0.944 0.468 1574.973 0.01730
0.04696 0.03105 0.05350 0.07767 0.20259 1.391 0.523 1575.010 0.01732
0.04703 0.03109 0.05358 0.07777 0.20366 1.572 0.545 1575.047 0.01734
0.04709 0.03114 0.05365 0.07788 0.20473 1.397 0.525 1575.083 0.01737
0.04716 0.03118 0.05372 0.07799 0.20580 1.397 0.523 1575.120 0.01739
0.04722 0.03122 0.05380 0.07810 0.20687 1.304 0.513 1575.157 0.01742
0.04729 0.03127 0.05387 0.07820 0.20794 1.036 0.476 1575.194 0.01744
0.04735 0.03131 0.05395 0.07831 0.20901 0.949 0.467 1575.230 0.01746
0.04742 0.03135 0.05402 0.07842 0.21008 0.860 0.456 1575.267 0.01749
0.04748 0.03139 0.05410 0.07853 0.21115 1.398 0.527 1575.304 0.01751
0.04755 0.03144 0.05417 0.07864 0.21222 0.589 0.417 1575.340 0.01753
0.04761 0.03148 0.05424 0.07874 0.21329 1.218 0.505 1575.377 0.01756
0.04768 0.03152 0.05432 0.07885 0.21436 1.130 0.496 1575.414 0.01758
0.04774 0.03157 0.05439 0.07896 0.21543 1.220 0.506 1575.451 0.01760
0.04781 0.03161 0.05447 0.07907 0.21650 1.221 0.504 1575.487 0.01763
0.04787 0.03165 0.05454 0.07917 0.21757 1.493 0.538 1575.524 0.01765
0.04794 0.03170 0.05462 0.07928 0.21864 1.222 0.509 1575.561 0.01768
0.04801 0.03174 0.05469 0.07939 0.21971 1.132 0.497 1575.598 0.01770
0.04807 0.03178 0.05476 0.07950 0.22078 0.681 0.433 1575.634 0.01772
0.04814 0.03183 0.05484 0.07961 0.22185 1.224 0.511 1575.671 0.01775
0.04820 0.03187 0.05491 0.07971 0.22292 1.317 0.521 1575.708 0.01777
0.04827 0.03191 0.05499 0.07982 0.22399 0.775 0.451 1575.744 0.01779
0.04833 0.03196 0.05506 0.07993 0.22506 1.229 0.511 1575.781 0.01782
0.04840 0.03200 0.05514 0.08004 0.22613 1.409 0.532 1575.818 0.01784
0.04846 0.03204 0.05521 0.08015 0.22721 1.229 0.513 1575.855 0.01787
0.04853 0.03208 0.05528 0.08025 0.22828 0.593 0.422 1575.891 0.01789
0.04859 0.03213 0.05536 0.08036 0.22935 0.773 0.452 1575.928 0.01791
0.04866 0.03217 0.05543 0.08047 0.23042 1.318 0.525 1575.965 0.01794
0.04872 0.03221 0.05551 0.08058 0.23149 0.954 0.477 1576.001 0.01796
0.04879 0.03226 0.05558 0.08068 0.23256 1.137 0.501 1576.038 0.01798
0.04885 0.03230 0.05566 0.08079 0.23363 0.957 0.480 1576.075 0.01801
0.04892 0.03234 0.05573 0.08090 0.23470 1.872 0.586 1576.112 0.01803
0.04898 0.03239 0.05580 0.08101 0.23577 1.144 0.504 1576.148 0.01806
0.04905 0.03243 0.05588 0.08112 0.23684 0.690 0.441 1576.185 0.01808
0.04911 0.03247 0.05595 0.08122 0.23791 0.430 0.000 1576.222 0.01810
0.04918 0.03252 0.05603 0.08133 0.23899 1.331 0.527 1576.259 0.01813
0.04924 0.03256 0.05610 0.08144 0.24006 1.881 0.587 1576.295 0.01815
0.04931 0.03260 0.05618 0.08155 0.24113 1.699 0.570 1576.332 0.01817
0.04937 0.03264 0.05625 0.08166 0.24220 1.517 0.550 1576.369 0.01820
0.04944 0.03269 0.05632 0.08176 0.24327 2.164 0.614 1576.405 0.01822
0.04950 0.03273 0.05640 0.08187 0.24434 1.431 0.540 1576.442 0.01825
0.04957 0.03277 0.05647 0.08198 0.24541 1.708 0.572 1576.479 0.01827
0.04964 0.03282 0.05655 0.08209 0.24648 0.879 0.470 1576.516 0.01829
0.04970 0.03286 0.05662 0.08219 0.24755 1.433 0.541 1576.552 0.01832
0.04977 0.03290 0.05670 0.08230 0.24863 1.342 0.531 1576.589 0.01834
0.04983 0.03295 0.05677 0.08241 0.24970 0.329 0.380 1576.626 0.01836
0.04990 0.03299 0.05684 0.08252 0.25077 0.975 0.485 1576.662 0.01839
0.04996 0.03303 0.05692 0.08263 0.25184 0.790 0.460 1576.699 0.01841
0.05003 0.03308 0.05699 0.08273 0.25291 1.250 0.521 1576.736 0.01843
0.05009 0.03312 0.05707 0.08284 0.25398 0.879 0.471 1576.773 0.01846
0.05016 0.03316 0.05714 0.08295 0.25506 1.158 0.509 1576.809 0.01848
0.05022 0.03321 0.05722 0.08306 0.25613 1.160 0.509 1576.846 0.01851
0.05029 0.03325 0.05729 0.08317 0.25720 0.786 0.457 1576.883 0.01853
0.05035 0.03329 0.05736 0.08327 0.25827 1.898 0.595 1576.919 0.01855
0.05042 0.03334 0.05744 0.08338 0.25934 1.063 0.499 1576.956 0.01858
0.05048 0.03338 0.05751 0.08349 0.26041 0.968 0.488 1576.993 0.01860
0.05055 0.03342 0.05759 0.08360 0.26149 1.058 0.498 1577.030 0.01862
0.05061 0.03346 0.05766 0.08371 0.26256 1.434 0.547 1577.066 0.01865
0.05068 0.03351 0.05774 0.08381 0.26363 0.970 0.489 1577.103 0.01867
0.05074 0.03355 0.05781 0.08392 0.26470 1.249 0.524 1577.140 0.01870
0.05081 0.03359 0.05789 0.08403 0.26577 1.625 0.568 1577.177 0.01872
0.05088 0.03364 0.05796 0.08414 0.26685 1.628 0.567 1577.213 0.01874
0.05094 0.03368 0.05803 0.08425 0.26792 1.348 0.538 1577.250 0.01877
0.05101 0.03372 0.05811 0.08435 0.26899 1.069 0.503 1577.287 0.01879
0.05107 0.03377 0.05818 0.08446 0.27006 1.628 0.569 1577.323 0.01881
0.05114 0.03381 0.05826 0.08457 0.27113 0.879 0.478 1577.360 0.01884
0.05120 0.03385 0.05833 0.08468 0.27221 1.066 0.503 1577.397 0.01886
0.05127 0.03390 0.05841 0.08478 0.27328 1.535 0.561 1577.434 0.01889
0.05133 0.03394 0.05848 0.08489 0.27435 1.069 0.505 1577.470 0.01891
0.05140 0.03398 0.05855 0.08500 0.27542 0.977 0.493 1577.507 0.01893
0.05146 0.03403 0.05863 0.08511 0.27650 0.602 0.437 1577.544 0.01896
0.05153 0.03407 0.05870 0.08522 0.27757 1.167 0.516 1577.580 0.01898
0.05159 0.03411 0.05878 0.08532 0.27864 0.605 0.437 1577.617 0.01900
0.05166 0.03416 0.05885 0.08543 0.27971 1.172 0.519 1577.654 0.01903
0.05172 0.03420 0.05893 0.08554 0.28079 0.796 0.465 1577.691 0.01905
0.05179 0.03424 0.05900 0.08565 0.28186 1.081 0.504 1577.727 0.01908
0.05185 0.03428 0.05908 0.08576 0.28293 0.517 0.422 1577.764 0.01910
0.05192 0.03433 0.05915 0.08587 0.28400 1.273 0.532 1577.801 0.01912
0.05199 0.03437 0.05922 0.08597 0.28508 0.991 0.492 1577.837 0.01915
0.05205 0.03441 0.05930 0.08608 0.28615 1.181 0.520 1577.874 0.01917
0.05212 0.03446 0.05937 0.08619 0.28722 0.523 0.424 1577.911 0.01919
0.05218 0.03450 0.05945 0.08630 0.28829 1.189 0.521 1577.948 0.01922
0.05225 0.03454 0.05952 0.08641 0.28937 1.190 0.521 1577.984 0.01924
0.05231 0.03459 0.05960 0.08651 0.29044 1.097 0.506 1578.021 0.01927
0.05238 0.03463 0.05967 0.08662 0.29151 0.436 0.408 1578.058 0.01929
0.05244 0.03467 0.05975 0.08673 0.29259 1.007 0.493 1578.095 0.01931
0.05251 0.03472 0.05982 0.08684 0.29366 0.822 0.471 1578.131 0.01934
0.05257 0.03476 0.05989 0.08695 0.29473 1.012 0.498 1578.168 0.01936
0.05264 0.03480 0.05997 0.08705 0.29580 0.254 0.369 1578.205 0.01938
0.05270 0.03485 0.06004 0.08716 0.29688 0.827 0.471 1578.241 0.01941
0.05277 0.03489 0.06012 0.08727 0.29795 0.353 0.389 1578.278 0.01943
0.05283 0.03493 0.06019 0.08738 0.29902 0.542 0.426 1578.315 0.01945
0.05290 0.03498 0.06027 0.08749 0.30010 0.354 0.388 1578.352 0.01948
0.05297 0.03502 0.06034 0.08759 0.30117 0.545 0.427 1578.388 0.01950
0.05303 0.03506 0.06042 0.08770 0.30224 0.546 0.422 1578.425 0.01953
0.05310 0.03511 0.06049 0.08781 0.30332 0.450 0.407 1578.462 0.01955
0.05316 0.03515 0.06056 0.08792 0.30439 0.450 0.411 1578.498 0.01957
0.05323 0.03519 0.06064 0.08803 0.30546 0.164 0.348 1578.535 0.01960
0.05329 0.03524 0.06071 0.08813 0.30654 0.356 0.393 1578.572 0.01962
0.05336 0.03528 0.06079 0.08824 0.30761 0.163 0.351 1578.609 0.01964
0.05342 0.03532 0.06086 0.08835 0.30868 0.643 0.445 1578.645 0.01967
0.05349 0.03536 0.06094 0.08846 0.30976 0.357 0.390 1578.682 0.01969
0.05355 0.03541 0.06101 0.08857 0.31083 0.602 0.417 1578.719 0.01972
0.05362 0.03545 0.06109 0.08867 0.31190 0.642 0.367 1578.755 0.01974
0.05368 0.03549 0.06116 0.08878 0.31298 0.681 0.251 1578.792 0.01976
0.05375 0.03554 0.06123 0.08889 0.31405 0.644 0.245 1578.829 0.01979
0.05382 0.03558 0.06131 0.08900 0.31513 0.386 0.214 1578.866 0.01981
0.05388 0.03562 0.06138 0.08911 0.31620 1.066 0.290 1578.902 0.01983
0.05395 0.03567 0.06146 0.08922 0.31727 1.240 0.305 1578.939 0.01986
0.05401 0.03571 0.06153 0.08932 0.31835 0.727 0.256 1578.976 0.01988
0.05408 0.03575 0.06161 0.08943 0.31942 1.465 0.323 1579.013 0.01991
0.05414 0.03580 0.06168 0.08954 0.32049 0.900 0.274 1579.049 0.01993
0.05421 0.03584 0.06176 0.08965 0.32157 1.336 0.312 1579.086 0.01995
0.05427 0.03588 0.06183 0.08976 0.32264 1.417 0.320 1579.123 0.01998
0.05434 0.03593 0.06190 0.08986 0.32372 1.461 0.323 1579.159 0.02000
0.05440 0.03597 0.06198 0.08997 0.32479 1.078 0.291 1579.196 0.02002
0.05447 0.03601 0.06205 0.09008 0.32586 1.380 0.317 1579.233 0.02005
0.05453 0.03606 0.06213 0.09019 0.32694 1.472 0.324 1579.270 0.02007
0.05460 0.03610 0.06220 0.09030 0.32801 0.906 0.275 1579.306 0.02010
0.05467 0.03614 0.06228 0.09041 0.32909 1.207 0.303 1579.343 0.02012
0.05473 0.03619 0.06235 0.09051 0.33016 0.907 0.274 1579.380 0.02014
0.05480 0.03623 0.06243 0.09062 0.33124 1.077 0.291 1579.416 0.02017
0.05486 0.03627 0.06250 0.09073 0.33231 1.324 0.314 1579.453 0.02019
0.05493 0.03632 0.06258 0.09084 0.33338 0.952 0.280 1579.490 0.02021
0.05499 0.03636 0.06265 0.09095 0.33446 1.335 0.315 1579.527 0.02024
0.05506 0.03640 0.06272 0.09105 0.33553 0.860 0.272 1579.563 0.02026
0.05512 0.03645 0.06280 0.09116 0.33661 1.259 0.307 1579.600 0.02028
0.05519 0.03649 0.06287 0.09127 0.33768 1.210 0.304 1579.637 0.02031
0.05525 0.03653 0.06295 0.09138 0.33876 0.773 0.263 1579.674 0.02033
0.05532 0.03658 0.06302 0.09149 0.33983 0.735 0.259 1579.710 0.02036
0.05539 0.03662 0.06310 0.09160 0.34091 0.901 0.277 1579.747 0.02038
0.05545 0.03666 0.06317 0.09170 0.34198 0.777 0.264 1579.784 0.02040
0.05552 0.03671 0.06325 0.09181 0.34305 1.250 0.308 1579.820 0.02043
0.05558 0.03675 0.06332 0.09192 0.34413 0.910 0.277 1579.857 0.02045
0.05565 0.03679 0.06340 0.09203 0.34520 1.042 0.290 1579.894 0.02047
0.05571 0.03684 0.06347 0.09214 0.34628 1.250 0.309 1579.931 0.02050
0.05578 0.03688 0.06354 0.09224 0.34735 1.080 0.294 1579.967 0.02052
0.05584 0.03692 0.06362 0.09235 0.34843 1.255 0.310 1580.004 0.02055
0.05591 0.03697 0.06369 0.09246 0.34950 1.203 0.306 1580.041 0.02057
0.05597 0.03701 0.06377 0.09257 0.35058 1.328 0.317 1580.077 0.02059
0.05604 0.03705 0.06384 0.09268 0.35165 1.025 0.291 1580.114 0.02062
0.05611 0.03710 0.06392 0.09279 0.35273 0.940 0.282 1580.151 0.02064
0.05617 0.03714 0.06399 0.09289 0.35380 1.027 0.291 1580.188 0.02066
0.05624 0.03718 0.06407 0.09300 0.35488 1.288 0.314 1580.224 0.02069
0.05630 0.03722 0.06414 0.09311 0.35595 0.768 0.265 1580.261 0.02071
0.05637 0.03727 0.06422 0.09322 0.35703 0.677 0.256 1580.298 0.02074
0.05643 0.03731 0.06429 0.09333 0.35810 1.289 0.314 1580.334 0.02076
0.05650 0.03735 0.06436 0.09344 0.35918 0.593 0.243 1580.371 0.02078
0.05656 0.03740 0.06444 0.09354 0.36025 0.284 0.203 1580.408 0.02081
0.05663 0.03744 0.06451 0.09365 0.36133 0.333 0.212 1580.445 0.02083
0.05669 0.03748 0.06459 0.09376 0.36240 0.243 0.198 1580.481 0.02085
0.05676 0.03753 0.06466 0.09387 0.36348 0.458 0.231 1580.518 0.02088
0.05683 0.03757 0.06474 0.09398 0.36456 0.068 0.168 1580.555 0.02090
0.05689 0.03761 0.06481 0.09409 0.36563 0.070 0.167 1580.592 0.02093
0.05696 0.03766 0.06489 0.09419 0.36671 0.112 0.176 1580.628 0.02095
0.05702 0.03770 0.06496 0.09430 0.36778 0.026 0.158 1580.665 0.02097
0.05709 0.03774 0.06504 0.09441 0.36886 0.069 0.168 1580.702 0.02100
0.05715 0.03779 0.06511 0.09452 0.36993 0.068 0.165 1580.738 0.02102
0.05722 0.03783 0.06519 0.09463 0.37101 0.204 0.193 1580.775 0.02104
0.05728 0.03787 0.06526 0.09474 0.37208 0.070 0.167 1580.812 0.02107
0.05735 0.03792 0.06533 0.09484 0.37316 0.027 0.157 1580.849 0.02109
0.05741 0.03796 0.06541 0.09495 0.37424 0.113 0.176 1580.885 0.02112
0.05748 0.03800 0.06548 0.09506 0.37531 0.201 0.193 1580.922 0.02114
0.05755 0.03805 0.06556 0.09517 0.37639 0.247 0.200 1580.959 0.02116
0.05761 0.03809 0.06563 0.09528 0.37746 0.338 0.211 1580.995 0.02119
0.05768 0.03813 0.06571 0.09539 0.37854 0.554 0.242 1581.032 0.02121
0.05774 0.03818 0.06578 0.09549 0.37962 0.784 0.268 1581.069 0.02123
0.05781 0.03822 0.06586 0.09560 0.38069 0.559 0.243 1581.106 0.02126
0.05787 0.03826 0.06593 0.09571 0.38177 0.564 0.242 1581.142 0.02128
0.05794 0.03831 0.06601 0.09582 0.38284 0.871 0.275 1581.179 0.02130
0.05800 0.03835 0.06608 0.09593 0.38392 0.617 0.249 1581.216 0.02133
0.05807 0.03839 0.06616 0.09604 0.38500 0.614 0.249 1581.252 0.02135
0.05814 0.03844 0.06623 0.09614 0.38607 0.617 0.249 1581.289 0.02138
0.05820 0.03848 0.06631 0.09625 0.38715 0.882 0.278 1581.326 0.02140
0.05827 0.03852 0.06638 0.09636 0.38822 0.832 0.273 1581.363 0.02142
0.05833 0.03857 0.06645 0.09647 0.38930 1.190 0.307 1581.399 0.02145
0.05840 0.03861 0.06653 0.09658 0.39038 0.660 0.255 1581.436 0.02147
0.05846 0.03865 0.06660 0.09669 0.39145 0.794 0.269 1581.473 0.02149
0.05853 0.03870 0.06668 0.09679 0.39253 0.529 0.239 1581.510 0.02152
0.05859 0.03874 0.06675 0.09690 0.39361 0.659 0.254 1581.546 0.02154
0.05866 0.03878 0.06683 0.09701 0.39468 0.658 0.254 1581.583 0.02157
0.05873 0.03883 0.06690 0.09712 0.39576 0.527 0.239 1581.620 0.02159
0.05879 0.03887 0.06698 0.09723 0.39684 0.309 0.209 1581.656 0.02161
0.05886 0.03891 0.06705 0.09734 0.39791 0.797 0.270 1581.693 0.02164
0.05892 0.03896 0.06713 0.09744 0.39899 0.795 0.269 1581.730 0.02166
0.05899 0.03900 0.06720 0.09755 0.40007 0.622 0.250 1581.767 0.02168
0.05905 0.03904 0.06728 0.09766 0.40114 0.976 0.288 1581.803 0.02171
0.05912 0.03909 0.06735 0.09777 0.40222 0.887 0.279 1581.840 0.02173
0.05918 0.03913 0.06743 0.09788 0.40330 1.026 0.292 1581.877 0.02176
0.05925 0.03917 0.06750 0.09799 0.40437 0.845 0.275 1581.913 0.02178
0.05932 0.03922 0.06757 0.09810 0.40545 0.979 0.288 1581.950 0.02180
0.05938 0.03926 0.06765 0.09820 0.40653 1.062 0.297 1581.987 0.02183
0.05945 0.03930 0.06772 0.09831 0.40760 1.055 0.314 1582.024 0.02185
0.05951 0.03935 0.06780 0.09842 0.40868 1.252 0.546 1582.060 0.02187
0.05958 0.03939 0.06787 0.09853 0.40976 0.956 0.507 1582.097 0.02190
0.05964 0.03943 0.06795 0.09864 0.41083 1.257 0.544 1582.134 0.02192
0.05971 0.03948 0.06802 0.09875 0.41191 0.955 0.507 1582.171 0.02195
0.05977 0.03952 0.06810 0.09885 0.41299 0.864 0.468 1582.207 0.02197
0.05984 0.03956 0.06817 0.09896 0.41406 0.428 0.345 1582.244 0.02199
0.05991 0.03961 0.06825 0.09907 0.41514 0.839 0.276 1582.281 0.02202
0.05997 0.03965 0.06832 0.09918 0.41622 1.147 0.306 1582.317 0.02204
0.06004 0.03969 0.06840 0.09929 0.41730 1.142 0.306 1582.354 0.02206
0.06010 0.03974 0.06847 0.09940 0.41837 0.835 0.276 1582.391 0.02209
0.06017 0.03978 0.06855 0.09951 0.41945 0.521 0.240 1582.428 0.02211
0.06023 0.03982 0.06862 0.09961 0.42053 0.612 0.250 1582.464 0.02213
0.06030 0.03987 0.06870 0.09972 0.42161 0.793 0.271 1582.501 0.02216
0.06036 0.03991 0.06877 0.09983 0.42268 1.057 0.298 1582.538 0.02218
0.06043 0.03995 0.06885 0.09994 0.42376 1.151 0.306 1582.574 0.02221
0.06050 0.04000 0.06892 0.10005 0.42484 0.881 0.281 1582.611 0.02223
0.06056 0.04004 0.06899 0.10016 0.42592 0.783 0.272 1582.648 0.02225
0.06063 0.04008 0.06907 0.10026 0.42699 1.146 0.307 1582.685 0.02228
0.06069 0.04013 0.06914 0.10037 0.42807 1.058 0.299 1582.721 0.02230
0.06076 0.04017 0.06922 0.10048 0.42915 1.008 0.294 1582.758 0.02232
0.06082 0.04022 0.06929 0.10059 0.43023 0.707 0.261 1582.795 0.02235
0.06089 0.04026 0.06937 0.10070 0.43130 1.066 0.298 1582.831 0.02237
0.06096 0.04030 0.06944 0.10081 0.43238 1.504 0.336 1582.868 0.02240
0.06102 0.04035 0.06952 0.10092 0.43346 0.629 0.246 1582.905 0.02242
0.06109 0.04039 0.06959 0.10102 0.43454 1.056 0.295 1582.942 0.02244
0.06115 0.04043 0.06967 0.10113 0.43561 1.127 0.302 1582.978 0.02247
0.06122 0.04048 0.06974 0.10124 0.43669 0.791 0.268 1583.015 0.02249
0.06128 0.04052 0.06982 0.10135 0.43777 0.430 0.224 1583.052 0.02251
0.06135 0.04056 0.06989 0.10146 0.43885 0.704 0.258 1583.089 0.02254
0.06141 0.04061 0.06997 0.10157 0.43993 0.574 0.242 1583.125 0.02256
0.06148 0.04065 0.07004 0.10168 0.44100 0.519 0.236 1583.162 0.02259
0.06155 0.04069 0.07012 0.10178 0.44208 0.529 0.237 1583.199 0.02261
0.06161 0.04074 0.07019 0.10189 0.44316 0.177 0.190 1583.235 0.02263
0.06168 0.04078 0.07027 0.10200 0.44424 0.134 0.181 1583.272 0.02266
0.06174 0.04082 0.07034 0.10211 0.44532 0.027 0.160 1583.309 0.02268
0.06181 0.04087 0.07042 0.10222 0.44640 0.246 0.205 1583.346 0.02270
0.06187 0.04091 0.07049 0.10233 0.44747 0.070 0.171 1583.382 0.02273
0.06194 0.04095 0.07056 0.10244 0.44855 0.119 0.180 1583.419 0.02275
0.06201 0.04100 0.07064 0.10254 0.44963 0.119 0.180 1583.456 0.02278
0.06207 0.04104 0.07071 0.10265 0.45071 0.439 0.231 1583.492 0.02280
0.06214 0.04108 0.07079 0.10276 0.45179 0.666 0.259 1583.529 0.02282
0.06220 0.04113 0.07086 0.10287 0.45287 0.569 0.248 1583.566 0.02285
0.06227 0.04117 0.07094 0.10298 0.45394 0.883 0.283 1583.603 0.02287
0.06233 0.04121 0.07101 0.10309 0.45502 0.845 0.279 1583.639 0.02289
0.06240 0.04126 0.07109 0.10320 0.45610 1.069 0.300 1583.676 0.02292
0.06247 0.04130 0.07116 0.10330 0.45718 0.925 0.286 1583.713 0.02294
0.06253 0.04134 0.07124 0.10341 0.45826 0.889 0.284 1583.749 0.02297
0.06260 0.04139 0.07131 0.10352 0.45934 0.983 0.292 1583.786 0.02299
0.06266 0.04143 0.07139 0.10363 0.46042 1.104 0.305 1583.823 0.02301
0.06273 0.04147 0.07146 0.10374 0.46149 0.843 0.279 1583.860 0.02304
0.06279 0.04152 0.07154 0.10385 0.46257 1.068 0.301 1583.896 0.02306
0.06286 0.04156 0.07161 0.10396 0.46365 0.981 0.291 1583.933 0.02308
0.06293 0.04160 0.07169 0.10407 0.46473 0.979 0.293 1583.970 0.02311
0.06299 0.04165 0.07176 0.10417 0.46581 1.207 0.313 1584.007 0.02313
0.06306 0.04169 0.07184 0.10428 0.46689 1.027 0.297 1584.043 0.02315
0.06312 0.04173 0.07191 0.10439 0.46797 1.205 0.314 1584.080 0.02318
0.06319 0.04178 0.07199 0.10450 0.46905 1.425 0.332 1584.117 0.02320
0.06325 0.04182 0.07206 0.10461 0.47013 1.342 0.325 1584.153 0.02323
0.06332 0.04187 0.07214 0.10472 0.47120 1.430 0.333 1584.190 0.02325
0.06339 0.04191 0.07221 0.10483 0.47228 0.851 0.275 1584.227 0.02327
0.06345 0.04195 0.07229 0.10493 0.47336 0.803 0.275 1584.264 0.02330
0.06352 0.04200 0.07236 0.10504 0.47444 0.859 0.279 1584.300 0.02332
0.06358 0.04204 0.07244 0.10515 0.47552 1.124 0.306 1584.337 0.02334
0.06365 0.04208 0.07251 0.10526 0.47660 1.171 0.311 1584.374 0.02337
0.06371 0.04213 0.07259 0.10537 0.47768 0.945 0.289 1584.410 0.02339
0.06378 0.04217 0.07266 0.10548 0.47876 1.309 0.322 1584.447 0.02342
0.06385 0.04221 0.07274 0.10559 0.47984 0.499 0.239 1584.484 0.02344
0.06391 0.04226 0.07281 0.10570 0.48092 1.310 0.323 1584.521 0.02346
0.06398 0.04230 0.07289 0.10580 0.48200 1.039 0.298 1584.557 0.02349
0.06404 0.04234 0.07296 0.10591 0.48308 0.673 0.260 1584.594 0.02351
0.06411 0.04239 0.07303 0.10602 0.48416 0.940 0.289 1584.631 0.02353
0.06417 0.04243 0.07311 0.10613 0.48524 0.990 0.294 1584.668 0.02356
0.06424 0.04247 0.07318 0.10624 0.48632 1.078 0.303 1584.704 0.02358
0.06431 0.04252 0.07326 0.10635 0.48740 1.035 0.298 1584.741 0.02361
0.06437 0.04256 0.07333 0.10646 0.48848 1.265 0.318 1584.778 0.02363
0.06444 0.04260 0.07341 0.10657 0.48955 1.264 0.318 1584.814 0.02365
0.06450 0.04265 0.07348 0.10667 0.49063 1.045 0.299 1584.851 0.02368
0.06457 0.04269 0.07356 0.10678 0.49171 0.770 0.271 1584.888 0.02370
0.06463 0.04273 0.07363 0.10689 0.49279 0.996 0.294 1584.925 0.02372
0.06470 0.04278 0.07371 0.10700 0.49387 1.170 0.311 1584.961 0.02375
0.06477 0.04282 0.07378 0.10711 0.49495 0.993 0.294 1584.998 0.02377
0.06483 0.04286 0.07386 0.10722 0.49603 1.042 0.299 1585.035 0.02380
0.06490 0.04291 0.07393 0.10733 0.49711 1.625 0.349 1585.071 0.02382
0.06496 0.04295 0.07401 0.10744 0.49819 1.539 0.342 1585.108 0.02384
0.06503 0.04300 0.07408 0.10754 0.49927 1.311 0.323 1585.145 0.02387
0.06509 0.04304 0.07416 0.10765 0.50035 0.860 0.280 1585.182 0.02389
0.06516 0.04308 0.07423 0.10776 0.50143 1.044 0.299 1585.218 0.02391
0.06523 0.04313 0.07431 0.10787 0.50251 1.177 0.312 1585.255 0.02394
0.06529 0.04317 0.07438 0.10798 0.50359 0.810 0.276 1585.292 0.02396
0.06536 0.04321 0.07446 0.10809 0.50467 0.768 0.272 1585.328 0.02399
0.06542 0.04326 0.07453 0.10820 0.50575 1.128 0.308 1585.365 0.02401
0.06549 0.04330 0.07461 0.10831 0.50684 1.265 0.320 1585.402 0.02403
0.06555 0.04334 0.07468 0.10841 0.50792 1.310 0.324 1585.439 0.02406
0.06562 0.04339 0.07476 0.10852 0.50900 0.855 0.282 1585.475 0.02408
0.06569 0.04343 0.07483 0.10863 0.51008 1.178 0.312 1585.512 0.02410
0.06575 0.04347 0.07491 0.10874 0.51116 1.130 0.308 1585.549 0.02413
0.06582 0.04352 0.07498 0.10885 0.51224 0.770 0.272 1585.586 0.02415
0.06588 0.04356 0.07506 0.10896 0.51332 0.632 0.256 1585.622 0.02417
0.06595 0.04360 0.07513 0.10907 0.51440 0.950 0.291 1585.659 0.02420
0.06602 0.04365 0.07521 0.10918 0.51548 0.993 0.296 1585.696 0.02422
0.06608 0.04369 0.07528 0.10928 0.51656 0.955 0.291 1585.732 0.02425
0.06615 0.04373 0.07536 0.10939 0.51764 0.909 0.286 1585.769 0.02427
0.06621 0.04378 0.07543 0.10950 0.51872 1.225 0.317 1585.806 0.02429
0.06628 0.04382 0.07551 0.10961 0.51980 0.862 0.282 1585.843 0.02432
0.06634 0.04387 0.07558 0.10972 0.52088 1.043 0.300 1585.879 0.02434
0.06641 0.04391 0.07566 0.10983 0.52196 1.135 0.309 1585.916 0.02436
0.06648 0.04395 0.07573 0.10994 0.52304 0.999 0.296 1585.953 0.02439
0.06654 0.04400 0.07581 0.11005 0.52412 1.093 0.305 1585.989 0.02441
0.06661 0.04404 0.07588 0.11016 0.52521 1.411 0.333 1586.026 0.02444
0.06667 0.04408 0.07596 0.11026 0.52629 0.725 0.268 1586.063 0.02446
0.06674 0.04413 0.07603 0.11037 0.52737 1.136 0.309 1586.100 0.02448
0.06681 0.04417 0.07611 0.11048 0.52845 1.048 0.300 1586.136 0.02451
0.06687 0.04421 0.07618 0.11059 0.52953 1.045 0.301 1586.173 0.02453
0.06694 0.04426 0.07626 0.11070 0.53061 0.955 0.292 1586.210 0.02455
0.06700 0.04430 0.07633 0.11081 0.53169 1.044 0.300 1586.246 0.02458
0.06707 0.04434 0.07641 0.11092 0.53277 1.002 0.297 1586.283 0.02460
0.06713 0.04439 0.07648 0.11103 0.53385 0.907 0.287 1586.320 0.02463
0.06720 0.04443 0.07656 0.11114 0.53494 1.091 0.305 1586.357 0.02465
0.06727 0.04447 0.07663 0.11124 0.53602 0.999 0.296 1586.393 0.02467
0.06733 0.04452 0.07671 0.11135 0.53710 1.184 0.313 1586.430 0.02470
0.06740 0.04456 0.07678 0.11146 0.53818 1.089 0.305 1586.467 0.02472
0.06746 0.04461 0.07686 0.11157 0.53926 1.406 0.333 1586.504 0.02474
0.06753 0.04465 0.07693 0.11168 0.54034 1.043 0.301 1586.540 0.02477
0.06760 0.04469 0.07701 0.11179 0.54142 1.137 0.309 1586.577 0.02479
0.06766 0.04474 0.07708 0.11190 0.54251 1.048 0.300 1586.614 0.02482
0.06773 0.04478 0.07716 0.11201 0.54359 1.223 0.318 1586.650 0.02484
0.06779 0.04482 0.07723 0.11212 0.54467 1.124 0.309 1586.687 0.02486
0.06786 0.04487 0.07731 0.11222 0.54575 0.859 0.283 1586.724 0.02489
0.06792 0.04491 0.07738 0.11233 0.54683 0.812 0.279 1586.761 0.02491
0.06799 0.04495 0.07746 0.11244 0.54791 0.953 0.292 1586.797 0.02493
0.06806 0.04500 0.07753 0.11255 0.54900 1.042 0.301 1586.834 0.02496
0.06812 0.04504 0.07761 0.11266 0.55008 0.904 0.286 1586.871 0.02498
0.06819 0.04508 0.07768 0.11277 0.55116 1.403 0.334 1586.907 0.02500
0.06825 0.04513 0.07776 0.11288 0.55224 1.128 0.309 1586.944 0.02503
0.06832 0.04517 0.07783 0.11299 0.55332 0.764 0.274 1586.981 0.02505
0.06839 0.04521 0.07791 0.11310 0.55440 1.036 0.302 1587.018 0.02508
0.06845 0.04526 0.07798 0.11320 0.55549 1.126 0.310 1587.054 0.02510
0.06852 0.04530 0.07806 0.11331 0.55657 1.126 0.311 1587.091 0.02512
0.06858 0.04535 0.07813 0.11342 0.55765 1.262 0.323 1587.128 0.02515
0.06865 0.04539 0.07821 0.11353 0.55873 1.217 0.318 1587.165 0.02517
0.06872 0.04543 0.07828 0.11364 0.55982 1.217 0.319 1587.201 0.02519
0.06878 0.04548 0.07836 0.11375 0.56090 1.351 0.331 1587.238 0.02522
0.06885 0.04552 0.07843 0.11386 0.56198 0.806 0.279 1587.275 0.02524
0.06891 0.04556 0.07851 0.11397 0.56306 0.991 0.297 1587.311 0.02527
0.06898 0.04561 0.07858 0.11408 0.56414 1.395 0.335 1587.348 0.02529
0.06904 0.04565 0.07866 0.11419 0.56523 1.443 0.338 1587.385 0.02531
0.06911 0.04569 0.07873 0.11429 0.56631 1.123 0.310 1587.422 0.02534
0.06918 0.04574 0.07881 0.11440 0.56739 1.401 0.334 1587.458 0.02536
0.06924 0.04578 0.07888 0.11451 0.56847 0.756 0.275 1587.495 0.02538
0.06931 0.04582 0.07896 0.11462 0.56956 1.304 0.326 1587.532 0.02541
0.06937 0.04587 0.07903 0.11473 0.57064 1.444 0.339 1587.568 0.02543
0.06944 0.04591 0.07911 0.11484 0.57172 1.218 0.319 1587.605 0.02546
0.06951 0.04596 0.07918 0.11495 0.57280 0.806 0.280 1587.642 0.02548
0.06957 0.04600 0.07926 0.11506 0.57389 1.214 0.319 1587.679 0.02550
0.06964 0.04604 0.07933 0.11517 0.57497 0.940 0.293 1587.715 0.02553
0.06970 0.04609 0.07941 0.11528 0.57605 0.984 0.298 1587.752 0.02555
0.06977 0.04613 0.07948 0.11538 0.57713 1.031 0.303 1587.789 0.02557
0.06984 0.04617 0.07956 0.11549 0.57822 0.848 0.285 1587.825 0.02560
0.06990 0.04622 0.07964 0.11560 0.57930 1.027 0.302 1587.862 0.02562
0.06997 0.04626 0.07971 0.11571 0.58038 1.663 0.357 1587.899 0.02565
0.07003 0.04630 0.07979 0.11582 0.58147 1.031 0.303 1587.936 0.02567
0.07010 0.04635 0.07986 0.11593 0.58255 1.209 0.320 1587.972 0.02569
0.07017 0.04639 0.07994 0.11604 0.58363 0.938 0.294 1588.009 0.02572
0.07023 0.04644 0.08001 0.11615 0.58471 0.842 0.284 1588.046 0.02574
0.07030 0.04648 0.08009 0.11626 0.58580 0.888 0.289 1588.083 0.02576
0.07036 0.04652 0.08016 0.11637 0.58688 1.075 0.307 1588.119 0.02579
0.07043 0.04657 0.08024 0.11648 0.58796 0.799 0.280 1588.156 0.02581
0.07050 0.04661 0.08031 0.11658 0.58905 0.842 0.284 1588.193 0.02584
0.07056 0.04665 0.08039 0.11669 0.59013 0.939 0.293 1588.229 0.02586
0.07063 0.04670 0.08046 0.11680 0.59121 0.944 0.293 1588.266 0.02588
0.07069 0.04674 0.08054 0.11691 0.59230 0.362 0.223 1588.303 0.02591
0.07076 0.04678 0.08061 0.11702 0.59338 0.760 0.269 1588.340 0.02593
0.07083 0.04683 0.08069 0.11713 0.59446 0.869 0.285 1588.376 0.02595
0.07089 0.04687 0.08076 0.11724 0.59555 0.450 0.235 1588.413 0.02598
0.07096 0.04691 0.08084 0.11735 0.59663 0.929 0.290 1588.450 0.02600
0.07102 0.04696 0.08091 0.11746 0.59771 0.956 0.295 1588.486 0.02602
0.07109 0.04700 0.08099 0.11757 0.59880 0.943 0.290 1588.523 0.02605
0.07115 0.04705 0.08106 0.11768 0.59988 1.171 0.312 1588.560 0.02607
0.07122 0.04709 0.08114 0.11778 0.60096 0.855 0.281 1588.597 0.02610
0.07129 0.04713 0.08121 0.11789 0.60205 0.787 0.270 1588.633 0.02612
0.07135 0.04718 0.08129 0.11800 0.60313 1.299 0.324 1588.670 0.02614
0.07142 0.04722 0.08136 0.11811 0.60421 1.073 0.305 1588.707 0.02617
0.07148 0.04726 0.08144 0.11822 0.60530 1.302 0.329 1588.743 0.02619
0.07155 0.04731 0.08151 0.11833 0.60638 0.921 0.291 1588.780 0.02621
0.07162 0.04735 0.08159 0.11844 0.60746 0.777 0.270 1588.817 0.02624
0.07168 0.04739 0.08166 0.11855 0.60855 0.845 0.280 1588.854 0.02626
0.07175 0.04744 0.08174 0.11866 0.60963 1.168 0.313 1588.890 0.02629
0.07181 0.04748 0.08181 0.11877 0.61072 1.106 0.309 1588.927 0.02631
0.07188 0.04753 0.08189 0.11888 0.61180 0.953 0.295 1588.964 0.02633
0.07195 0.04757 0.08197 0.11899 0.61288 0.579 0.255 1589.001 0.02636
0.07201 0.04761 0.08204 0.11909 0.61397 0.854 0.285 1589.037 0.02638
0.07208 0.04766 0.08212 0.11920 0.61505 0.951 0.296 1589.074 0.02640
0.07214 0.04770 0.08219 0.11931 0.61614 0.998 0.300 1589.111 0.02643
0.07221 0.04774 0.08227 0.11942 0.61722 1.315 0.328 1589.147 0.02645
0.07228 0.04779 0.08234 0.11953 0.61830 0.905 0.291 1589.184 0.02648
0.07234 0.04783 0.08242 0.11964 0.61939 0.859 0.286 1589.221 0.02650
0.07241 0.04787 0.08249 0.11975 0.62047 0.451 0.237 1589.258 0.02652
0.07248 0.04792 0.08257 0.11986 0.62156 0.494 0.244 1589.294 0.02655
0.07254 0.04796 0.08264 0.11997 0.62264 0.723 0.269 1589.331 0.02657
0.07261 0.04801 0.08272 0.12008 0.62373 1.041 0.305 1589.368 0.02659
0.07267 0.04805 0.08279 0.12019 0.62481 1.092 0.309 1589.404 0.02662
0.07274 0.04809 0.08287 0.12030 0.62589 0.907 0.291 1589.441 0.02664
0.07281 0.04814 0.08294 0.12040 0.62698 0.814 0.280 1589.478 0.02667
0.07287 0.04818 0.08302 0.12051 0.62806 0.954 0.295 1589.515 0.02669
0.07294 0.04822 0.08309 0.12062 0.62915 0.809 0.281 1589.551 0.02671
0.07300 0.04827 0.08317 0.12073 0.63023 1.275 0.326 1589.588 0.02674
0.07307 0.04831 0.08324 0.12084 0.63132 0.629 0.261 1589.625 0.02676
0.07314 0.04835 0.08332 0.12095 0.63240 0.951 0.295 1589.662 0.02678
0.07320 0.04840 0.08339 0.12106 0.63349 0.860 0.287 1589.698 0.02681
0.07327 0.04844 0.08347 0.12117 0.63457 0.535 0.250 1589.735 0.02683
0.07333 0.04849 0.08354 0.12128 0.63565 0.993 0.301 1589.772 0.02685
0.07340 0.04853 0.08362 0.12139 0.63674 0.713 0.272 1589.808 0.02688
0.07347 0.04857 0.08370 0.12150 0.63782 1.131 0.314 1589.845 0.02690
0.07353 0.04862 0.08377 0.12161 0.63891 1.175 0.317 1589.882 0.02693
0.07360 0.04866 0.08385 0.12172 0.63999 0.999 0.301 1589.919 0.02695
0.07366 0.04870 0.08392 0.12182 0.64108 0.579 0.256 1589.955 0.02697
0.07373 0.04875 0.08400 0.12193 0.64216 0.849 0.287 1589.992 0.02700
0.07380 0.04879 0.08407 0.12204 0.64325 0.990 0.301 1590.029 0.02702
0.07386 0.04884 0.08415 0.12215 0.64433 0.897 0.292 1590.065 0.02704
0.07393 0.04888 0.08422 0.12226 0.64542 0.575 0.256 1590.102 0.02707
0.07399 0.04892 0.08430 0.12237 0.64650 0.990 0.301 1590.139 0.02709
0.07406 0.04897 0.08437 0.12248 0.64759 0.806 0.283 1590.176 0.02712
0.07413 0.04901 0.08445 0.12259 0.64867 0.853 0.287 1590.212 0.02714
0.07419 0.04905 0.08452 0.12270 0.64976 0.438 0.238 1590.249 0.02716
0.07426 0.04910 0.08460 0.12281 0.65084 0.671 0.267 1590.286 0.02719
0.07432 0.04914 0.08467 0.12292 0.65193 0.714 0.273 1590.322 0.02721
0.07439 0.04918 0.08475 0.12303 0.65301 0.858 0.286 1590.359 0.02723
0.07446 0.04923 0.08482 0.12314 0.65410 0.441 0.238 1590.396 0.02726
0.07452 0.04927 0.08490 0.12325 0.65519 0.578 0.257 1590.433 0.02728
0.07459 0.04932 0.08497 0.12335 0.65627 0.488 0.245 1590.469 0.02731
0.07465 0.04936 0.08505 0.12346 0.65736 0.669 0.267 1590.506 0.02733
0.07472 0.04940 0.08513 0.12357 0.65844 0.578 0.256 1590.543 0.02735
0.07479 0.04945 0.08520 0.12368 0.65953 0.897 0.292 1590.580 0.02738
0.07485 0.04949 0.08528 0.12379 0.66061 0.943 0.297 1590.616 0.02740
0.07492 0.04953 0.08535 0.12390 0.66170 0.390 0.233 1590.653 0.02742
0.07499 0.04958 0.08543 0.12401 0.66278 0.848 0.288 1590.690 0.02745
0.07505 0.04962 0.08550 0.12412 0.66387 0.665 0.268 1590.726 0.02747
0.07512 0.04967 0.08558 0.12423 0.66496 0.847 0.288 1590.763 0.02750
0.07518 0.04971 0.08565 0.12434 0.66604 0.850 0.288 1590.800 0.02752
0.07525 0.04975 0.08573 0.12445 0.66713 0.899 0.293 1590.837 0.02754
0.07532 0.04980 0.08580 0.12456 0.66821 0.528 0.251 1590.873 0.02757
0.07538 0.04984 0.08588 0.12467 0.66930 1.265 0.328 1590.910 0.02759
0.07545 0.04988 0.08595 0.12478 0.67038 0.757 0.278 1590.947 0.02761
0.07551 0.04993 0.08603 0.12489 0.67147 1.355 0.336 1590.983 0.02764
0.07558 0.04997 0.08610 0.12499 0.67256 1.036 0.306 1591.020 0.02766
0.07565 0.05002 0.08618 0.12510 0.67364 1.405 0.340 1591.057 0.02769
0.07571 0.05006 0.08626 0.12521 0.67473 0.856 0.288 1591.094 0.02771
0.07578 0.05010 0.08633 0.12532 0.67581 0.719 0.273 1591.130 0.02773
0.07585 0.05015 0.08641 0.12543 0.67690 0.580 0.257 1591.167 0.02776
0.07591 0.05019 0.08648 0.12554 0.67799 1.138 0.315 1591.204 0.02778
0.07598 0.05023 0.08656 0.12565 0.67907 1.505 0.348 1591.240 0.02780
0.07604 0.05028 0.08663 0.12576 0.68016 1.001 0.302 1591.277 0.02783
0.07611 0.05032 0.08671 0.12587 0.68125 0.864 0.288 1591.314 0.02785
0.07618 0.05037 0.08678 0.12598 0.68233 1.370 0.336 1591.351 0.02787
0.07624 0.05041 0.08686 0.12609 0.68342 1.373 0.336 1591.387 0.02790
0.07631 0.05045 0.08693 0.12620 0.68450 1.003 0.303 1591.424 0.02792
0.07637 0.05050 0.08701 0.12631 0.68559 1.601 0.355 1591.461 0.02795
0.07644 0.05054 0.08708 0.12642 0.68668 0.772 0.279 1591.498 0.02797
0.07651 0.05058 0.08716 0.12653 0.68776 0.771 0.279 1591.534 0.02799
0.07657 0.05063 0.08724 0.12664 0.68885 0.634 0.262 1591.571 0.02802
0.07664 0.05067 0.08731 0.12674 0.68994 1.093 0.308 1591.608 0.02804
0.07671 0.05072 0.08739 0.12685 0.69102 0.770 0.278 1591.644 0.02806
0.07677 0.05076 0.08746 0.12696 0.69211 1.048 0.307 1591.681 0.02809
0.07684 0.05080 0.08754 0.12707 0.69320 0.816 0.284 1591.718 0.02811
0.07690 0.05085 0.08761 0.12718 0.69428 1.097 0.312 1591.755 0.02814
0.07697 0.05089 0.08769 0.12729 0.69537 1.420 0.341 1591.791 0.02816
0.07704 0.05093 0.08776 0.12740 0.69646 0.820 0.284 1591.828 0.02818
0.07710 0.05098 0.08784 0.12751 0.69754 1.093 0.312 1591.865 0.02821
0.07717 0.05102 0.08791 0.12762 0.69863 1.055 0.308 1591.901 0.02823
0.07723 0.05107 0.08799 0.12773 0.69972 1.104 0.312 1591.938 0.02825
0.07730 0.05111 0.08806 0.12784 0.70080 0.829 0.284 1591.975 0.02828
0.07737 0.05115 0.08814 0.12795 0.70189 1.058 0.308 1592.012 0.02830
0.07743 0.05120 0.08822 0.12806 0.70298 0.874 0.288 1592.048 0.02833
0.07750 0.05124 0.08829 0.12817 0.70406 0.914 0.294 1592.085 0.02835
0.07757 0.05128 0.08837 0.12828 0.70515 1.196 0.321 1592.122 0.02837
0.07763 0.05133 0.08844 0.12839 0.70624 1.199 0.321 1592.159 0.02840
0.07770 0.05137 0.08852 0.12850 0.70733 1.058 0.307 1592.195 0.02842
0.07776 0.05142 0.08859 0.12861 0.70841 1.292 0.329 1592.232 0.02844
0.07783 0.05146 0.08867 0.12871 0.70950 1.156 0.317 1592.269 0.02847
0.07790 0.05150 0.08874 0.12882 0.71059 0.874 0.288 1592.305 0.02849
0.07796 0.05155 0.08882 0.12893 0.71167 0.737 0.275 1592.342 0.02852
0.07803 0.05159 0.08889 0.12904 0.71276 0.922 0.295 1592.379 0.02854
0.07810 0.05163 0.08897 0.12915 0.71385 0.828 0.285 1592.416 0.02856
0.07816 0.05168 0.08904 0.12926 0.71494 1.010 0.304 1592.452 0.02859
0.07823 0.05172 0.08912 0.12937 0.71602 0.963 0.298 1592.489 0.02861
0.07829 0.05177 0.08920 0.12948 0.71711 0.773 0.280 1592.526 0.02863
0.07836 0.05181 0.08927 0.12959 0.71820 1.009 0.303 1592.562 0.02866
0.07843 0.05185 0.08935 0.12970 0.71929 1.101 0.312 1592.599 0.02868
0.07849 0.05190 0.08942 0.12981 0.72037 0.816 0.285 1592.636 0.02870
0.07856 0.05194 0.08950 0.12992 0.72146 0.680 0.270 1592.673 0.02873
0.07862 0.05198 0.08957 0.13003 0.72255 1.146 0.318 1592.709 0.02875
0.07869 0.05203 0.08965 0.13014 0.72364 1.006 0.304 1592.746 0.02878
0.07876 0.05207 0.08972 0.13025 0.72473 0.683 0.269 1592.783 0.02880
0.07882 0.05212 0.08980 0.13036 0.72581 0.918 0.296 1592.819 0.02882
0.07889 0.05216 0.08987 0.13047 0.72690 0.778 0.281 1592.856 0.02885
0.07896 0.05220 0.08995 0.13058 0.72799 0.687 0.270 1592.893 0.02887
0.07902 0.05225 0.09003 0.13069 0.72908 0.363 0.227 1592.930 0.02889
0.07909 0.05229 0.09010 0.13080 0.73016 0.548 0.251 1592.966 0.02892
0.07915 0.05233 0.09018 0.13091 0.73125 0.688 0.270 1593.003 0.02894
0.07922 0.05238 0.09025 0.13101 0.73234 0.550 0.254 1593.040 0.02897
0.07929 0.05242 0.09033 0.13112 0.73343 0.363 0.229 1593.077 0.02899
0.07935 0.05247 0.09040 0.13123 0.73452 0.641 0.265 1593.113 0.02901
0.07942 0.05251 0.09048 0.13134 0.73560 1.058 0.308 1593.150 0.02904
0.07949 0.05255 0.09055 0.13145 0.73669 1.168 0.319 1593.187 0.02906
0.07955 0.05260 0.09063 0.13156 0.73778 1.000 0.300 1593.223 0.02908
0.07962 0.05264 0.09070 0.13167 0.73887 0.931 0.291 1593.260 0.02911
0.07968 0.05269 0.09078 0.13178 0.73996 0.717 0.270 1593.297 0.02913
0.07975 0.05273 0.09086 0.13189 0.74105 0.881 0.285 1593.334 0.02916
0.07982 0.05277 0.09093 0.13200 0.74213 1.129 0.315 1593.370 0.02918
0.07988 0.05282 0.09101 0.13211 0.74322 1.133 0.314 1593.407 0.02920
0.07995 0.05286 0.09108 0.13222 0.74431 0.988 0.297 1593.444 0.02923
0.08002 0.05290 0.09116 0.13233 0.74540 0.431 0.230 1593.480 0.02925
0.08008 0.05295 0.09123 0.13244 0.74649 0.941 0.296 1593.517 0.02927
0.08015 0.05299 0.09131 0.13255 0.74758 1.126 0.314 1593.554 0.02930
0.08022 0.05304 0.09138 0.13266 0.74866 0.611 0.255 1593.591 0.02932
0.08028 0.05308 0.09146 0.13277 0.74975 1.423 0.335 1593.627 0.02935
0.08035 0.05312 0.09154 0.13288 0.75084 1.374 0.335 1593.664 0.02937
0.08041 0.05317 0.09161 0.13299 0.75193 1.139 0.315 1593.701 0.02939
0.08048 0.05321 0.09169 0.13310 0.75302 1.118 0.315 1593.737 0.02942
0.08055 0.05325 0.09176 0.13321 0.75411 1.121 0.315 1593.774 0.02944
0.08061 0.05330 0.09184 0.13332 0.75520 0.981 0.301 1593.811 0.02946
0.08068 0.05334 0.09191 0.13343 0.75628 1.215 0.324 1593.848 0.02949
0.08075 0.05339 0.09199 0.13354 0.75737 1.168 0.320 1593.884 0.02951
0.08081 0.05343 0.09206 0.13365 0.75846 0.982 0.302 1593.921 0.02954
0.08088 0.05347 0.09214 0.13376 0.75955 0.840 0.287 1593.958 0.02956
0.08094 0.05352 0.09222 0.13386 0.76064 0.934 0.297 1593.995 0.02958
0.08101 0.05356 0.09229 0.13397 0.76173 1.029 0.306 1594.031 0.02961
0.08108 0.05361 0.09237 0.13408 0.76282 0.607 0.261 1594.068 0.02963
0.08114 0.05365 0.09244 0.13419 0.76391 1.305 0.333 1594.105 0.02965
0.08121 0.05369 0.09252 0.13430 0.76500 1.303 0.333 1594.141 0.02968
0.08128 0.05374 0.09259 0.13441 0.76609 1.069 0.311 1594.178 0.02970
0.08134 0.05378 0.09267 0.13452 0.76717 1.071 0.312 1594.215 0.02972
0.08141 0.05382 0.09274 0.13463 0.76826 1.071 0.311 1594.252 0.02975
0.08147 0.05387 0.09282 0.13474 0.76935 0.834 0.288 1594.288 0.02977
0.08154 0.05391 0.09290 0.13485 0.77044 0.693 0.273 1594.325 0.02980
0.08161 0.05396 0.09297 0.13496 0.77153 0.556 0.254 1594.362 0.02982
0.08167 0.05400 0.09305 0.13507 0.77262 1.116 0.317 1594.398 0.02984
0.08174 0.05404 0.09312 0.13518 0.77371 1.161 0.320 1594.435 0.02987
0.08181 0.05409 0.09320 0.13529 0.77480 0.505 0.250 1594.472 0.02989
0.08187 0.05413 0.09327 0.13540 0.77589 1.114 0.317 1594.509 0.02991
0.08194 0.05418 0.09335 0.13551 0.77698 1.158 0.320 1594.545 0.02994
0.08201 0.05422 0.09342 0.13562 0.77807 0.969 0.303 1594.582 0.02996
0.08207 0.05426 0.09350 0.13573 0.77916 1.480 0.350 1594.619 0.02999
0.08214 0.05431 0.09358 0.13584 0.78025 0.639 0.268 1594.656 0.03001
0.08220 0.05435 0.09365 0.13595 0.78134 1.015 0.308 1594.692 0.03003
0.08227 0.05440 0.09373 0.13606 0.78243 0.686 0.274 1594.729 0.03006
0.08234 0.05444 0.09380 0.13617 0.78352 0.313 0.224 1594.766 0.03008
0.08240 0.05448 0.09388 0.13628 0.78461 0.689 0.273 1594.802 0.03010
0.08247 0.05453 0.09395 0.13639 0.78570 0.500 0.251 1594.839 0.03013
0.08254 0.05457 0.09403 0.13650 0.78679 0.549 0.256 1594.876 0.03015
0.08260 0.05461 0.09410 0.13661 0.78788 0.266 0.217 1594.913 0.03018
0.08267 0.05466 0.09418 0.13672 0.78897 0.357 0.232 1594.949 0.03020
0.08274 0.05470 0.09426 0.13683 0.79006 0.451 0.244 1594.986 0.03022
0.08280 0.05475 0.09433 0.13694 0.79115 0.778 0.285 1595.023 0.03025
0.08287 0.05479 0.09441 0.13705 0.79224 0.873 0.295 1595.059 0.03027
0.08293 0.05483 0.09448 0.13716 0.79333 1.065 0.314 1595.096 0.03029
0.08300 0.05488 0.09456 0.13727 0.79442 1.253 0.331 1595.133 0.03032
0.08307 0.05492 0.09463 0.13738 0.79551 0.640 0.268 1595.170 0.03034
0.08313 0.05497 0.09471 0.13749 0.79660 1.016 0.309 1595.206 0.03037
0.08320 0.05501 0.09479 0.13760 0.79769 0.829 0.290 1595.243 0.03039
0.08327 0.05505 0.09486 0.13771 0.79878 0.593 0.263 1595.280 0.03041
0.08333 0.05510 0.09494 0.13782 0.79987 0.780 0.284 1595.316 0.03044
0.08340 0.05514 0.09501 0.13793 0.80096 1.206 0.327 1595.353 0.03046
0.08347 0.05519 0.09509 0.13803 0.80205 1.160 0.324 1595.390 0.03048
0.08353 0.05523 0.09516 0.13814 0.80314 1.445 0.348 1595.427 0.03051
0.08360 0.05527 0.09524 0.13825 0.80423 1.066 0.315 1595.463 0.03053
0.08366 0.05532 0.09531 0.13836 0.80532 0.737 0.280 1595.500 0.03055
0.08373 0.05536 0.09539 0.13847 0.80641 1.116 0.319 1595.537 0.03058
0.08380 0.05540 0.09547 0.13858 0.80750 0.928 0.301 1595.574 0.03060
0.08386 0.05545 0.09554 0.13869 0.80859 0.882 0.296 1595.610 0.03063
0.08393 0.05549 0.09562 0.13880 0.80968 0.977 0.305 1595.647 0.03065
0.08400 0.05554 0.09569 0.13891 0.81077 1.070 0.315 1595.684 0.03067
0.08406 0.05558 0.09577 0.13902 0.81186 1.119 0.320 1595.720 0.03070
0.08413 0.05562 0.09584 0.13913 0.81295 0.976 0.306 1595.757 0.03072
0.08420 0.05567 0.09592 0.13924 0.81404 1.401 0.345 1595.794 0.03074
0.08426 0.05571 0.09600 0.13935 0.81513 0.928 0.301 1595.831 0.03077
0.08433 0.05576 0.09607 0.13946 0.81622 1.211 0.329 1595.867 0.03079
0.08440 0.05580 0.09615 0.13957 0.81732 1.067 0.316 1595.904 0.03082
0.08446 0.05584 0.09622 0.13968 0.81841 1.210 0.327 1595.941 0.03084
0.08453 0.05589 0.09630 0.13979 0.81950 0.972 0.307 1595.977 0.03086
0.08459 0.05593 0.09637 0.13990 0.82059 1.209 0.329 1596.014 0.03089
0.08466 0.05598 0.09645 0.14001 0.82168 1.211 0.330 1596.051 0.03091
0.08473 0.05602 0.09653 0.14012 0.82277 1.166 0.325 1596.088 0.03093
0.08479 0.05606 0.09660 0.14023 0.82386 1.025 0.311 1596.124 0.03096
0.08486 0.05611 0.09668 0.14034 0.82495 0.933 0.302 1596.161 0.03098
0.08493 0.05615 0.09675 0.14045 0.82604 0.744 0.281 1596.198 0.03101
0.08499 0.05620 0.09683 0.14056 0.82713 1.029 0.312 1596.234 0.03103
0.08506 0.05624 0.09690 0.14067 0.82823 1.220 0.330 1596.271 0.03105
0.08513 0.05628 0.09698 0.14078 0.82932 0.792 0.288 1596.308 0.03108
0.08519 0.05633 0.09706 0.14089 0.83041 0.888 0.298 1596.345 0.03110
0.08526 0.05637 0.09713 0.14100 0.83150 1.174 0.324 1596.381 0.03112
0.08533 0.05641 0.09721 0.14111 0.83259 0.938 0.303 1596.418 0.03115
0.08539 0.05646 0.09728 0.14122 0.83368 0.936 0.303 1596.455 0.03117
0.08546 0.05650 0.09736 0.14133 0.83477 1.029 0.312 1596.492 0.03120
0.08553 0.05655 0.09743 0.14144 0.83587 1.172 0.326 1596.528 0.03122
0.08559 0.05659 0.09751 0.14155 0.83696 1.078 0.318 1596.565 0.03124
0.08566 0.05663 0.09759 0.14166 0.83805 0.987 0.308 1596.602 0.03127
0.08572 0.05668 0.09766 0.14177 0.83914 0.704 0.278 1596.638 0.03129
0.08579 0.05672 0.09774 0.14188 0.84023 0.703 0.278 1596.675 0.03131
0.08586 0.05677 0.09781 0.14199 0.84132 1.180 0.327 1596.712 0.03134
0.08592 0.05681 0.09789 0.14210 0.84241 0.656 0.271 1596.749 0.03136
0.08599 0.05685 0.09796 0.14221 0.84351 1.042 0.314 1596.785 0.03139
0.08606 0.05690 0.09804 0.14232 0.84460 0.942 0.303 1596.822 0.03141
0.08612 0.05694 0.09812 0.14243 0.84569 1.133 0.324 1596.859 0.03143
0.08619 0.05699 0.09819 0.14254 0.84678 0.994 0.309 1596.895 0.03146
0.08626 0.05703 0.09827 0.14265 0.84787 1.232 0.332 1596.932 0.03148
0.08632 0.05707 0.09834 0.14276 0.84897 1.569 0.359 1596.969 0.03150
0.08639 0.05712 0.09842 0.14287 0.85006 1.046 0.314 1597.006 0.03153
0.08646 0.05716 0.09849 0.14298 0.85115 0.859 0.295 1597.042 0.03155
0.08652 0.05721 0.09857 0.14309 0.85224 1.480 0.353 1597.079 0.03157
0.08659 0.05725 0.09865 0.14320 0.85333 0.766 0.283 1597.116 0.03160
0.08666 0.05729 0.09872 0.14331 0.85443 1.199 0.328 1597.152 0.03162
0.08672 0.05734 0.09880 0.14342 0.85552 1.342 0.342 1597.189 0.03165
0.08679 0.05738 0.09887 0.14353 0.85661 0.575 0.262 1597.226 0.03167
0.08685 0.05743 0.09895 0.14364 0.85770 0.719 0.280 1597.263 0.03169
0.08692 0.05747 0.09902 0.14375 0.85879 1.051 0.316 1597.299 0.03172
0.08699 0.05751 0.09910 0.14386 0.85989 0.954 0.306 1597.336 0.03174
0.08705 0.05756 0.09918 0.14397 0.86098 1.051 0.316 1597.373 0.03176
0.08712 0.05760 0.09925 0.14408 0.86207 0.811 0.290 1597.410 0.03179
0.08719 0.05765 0.09933 0.14419 0.86316 0.766 0.286 1597.446 0.03181
0.08725 0.05769 0.09940 0.14430 0.86426 0.332 0.229 1597.483 0.03184
0.08732 0.05773 0.09948 0.14441 0.86535 0.813 0.292 1597.520 0.03186
0.08739 0.05778 0.09955 0.14452 0.86644 0.335 0.230 1597.556 0.03188
0.08745 0.05782 0.09963 0.14463 0.86753 0.910 0.302 1597.593 0.03191
0.08752 0.05787 0.09971 0.14474 0.86863 0.622 0.270 1597.630 0.03193
0.08759 0.05791 0.09978 0.14485 0.86972 1.247 0.335 1597.667 0.03195
0.08765 0.05795 0.09986 0.14496 0.87081 0.671 0.276 1597.703 0.03198
0.08772 0.05800 0.09993 0.14507 0.87190 1.491 0.357 1597.740 0.03200
0.08779 0.05804 0.10001 0.14518 0.87300 1.010 0.313 1597.777 0.03203
0.08785 0.05809 0.10009 0.14529 0.87409 0.768 0.287 1597.813 0.03205
0.08792 0.05813 0.10016 0.14540 0.87518 1.011 0.312 1597.850 0.03207
0.08799 0.05817 0.10024 0.14551 0.87628 1.252 0.337 1597.887 0.03210
0.08805 0.05822 0.10031 0.14562 0.87737 1.298 0.341 1597.924 0.03212
0.08812 0.05826 0.10039 0.14573 0.87846 0.720 0.283 1597.960 0.03214
0.08819 0.05831 0.10046 0.14584 0.87955 1.156 0.327 1597.997 0.03217
0.08825 0.05835 0.10054 0.14595 0.88065 1.202 0.333 1598.034 0.03219
0.08832 0.05839 0.10062 0.14606 0.88174 0.767 0.288 1598.071 0.03222
0.08839 0.05844 0.10069 0.14617 0.88283 1.010 0.314 1598.107 0.03224
0.08845 0.05848 0.10077 0.14628 0.88393 1.203 0.333 1598.144 0.03226
0.08852 0.05853 0.10084 0.14639 0.88502 0.816 0.294 1598.181 0.03229
0.08858 0.05857 0.10092 0.14650 0.88611 1.254 0.338 1598.217 0.03231
0.08865 0.05861 0.10100 0.14661 0.88721 1.059 0.319 1598.254 0.03233
0.08872 0.05866 0.10107 0.14672 0.88830 0.868 0.299 1598.291 0.03236
0.08878 0.05870 0.10115 0.14683 0.88939 0.918 0.305 1598.328 0.03238
0.08885 0.05875 0.10122 0.14694 0.89049 0.675 0.275 1598.364 0.03241
0.08892 0.05879 0.10130 0.14705 0.89158 0.774 0.289 1598.401 0.03243
0.08898 0.05883 0.10137 0.14716 0.89267 0.921 0.306 1598.438 0.03245
0.08905 0.05888 0.10145 0.14727 0.89377 0.728 0.283 1598.474 0.03248
0.08912 0.05892 0.10153 0.14738 0.89486 0.692 0.277 1598.511 0.03250
0.08918 0.05897 0.10160 0.14749 0.89595 0.901 0.301 1598.548 0.03252
0.08925 0.05901 0.10168 0.14760 0.89705 0.929 0.301 1598.585 0.03255
0.08932 0.05905 0.10175 0.14771 0.89814 1.288 0.335 1598.621 0.03257
0.08938 0.05910 0.10183 0.14782 0.89923 1.441 0.352 1598.658 0.03259
0.08945 0.05914 0.10191 0.14793 0.90033 0.750 0.280 1598.695 0.03262
0.08952 0.05919 0.10198 0.14804 0.90142 1.268 0.340 1598.731 0.03264
0.08958 0.05923 0.10206 0.14815 0.90251 1.124 0.324 1598.768 0.03267
0.08965 0.05927 0.10213 0.14826 0.90361 1.219 0.331 1598.805 0.03269
0.08972 0.05932 0.10221 0.14837 0.90470 1.085 0.321 1598.842 0.03271
0.08978 0.05936 0.10229 0.14848 0.90580 1.152 0.327 1598.878 0.03274
0.08985 0.05941 0.10236 0.14859 0.90689 0.828 0.295 1598.915 0.03276
0.08992 0.05945 0.10244 0.14870 0.90798 0.757 0.286 1598.952 0.03278
0.08998 0.05949 0.10251 0.14881 0.90908 0.729 0.286 1598.989 0.03281
0.09005 0.05954 0.10259 0.14892 0.91017 0.970 0.307 1599.025 0.03283
0.09012 0.05958 0.10266 0.14903 0.91126 1.019 0.313 1599.062 0.03286
0.09018 0.05963 0.10274 0.14914 0.91236 1.069 0.319 1599.099 0.03288
0.09025 0.05967 0.10282 0.14925 0.91345 0.937 0.309 1599.135 0.03290
0.09032 0.05971 0.10289 0.14936 0.91455 1.035 0.319 1599.172 0.03293
0.09038 0.05976 0.10297 0.14947 0.91564 0.790 0.293 1599.209 0.03295
0.09045 0.05980 0.10304 0.14958 0.91674 0.898 0.303 1599.246 0.03297
0.09052 0.05985 0.10312 0.14969 0.91783 0.855 0.298 1599.282 0.03300
0.09058 0.05989 0.10320 0.14980 0.91892 1.233 0.334 1599.319 0.03302
0.09065 0.05993 0.10327 0.14992 0.92002 0.810 0.293 1599.356 0.03305
0.09072 0.05998 0.10335 0.15003 0.92111 1.006 0.314 1599.392 0.03307
0.09078 0.06002 0.10342 0.15014 0.92221 0.909 0.305 1599.429 0.03309
0.09085 0.06007 0.10350 0.15025 0.92330 1.224 0.335 1599.466 0.03312
0.09092 0.06011 0.10358 0.15036 0.92440 1.302 0.340 1599.503 0.03314
0.09098 0.06016 0.10365 0.15047 0.92549 1.040 0.315 1599.539 0.03316
0.09105 0.06020 0.10373 0.15058 0.92658 0.795 0.289 1599.576 0.03319
0.09112 0.06024 0.10380 0.15069 0.92768 0.747 0.283 1599.613 0.03321
0.09118 0.06029 0.10388 0.15080 0.92877 1.331 0.345 1599.649 0.03324
0.09125 0.06033 0.10396 0.15091 0.92987 0.774 0.290 1599.686 0.03326
0.09132 0.06038 0.10403 0.15102 0.93096 0.417 0.244 1599.723 0.03328
0.09138 0.06042 0.10411 0.15113 0.93206 0.829 0.296 1599.760 0.03331
0.09145 0.06046 0.10418 0.15124 0.93315 0.651 0.279 1599.796 0.03333
0.09152 0.06051 0.10426 0.15135 0.93425 0.606 0.273 1599.833 0.03335
0.09158 0.06055 0.10433 0.15146 0.93534 0.750 0.291 1599.870 0.03338
0.09165 0.06060 0.10441 0.15157 0.93644 1.040 0.323 1599.907 0.03340
0.09172 0.06064 0.10449 0.15168 0.93753 0.887 0.306 1599.943 0.03342
0.09178 0.06068 0.10456 0.15179 0.93863 0.887 0.308 1599.980 0.03345
0.09185 0.06073 0.10464 0.15190 0.93972 0.885 0.308 1600.017 0.03347
0.09192 0.06077 0.10471 0.15201 0.94082 0.834 0.303 1600.053 0.03350
0.09198 0.06082 0.10479 0.15212 0.94191 1.182 0.339 1600.090 0.03352
0.09205 0.06086 0.10487 0.15223 0.94301 0.784 0.295 1600.127 0.03354
0.09212 0.06090 0.10494 0.15234 0.94410 0.935 0.314 1600.164 0.03357
0.09218 0.06095 0.10502 0.15245 0.94520 1.684 0.382 1600.200 0.03359
0.09225 0.06099 0.10509 0.15256 0.94629 0.985 0.320 1600.237 0.03361
0.09232 0.06104 0.10517 0.15267 0.94739 1.033 0.325 1600.274 0.03364
0.09238 0.06108 0.10525 0.15278 0.94848 1.627 0.380 1600.310 0.03366
0.09245 0.06112 0.10532 0.15289 0.94958 1.628 0.379 1600.347 0.03369
0.09252 0.06117 0.10540 0.15300 0.95067 1.627 0.378 1600.384 0.03371
0.09258 0.06121 0.10547 0.15311 0.95177 1.727 0.388 1600.421 0.03373
0.09265 0.06126 0.10555 0.15322 0.95286 0.926 0.316 1600.457 0.03376
0.09272 0.06130 0.10563 0.15333 0.95396 0.928 0.316 1600.494 0.03378
0.09278 0.06135 0.10570 0.15344 0.95505 1.179 0.342 1600.531 0.03380
0.09285 0.06139 0.10578 0.15355 0.95615 0.929 0.317 1600.568 0.03383
0.09292 0.06143 0.10585 0.15366 0.95725 0.829 0.306 1600.604 0.03385
0.09298 0.06148 0.10593 0.15377 0.95834 0.777 0.301 1600.641 0.03388
0.09305 0.06152 0.10601 0.15388 0.95944 1.333 0.356 1600.678 0.03390
0.09312 0.06157 0.10608 0.15400 0.96053 0.628 0.283 1600.714 0.03392
0.09318 0.06161 0.10616 0.15411 0.96163 1.284 0.353 1600.751 0.03395
0.09325 0.06165 0.10623 0.15422 0.96272 1.083 0.333 1600.788 0.03397
0.09332 0.06170 0.10631 0.15433 0.96382 1.489 0.370 1600.825 0.03399
0.09338 0.06174 0.10639 0.15444 0.96492 1.035 0.329 1600.861 0.03402
0.09345 0.06179 0.10646 0.15455 0.96601 0.428 0.247 1600.898 0.03404
0.09352 0.06183 0.10654 0.15466 0.96711 0.936 0.319 1600.935 0.03407
0.09358 0.06187 0.10661 0.15477 0.96820 0.986 0.323 1600.971 0.03409
0.09365 0.06192 0.10669 0.15488 0.96930 1.039 0.330 1601.008 0.03411
0.09372 0.06196 0.10677 0.15499 0.97039 1.192 0.343 1601.045 0.03414
0.09378 0.06201 0.10684 0.15510 0.97149 0.684 0.291 1601.082 0.03416
0.09385 0.06205 0.10692 0.15521 0.97259 1.195 0.344 1601.118 0.03418
0.09392 0.06210 0.10699 0.15532 0.97368 1.147 0.341 1601.155 0.03421
0.09398 0.06214 0.10707 0.15543 0.97478 1.146 0.341 1601.192 0.03423
0.09405 0.06218 0.10715 0.15554 0.97588 1.251 0.351 1601.228 0.03426
0.09412 0.06223 0.10722 0.15565 0.97697 1.254 0.352 1601.265 0.03428
0.09418 0.06227 0.10730 0.15576 0.97807 0.898 0.315 1601.302 0.03430
0.09425 0.06232 0.10737 0.15587 0.97916 1.000 0.327 1601.339 0.03433
0.09432 0.06236 0.10745 0.15598 0.98026 1.511 0.375 1601.375 0.03435
0.09438 0.06240 0.10753 0.15609 0.98136 1.360 0.361 1601.412 0.03437
0.09445 0.06245 0.10760 0.15620 0.98245 0.901 0.317 1601.449 0.03440
0.09452 0.06249 0.10768 0.15631 0.98355 1.055 0.333 1601.486 0.03442
0.09458 0.06254 0.10776 0.15642 0.98465 1.215 0.349 1601.522 0.03444
0.09465 0.06258 0.10783 0.15653 0.98574 1.216 0.347 1601.559 0.03447
0.09472 0.06263 0.10791 0.15664 0.98684 1.218 0.349 1601.596 0.03449
0.09479 0.06267 0.10798 0.15675 0.98794 1.065 0.334 1601.632 0.03452
0.09485 0.06271 0.10806 0.15687 0.98903 1.219 0.349 1601.669 0.03454
0.09492 0.06276 0.10814 0.15698 0.99013 0.961 0.323 1601.706 0.03456
0.09499 0.06280 0.10821 0.15709 0.99123 0.961 0.324 1601.743 0.03459
0.09505 0.06285 0.10829 0.15720 0.99232 0.859 0.314 1601.779 0.03461
0.09512 0.06289 0.10836 0.15731 0.99342 1.478 0.375 1601.816 0.03463
0.09519 0.06293 0.10844 0.15742 0.99452 1.119 0.341 1601.853 0.03466
0.09525 0.06298 0.10852 0.15753 0.99561 1.119 0.342 1601.889 0.03468
0.09532 0.06302 0.10859 0.15764 0.99671 1.067 0.337 1601.926 0.03471
0.09539 0.06307 0.10867 0.15775 0.99781 0.757 0.303 1601.963 0.03473
0.09545 0.06311 0.10874 0.15786 0.99890 1.583 0.384 1602.000 0.03475
0.09552 0.06315 0.10882 0.15797 1.00000 1.065 0.338 1602.036 0.03478
