x y z dist_scaled dist_frac flux_norm sig_norm wavelength redshift
-0.03733 0.01891 0.03904 0.05723 0.00000 1.285 0.342 1568.021 0.01281
-0.03740 0.01894 0.03911 0.05734 0.00106 1.039 0.318 1568.058 0.01283
-0.03747 0.01898 0.03918 0.05744 0.00212 1.232 0.337 1568.094 0.01285
-0.03754 0.01901 0.03926 0.05755 0.00318 1.085 0.322 1568.131 0.01288
-0.03761 0.01905 0.03933 0.05766 0.00425 1.230 0.335 1568.168 0.01290
-0.03768 0.01908 0.03940 0.05776 0.00531 1.130 0.328 1568.204 0.01292
-0.03775 0.01912 0.03948 0.05787 0.00637 1.521 0.362 1568.241 0.01295
-0.03782 0.01916 0.03955 0.05798 0.00743 0.789 0.292 1568.278 0.01297
-0.03789 0.01919 0.03962 0.05808 0.00849 1.230 0.336 1568.315 0.01300
-0.03796 0.01923 0.03970 0.05819 0.00956 0.839 0.296 1568.351 0.01302
-0.03803 0.01926 0.03977 0.05830 0.01062 1.033 0.317 1568.388 0.01304
-0.03810 0.01930 0.03984 0.05841 0.01168 0.742 0.286 1568.425 0.01307
-0.03817 0.01933 0.03991 0.05851 0.01274 1.323 0.345 1568.462 0.01309
-0.03824 0.01937 0.03999 0.05862 0.01380 0.595 0.267 1568.498 0.01311
-0.03831 0.01940 0.04006 0.05873 0.01487 0.982 0.311 1568.535 0.01314
-0.03838 0.01944 0.04013 0.05883 0.01593 0.933 0.307 1568.572 0.01316
-0.03845 0.01947 0.04021 0.05894 0.01699 0.983 0.312 1568.608 0.01319
-0.03852 0.01951 0.04028 0.05905 0.01805 0.835 0.296 1568.645 0.01321
-0.03859 0.01954 0.04035 0.05916 0.01911 1.028 0.315 1568.682 0.01323
-0.03866 0.01958 0.04043 0.05926 0.02018 0.836 0.296 1568.719 0.01326
-0.03873 0.01962 0.04050 0.05937 0.02124 0.352 0.233 1568.755 0.01328
-0.03880 0.01965 0.04057 0.05948 0.02230 0.835 0.296 1568.792 0.01330
-0.03887 0.01969 0.04065 0.05958 0.02336 0.447 0.247 1568.829 0.01333
-0.03894 0.01972 0.04072 0.05969 0.02443 0.640 0.273 1568.865 0.01335
-0.03901 0.01976 0.04079 0.05980 0.02549 0.543 0.261 1568.902 0.01338
-0.03908 0.01979 0.04086 0.05991 0.02655 0.590 0.266 1568.939 0.01340
-0.03915 0.01983 0.04094 0.06001 0.02761 0.636 0.273 1568.976 0.01342
-0.03922 0.01986 0.04101 0.06012 0.02868 1.071 0.320 1569.012 0.01345
-0.03929 0.01990 0.04108 0.06023 0.02974 0.443 0.247 1569.049 0.01347
-0.03936 0.01993 0.04116 0.06033 0.03080 0.974 0.311 1569.086 0.01349
-0.03943 0.01997 0.04123 0.06044 0.03186 0.588 0.267 1569.122 0.01352
-0.03950 0.02000 0.04130 0.06055 0.03293 1.406 0.351 1569.159 0.01354
-0.03957 0.02004 0.04138 0.06066 0.03399 1.076 0.320 1569.196 0.01356
-0.03964 0.02008 0.04145 0.06076 0.03505 0.889 0.299 1569.233 0.01359
-0.03971 0.02011 0.04152 0.06087 0.03611 1.109 0.320 1569.269 0.01361
-0.03978 0.02015 0.04160 0.06098 0.03718 1.029 0.310 1569.306 0.01364
-0.03985 0.02018 0.04167 0.06108 0.03824 1.212 0.334 1569.343 0.01366
-0.03992 0.02022 0.04174 0.06119 0.03930 0.966 0.302 1569.380 0.01368
-0.03999 0.02025 0.04181 0.06130 0.04037 1.178 0.324 1569.416 0.01371
-0.04006 0.02029 0.04189 0.06141 0.04143 1.042 0.314 1569.453 0.01373
-0.04013 0.02032 0.04196 0.06151 0.04249 0.746 0.282 1569.490 0.01375
-0.04020 0.02036 0.04203 0.06162 0.04355 1.399 0.346 1569.526 0.01378
-0.04027 0.02039 0.04211 0.06173 0.04462 0.999 0.314 1569.563 0.01380
-0.04034 0.02043 0.04218 0.06183 0.04568 0.875 0.294 1569.600 0.01383
-0.04041 0.02047 0.04225 0.06194 0.04674 1.069 0.314 1569.637 0.01385
-0.04048 0.02050 0.04233 0.06205 0.04781 1.513 0.358 1569.673 0.01387
-0.04054 0.02054 0.04240 0.06216 0.04887 1.052 0.318 1569.710 0.01390
-0.04061 0.02057 0.04247 0.06226 0.04993 1.550 0.361 1569.747 0.01392
-0.04068 0.02061 0.04255 0.06237 0.05100 1.018 0.314 1569.783 0.01394
-0.04075 0.02064 0.04262 0.06248 0.05206 1.210 0.332 1569.820 0.01397
-0.04082 0.02068 0.04269 0.06258 0.05312 1.067 0.317 1569.857 0.01399
-0.04089 0.02071 0.04276 0.06269 0.05419 0.968 0.309 1569.894 0.01402
-0.04096 0.02075 0.04284 0.06280 0.05525 1.256 0.337 1569.930 0.01404
-0.04103 0.02078 0.04291 0.06291 0.05631 0.823 0.293 1569.967 0.01406
-0.04110 0.02082 0.04298 0.06301 0.05738 1.349 0.345 1570.004 0.01409
-0.04117 0.02085 0.04306 0.06312 0.05844 1.014 0.312 1570.040 0.01411
-0.04124 0.02089 0.04313 0.06323 0.05951 0.868 0.298 1570.077 0.01413
-0.04131 0.02093 0.04320 0.06333 0.06057 1.202 0.332 1570.114 0.01416
-0.04138 0.02096 0.04328 0.06344 0.06163 0.963 0.308 1570.151 0.01418
-0.04145 0.02100 0.04335 0.06355 0.06270 0.915 0.303 1570.187 0.01421
-0.04152 0.02103 0.04342 0.06366 0.06376 0.581 0.265 1570.224 0.01423
-0.04159 0.02107 0.04350 0.06376 0.06482 1.205 0.331 1570.261 0.01425
-0.04166 0.02110 0.04357 0.06387 0.06589 0.965 0.308 1570.298 0.01428
-0.04173 0.02114 0.04364 0.06398 0.06695 0.868 0.298 1570.334 0.01430
-0.04180 0.02117 0.04372 0.06409 0.06802 1.106 0.322 1570.371 0.01432
-0.04187 0.02121 0.04379 0.06419 0.06908 1.010 0.313 1570.408 0.01435
-0.04194 0.02124 0.04386 0.06430 0.07014 0.434 0.245 1570.444 0.01437
-0.04201 0.02128 0.04394 0.06441 0.07121 1.008 0.313 1570.481 0.01439
-0.04208 0.02132 0.04401 0.06451 0.07227 1.439 0.352 1570.518 0.01442
-0.04215 0.02135 0.04408 0.06462 0.07334 1.294 0.340 1570.555 0.01444
-0.04222 0.02139 0.04415 0.06473 0.07440 1.102 0.320 1570.591 0.01447
-0.04229 0.02142 0.04423 0.06484 0.07546 1.053 0.317 1570.628 0.01449
-0.04236 0.02146 0.04430 0.06494 0.07653 1.148 0.326 1570.665 0.01451
-0.04243 0.02149 0.04437 0.06505 0.07759 0.958 0.308 1570.701 0.01454
-0.04250 0.02153 0.04445 0.06516 0.07866 0.576 0.262 1570.738 0.01456
-0.04257 0.02156 0.04452 0.06527 0.07972 0.721 0.281 1570.775 0.01458
-0.04264 0.02160 0.04459 0.06537 0.08079 1.007 0.312 1570.812 0.01461
-0.04271 0.02163 0.04467 0.06548 0.08185 1.248 0.334 1570.848 0.01463
-0.04278 0.02167 0.04474 0.06559 0.08291 0.768 0.287 1570.885 0.01466
-0.04285 0.02171 0.04481 0.06569 0.08398 0.814 0.292 1570.922 0.01468
-0.04292 0.02174 0.04489 0.06580 0.08504 0.571 0.264 1570.958 0.01470
-0.04299 0.02178 0.04496 0.06591 0.08611 0.426 0.243 1570.995 0.01473
-0.04306 0.02181 0.04503 0.06602 0.08717 0.570 0.264 1571.032 0.01475
-0.04313 0.02185 0.04511 0.06612 0.08824 0.663 0.276 1571.069 0.01477
-0.04320 0.02188 0.04518 0.06623 0.08930 0.233 0.211 1571.105 0.01480
-0.04327 0.02192 0.04525 0.06634 0.09037 0.186 0.206 1571.142 0.01482
-0.04334 0.02195 0.04533 0.06645 0.09143 0.329 0.230 1571.179 0.01485
-0.04341 0.02199 0.04540 0.06655 0.09250 0.094 0.186 1571.216 0.01487
-0.04348 0.02202 0.04547 0.06666 0.09356 0.235 0.214 1571.252 0.01489
-0.04355 0.02206 0.04555 0.06677 0.09463 0.093 0.186 1571.289 0.01492
-0.04362 0.02210 0.04562 0.06688 0.09569 0.046 0.176 1571.326 0.01494
-0.04369 0.02213 0.04569 0.06698 0.09676 0.142 0.195 1571.362 0.01496
-0.04376 0.02217 0.04577 0.06709 0.09782 0.094 0.184 1571.399 0.01499
-0.04383 0.02220 0.04584 0.06720 0.09889 0.045 0.174 1571.436 0.01501
-0.04390 0.02224 0.04591 0.06731 0.09995 -0.049 0.150 1571.473 0.01504
-0.04397 0.02227 0.04599 0.06741 0.10102 0.142 0.196 1571.509 0.01506
-0.04404 0.02231 0.04606 0.06752 0.10208 0.095 0.186 1571.546 0.01508
-0.04411 0.02234 0.04613 0.06763 0.10315 0.287 0.223 1571.583 0.01511
-0.04418 0.02238 0.04620 0.06773 0.10421 0.190 0.205 1571.619 0.01513
-0.04425 0.02241 0.04628 0.06784 0.10528 0.237 0.214 1571.656 0.01515
-0.04432 0.02245 0.04635 0.06795 0.10634 0.474 0.251 1571.693 0.01518
-0.04439 0.02249 0.04642 0.06806 0.10741 0.619 0.269 1571.730 0.01520
-0.04446 0.02252 0.04650 0.06816 0.10847 0.620 0.269 1571.766 0.01523
-0.04453 0.02256 0.04657 0.06827 0.10954 0.667 0.275 1571.803 0.01525
-0.04460 0.02259 0.04664 0.06838 0.11060 0.478 0.251 1571.840 0.01527
-0.04467 0.02263 0.04672 0.06849 0.11167 0.862 0.296 1571.877 0.01530
-0.04474 0.02266 0.04679 0.06859 0.11273 1.100 0.321 1571.913 0.01532
-0.04481 0.02270 0.04686 0.06870 0.11380 1.337 0.342 1571.950 0.01534
-0.04488 0.02273 0.04694 0.06881 0.11486 0.814 0.291 1571.987 0.01537
-0.04496 0.02277 0.04701 0.06892 0.11593 1.051 0.316 1572.023 0.01539
-0.04503 0.02281 0.04708 0.06902 0.11700 1.145 0.325 1572.060 0.01541
-0.04510 0.02284 0.04716 0.06913 0.11806 0.953 0.307 1572.097 0.01544
-0.04517 0.02288 0.04723 0.06924 0.11913 1.048 0.316 1572.134 0.01546
-0.04524 0.02291 0.04730 0.06935 0.12019 1.002 0.311 1572.170 0.01549
-0.04531 0.02295 0.04738 0.06945 0.12126 1.003 0.312 1572.207 0.01551
-0.04538 0.02298 0.04745 0.06956 0.12232 0.859 0.295 1572.244 0.01553
-0.04545 0.02302 0.04752 0.06967 0.12339 0.528 0.257 1572.280 0.01556
-0.04552 0.02305 0.04760 0.06978 0.12446 0.924 0.301 1572.317 0.01558
-0.04559 0.02309 0.04767 0.06988 0.12552 1.140 0.321 1572.354 0.01560
-0.04566 0.02312 0.04774 0.06999 0.12659 0.734 0.279 1572.391 0.01563
-0.04573 0.02316 0.04782 0.07010 0.12765 0.897 0.296 1572.427 0.01565
-0.04580 0.02320 0.04789 0.07021 0.12872 0.833 0.291 1572.464 0.01568
-0.04587 0.02323 0.04796 0.07031 0.12979 1.193 0.329 1572.501 0.01570
-0.04594 0.02327 0.04804 0.07042 0.13085 0.695 0.273 1572.537 0.01572
-0.04601 0.02330 0.04811 0.07053 0.13192 1.135 0.321 1572.574 0.01575
-0.04608 0.02334 0.04818 0.07064 0.13299 0.948 0.364 1572.611 0.01577
-0.04615 0.02337 0.04826 0.07074 0.13405 1.103 0.312 1572.648 0.01579
-0.04622 0.02341 0.04833 0.07085 0.13512 0.773 0.285 1572.684 0.01582
-0.04629 0.02344 0.04840 0.07096 0.13618 0.862 0.296 1572.721 0.01584
-0.04636 0.02348 0.04848 0.07107 0.13725 0.892 0.291 1572.758 0.01587
-0.04643 0.02352 0.04855 0.07117 0.13832 0.591 0.258 1572.795 0.01589
-0.04650 0.02355 0.04862 0.07128 0.13938 1.082 0.316 1572.831 0.01591
-0.04657 0.02359 0.04870 0.07139 0.14045 0.672 0.269 1572.868 0.01594
-0.04664 0.02362 0.04877 0.07150 0.14152 1.303 0.339 1572.905 0.01596
-0.04671 0.02366 0.04884 0.07160 0.14258 0.863 0.297 1572.941 0.01598
-0.04678 0.02369 0.04892 0.07171 0.14365 0.959 0.307 1572.978 0.01601
-0.04685 0.02373 0.04899 0.07182 0.14472 1.054 0.316 1573.015 0.01603
-0.04692 0.02376 0.04906 0.07193 0.14578 0.862 0.296 1573.052 0.01606
-0.04699 0.02380 0.04914 0.07203 0.14685 1.339 0.343 1573.088 0.01608
-0.04706 0.02384 0.04921 0.07214 0.14792 1.243 0.333 1573.125 0.01610
-0.04713 0.02387 0.04928 0.07225 0.14898 0.957 0.305 1573.162 0.01613
-0.04720 0.02391 0.04936 0.07236 0.15005 1.242 0.334 1573.198 0.01615
-0.04727 0.02394 0.04943 0.07246 0.15112 1.052 0.314 1573.235 0.01617
-0.04734 0.02398 0.04950 0.07257 0.15218 1.053 0.316 1573.272 0.01620
-0.04741 0.02401 0.04958 0.07268 0.15325 1.149 0.325 1573.309 0.01622
-0.04748 0.02405 0.04965 0.07279 0.15432 0.816 0.292 1573.345 0.01624
-0.04755 0.02408 0.04972 0.07289 0.15538 0.865 0.295 1573.382 0.01627
-0.04762 0.02412 0.04980 0.07300 0.15645 1.151 0.325 1573.419 0.01629
-0.04769 0.02415 0.04987 0.07311 0.15752 0.865 0.297 1573.455 0.01632
-0.04776 0.02419 0.04994 0.07322 0.15859 1.726 0.375 1573.492 0.01634
-0.04783 0.02423 0.05002 0.07332 0.15965 0.867 0.296 1573.529 0.01636
-0.04790 0.02426 0.05009 0.07343 0.16072 0.866 0.296 1573.566 0.01639
-0.04797 0.02430 0.05016 0.07354 0.16179 1.152 0.325 1573.602 0.01641
-0.04804 0.02433 0.05024 0.07365 0.16285 1.106 0.322 1573.639 0.01643
-0.04811 0.02437 0.05031 0.07375 0.16392 0.724 0.281 1573.676 0.01646
-0.04818 0.02440 0.05038 0.07386 0.16499 0.867 0.297 1573.713 0.01648
-0.04825 0.02444 0.05046 0.07397 0.16606 1.010 0.310 1573.749 0.01651
-0.04832 0.02447 0.05053 0.07408 0.16712 0.867 0.296 1573.786 0.01653
-0.04839 0.02451 0.05060 0.07418 0.16819 0.725 0.281 1573.823 0.01655
-0.04846 0.02455 0.05068 0.07429 0.16926 0.723 0.281 1573.859 0.01658
-0.04853 0.02458 0.05075 0.07440 0.17033 1.054 0.317 1573.896 0.01660
-0.04860 0.02462 0.05083 0.07451 0.17139 0.479 0.251 1573.933 0.01662
-0.04867 0.02465 0.05090 0.07462 0.17246 1.052 0.317 1573.970 0.01665
-0.04874 0.02469 0.05097 0.07472 0.17353 0.861 0.297 1574.006 0.01667
-0.04881 0.02472 0.05105 0.07483 0.17460 0.957 0.307 1574.043 0.01670
-0.04888 0.02476 0.05112 0.07494 0.17566 0.956 0.307 1574.080 0.01672
-0.04895 0.02479 0.05119 0.07505 0.17673 1.673 0.371 1574.116 0.01674
-0.04902 0.02483 0.05127 0.07515 0.17780 1.005 0.312 1574.153 0.01677
-0.04909 0.02487 0.05134 0.07526 0.17887 0.958 0.307 1574.190 0.01679
-0.04916 0.02490 0.05141 0.07537 0.17993 1.149 0.326 1574.227 0.01681
-0.04923 0.02494 0.05149 0.07548 0.18100 0.718 0.281 1574.263 0.01684
-0.04930 0.02497 0.05156 0.07558 0.18207 0.860 0.296 1574.300 0.01686
-0.04937 0.02501 0.05163 0.07569 0.18314 1.099 0.322 1574.337 0.01689
-0.04945 0.02504 0.05171 0.07580 0.18421 0.523 0.257 1574.374 0.01691
-0.04952 0.02508 0.05178 0.07591 0.18527 1.000 0.312 1574.410 0.01693
-0.04959 0.02512 0.05185 0.07601 0.18634 1.382 0.348 1574.447 0.01696
-0.04966 0.02515 0.05193 0.07612 0.18741 0.856 0.297 1574.484 0.01698
-0.04973 0.02519 0.05200 0.07623 0.18848 1.240 0.335 1574.520 0.01700
-0.04980 0.02522 0.05207 0.07634 0.18955 1.001 0.313 1574.557 0.01703
-0.04987 0.02526 0.05215 0.07645 0.19062 1.191 0.331 1574.594 0.01705
-0.04994 0.02529 0.05222 0.07655 0.19168 0.712 0.282 1574.631 0.01708
-0.05001 0.02533 0.05229 0.07666 0.19275 0.761 0.286 1574.667 0.01710
-0.05008 0.02536 0.05237 0.07677 0.19382 1.191 0.331 1574.704 0.01712
-0.05015 0.02540 0.05244 0.07688 0.19489 1.047 0.317 1574.741 0.01715
-0.05022 0.02544 0.05251 0.07698 0.19596 0.809 0.293 1574.777 0.01717
-0.05029 0.02547 0.05259 0.07709 0.19703 0.956 0.308 1574.814 0.01719
-0.05036 0.02551 0.05266 0.07720 0.19809 1.100 0.322 1574.851 0.01722
-0.05043 0.02554 0.05273 0.07731 0.19916 0.906 0.303 1574.888 0.01724
-0.05050 0.02558 0.05281 0.07741 0.20023 1.290 0.340 1574.924 0.01726
-0.05057 0.02561 0.05288 0.07752 0.20130 0.763 0.287 1574.961 0.01729
-0.05064 0.02565 0.05296 0.07763 0.20237 1.290 0.341 1574.998 0.01731
-0.05071 0.02568 0.05303 0.07774 0.20344 0.762 0.286 1575.034 0.01734
-0.05078 0.02572 0.05310 0.07785 0.20451 0.668 0.277 1575.071 0.01736
-0.05085 0.02576 0.05318 0.07795 0.20557 1.291 0.340 1575.108 0.01738
-0.05092 0.02579 0.05325 0.07806 0.20664 0.862 0.298 1575.145 0.01741
-0.05099 0.02583 0.05332 0.07817 0.20771 1.200 0.330 1575.181 0.01743
-0.05106 0.02586 0.05340 0.07828 0.20878 0.816 0.293 1575.218 0.01745
-0.05113 0.02590 0.05347 0.07838 0.20985 0.866 0.298 1575.255 0.01748
-0.05120 0.02593 0.05354 0.07849 0.21092 0.927 0.304 1575.292 0.01750
-0.05127 0.02597 0.05362 0.07860 0.21199 1.282 0.336 1575.328 0.01753
-0.05134 0.02600 0.05369 0.07871 0.21306 1.096 0.319 1575.365 0.01755
-0.05141 0.02604 0.05376 0.07882 0.21413 1.519 0.358 1575.402 0.01757
-0.05148 0.02608 0.05384 0.07892 0.21519 1.033 0.314 1575.438 0.01760
-0.05155 0.02611 0.05391 0.07903 0.21626 1.092 0.319 1575.475 0.01762
-0.05162 0.02615 0.05398 0.07914 0.21733 0.796 0.288 1575.512 0.01764
-0.05169 0.02618 0.05406 0.07925 0.21840 0.870 0.294 1575.549 0.01767
-0.05176 0.02622 0.05413 0.07935 0.21947 1.174 0.323 1575.585 0.01769
-0.05183 0.02625 0.05420 0.07946 0.22054 0.962 0.304 1575.622 0.01772
-0.05190 0.02629 0.05428 0.07957 0.22161 0.973 0.309 1575.659 0.01774
-0.05198 0.02633 0.05435 0.07968 0.22268 1.034 0.312 1575.695 0.01776
-0.05205 0.02636 0.05443 0.07979 0.22375 0.569 0.259 1575.732 0.01779
-0.05212 0.02640 0.05450 0.07989 0.22482 0.811 0.289 1575.769 0.01781
-0.05219 0.02643 0.05457 0.08000 0.22589 0.923 0.299 1575.806 0.01783
-0.05226 0.02647 0.05465 0.08011 0.22696 1.136 0.324 1575.842 0.01786
-0.05233 0.02650 0.05472 0.08022 0.22803 1.341 0.341 1575.879 0.01788
-0.05240 0.02654 0.05479 0.08032 0.22910 1.178 0.328 1575.916 0.01791
-0.05247 0.02657 0.05487 0.08043 0.23017 1.117 0.324 1575.952 0.01793
-0.05254 0.02661 0.05494 0.08054 0.23123 0.778 0.287 1575.989 0.01795
-0.05261 0.02665 0.05501 0.08065 0.23230 0.777 0.289 1576.026 0.01798
-0.05268 0.02668 0.05509 0.08076 0.23337 1.355 0.346 1576.063 0.01800
-0.05275 0.02672 0.05516 0.08086 0.23444 1.358 0.347 1576.099 0.01802
-0.05282 0.02675 0.05523 0.08097 0.23551 1.022 0.315 1576.136 0.01805
-0.05289 0.02679 0.05531 0.08108 0.23658 0.878 0.300 1576.173 0.01807
-0.05296 0.02682 0.05538 0.08119 0.23765 0.927 0.304 1576.210 0.01809
-0.05303 0.02686 0.05546 0.08130 0.23872 0.832 0.295 1576.246 0.01812
-0.05310 0.02690 0.05553 0.08140 0.23979 1.122 0.324 1576.283 0.01814
-0.05317 0.02693 0.05560 0.08151 0.24086 0.544 0.260 1576.320 0.01817
-0.05324 0.02697 0.05568 0.08162 0.24193 0.932 0.306 1576.356 0.01819
-0.05331 0.02700 0.05575 0.08173 0.24300 1.706 0.376 1576.393 0.01821
-0.05338 0.02704 0.05582 0.08183 0.24407 0.982 0.310 1576.430 0.01824
-0.05345 0.02707 0.05590 0.08194 0.24514 0.983 0.309 1576.467 0.01826
-0.05352 0.02711 0.05597 0.08205 0.24621 0.743 0.283 1576.503 0.01828
-0.05359 0.02714 0.05604 0.08216 0.24728 1.324 0.343 1576.540 0.01831
-0.05366 0.02718 0.05612 0.08227 0.24835 1.518 0.360 1576.577 0.01833
-0.05373 0.02722 0.05619 0.08237 0.24942 1.582 0.363 1576.613 0.01836
-0.05380 0.02725 0.05626 0.08248 0.25049 1.126 0.326 1576.650 0.01838
-0.05387 0.02729 0.05634 0.08259 0.25156 1.077 0.321 1576.687 0.01840
-0.05395 0.02732 0.05641 0.08270 0.25264 1.029 0.316 1576.724 0.01843
-0.05402 0.02736 0.05649 0.08281 0.25371 0.883 0.301 1576.760 0.01845
-0.05409 0.02739 0.05656 0.08291 0.25478 0.543 0.260 1576.797 0.01847
-0.05416 0.02743 0.05663 0.08302 0.25585 0.737 0.284 1576.834 0.01850
-0.05423 0.02747 0.05671 0.08313 0.25692 0.689 0.277 1576.871 0.01852
-0.05430 0.02750 0.05678 0.08324 0.25799 1.030 0.317 1576.907 0.01855
-0.05437 0.02754 0.05685 0.08335 0.25906 0.789 0.290 1576.944 0.01857
-0.05444 0.02757 0.05693 0.08345 0.26013 1.179 0.330 1576.981 0.01859
-0.05451 0.02761 0.05700 0.08356 0.26120 0.888 0.301 1577.017 0.01862
-0.05458 0.02764 0.05707 0.08367 0.26227 0.790 0.290 1577.054 0.01864
-0.05465 0.02768 0.05715 0.08378 0.26334 0.740 0.285 1577.091 0.01866
-0.05472 0.02772 0.05722 0.08389 0.26441 1.127 0.326 1577.128 0.01869
-0.05479 0.02775 0.05730 0.08399 0.26548 1.030 0.317 1577.164 0.01871
-0.05486 0.02779 0.05737 0.08410 0.26655 1.078 0.322 1577.201 0.01874
-0.05493 0.02782 0.05744 0.08421 0.26762 1.176 0.329 1577.238 0.01876
-0.05500 0.02786 0.05752 0.08432 0.26870 1.176 0.331 1577.274 0.01878
-0.05507 0.02789 0.05759 0.08443 0.26977 1.176 0.332 1577.311 0.01881
-0.05514 0.02793 0.05766 0.08453 0.27084 0.739 0.285 1577.348 0.01883
-0.05521 0.02797 0.05774 0.08464 0.27191 1.129 0.327 1577.385 0.01885
-0.05528 0.02800 0.05781 0.08475 0.27298 1.469 0.358 1577.421 0.01888
-0.05535 0.02804 0.05788 0.08486 0.27405 1.030 0.317 1577.458 0.01890
-0.05542 0.02807 0.05796 0.08496 0.27512 0.932 0.308 1577.495 0.01893
-0.05549 0.02811 0.05803 0.08507 0.27619 0.933 0.307 1577.531 0.01895
-0.05556 0.02814 0.05811 0.08518 0.27726 0.833 0.298 1577.568 0.01897
-0.05564 0.02818 0.05818 0.08529 0.27834 0.882 0.302 1577.605 0.01900
-0.05571 0.02821 0.05825 0.08540 0.27941 1.077 0.323 1577.642 0.01902
-0.05578 0.02825 0.05833 0.08550 0.28048 1.465 0.357 1577.678 0.01904
-0.05585 0.02829 0.05840 0.08561 0.28155 1.122 0.328 1577.715 0.01907
-0.05592 0.02832 0.05847 0.08572 0.28262 1.560 0.366 1577.752 0.01909
-0.05599 0.02836 0.05855 0.08583 0.28369 1.121 0.327 1577.789 0.01911
-0.05606 0.02839 0.05862 0.08594 0.28476 0.781 0.292 1577.825 0.01914
-0.05613 0.02843 0.05870 0.08605 0.28583 0.684 0.281 1577.862 0.01916
-0.05620 0.02846 0.05877 0.08615 0.28691 1.174 0.332 1577.899 0.01919
-0.05627 0.02850 0.05884 0.08626 0.28798 1.028 0.319 1577.935 0.01921
-0.05634 0.02854 0.05892 0.08637 0.28905 1.176 0.333 1577.972 0.01923
-0.05641 0.02857 0.05899 0.08648 0.29012 0.591 0.269 1578.009 0.01926
-0.05648 0.02861 0.05906 0.08659 0.29119 1.228 0.338 1578.046 0.01928
-0.05655 0.02864 0.05914 0.08669 0.29226 0.688 0.281 1578.082 0.01930
-0.05662 0.02868 0.05921 0.08680 0.29334 1.177 0.334 1578.119 0.01933
-0.05669 0.02871 0.05928 0.08691 0.29441 1.078 0.324 1578.156 0.01935
-0.05676 0.02875 0.05936 0.08702 0.29548 1.417 0.356 1578.192 0.01938
-0.05683 0.02879 0.05943 0.08713 0.29655 0.438 0.250 1578.229 0.01940
-0.05690 0.02882 0.05951 0.08723 0.29762 1.517 0.364 1578.266 0.01942
-0.05697 0.02886 0.05958 0.08734 0.29870 1.247 0.338 1578.303 0.01945
-0.05704 0.02889 0.05965 0.08745 0.29977 1.226 0.335 1578.339 0.01947
-0.05712 0.02893 0.05973 0.08756 0.30084 1.140 0.324 1578.376 0.01949
-0.05719 0.02896 0.05980 0.08767 0.30191 1.109 0.325 1578.413 0.01952
-0.05726 0.02900 0.05987 0.08777 0.30298 0.974 0.310 1578.449 0.01954
-0.05733 0.02904 0.05995 0.08788 0.30406 1.012 0.320 1578.486 0.01957
-0.05740 0.02907 0.06002 0.08799 0.30513 0.548 0.256 1578.523 0.01959
-0.05747 0.02911 0.06010 0.08810 0.30620 1.526 0.365 1578.560 0.01961
-0.05754 0.02914 0.06017 0.08821 0.30727 0.656 0.271 1578.596 0.01964
-0.05761 0.02918 0.06024 0.08831 0.30835 0.695 0.274 1578.633 0.01966
-0.05768 0.02921 0.06032 0.08842 0.30942 0.791 0.289 1578.670 0.01968
-0.05775 0.02925 0.06039 0.08853 0.31049 1.473 0.358 1578.707 0.01971
-0.05782 0.02929 0.06046 0.08864 0.31156 1.119 0.326 1578.743 0.01973
-0.05789 0.02932 0.06054 0.08875 0.31264 1.009 0.316 1578.780 0.01976
-0.05796 0.02936 0.06061 0.08886 0.31371 1.290 0.345 1578.817 0.01978
-0.05803 0.02939 0.06069 0.08896 0.31478 1.137 0.330 1578.853 0.01980
-0.05810 0.02943 0.06076 0.08907 0.31585 1.087 0.324 1578.890 0.01983
-0.05817 0.02946 0.06083 0.08918 0.31693 0.793 0.295 1578.927 0.01985
-0.05824 0.02950 0.06091 0.08929 0.31800 0.844 0.300 1578.964 0.01987
-0.05831 0.02954 0.06098 0.08940 0.31907 1.487 0.363 1579.000 0.01990
-0.05838 0.02957 0.06105 0.08950 0.32014 0.847 0.301 1579.037 0.01992
-0.05846 0.02961 0.06113 0.08961 0.32122 1.193 0.336 1579.074 0.01994
-0.05853 0.02964 0.06120 0.08972 0.32229 0.797 0.296 1579.110 0.01997
-0.05860 0.02968 0.06128 0.08983 0.32336 1.292 0.346 1579.147 0.01999
-0.05867 0.02971 0.06135 0.08994 0.32443 0.699 0.284 1579.184 0.02002
-0.05874 0.02975 0.06142 0.09004 0.32551 0.899 0.306 1579.221 0.02004
-0.05881 0.02979 0.06150 0.09015 0.32658 1.250 0.342 1579.257 0.02006
-0.05888 0.02982 0.06157 0.09026 0.32765 0.604 0.268 1579.294 0.02009
-0.05895 0.02986 0.06164 0.09037 0.32873 1.052 0.323 1579.331 0.02011
-0.05902 0.02989 0.06172 0.09048 0.32980 0.949 0.311 1579.368 0.02013
-0.05909 0.02993 0.06179 0.09059 0.33087 1.051 0.322 1579.404 0.02016
-0.05916 0.02996 0.06187 0.09069 0.33195 0.756 0.291 1579.441 0.02018
-0.05923 0.03000 0.06194 0.09080 0.33302 1.004 0.318 1579.478 0.02021
-0.05930 0.03004 0.06201 0.09091 0.33409 0.851 0.297 1579.514 0.02023
-0.05937 0.03007 0.06209 0.09102 0.33517 1.159 0.328 1579.551 0.02025
-0.05944 0.03011 0.06216 0.09113 0.33624 1.215 0.332 1579.588 0.02028
-0.05951 0.03014 0.06224 0.09123 0.33731 0.755 0.291 1579.625 0.02030
-0.05958 0.03018 0.06231 0.09134 0.33838 0.923 0.308 1579.661 0.02032
-0.05965 0.03022 0.06238 0.09145 0.33946 0.545 0.257 1579.698 0.02035
-0.05973 0.03025 0.06246 0.09156 0.34053 1.321 0.348 1579.735 0.02037
-0.05980 0.03029 0.06253 0.09167 0.34161 1.446 0.361 1579.771 0.02040
-0.05987 0.03032 0.06260 0.09178 0.34268 0.930 0.308 1579.808 0.02042
-0.05994 0.03036 0.06268 0.09188 0.34375 0.793 0.292 1579.845 0.02044
-0.06001 0.03039 0.06275 0.09199 0.34483 1.070 0.322 1579.882 0.02047
-0.06008 0.03043 0.06283 0.09210 0.34590 1.347 0.353 1579.918 0.02049
-0.06015 0.03047 0.06290 0.09221 0.34697 1.782 0.387 1579.955 0.02051
-0.06022 0.03050 0.06297 0.09232 0.34805 1.083 0.324 1579.992 0.02054
-0.06029 0.03054 0.06305 0.09243 0.34912 0.915 0.303 1580.028 0.02056
-0.06036 0.03057 0.06312 0.09253 0.35019 1.163 0.334 1580.065 0.02059
-0.06043 0.03061 0.06320 0.09264 0.35127 0.962 0.315 1580.102 0.02061
-0.06050 0.03064 0.06327 0.09275 0.35234 1.012 0.320 1580.139 0.02063
-0.06057 0.03068 0.06334 0.09286 0.35342 1.163 0.335 1580.175 0.02066
-0.06064 0.03072 0.06342 0.09297 0.35449 0.763 0.292 1580.212 0.02068
-0.06071 0.03075 0.06349 0.09307 0.35556 1.164 0.335 1580.249 0.02070
-0.06078 0.03079 0.06356 0.09318 0.35664 1.216 0.340 1580.286 0.02073
-0.06086 0.03082 0.06364 0.09329 0.35771 1.667 0.379 1580.322 0.02075
-0.06093 0.03086 0.06371 0.09340 0.35879 1.219 0.341 1580.359 0.02078
-0.06100 0.03089 0.06379 0.09351 0.35986 0.919 0.311 1580.396 0.02080
-0.06107 0.03093 0.06386 0.09362 0.36093 1.019 0.321 1580.432 0.02082
-0.06114 0.03097 0.06393 0.09372 0.36201 1.070 0.327 1580.469 0.02085
-0.06121 0.03100 0.06401 0.09383 0.36308 1.321 0.349 1580.506 0.02087
-0.06128 0.03104 0.06408 0.09394 0.36416 1.372 0.355 1580.543 0.02089
-0.06135 0.03107 0.06416 0.09405 0.36523 0.971 0.316 1580.579 0.02092
-0.06142 0.03111 0.06423 0.09416 0.36630 1.172 0.336 1580.616 0.02094
-0.06149 0.03115 0.06430 0.09427 0.36738 1.472 0.364 1580.653 0.02096
-0.06156 0.03118 0.06438 0.09437 0.36845 1.020 0.322 1580.689 0.02099
-0.06163 0.03122 0.06445 0.09448 0.36953 1.120 0.332 1580.726 0.02101
-0.06170 0.03125 0.06452 0.09459 0.37060 1.369 0.356 1580.763 0.02104
-0.06177 0.03129 0.06460 0.09470 0.37168 0.866 0.306 1580.800 0.02106
-0.06184 0.03132 0.06467 0.09481 0.37275 1.117 0.332 1580.836 0.02108
-0.06191 0.03136 0.06475 0.09492 0.37383 0.766 0.295 1580.873 0.02111
-0.06199 0.03140 0.06482 0.09502 0.37490 1.119 0.333 1580.910 0.02113
-0.06206 0.03143 0.06489 0.09513 0.37598 0.768 0.296 1580.946 0.02115
-0.06213 0.03147 0.06497 0.09524 0.37705 0.969 0.318 1580.983 0.02118
-0.06220 0.03150 0.06504 0.09535 0.37812 0.968 0.318 1581.020 0.02120
-0.06227 0.03154 0.06512 0.09546 0.37920 1.322 0.352 1581.057 0.02123
-0.06234 0.03157 0.06519 0.09557 0.38027 1.020 0.321 1581.093 0.02125
-0.06241 0.03161 0.06526 0.09567 0.38135 1.072 0.327 1581.130 0.02127
-0.06248 0.03165 0.06534 0.09578 0.38242 0.872 0.307 1581.167 0.02130
-0.06255 0.03168 0.06541 0.09589 0.38350 0.770 0.480 1581.204 0.02132
-0.06262 0.03172 0.06549 0.09600 0.38457 0.870 0.501 1581.240 0.02134
-0.06269 0.03175 0.06556 0.09611 0.38565 1.173 0.542 1581.277 0.02137
-0.06276 0.03179 0.06563 0.09622 0.38672 1.274 0.550 1581.314 0.02139
-0.06283 0.03183 0.06571 0.09632 0.38780 1.273 0.557 1581.350 0.02142
-0.06290 0.03186 0.06578 0.09643 0.38887 0.565 0.449 1581.387 0.02144
-0.06298 0.03190 0.06586 0.09654 0.38995 1.272 0.549 1581.424 0.02146
-0.06305 0.03193 0.06593 0.09665 0.39102 0.866 0.500 1581.461 0.02149
-0.06312 0.03197 0.06600 0.09676 0.39210 0.762 0.484 1581.497 0.02151
-0.06319 0.03200 0.06608 0.09687 0.39317 0.560 0.454 1581.534 0.02153
-0.06326 0.03204 0.06615 0.09697 0.39425 1.370 0.569 1581.571 0.02156
-0.06333 0.03208 0.06622 0.09708 0.39532 1.471 0.582 1581.607 0.02158
-0.06340 0.03211 0.06630 0.09719 0.39640 1.065 0.532 1581.644 0.02161
-0.06347 0.03215 0.06637 0.09730 0.39748 0.859 0.503 1581.681 0.02163
-0.06354 0.03218 0.06645 0.09741 0.39855 0.859 0.502 1581.718 0.02165
-0.06361 0.03222 0.06652 0.09752 0.39963 0.149 0.373 1581.754 0.02168
-0.06368 0.03226 0.06659 0.09763 0.40070 1.366 0.573 1581.791 0.02170
-0.06375 0.03229 0.06667 0.09773 0.40178 0.757 0.484 1581.828 0.02172
-0.06382 0.03233 0.06674 0.09784 0.40285 1.166 0.546 1581.865 0.02175
-0.06389 0.03236 0.06682 0.09795 0.40393 1.067 0.530 1581.901 0.02177
-0.06397 0.03240 0.06689 0.09806 0.40500 1.065 0.531 1581.938 0.02180
-0.06404 0.03243 0.06696 0.09817 0.40608 1.271 0.558 1581.975 0.02182
-0.06411 0.03247 0.06704 0.09828 0.40716 0.765 0.487 1582.011 0.02184
-0.06418 0.03251 0.06711 0.09838 0.40823 1.274 0.562 1582.048 0.02187
-0.06425 0.03254 0.06719 0.09849 0.40931 1.071 0.530 1582.085 0.02189
-0.06432 0.03258 0.06726 0.09860 0.41038 0.460 0.435 1582.122 0.02191
-0.06439 0.03261 0.06733 0.09871 0.41146 0.562 0.457 1582.158 0.02194
-0.06446 0.03265 0.06741 0.09882 0.41253 0.974 0.519 1582.195 0.02196
-0.06453 0.03269 0.06748 0.09893 0.41361 1.383 0.575 1582.232 0.02198
-0.06460 0.03272 0.06756 0.09904 0.41469 0.256 0.397 1582.268 0.02201
-0.06467 0.03276 0.06763 0.09914 0.41576 0.767 0.492 1582.305 0.02203
-0.06474 0.03279 0.06770 0.09925 0.41684 1.277 0.563 1582.342 0.02206
-0.06481 0.03283 0.06778 0.09936 0.41791 0.459 0.441 1582.379 0.02208
-0.06489 0.03286 0.06785 0.09947 0.41899 0.770 0.491 1582.415 0.02210
-0.06496 0.03290 0.06793 0.09958 0.42007 1.385 0.577 1582.452 0.02213
-0.06503 0.03294 0.06800 0.09969 0.42114 1.078 0.537 1582.489 0.02215
-0.06510 0.03297 0.06807 0.09979 0.42222 0.975 0.521 1582.525 0.02217
-0.06517 0.03301 0.06815 0.09990 0.42330 0.872 0.509 1582.562 0.02220
-0.06524 0.03304 0.06822 0.10001 0.42437 1.075 0.536 1582.599 0.02222
-0.06531 0.03308 0.06830 0.10012 0.42545 1.305 0.565 1582.636 0.02225
-0.06538 0.03312 0.06837 0.10023 0.42652 0.996 0.510 1582.672 0.02227
-0.06545 0.03315 0.06844 0.10034 0.42760 0.552 0.438 1582.709 0.02229
-0.06552 0.03319 0.06852 0.10045 0.42868 1.183 0.566 1582.746 0.02232
-0.06559 0.03322 0.06859 0.10055 0.42975 0.696 0.474 1582.783 0.02234
-0.06566 0.03326 0.06867 0.10066 0.43083 0.570 0.439 1582.819 0.02236
-0.06573 0.03329 0.06874 0.10077 0.43191 1.101 0.532 1582.856 0.02239
-0.06581 0.03333 0.06881 0.10088 0.43298 1.299 0.565 1582.893 0.02241
-0.06588 0.03337 0.06889 0.10099 0.43406 0.950 0.510 1582.929 0.02244
-0.06595 0.03340 0.06896 0.10110 0.43514 1.322 0.567 1582.966 0.02246
-0.06602 0.03344 0.06904 0.10121 0.43621 0.801 0.479 1583.003 0.02248
-0.06609 0.03347 0.06911 0.10131 0.43729 1.095 0.538 1583.040 0.02251
-0.06616 0.03351 0.06919 0.10142 0.43837 1.121 0.538 1583.076 0.02253
-0.06623 0.03355 0.06926 0.10153 0.43944 0.729 0.491 1583.113 0.02255
-0.06630 0.03358 0.06933 0.10164 0.44052 0.807 0.481 1583.150 0.02258
-0.06637 0.03362 0.06941 0.10175 0.44160 0.426 0.422 1583.186 0.02260
-0.06644 0.03365 0.06948 0.10186 0.44268 0.829 0.497 1583.223 0.02263
-0.06651 0.03369 0.06956 0.10197 0.44375 1.103 0.541 1583.260 0.02265
-0.06658 0.03372 0.06963 0.10207 0.44483 0.682 0.476 1583.297 0.02267
-0.06666 0.03376 0.06970 0.10218 0.44591 1.407 0.581 1583.333 0.02270
-0.06673 0.03380 0.06978 0.10229 0.44698 1.300 0.570 1583.370 0.02272
-0.06680 0.03383 0.06985 0.10240 0.44806 0.986 0.529 1583.407 0.02274
-0.06687 0.03387 0.06993 0.10251 0.44914 0.674 0.482 1583.443 0.02277
-0.06694 0.03390 0.07000 0.10262 0.45021 1.300 0.569 1583.480 0.02279
-0.06701 0.03394 0.07007 0.10273 0.45129 0.881 0.514 1583.517 0.02281
-0.06708 0.03398 0.07015 0.10283 0.45237 0.570 0.461 1583.554 0.02284
-0.06715 0.03401 0.07022 0.10294 0.45345 0.674 0.473 1583.590 0.02286
-0.06722 0.03405 0.07030 0.10305 0.45452 1.608 0.606 1583.627 0.02289
-0.06729 0.03408 0.07037 0.10316 0.45560 1.090 0.542 1583.664 0.02291
-0.06736 0.03412 0.07044 0.10327 0.45668 1.508 0.598 1583.701 0.02293
-0.06743 0.03416 0.07052 0.10338 0.45776 1.506 0.597 1583.737 0.02296
-0.06751 0.03419 0.07059 0.10349 0.45883 0.884 0.516 1583.774 0.02298
-0.06758 0.03423 0.07067 0.10359 0.45991 1.300 0.573 1583.811 0.02300
-0.06765 0.03426 0.07074 0.10370 0.46099 0.572 0.466 1583.847 0.02303
-0.06772 0.03430 0.07081 0.10381 0.46207 0.783 0.501 1583.884 0.02305
-0.06779 0.03433 0.07089 0.10392 0.46314 0.890 0.517 1583.921 0.02308
-0.06786 0.03437 0.07096 0.10403 0.46422 0.889 0.517 1583.958 0.02310
-0.06793 0.03441 0.07104 0.10414 0.46530 0.887 0.515 1583.994 0.02312
-0.06800 0.03444 0.07111 0.10425 0.46638 0.887 0.514 1584.031 0.02315
-0.06807 0.03448 0.07119 0.10436 0.46745 0.364 0.430 1584.068 0.02317
-0.06814 0.03451 0.07126 0.10446 0.46853 0.994 0.533 1584.104 0.02319
-0.06821 0.03455 0.07133 0.10457 0.46961 1.312 0.573 1584.141 0.02322
-0.06828 0.03459 0.07141 0.10468 0.47069 0.577 0.466 1584.178 0.02324
-0.06836 0.03462 0.07148 0.10479 0.47177 0.681 0.485 1584.215 0.02327
-0.06843 0.03466 0.07156 0.10490 0.47284 0.788 0.492 1584.251 0.02329
-0.06850 0.03469 0.07163 0.10501 0.47392 0.680 0.487 1584.288 0.02331
-0.06857 0.03473 0.07170 0.10512 0.47500 1.102 0.546 1584.325 0.02334
-0.06864 0.03477 0.07178 0.10522 0.47608 0.683 0.488 1584.362 0.02336
-0.06871 0.03480 0.07185 0.10533 0.47716 0.578 0.471 1584.398 0.02338
-0.06878 0.03484 0.07193 0.10544 0.47823 0.895 0.520 1584.435 0.02341
-0.06885 0.03487 0.07200 0.10555 0.47931 0.791 0.503 1584.472 0.02343
-0.06892 0.03491 0.07208 0.10566 0.48039 0.474 0.452 1584.508 0.02346
-0.06899 0.03495 0.07215 0.10577 0.48147 0.575 0.470 1584.545 0.02348
-0.06906 0.03498 0.07222 0.10588 0.48255 0.680 0.489 1584.582 0.02350
-0.06914 0.03502 0.07230 0.10599 0.48363 0.684 0.489 1584.619 0.02353
-0.06921 0.03505 0.07237 0.10609 0.48470 0.896 0.521 1584.655 0.02355
-0.06928 0.03509 0.07245 0.10620 0.48578 0.895 0.513 1584.692 0.02357
-0.06935 0.03512 0.07252 0.10631 0.48686 0.898 0.521 1584.729 0.02360
-0.06942 0.03516 0.07259 0.10642 0.48794 1.114 0.552 1584.765 0.02362
-0.06949 0.03520 0.07267 0.10653 0.48902 0.693 0.489 1584.802 0.02365
-0.06956 0.03523 0.07274 0.10664 0.49010 1.328 0.576 1584.839 0.02367
-0.06963 0.03527 0.07282 0.10675 0.49118 1.224 0.566 1584.876 0.02369
-0.06970 0.03530 0.07289 0.10686 0.49225 1.013 0.535 1584.912 0.02372
-0.06977 0.03534 0.07297 0.10696 0.49333 0.591 0.465 1584.949 0.02374
-0.06985 0.03538 0.07304 0.10707 0.49441 1.226 0.564 1584.986 0.02376
-0.06992 0.03541 0.07311 0.10718 0.49549 2.075 0.664 1585.022 0.02379
-0.06999 0.03545 0.07319 0.10729 0.49657 0.807 0.507 1585.059 0.02381
-0.07006 0.03548 0.07326 0.10740 0.49765 1.654 0.609 1585.096 0.02383
-0.07013 0.03552 0.07334 0.10751 0.49873 0.913 0.525 1585.133 0.02386
-0.07020 0.03556 0.07341 0.10762 0.49981 0.599 0.475 1585.169 0.02388
-0.07027 0.03559 0.07348 0.10773 0.50088 0.813 0.509 1585.206 0.02391
-0.07034 0.03563 0.07356 0.10783 0.50196 0.919 0.526 1585.243 0.02393
-0.07041 0.03566 0.07363 0.10794 0.50304 0.600 0.475 1585.280 0.02395
-0.07048 0.03570 0.07371 0.10805 0.50412 1.343 0.575 1585.316 0.02398
-0.07055 0.03574 0.07378 0.10816 0.50520 1.023 0.541 1585.353 0.02400
-0.07063 0.03577 0.07386 0.10827 0.50628 1.131 0.553 1585.390 0.02402
-0.07070 0.03581 0.07393 0.10838 0.50736 0.922 0.526 1585.426 0.02405
-0.07077 0.03584 0.07400 0.10849 0.50844 0.391 0.433 1585.463 0.02407
-0.07084 0.03588 0.07408 0.10860 0.50952 1.244 0.570 1585.500 0.02410
-0.07091 0.03592 0.07415 0.10870 0.51060 1.245 0.571 1585.537 0.02412
-0.07098 0.03595 0.07423 0.10881 0.51168 1.352 0.586 1585.573 0.02414
-0.07105 0.03599 0.07430 0.10892 0.51276 1.032 0.543 1585.610 0.02417
-0.07112 0.03602 0.07437 0.10903 0.51383 1.031 0.544 1585.647 0.02419
-0.07119 0.03606 0.07445 0.10914 0.51491 1.243 0.572 1585.683 0.02421
-0.07126 0.03610 0.07452 0.10925 0.51599 1.139 0.556 1585.720 0.02424
-0.07134 0.03613 0.07460 0.10936 0.51707 0.500 0.455 1585.757 0.02426
-0.07141 0.03617 0.07467 0.10947 0.51815 1.143 0.560 1585.794 0.02429
-0.07148 0.03620 0.07475 0.10957 0.51923 1.251 0.572 1585.830 0.02431
-0.07155 0.03624 0.07482 0.10968 0.52031 0.932 0.530 1585.867 0.02433
-0.07162 0.03628 0.07489 0.10979 0.52139 1.469 0.600 1585.904 0.02436
-0.07169 0.03631 0.07497 0.10990 0.52247 0.721 0.498 1585.940 0.02438
-0.07176 0.03635 0.07504 0.11001 0.52355 1.149 0.561 1585.977 0.02440
-0.07183 0.03638 0.07512 0.11012 0.52463 1.256 0.574 1586.014 0.02443
-0.07190 0.03642 0.07519 0.11023 0.52571 1.038 0.543 1586.051 0.02445
-0.07197 0.03645 0.07527 0.11034 0.52679 1.034 0.547 1586.087 0.02448
-0.07205 0.03649 0.07534 0.11045 0.52787 1.030 0.548 1586.124 0.02450
-0.07212 0.03653 0.07541 0.11055 0.52895 1.031 0.545 1586.161 0.02452
-0.07219 0.03656 0.07549 0.11066 0.53003 1.032 0.548 1586.198 0.02455
-0.07226 0.03660 0.07556 0.11077 0.53111 0.495 0.462 1586.234 0.02457
-0.07233 0.03663 0.07564 0.11088 0.53219 1.246 0.575 1586.271 0.02459
-0.07240 0.03667 0.07571 0.11099 0.53327 1.354 0.592 1586.308 0.02462
-0.07247 0.03671 0.07579 0.11110 0.53435 1.784 0.642 1586.344 0.02464
-0.07254 0.03674 0.07586 0.11121 0.53543 0.814 0.510 1586.381 0.02466
-0.07261 0.03678 0.07593 0.11132 0.53651 0.813 0.516 1586.418 0.02469
-0.07268 0.03681 0.07601 0.11143 0.53759 0.490 0.463 1586.455 0.02471
-0.07276 0.03685 0.07608 0.11153 0.53867 0.706 0.499 1586.491 0.02474
-0.07283 0.03689 0.07616 0.11164 0.53975 1.462 0.606 1586.528 0.02476
-0.07290 0.03692 0.07623 0.11175 0.54083 1.249 0.571 1586.565 0.02478
-0.07297 0.03696 0.07631 0.11186 0.54191 0.602 0.483 1586.601 0.02481
-0.07304 0.03699 0.07638 0.11197 0.54299 0.277 0.422 1586.638 0.02483
-0.07311 0.03703 0.07645 0.11208 0.54407 0.599 0.479 1586.675 0.02485
-0.07318 0.03707 0.07653 0.11219 0.54515 1.031 0.549 1586.712 0.02488
-0.07325 0.03710 0.07660 0.11230 0.54623 0.491 0.465 1586.748 0.02490
-0.07332 0.03714 0.07668 0.11241 0.54731 0.273 0.420 1586.785 0.02493
-0.07340 0.03717 0.07675 0.11251 0.54839 0.488 0.466 1586.822 0.02495
-0.07347 0.03721 0.07683 0.11262 0.54947 0.272 0.420 1586.859 0.02497
-0.07354 0.03725 0.07690 0.11273 0.55056 0.058 0.369 1586.895 0.02500
-0.07361 0.03728 0.07697 0.11284 0.55164 0.384 0.446 1586.932 0.02502
-0.07368 0.03732 0.07705 0.11295 0.55272 0.385 0.446 1586.969 0.02504
-0.07375 0.03735 0.07712 0.11306 0.55380 0.169 0.398 1587.005 0.02507
-0.07382 0.03739 0.07720 0.11317 0.55488 0.279 0.421 1587.042 0.02509
-0.07389 0.03743 0.07727 0.11328 0.55596 0.494 0.461 1587.079 0.02512
-0.07396 0.03746 0.07735 0.11339 0.55704 0.819 0.522 1587.116 0.02514
-0.07403 0.03750 0.07742 0.11350 0.55812 0.493 0.466 1587.152 0.02516
-0.07411 0.03753 0.07749 0.11360 0.55920 1.797 0.648 1587.189 0.02519
-0.07418 0.03757 0.07757 0.11371 0.56028 1.141 0.569 1587.226 0.02521
-0.07425 0.03761 0.07764 0.11382 0.56136 0.161 0.399 1587.262 0.02523
-0.07432 0.03764 0.07772 0.11393 0.56244 0.928 0.535 1587.299 0.02526
-0.07439 0.03768 0.07779 0.11404 0.56353 1.370 0.595 1587.336 0.02528
-0.07446 0.03771 0.07787 0.11415 0.56461 0.829 0.524 1587.373 0.02531
-0.07453 0.03775 0.07794 0.11426 0.56569 0.502 0.465 1587.409 0.02533
-0.07460 0.03779 0.07802 0.11437 0.56677 1.156 0.570 1587.446 0.02535
-0.07467 0.03782 0.07809 0.11448 0.56785 0.939 0.537 1587.483 0.02538
-0.07475 0.03786 0.07816 0.11459 0.56893 0.503 0.468 1587.519 0.02540
-0.07482 0.03789 0.07824 0.11469 0.57001 0.722 0.506 1587.556 0.02542
-0.07489 0.03793 0.07831 0.11480 0.57109 0.612 0.490 1587.593 0.02545
-0.07496 0.03797 0.07839 0.11491 0.57218 0.831 0.524 1587.630 0.02547
-0.07503 0.03800 0.07846 0.11502 0.57326 1.051 0.554 1587.666 0.02550
-0.07510 0.03804 0.07854 0.11513 0.57434 0.944 0.542 1587.703 0.02552
-0.07517 0.03807 0.07861 0.11524 0.57542 0.616 0.485 1587.740 0.02554
-0.07524 0.03811 0.07868 0.11535 0.57650 0.397 0.450 1587.777 0.02557
-0.07531 0.03815 0.07876 0.11546 0.57758 1.052 0.555 1587.813 0.02559
-0.07539 0.03818 0.07883 0.11557 0.57866 0.829 0.527 1587.850 0.02561
-0.07546 0.03822 0.07891 0.11568 0.57975 1.049 0.560 1587.887 0.02564
-0.07553 0.03825 0.07898 0.11578 0.58083 0.279 0.429 1587.923 0.02566
-0.07560 0.03829 0.07906 0.11589 0.58191 1.706 0.644 1587.960 0.02568
-0.07567 0.03833 0.07913 0.11600 0.58299 1.155 0.574 1587.997 0.02571
-0.07574 0.03836 0.07921 0.11611 0.58407 0.718 0.509 1588.034 0.02573
-0.07581 0.03840 0.07928 0.11622 0.58515 1.050 0.561 1588.070 0.02576
-0.07588 0.03844 0.07935 0.11633 0.58624 0.830 0.528 1588.107 0.02578
-0.07595 0.03847 0.07943 0.11644 0.58732 0.940 0.543 1588.144 0.02580
-0.07603 0.03851 0.07950 0.11655 0.58840 0.828 0.529 1588.180 0.02583
-0.07610 0.03854 0.07958 0.11666 0.58948 1.159 0.576 1588.217 0.02585
-0.07617 0.03858 0.07965 0.11677 0.59056 0.387 0.449 1588.254 0.02587
-0.07624 0.03862 0.07973 0.11688 0.59165 0.937 0.544 1588.291 0.02590
-0.07631 0.03865 0.07980 0.11698 0.59273 0.277 0.428 1588.327 0.02592
-0.07638 0.03869 0.07987 0.11709 0.59381 0.608 0.494 1588.364 0.02595
-0.07645 0.03872 0.07995 0.11720 0.59489 0.388 0.451 1588.401 0.02597
-0.07652 0.03876 0.08002 0.11731 0.59598 0.057 0.377 1588.437 0.02599
-0.07660 0.03880 0.08010 0.11742 0.59706 0.504 0.474 1588.474 0.02602
-0.07667 0.03883 0.08017 0.11753 0.59814 -0.047 0.346 1588.511 0.02604
-0.07674 0.03887 0.08025 0.11764 0.59922 0.173 0.402 1588.548 0.02606
-0.07681 0.03890 0.08032 0.11775 0.60030 0.059 0.377 1588.584 0.02609
-0.07688 0.03894 0.08040 0.11786 0.60139 0.170 0.406 1588.621 0.02611
-0.07695 0.03898 0.08047 0.11797 0.60247 -0.051 0.347 1588.658 0.02614
-0.07702 0.03901 0.08054 0.11808 0.60355 -0.052 0.347 1588.695 0.02616
-0.07709 0.03905 0.08062 0.11818 0.60463 0.169 0.403 1588.731 0.02618
-0.07716 0.03908 0.08069 0.11829 0.60572 0.058 0.378 1588.768 0.02621
-0.07724 0.03912 0.08077 0.11840 0.60680 -0.053 0.347 1588.805 0.02623
-0.07731 0.03916 0.08084 0.11851 0.60788 0.061 0.379 1588.841 0.02625
-0.07738 0.03919 0.08092 0.11862 0.60896 0.060 0.379 1588.878 0.02628
-0.07745 0.03923 0.08099 0.11873 0.61005 -0.050 0.348 1588.915 0.02630
-0.07752 0.03926 0.08107 0.11884 0.61113 0.392 0.452 1588.952 0.02633
-0.07759 0.03930 0.08114 0.11895 0.61221 0.281 0.432 1588.988 0.02635
-0.07766 0.03934 0.08121 0.11906 0.61329 0.501 0.479 1589.025 0.02637
-0.07773 0.03937 0.08129 0.11917 0.61438 0.953 0.541 1589.062 0.02640
-0.07781 0.03941 0.08136 0.11928 0.61546 0.399 0.453 1589.098 0.02642
-0.07788 0.03944 0.08144 0.11939 0.61654 0.737 0.513 1589.135 0.02644
-0.07795 0.03948 0.08151 0.11949 0.61763 0.514 0.478 1589.172 0.02647
-0.07802 0.03952 0.08159 0.11960 0.61871 0.964 0.550 1589.209 0.02649
-0.07809 0.03955 0.08166 0.11971 0.61979 0.408 0.454 1589.245 0.02651
-0.07816 0.03959 0.08174 0.11982 0.62088 0.629 0.494 1589.282 0.02654
-0.07823 0.03962 0.08181 0.11993 0.62196 0.850 0.524 1589.319 0.02656
-0.07830 0.03966 0.08189 0.12004 0.62304 1.074 0.566 1589.356 0.02659
-0.07838 0.03970 0.08196 0.12015 0.62412 0.627 0.500 1589.392 0.02661
-0.07845 0.03973 0.08203 0.12026 0.62521 1.410 0.613 1589.429 0.02663
-0.07852 0.03977 0.08211 0.12037 0.62629 1.523 0.627 1589.466 0.02666
-0.07859 0.03981 0.08218 0.12048 0.62737 0.963 0.553 1589.502 0.02668
-0.07866 0.03984 0.08226 0.12059 0.62846 1.078 0.567 1589.539 0.02670
-0.07873 0.03988 0.08233 0.12070 0.62954 1.751 0.657 1589.576 0.02673
-0.07880 0.03991 0.08241 0.12080 0.63062 0.630 0.496 1589.613 0.02675
-0.07887 0.03995 0.08248 0.12091 0.63171 0.855 0.538 1589.649 0.02678
-0.07895 0.03999 0.08256 0.12102 0.63279 1.976 0.683 1589.686 0.02680
-0.07902 0.04002 0.08263 0.12113 0.63387 0.965 0.556 1589.723 0.02682
-0.07909 0.04006 0.08270 0.12124 0.63496 1.301 0.603 1589.759 0.02685
-0.07916 0.04009 0.08278 0.12135 0.63604 1.416 0.617 1589.796 0.02687
-0.07923 0.04013 0.08285 0.12146 0.63713 0.744 0.522 1589.833 0.02689
-0.07930 0.04017 0.08293 0.12157 0.63821 1.194 0.588 1589.870 0.02692
-0.07937 0.04020 0.08300 0.12168 0.63929 1.082 0.562 1589.906 0.02694
-0.07944 0.04024 0.08308 0.12179 0.64038 1.083 0.566 1589.943 0.02697
-0.07952 0.04027 0.08315 0.12190 0.64146 1.081 0.571 1589.980 0.02699
-0.07959 0.04031 0.08323 0.12201 0.64254 1.420 0.620 1590.016 0.02701
-0.07966 0.04035 0.08330 0.12212 0.64363 0.294 0.437 1590.053 0.02704
-0.07973 0.04038 0.08338 0.12223 0.64471 1.308 0.601 1590.090 0.02706
-0.07980 0.04042 0.08345 0.12233 0.64580 1.196 0.591 1590.127 0.02708
-0.07987 0.04045 0.08352 0.12244 0.64688 1.987 0.687 1590.163 0.02711
-0.07994 0.04049 0.08360 0.12255 0.64796 0.859 0.542 1590.200 0.02713
-0.08001 0.04053 0.08367 0.12266 0.64905 0.974 0.555 1590.237 0.02716
-0.08009 0.04056 0.08375 0.12277 0.65013 1.200 0.591 1590.274 0.02718
-0.08016 0.04060 0.08382 0.12288 0.65122 0.746 0.519 1590.310 0.02720
-0.08023 0.04064 0.08390 0.12299 0.65230 1.083 0.575 1590.347 0.02723
-0.08030 0.04067 0.08397 0.12310 0.65338 1.536 0.635 1590.384 0.02725
-0.08037 0.04071 0.08405 0.12321 0.65447 1.084 0.576 1590.420 0.02727
-0.08044 0.04074 0.08412 0.12332 0.65555 0.966 0.561 1590.457 0.02730
-0.08051 0.04078 0.08420 0.12343 0.65664 1.646 0.651 1590.494 0.02732
-0.08058 0.04082 0.08427 0.12354 0.65772 1.873 0.676 1590.531 0.02735
-0.08066 0.04085 0.08434 0.12365 0.65880 0.630 0.507 1590.567 0.02737
-0.08073 0.04089 0.08442 0.12376 0.65989 0.628 0.507 1590.604 0.02739
-0.08080 0.04092 0.08449 0.12386 0.66097 1.197 0.592 1590.641 0.02742
-0.08087 0.04096 0.08457 0.12397 0.66206 0.290 0.444 1590.677 0.02744
-0.08094 0.04100 0.08464 0.12408 0.66314 0.971 0.560 1590.714 0.02746
-0.08101 0.04103 0.08472 0.12419 0.66423 1.426 0.620 1590.751 0.02749
-0.08108 0.04107 0.08479 0.12430 0.66531 1.311 0.609 1590.788 0.02751
-0.08116 0.04111 0.08487 0.12441 0.66640 1.311 0.609 1590.824 0.02753
-0.08123 0.04114 0.08494 0.12452 0.66748 0.856 0.546 1590.861 0.02756
-0.08130 0.04118 0.08502 0.12463 0.66857 1.084 0.576 1590.898 0.02758
-0.08137 0.04121 0.08509 0.12474 0.66965 0.969 0.564 1590.934 0.02761
-0.08144 0.04125 0.08517 0.12485 0.67073 0.743 0.524 1590.971 0.02763
-0.08151 0.04129 0.08524 0.12496 0.67182 0.629 0.507 1591.008 0.02765
-0.08158 0.04132 0.08531 0.12507 0.67290 1.426 0.625 1591.045 0.02768
-0.08165 0.04136 0.08539 0.12518 0.67399 0.741 0.523 1591.081 0.02770
-0.08173 0.04139 0.08546 0.12529 0.67507 0.739 0.528 1591.118 0.02772
-0.08180 0.04143 0.08554 0.12540 0.67616 0.968 0.565 1591.155 0.02775
-0.08187 0.04147 0.08561 0.12550 0.67724 2.224 0.719 1591.192 0.02777
-0.08194 0.04150 0.08569 0.12561 0.67833 1.542 0.642 1591.228 0.02780
-0.08201 0.04154 0.08576 0.12572 0.67941 1.198 0.594 1591.265 0.02782
-0.08208 0.04157 0.08584 0.12583 0.68050 0.741 0.526 1591.302 0.02784
-0.08215 0.04161 0.08591 0.12594 0.68158 1.311 0.612 1591.338 0.02787
-0.08223 0.04165 0.08599 0.12605 0.68267 1.197 0.598 1591.375 0.02789
-0.08230 0.04168 0.08606 0.12616 0.68375 0.511 0.490 1591.412 0.02791
-0.08237 0.04172 0.08613 0.12627 0.68484 0.852 0.548 1591.449 0.02794
-0.08244 0.04176 0.08621 0.12638 0.68592 0.850 0.543 1591.485 0.02796
-0.08251 0.04179 0.08628 0.12649 0.68701 0.964 0.554 1591.522 0.02799
-0.08258 0.04183 0.08636 0.12660 0.68809 1.536 0.643 1591.559 0.02801
-0.08265 0.04186 0.08643 0.12671 0.68918 1.193 0.599 1591.595 0.02803
-0.08272 0.04190 0.08651 0.12682 0.69027 0.965 0.568 1591.632 0.02806
-0.08280 0.04194 0.08658 0.12693 0.69135 1.079 0.584 1591.669 0.02808
-0.08287 0.04197 0.08666 0.12704 0.69244 1.308 0.616 1591.706 0.02810
-0.08294 0.04201 0.08673 0.12715 0.69352 2.114 0.709 1591.742 0.02813
-0.08301 0.04204 0.08681 0.12726 0.69461 1.541 0.645 1591.779 0.02815
-0.08308 0.04208 0.08688 0.12736 0.69569 0.276 0.446 1591.816 0.02818
-0.08315 0.04212 0.08696 0.12747 0.69678 1.192 0.597 1591.852 0.02820
-0.08322 0.04215 0.08703 0.12758 0.69786 0.731 0.534 1591.889 0.02822
-0.08330 0.04219 0.08711 0.12769 0.69895 1.077 0.586 1591.926 0.02825
-0.08337 0.04223 0.08718 0.12780 0.70004 0.962 0.570 1591.963 0.02827
-0.08344 0.04226 0.08725 0.12791 0.70112 0.620 0.506 1591.999 0.02829
-0.08351 0.04230 0.08733 0.12802 0.70221 1.198 0.594 1592.036 0.02832
-0.08358 0.04233 0.08740 0.12813 0.70329 1.313 0.618 1592.073 0.02834
-0.08365 0.04237 0.08748 0.12824 0.70438 1.545 0.648 1592.110 0.02836
-0.08372 0.04241 0.08755 0.12835 0.70546 1.201 0.600 1592.146 0.02839
-0.08380 0.04244 0.08763 0.12846 0.70655 1.202 0.604 1592.183 0.02841
-0.08387 0.04248 0.08770 0.12857 0.70764 1.087 0.579 1592.220 0.02844
-0.08394 0.04251 0.08778 0.12868 0.70872 1.549 0.648 1592.256 0.02846
-0.08401 0.04255 0.08785 0.12879 0.70981 1.665 0.663 1592.293 0.02848
-0.08408 0.04259 0.08793 0.12890 0.71090 0.976 0.572 1592.330 0.02851
-0.08415 0.04262 0.08800 0.12901 0.71198 0.747 0.532 1592.367 0.02853
-0.08422 0.04266 0.08808 0.12912 0.71307 0.861 0.554 1592.403 0.02855
-0.08430 0.04270 0.08815 0.12923 0.71415 1.092 0.589 1592.440 0.02858
-0.08437 0.04273 0.08823 0.12934 0.71524 1.210 0.604 1592.477 0.02860
-0.08444 0.04277 0.08830 0.12944 0.71633 1.096 0.586 1592.513 0.02863
-0.08451 0.04280 0.08838 0.12955 0.71741 1.212 0.605 1592.550 0.02865
-0.08458 0.04284 0.08845 0.12966 0.71850 0.865 0.554 1592.587 0.02867
-0.08465 0.04288 0.08852 0.12977 0.71959 1.212 0.605 1592.624 0.02870
-0.08472 0.04291 0.08860 0.12988 0.72067 0.750 0.536 1592.660 0.02872
-0.08480 0.04295 0.08867 0.12999 0.72176 0.867 0.555 1592.697 0.02874
-0.08487 0.04299 0.08875 0.13010 0.72284 1.102 0.591 1592.734 0.02877
-0.08494 0.04302 0.08882 0.13021 0.72393 1.219 0.605 1592.771 0.02879
-0.08501 0.04306 0.08890 0.13032 0.72502 1.105 0.591 1592.807 0.02882
-0.08508 0.04309 0.08897 0.13043 0.72610 1.222 0.608 1592.844 0.02884
-0.08515 0.04313 0.08905 0.13054 0.72719 0.528 0.499 1592.881 0.02886
-0.08522 0.04317 0.08912 0.13065 0.72828 0.996 0.575 1592.917 0.02889
-0.08530 0.04320 0.08920 0.13076 0.72936 1.112 0.588 1592.954 0.02891
-0.08537 0.04324 0.08927 0.13087 0.73045 1.345 0.624 1592.991 0.02893
-0.08544 0.04327 0.08935 0.13098 0.73154 1.347 0.624 1593.028 0.02896
-0.08551 0.04331 0.08942 0.13109 0.73262 1.234 0.609 1593.064 0.02898
-0.08558 0.04335 0.08950 0.13120 0.73371 1.357 0.621 1593.101 0.02901
-0.08565 0.04338 0.08957 0.13131 0.73480 1.111 0.584 1593.138 0.02903
-0.08573 0.04342 0.08965 0.13142 0.73589 1.220 0.608 1593.174 0.02905
-0.08580 0.04346 0.08972 0.13153 0.73697 1.271 0.609 1593.211 0.02908
-0.08587 0.04349 0.08979 0.13164 0.73806 1.281 0.609 1593.248 0.02910
-0.08594 0.04353 0.08987 0.13175 0.73915 1.137 0.575 1593.285 0.02912
-0.08601 0.04356 0.08994 0.13186 0.74023 1.741 0.665 1593.321 0.02915
-0.08608 0.04360 0.09002 0.13196 0.74132 1.260 0.607 1593.358 0.02917
-0.08615 0.04364 0.09009 0.13207 0.74241 1.465 0.630 1593.395 0.02920
-0.08623 0.04367 0.09017 0.13218 0.74349 2.051 0.710 1593.431 0.02922
-0.08630 0.04371 0.09024 0.13229 0.74458 0.950 0.560 1593.468 0.02924
-0.08637 0.04375 0.09032 0.13240 0.74567 0.499 0.475 1593.505 0.02927
-0.08644 0.04378 0.09039 0.13251 0.74676 2.171 0.733 1593.542 0.02929
-0.08651 0.04382 0.09047 0.13262 0.74784 0.489 0.480 1593.578 0.02931
-0.08658 0.04385 0.09054 0.13273 0.74893 1.478 0.641 1593.615 0.02934
-0.08665 0.04389 0.09062 0.13284 0.75002 1.245 0.612 1593.652 0.02936
-0.08673 0.04393 0.09069 0.13295 0.75111 1.477 0.638 1593.689 0.02938
-0.08680 0.04396 0.09077 0.13306 0.75219 1.825 0.685 1593.725 0.02941
-0.08687 0.04400 0.09084 0.13317 0.75328 0.892 0.562 1593.762 0.02943
-0.08694 0.04404 0.09092 0.13328 0.75437 0.658 0.523 1593.799 0.02946
-0.08701 0.04407 0.09099 0.13339 0.75546 1.595 0.657 1593.835 0.02948
-0.08708 0.04411 0.09107 0.13350 0.75654 1.477 0.641 1593.872 0.02950
-0.08716 0.04414 0.09114 0.13361 0.75763 2.180 0.720 1593.909 0.02953
-0.08723 0.04418 0.09122 0.13372 0.75872 1.360 0.627 1593.946 0.02955
-0.08730 0.04422 0.09129 0.13383 0.75981 0.423 0.477 1593.982 0.02957
-0.08737 0.04425 0.09137 0.13394 0.76089 1.360 0.629 1594.019 0.02960
-0.08744 0.04429 0.09144 0.13405 0.76198 1.008 0.581 1594.056 0.02962
-0.08751 0.04433 0.09151 0.13416 0.76307 1.357 0.630 1594.092 0.02965
-0.08758 0.04436 0.09159 0.13427 0.76416 1.008 0.580 1594.129 0.02967
-0.08766 0.04440 0.09166 0.13438 0.76525 1.359 0.630 1594.166 0.02969
-0.08773 0.04443 0.09174 0.13449 0.76633 1.123 0.599 1594.203 0.02972
-0.08780 0.04447 0.09181 0.13460 0.76742 1.127 0.599 1594.239 0.02974
-0.08787 0.04451 0.09189 0.13471 0.76851 0.190 0.431 1594.276 0.02976
-0.08794 0.04454 0.09196 0.13482 0.76960 0.657 0.521 1594.313 0.02979
-0.08801 0.04458 0.09204 0.13493 0.77069 1.126 0.596 1594.349 0.02981
-0.08809 0.04462 0.09211 0.13503 0.77177 1.244 0.616 1594.386 0.02984
-0.08816 0.04465 0.09219 0.13514 0.77286 1.481 0.645 1594.423 0.02986
-0.08823 0.04469 0.09226 0.13525 0.77395 1.246 0.616 1594.460 0.02988
-0.08830 0.04472 0.09234 0.13536 0.77504 0.660 0.526 1594.496 0.02991
-0.08837 0.04476 0.09241 0.13547 0.77613 1.127 0.588 1594.533 0.02993
-0.08844 0.04480 0.09249 0.13558 0.77722 0.772 0.546 1594.570 0.02995
-0.08851 0.04483 0.09256 0.13569 0.77830 1.125 0.599 1594.607 0.02998
-0.08859 0.04487 0.09264 0.13580 0.77939 0.889 0.562 1594.643 0.03000
-0.08866 0.04491 0.09271 0.13591 0.78048 1.121 0.597 1594.680 0.03003
-0.08873 0.04494 0.09279 0.13602 0.78157 1.471 0.646 1594.717 0.03005
-0.08880 0.04498 0.09286 0.13613 0.78266 1.000 0.584 1594.753 0.03007
-0.08887 0.04501 0.09294 0.13624 0.78375 1.471 0.646 1594.790 0.03010
-0.08894 0.04505 0.09301 0.13635 0.78483 1.585 0.663 1594.827 0.03012
-0.08902 0.04509 0.09309 0.13646 0.78592 1.352 0.633 1594.864 0.03014
-0.08909 0.04512 0.09316 0.13657 0.78701 0.763 0.547 1594.900 0.03017
-0.08916 0.04516 0.09324 0.13668 0.78810 1.592 0.664 1594.937 0.03019
-0.08923 0.04520 0.09331 0.13679 0.78919 0.883 0.567 1594.974 0.03022
-0.08930 0.04523 0.09339 0.13690 0.79028 1.355 0.629 1595.010 0.03024
-0.08937 0.04527 0.09346 0.13701 0.79137 1.353 0.630 1595.047 0.03026
-0.08945 0.04530 0.09354 0.13712 0.79246 0.767 0.549 1595.084 0.03029
-0.08952 0.04534 0.09361 0.13723 0.79354 1.004 0.585 1595.121 0.03031
-0.08959 0.04538 0.09369 0.13734 0.79463 0.768 0.548 1595.157 0.03033
-0.08966 0.04541 0.09376 0.13745 0.79572 1.478 0.650 1595.194 0.03036
-0.08973 0.04545 0.09384 0.13756 0.79681 0.653 0.528 1595.231 0.03038
-0.08980 0.04549 0.09391 0.13767 0.79790 1.008 0.583 1595.268 0.03040
-0.08988 0.04552 0.09399 0.13778 0.79899 0.655 0.529 1595.304 0.03043
-0.08995 0.04556 0.09406 0.13789 0.80008 0.656 0.529 1595.341 0.03045
-0.09002 0.04559 0.09413 0.13800 0.80117 1.484 0.648 1595.378 0.03048
-0.09009 0.04563 0.09421 0.13811 0.80226 0.305 0.459 1595.414 0.03050
-0.09016 0.04567 0.09428 0.13822 0.80335 1.368 0.634 1595.451 0.03052
-0.09023 0.04570 0.09436 0.13833 0.80444 0.540 0.504 1595.488 0.03055
-0.09030 0.04574 0.09443 0.13844 0.80552 1.369 0.633 1595.525 0.03057
-0.09038 0.04578 0.09451 0.13855 0.80661 0.540 0.508 1595.561 0.03059
-0.09045 0.04581 0.09458 0.13866 0.80770 0.302 0.460 1595.598 0.03062
-0.09052 0.04585 0.09466 0.13877 0.80879 2.077 0.721 1595.635 0.03064
-0.09059 0.04588 0.09473 0.13888 0.80988 1.365 0.636 1595.671 0.03067
-0.09066 0.04592 0.09481 0.13899 0.81097 1.010 0.587 1595.708 0.03069
-0.09073 0.04596 0.09488 0.13910 0.81206 1.010 0.579 1595.745 0.03071
-0.09081 0.04599 0.09496 0.13921 0.81315 1.365 0.637 1595.782 0.03074
-0.09088 0.04603 0.09503 0.13932 0.81424 1.483 0.652 1595.818 0.03076
-0.09095 0.04607 0.09511 0.13943 0.81533 1.956 0.709 1595.855 0.03078
-0.09102 0.04610 0.09518 0.13954 0.81642 1.482 0.653 1595.892 0.03081
-0.09109 0.04614 0.09526 0.13965 0.81751 0.889 0.568 1595.928 0.03083
-0.09116 0.04617 0.09533 0.13976 0.81860 1.361 0.636 1595.965 0.03086
-0.09124 0.04621 0.09541 0.13987 0.81969 1.475 0.653 1596.002 0.03088
-0.09131 0.04625 0.09548 0.13998 0.82078 1.593 0.665 1596.039 0.03090
-0.09138 0.04628 0.09556 0.14009 0.82187 1.358 0.638 1596.075 0.03093
-0.09145 0.04632 0.09563 0.14020 0.82296 0.764 0.550 1596.112 0.03095
-0.09152 0.04636 0.09571 0.14030 0.82405 1.121 0.603 1596.149 0.03097
-0.09159 0.04639 0.09578 0.14041 0.82514 1.237 0.622 1596.186 0.03100
-0.09167 0.04643 0.09586 0.14052 0.82623 1.003 0.580 1596.222 0.03102
-0.09174 0.04647 0.09593 0.14063 0.82732 1.122 0.606 1596.259 0.03105
-0.09181 0.04650 0.09601 0.14074 0.82841 0.529 0.510 1596.296 0.03107
-0.09188 0.04654 0.09608 0.14085 0.82950 1.361 0.636 1596.332 0.03109
-0.09195 0.04657 0.09616 0.14096 0.83059 1.121 0.607 1596.369 0.03112
-0.09202 0.04661 0.09623 0.14107 0.83168 0.885 0.569 1596.406 0.03114
-0.09210 0.04665 0.09631 0.14118 0.83277 1.123 0.602 1596.443 0.03116
-0.09217 0.04668 0.09638 0.14129 0.83386 0.174 0.433 1596.479 0.03119
-0.09224 0.04672 0.09646 0.14140 0.83495 1.124 0.607 1596.516 0.03121
-0.09231 0.04676 0.09653 0.14151 0.83604 0.767 0.552 1596.553 0.03123
-0.09238 0.04679 0.09661 0.14162 0.83713 1.478 0.654 1596.589 0.03126
-0.09245 0.04683 0.09668 0.14173 0.83822 0.883 0.568 1596.626 0.03128
-0.09253 0.04686 0.09676 0.14184 0.83931 0.169 0.433 1596.663 0.03131
-0.09260 0.04690 0.09683 0.14195 0.84040 1.356 0.638 1596.700 0.03133
-0.09267 0.04694 0.09691 0.14206 0.84149 1.833 0.698 1596.736 0.03135
-0.09274 0.04697 0.09698 0.14217 0.84258 0.406 0.489 1596.773 0.03138
-0.09281 0.04701 0.09706 0.14228 0.84367 0.525 0.511 1596.810 0.03140
-0.09289 0.04705 0.09713 0.14239 0.84476 1.475 0.653 1596.846 0.03142
-0.09296 0.04708 0.09721 0.14250 0.84585 1.000 0.587 1596.883 0.03145
-0.09303 0.04712 0.09728 0.14261 0.84694 1.239 0.622 1596.920 0.03147
-0.09310 0.04716 0.09736 0.14272 0.84804 1.360 0.640 1596.957 0.03150
-0.09317 0.04719 0.09743 0.14283 0.84913 0.768 0.554 1596.993 0.03152
-0.09324 0.04723 0.09751 0.14294 0.85022 1.007 0.582 1597.030 0.03154
-0.09332 0.04726 0.09758 0.14305 0.85131 1.481 0.655 1597.067 0.03157
-0.09339 0.04730 0.09766 0.14316 0.85240 0.412 0.485 1597.104 0.03159
-0.09346 0.04734 0.09773 0.14327 0.85349 0.892 0.573 1597.140 0.03161
-0.09353 0.04737 0.09781 0.14338 0.85458 0.657 0.525 1597.177 0.03164
-0.09360 0.04741 0.09788 0.14349 0.85567 0.780 0.554 1597.214 0.03166
-0.09367 0.04745 0.09796 0.14360 0.85676 0.785 0.552 1597.250 0.03169
-0.09375 0.04748 0.09803 0.14371 0.85785 2.097 0.723 1597.287 0.03171
-0.09382 0.04752 0.09811 0.14382 0.85894 0.431 0.487 1597.324 0.03173
-0.09389 0.04755 0.09818 0.14393 0.86004 1.264 0.625 1597.361 0.03176
-0.09396 0.04759 0.09826 0.14404 0.86113 1.742 0.686 1597.397 0.03178
-0.09403 0.04763 0.09833 0.14415 0.86222 1.148 0.609 1597.434 0.03180
-0.09410 0.04766 0.09841 0.14426 0.86331 0.434 0.490 1597.471 0.03183
-0.09418 0.04770 0.09848 0.14437 0.86440 1.981 0.709 1597.507 0.03185
-0.09425 0.04774 0.09856 0.14448 0.86549 1.265 0.621 1597.544 0.03188
-0.09432 0.04777 0.09863 0.14459 0.86658 0.671 0.534 1597.581 0.03190
-0.09439 0.04781 0.09871 0.14470 0.86767 1.267 0.621 1597.618 0.03192
-0.09446 0.04785 0.09878 0.14481 0.86877 1.262 0.621 1597.654 0.03195
-0.09454 0.04788 0.09886 0.14492 0.86986 0.187 0.438 1597.691 0.03197
-0.09461 0.04792 0.09893 0.14503 0.87095 0.663 0.532 1597.728 0.03199
-0.09468 0.04795 0.09901 0.14514 0.87204 1.259 0.621 1597.765 0.03202
-0.09475 0.04799 0.09908 0.14525 0.87313 2.215 0.739 1597.801 0.03204
-0.09482 0.04803 0.09916 0.14536 0.87422 1.382 0.640 1597.838 0.03207
-0.09489 0.04806 0.09923 0.14547 0.87531 1.262 0.622 1597.875 0.03209
-0.09497 0.04810 0.09931 0.14558 0.87641 1.859 0.696 1597.911 0.03211
-0.09504 0.04814 0.09938 0.14569 0.87750 1.144 0.608 1597.948 0.03214
-0.09511 0.04817 0.09946 0.14580 0.87859 1.143 0.603 1597.985 0.03216
-0.09518 0.04821 0.09953 0.14591 0.87968 1.028 0.592 1598.022 0.03218
-0.09525 0.04825 0.09961 0.14602 0.88077 1.029 0.581 1598.058 0.03221
-0.09533 0.04828 0.09968 0.14613 0.88187 0.549 0.512 1598.095 0.03223
-0.09540 0.04832 0.09976 0.14624 0.88296 1.739 0.685 1598.132 0.03225
-0.09547 0.04835 0.09983 0.14635 0.88405 1.976 0.713 1598.168 0.03228
-0.09554 0.04839 0.09991 0.14646 0.88514 1.140 0.605 1598.205 0.03230
-0.09561 0.04843 0.09998 0.14657 0.88623 0.900 0.572 1598.242 0.03233
-0.09568 0.04846 0.10006 0.14668 0.88733 0.664 0.530 1598.279 0.03235
-0.09576 0.04850 0.10014 0.14679 0.88842 0.905 0.572 1598.315 0.03237
-0.09583 0.04854 0.10021 0.14690 0.88951 1.381 0.640 1598.352 0.03240
-0.09590 0.04857 0.10029 0.14701 0.89060 1.740 0.685 1598.389 0.03242
-0.09597 0.04861 0.10036 0.14712 0.89169 1.144 0.610 1598.425 0.03244
-0.09604 0.04865 0.10044 0.14723 0.89279 1.383 0.636 1598.462 0.03247
-0.09612 0.04868 0.10051 0.14734 0.89388 0.784 0.555 1598.499 0.03249
-0.09619 0.04872 0.10059 0.14745 0.89497 1.379 0.640 1598.536 0.03252
-0.09626 0.04876 0.10066 0.14757 0.89606 0.545 0.509 1598.572 0.03254
-0.09633 0.04879 0.10074 0.14768 0.89716 0.542 0.507 1598.609 0.03256
-0.09640 0.04883 0.10081 0.14779 0.89825 0.779 0.555 1598.646 0.03259
-0.09647 0.04886 0.10089 0.14790 0.89934 1.137 0.605 1598.683 0.03261
-0.09655 0.04890 0.10096 0.14801 0.90043 1.020 0.592 1598.719 0.03263
-0.09662 0.04894 0.10104 0.14812 0.90152 1.616 0.669 1598.756 0.03266
-0.09669 0.04897 0.10111 0.14823 0.90262 0.902 0.572 1598.793 0.03268
-0.09676 0.04901 0.10119 0.14834 0.90371 1.738 0.687 1598.829 0.03271
-0.09683 0.04905 0.10126 0.14845 0.90480 1.622 0.671 1598.866 0.03273
-0.09691 0.04908 0.10134 0.14856 0.90590 1.149 0.610 1598.903 0.03275
-0.09698 0.04912 0.10141 0.14867 0.90699 1.387 0.639 1598.940 0.03278
-0.09705 0.04916 0.10149 0.14878 0.90808 0.670 0.534 1598.976 0.03280
-0.09712 0.04919 0.10156 0.14889 0.90917 1.026 0.589 1599.013 0.03282
-0.09719 0.04923 0.10164 0.14900 0.91027 1.384 0.640 1599.050 0.03285
-0.09726 0.04926 0.10171 0.14911 0.91136 1.982 0.712 1599.086 0.03287
-0.09734 0.04930 0.10179 0.14922 0.91245 1.273 0.626 1599.123 0.03290
-0.09741 0.04934 0.10186 0.14933 0.91354 2.420 0.751 1599.160 0.03292
-0.09748 0.04937 0.10194 0.14944 0.91464 1.355 0.625 1599.197 0.03294
-0.09755 0.04941 0.10201 0.14955 0.91573 1.219 0.608 1599.233 0.03297
-0.09762 0.04945 0.10209 0.14966 0.91682 0.962 0.567 1599.270 0.03299
-0.09770 0.04948 0.10216 0.14977 0.91792 1.485 0.640 1599.307 0.03301
-0.09777 0.04952 0.10224 0.14988 0.91901 0.723 0.534 1599.343 0.03304
-0.09784 0.04956 0.10231 0.14999 0.92010 0.593 0.512 1599.380 0.03306
-0.09791 0.04959 0.10239 0.15010 0.92120 1.397 0.626 1599.417 0.03308
-0.09798 0.04963 0.10246 0.15021 0.92229 1.024 0.567 1599.454 0.03311
-0.09806 0.04967 0.10254 0.15032 0.92338 1.329 0.618 1599.490 0.03313
-0.09813 0.04970 0.10261 0.15043 0.92448 1.324 0.624 1599.527 0.03316
-0.09820 0.04974 0.10269 0.15054 0.92557 0.908 0.564 1599.564 0.03318
-0.09827 0.04977 0.10277 0.15065 0.92666 0.759 0.535 1599.601 0.03320
-0.09834 0.04981 0.10284 0.15076 0.92776 1.134 0.591 1599.637 0.03323
-0.09841 0.04985 0.10292 0.15087 0.92885 0.851 0.553 1599.674 0.03325
-0.09849 0.04988 0.10299 0.15098 0.92994 1.229 0.606 1599.711 0.03327
-0.09856 0.04992 0.10307 0.15109 0.93104 1.666 0.669 1599.747 0.03330
-0.09863 0.04996 0.10314 0.15120 0.93213 1.032 0.591 1599.784 0.03332
-0.09870 0.04999 0.10322 0.15131 0.93322 1.020 0.588 1599.821 0.03335
-0.09877 0.05003 0.10329 0.15142 0.93432 1.018 0.591 1599.858 0.03337
-0.09885 0.05007 0.10337 0.15153 0.93541 1.018 0.591 1599.894 0.03339
-0.09892 0.05010 0.10344 0.15164 0.93650 0.779 0.554 1599.931 0.03342
-0.09899 0.05014 0.10352 0.15175 0.93760 1.374 0.641 1599.968 0.03344
-0.09906 0.05017 0.10359 0.15186 0.93869 1.134 0.607 1600.004 0.03346
-0.09913 0.05021 0.10367 0.15197 0.93979 1.372 0.636 1600.041 0.03349
-0.09921 0.05025 0.10374 0.15208 0.94088 0.421 0.485 1600.078 0.03351
-0.09928 0.05028 0.10382 0.15219 0.94197 0.777 0.553 1600.115 0.03354
-0.09935 0.05032 0.10389 0.15230 0.94307 1.253 0.624 1600.151 0.03356
-0.09942 0.05036 0.10397 0.15241 0.94416 1.017 0.591 1600.188 0.03358
-0.09949 0.05039 0.10404 0.15252 0.94526 0.899 0.566 1600.225 0.03361
-0.09957 0.05043 0.10412 0.15263 0.94635 0.662 0.533 1600.262 0.03363
-0.09964 0.05047 0.10419 0.15274 0.94744 0.899 0.569 1600.298 0.03365
-0.09971 0.05050 0.10427 0.15286 0.94854 0.067 0.406 1600.335 0.03368
-0.09978 0.05054 0.10434 0.15297 0.94963 0.424 0.485 1600.372 0.03370
-0.09985 0.05058 0.10442 0.15308 0.95073 0.066 0.406 1600.408 0.03373
-0.09993 0.05061 0.10450 0.15319 0.95182 0.188 0.437 1600.445 0.03375
-0.10000 0.05065 0.10457 0.15330 0.95291 -0.047 0.373 1600.482 0.03377
-0.10007 0.05069 0.10465 0.15341 0.95401 0.188 0.437 1600.519 0.03380
-0.10014 0.05072 0.10472 0.15352 0.95510 0.307 0.465 1600.555 0.03382
-0.10021 0.05076 0.10480 0.15363 0.95620 0.309 0.462 1600.592 0.03384
-0.10029 0.05079 0.10487 0.15374 0.95729 0.191 0.437 1600.629 0.03387
-0.10036 0.05083 0.10495 0.15385 0.95839 0.547 0.510 1600.665 0.03389
-0.10043 0.05087 0.10502 0.15396 0.95948 0.193 0.433 1600.702 0.03392
-0.10050 0.05090 0.10510 0.15407 0.96057 0.194 0.433 1600.739 0.03394
-0.10057 0.05094 0.10517 0.15418 0.96167 0.432 0.489 1600.776 0.03396
-0.10065 0.05098 0.10525 0.15429 0.96276 0.197 0.436 1600.812 0.03399
-0.10072 0.05101 0.10532 0.15440 0.96386 0.436 0.489 1600.849 0.03401
-0.10079 0.05105 0.10540 0.15451 0.96495 0.552 0.507 1600.886 0.03403
-0.10086 0.05109 0.10547 0.15462 0.96605 0.912 0.571 1600.922 0.03406
-0.10093 0.05112 0.10555 0.15473 0.96714 0.562 0.511 1600.959 0.03408
-0.10101 0.05116 0.10562 0.15484 0.96824 0.560 0.504 1600.996 0.03410
-0.10108 0.05120 0.10570 0.15495 0.96933 0.678 0.531 1601.033 0.03413
-0.10115 0.05123 0.10577 0.15506 0.97043 1.266 0.621 1601.069 0.03415
-0.10122 0.05127 0.10585 0.15517 0.97152 0.909 0.571 1601.106 0.03418
-0.10129 0.05130 0.10593 0.15528 0.97262 0.908 0.564 1601.143 0.03420
-0.10137 0.05134 0.10600 0.15539 0.97371 1.143 0.604 1601.180 0.03422
-0.10144 0.05138 0.10608 0.15550 0.97481 0.787 0.550 1601.216 0.03425
-0.10151 0.05141 0.10615 0.15561 0.97590 0.904 0.570 1601.253 0.03427
-0.10158 0.05145 0.10623 0.15572 0.97700 1.020 0.586 1601.290 0.03429
-0.10165 0.05149 0.10630 0.15583 0.97809 0.904 0.570 1601.326 0.03432
-0.10173 0.05152 0.10638 0.15595 0.97919 1.258 0.614 1601.363 0.03434
-0.10180 0.05156 0.10645 0.15606 0.98028 1.611 0.665 1601.400 0.03437
-0.10187 0.05160 0.10653 0.15617 0.98138 0.548 0.508 1601.437 0.03439
-0.10194 0.05163 0.10660 0.15628 0.98247 1.375 0.632 1601.473 0.03441
-0.10201 0.05167 0.10668 0.15639 0.98357 0.901 0.567 1601.510 0.03444
-0.10209 0.05171 0.10675 0.15650 0.98466 0.664 0.530 1601.547 0.03446
-0.10216 0.05174 0.10683 0.15661 0.98576 0.545 0.509 1601.583 0.03448
-0.10223 0.05178 0.10690 0.15672 0.98685 1.256 0.619 1601.620 0.03451
-0.10230 0.05182 0.10698 0.15683 0.98795 0.666 0.515 1601.657 0.03453
-0.10237 0.05185 0.10706 0.15694 0.98904 1.020 0.586 1601.694 0.03456
-0.10245 0.05189 0.10713 0.15705 0.99014 0.783 0.545 1601.730 0.03458
-0.10252 0.05193 0.10721 0.15716 0.99123 0.902 0.569 1601.767 0.03460
-0.10259 0.05196 0.10728 0.15727 0.99233 1.492 0.651 1601.804 0.03463
-0.10266 0.05200 0.10736 0.15738 0.99343 1.499 0.512 1601.840 0.03465
-0.10273 0.05203 0.10743 0.15749 0.99452 0.961 0.359 1601.877 0.03467
-0.10281 0.05207 0.10751 0.15760 0.99562 1.264 0.391 1601.914 0.03470
-0.10288 0.05211 0.10758 0.15771 0.99671 0.721 0.330 1601.951 0.03472
-0.10295 0.05214 0.10766 0.15782 0.99781 0.659 0.322 1601.987 0.03475
-0.10302 0.05218 0.10773 0.15793 0.99890 0.907 0.352 1602.024 0.03477
-0.10309 0.05222 0.10781 0.15804 1.00000 1.264 0.390 1602.061 0.03479
