x y z dist_scaled dist_frac flux_norm sig_norm wavelength redshift
-0.02606 0.01370 0.04916 0.05730 0.00000 1.420 0.403 1568.045 0.01282
-0.02611 0.01372 0.04925 0.05741 0.00106 1.241 0.386 1568.082 0.01285
-0.02616 0.01375 0.04934 0.05751 0.00213 0.702 0.324 1568.119 0.01287
-0.02621 0.01378 0.04943 0.05762 0.00319 1.301 0.393 1568.155 0.01289
-0.02626 0.01380 0.04952 0.05773 0.00425 0.942 0.354 1568.192 0.01292
-0.02631 0.01383 0.04961 0.05784 0.00531 0.822 0.340 1568.229 0.01294
-0.02636 0.01385 0.04971 0.05794 0.00638 0.883 0.347 1568.266 0.01296
-0.02641 0.01388 0.04980 0.05805 0.00744 1.185 0.381 1568.302 0.01299
-0.02645 0.01390 0.04989 0.05816 0.00850 1.065 0.367 1568.339 0.01301
-0.02650 0.01393 0.04998 0.05826 0.00957 0.824 0.342 1568.376 0.01304
-0.02655 0.01395 0.05007 0.05837 0.01063 0.765 0.329 1568.413 0.01306
-0.02660 0.01398 0.05017 0.05848 0.01169 0.705 0.326 1568.449 0.01308
-0.02665 0.01401 0.05026 0.05858 0.01276 1.250 0.389 1568.486 0.01311
-0.02670 0.01403 0.05035 0.05869 0.01382 0.646 0.319 1568.523 0.01313
-0.02675 0.01406 0.05044 0.05880 0.01488 1.070 0.371 1568.559 0.01315
-0.02679 0.01408 0.05053 0.05891 0.01594 0.526 0.301 1568.596 0.01318
-0.02684 0.01411 0.05063 0.05901 0.01701 0.284 0.261 1568.633 0.01320
-0.02689 0.01413 0.05072 0.05912 0.01807 0.284 0.261 1568.670 0.01322
-0.02694 0.01416 0.05081 0.05923 0.01913 0.224 0.250 1568.706 0.01325
-0.02699 0.01418 0.05090 0.05933 0.02020 0.225 0.250 1568.743 0.01327
-0.02704 0.01421 0.05099 0.05944 0.02126 0.530 0.302 1568.780 0.01330
-0.02709 0.01424 0.05108 0.05955 0.02233 0.589 0.313 1568.816 0.01332
-0.02714 0.01426 0.05118 0.05966 0.02339 1.015 0.366 1568.853 0.01334
-0.02718 0.01429 0.05127 0.05976 0.02445 0.771 0.337 1568.890 0.01337
-0.02723 0.01431 0.05136 0.05987 0.02552 0.711 0.330 1568.927 0.01339
-0.02728 0.01434 0.05145 0.05998 0.02658 1.018 0.368 1568.963 0.01341
-0.02733 0.01436 0.05154 0.06008 0.02764 0.836 0.346 1569.000 0.01344
-0.02738 0.01439 0.05164 0.06019 0.02871 1.206 0.389 1569.037 0.01346
-0.02743 0.01442 0.05173 0.06030 0.02977 1.637 0.431 1569.074 0.01349
-0.02748 0.01444 0.05182 0.06041 0.03083 1.084 0.376 1569.110 0.01351
-0.02753 0.01447 0.05191 0.06051 0.03190 1.207 0.390 1569.147 0.01353
-0.02757 0.01449 0.05200 0.06062 0.03296 0.961 0.363 1569.184 0.01356
-0.02762 0.01452 0.05210 0.06073 0.03403 1.454 0.415 1569.220 0.01358
-0.02767 0.01454 0.05219 0.06083 0.03509 0.962 0.363 1569.257 0.01360
-0.02772 0.01457 0.05228 0.06094 0.03615 0.655 0.325 1569.294 0.01363
-0.02777 0.01459 0.05237 0.06105 0.03722 1.273 0.397 1569.331 0.01365
-0.02782 0.01462 0.05246 0.06116 0.03828 1.460 0.417 1569.367 0.01368
-0.02787 0.01465 0.05256 0.06126 0.03935 1.276 0.399 1569.404 0.01370
-0.02792 0.01467 0.05265 0.06137 0.04041 0.599 0.316 1569.441 0.01372
-0.02796 0.01470 0.05274 0.06148 0.04147 0.599 0.316 1569.477 0.01375
-0.02801 0.01472 0.05283 0.06158 0.04254 1.096 0.379 1569.514 0.01377
-0.02806 0.01475 0.05292 0.06169 0.04360 1.282 0.399 1569.551 0.01379
-0.02811 0.01477 0.05301 0.06180 0.04467 1.097 0.380 1569.588 0.01382
-0.02816 0.01480 0.05311 0.06191 0.04573 0.909 0.360 1569.624 0.01384
-0.02821 0.01482 0.05320 0.06201 0.04680 0.786 0.343 1569.661 0.01387
-0.02826 0.01485 0.05329 0.06212 0.04786 1.098 0.380 1569.698 0.01389
-0.02831 0.01488 0.05338 0.06223 0.04892 1.223 0.394 1569.734 0.01391
-0.02835 0.01490 0.05347 0.06233 0.04999 1.474 0.418 1569.771 0.01394
-0.02840 0.01493 0.05357 0.06244 0.05105 0.912 0.361 1569.808 0.01396
-0.02845 0.01495 0.05366 0.06255 0.05212 1.100 0.383 1569.845 0.01398
-0.02850 0.01498 0.05375 0.06266 0.05318 0.852 0.353 1569.881 0.01401
-0.02855 0.01500 0.05384 0.06276 0.05425 1.103 0.383 1569.918 0.01403
-0.02860 0.01503 0.05393 0.06287 0.05531 1.040 0.376 1569.955 0.01405
-0.02865 0.01506 0.05403 0.06298 0.05638 1.229 0.395 1569.992 0.01408
-0.02870 0.01508 0.05412 0.06308 0.05744 1.169 0.390 1570.028 0.01410
-0.02874 0.01511 0.05421 0.06319 0.05851 0.795 0.348 1570.065 0.01413
-0.02879 0.01513 0.05430 0.06330 0.05957 0.922 0.363 1570.102 0.01415
-0.02884 0.01516 0.05439 0.06341 0.06064 1.048 0.379 1570.138 0.01417
-0.02889 0.01518 0.05449 0.06351 0.06170 1.175 0.392 1570.175 0.01420
-0.02894 0.01521 0.05458 0.06362 0.06277 0.545 0.314 1570.212 0.01422
-0.02899 0.01524 0.05467 0.06373 0.06383 1.112 0.386 1570.249 0.01424
-0.02904 0.01526 0.05476 0.06384 0.06490 0.861 0.357 1570.285 0.01427
-0.02909 0.01529 0.05485 0.06394 0.06596 0.988 0.372 1570.322 0.01429
-0.02913 0.01531 0.05495 0.06405 0.06703 0.736 0.341 1570.359 0.01432
-0.02918 0.01534 0.05504 0.06416 0.06809 0.864 0.358 1570.395 0.01434
-0.02923 0.01536 0.05513 0.06426 0.06916 0.803 0.351 1570.432 0.01436
-0.02928 0.01539 0.05522 0.06437 0.07022 1.247 0.401 1570.469 0.01439
-0.02933 0.01541 0.05531 0.06448 0.07129 1.247 0.400 1570.506 0.01441
-0.02938 0.01544 0.05541 0.06459 0.07235 0.805 0.349 1570.542 0.01443
-0.02943 0.01547 0.05550 0.06469 0.07342 1.376 0.415 1570.579 0.01446
-0.02948 0.01549 0.05559 0.06480 0.07448 0.804 0.352 1570.616 0.01448
-0.02953 0.01552 0.05568 0.06491 0.07555 1.186 0.396 1570.652 0.01451
-0.02957 0.01554 0.05577 0.06502 0.07661 1.122 0.390 1570.689 0.01453
-0.02962 0.01557 0.05587 0.06512 0.07768 1.315 0.411 1570.726 0.01455
-0.02967 0.01559 0.05596 0.06523 0.07874 1.507 0.430 1570.763 0.01458
-0.02972 0.01562 0.05605 0.06534 0.07981 0.742 0.344 1570.799 0.01460
-0.02977 0.01565 0.05614 0.06544 0.08087 0.937 0.369 1570.836 0.01462
-0.02982 0.01567 0.05623 0.06555 0.08194 1.003 0.376 1570.873 0.01465
-0.02987 0.01570 0.05633 0.06566 0.08301 0.685 0.337 1570.910 0.01467
-0.02992 0.01572 0.05642 0.06577 0.08407 0.941 0.369 1570.946 0.01470
-0.02996 0.01575 0.05651 0.06587 0.08514 1.005 0.378 1570.983 0.01472
-0.03001 0.01577 0.05660 0.06598 0.08620 0.879 0.362 1571.020 0.01474
-0.03006 0.01580 0.05670 0.06609 0.08727 1.393 0.420 1571.056 0.01477
-0.03011 0.01583 0.05679 0.06620 0.08833 0.816 0.354 1571.093 0.01479
-0.03016 0.01585 0.05688 0.06630 0.08940 0.559 0.318 1571.130 0.01481
-0.03021 0.01588 0.05697 0.06641 0.09047 0.881 0.361 1571.167 0.01484
-0.03026 0.01590 0.05706 0.06652 0.09153 0.690 0.335 1571.203 0.01486
-0.03031 0.01593 0.05716 0.06663 0.09260 1.528 0.434 1571.240 0.01489
-0.03035 0.01595 0.05725 0.06673 0.09366 0.756 0.343 1571.277 0.01491
-0.03040 0.01598 0.05734 0.06684 0.09473 0.562 0.321 1571.313 0.01493
-0.03045 0.01600 0.05743 0.06695 0.09580 1.661 0.447 1571.350 0.01496
-0.03050 0.01603 0.05752 0.06705 0.09686 0.952 0.373 1571.387 0.01498
-0.03055 0.01606 0.05762 0.06716 0.09793 0.888 0.366 1571.424 0.01500
-0.03060 0.01608 0.05771 0.06727 0.09899 0.371 0.292 1571.460 0.01503
-0.03065 0.01611 0.05780 0.06738 0.10006 0.500 0.313 1571.497 0.01505
-0.03070 0.01613 0.05789 0.06748 0.10113 1.538 0.437 1571.534 0.01507
-0.03075 0.01616 0.05798 0.06759 0.10219 0.696 0.342 1571.571 0.01510
-0.03079 0.01618 0.05808 0.06770 0.10326 0.957 0.375 1571.607 0.01512
-0.03084 0.01621 0.05817 0.06781 0.10433 0.828 0.359 1571.644 0.01515
-0.03089 0.01624 0.05826 0.06791 0.10539 0.569 0.322 1571.681 0.01517
-0.03094 0.01626 0.05835 0.06802 0.10646 0.829 0.360 1571.717 0.01519
-0.03099 0.01629 0.05845 0.06813 0.10752 0.893 0.367 1571.754 0.01522
-0.03104 0.01631 0.05854 0.06824 0.10859 0.959 0.376 1571.791 0.01524
-0.03109 0.01634 0.05863 0.06834 0.10966 1.352 0.420 1571.828 0.01526
-0.03114 0.01636 0.05872 0.06845 0.11072 0.831 0.357 1571.864 0.01529
-0.03119 0.01639 0.05881 0.06856 0.11179 1.028 0.385 1571.901 0.01531
-0.03123 0.01642 0.05891 0.06867 0.11286 1.289 0.414 1571.938 0.01534
-0.03128 0.01644 0.05900 0.06877 0.11392 0.832 0.362 1571.974 0.01536
-0.03133 0.01647 0.05909 0.06888 0.11499 1.226 0.407 1572.011 0.01538
-0.03138 0.01649 0.05918 0.06899 0.11606 0.834 0.362 1572.048 0.01541
-0.03143 0.01652 0.05927 0.06910 0.11712 0.965 0.378 1572.085 0.01543
-0.03148 0.01654 0.05937 0.06920 0.11819 1.294 0.415 1572.121 0.01545
-0.03153 0.01657 0.05946 0.06931 0.11926 1.162 0.400 1572.158 0.01548
-0.03158 0.01660 0.05955 0.06942 0.12033 1.293 0.416 1572.195 0.01550
-0.03163 0.01662 0.05964 0.06953 0.12139 1.097 0.395 1572.231 0.01553
-0.03167 0.01665 0.05974 0.06963 0.12246 0.703 0.346 1572.268 0.01555
-0.03172 0.01667 0.05983 0.06974 0.12353 0.968 0.380 1572.305 0.01557
-0.03177 0.01670 0.05992 0.06985 0.12459 0.817 0.361 1572.342 0.01560
-0.03182 0.01672 0.06001 0.06995 0.12566 1.182 0.394 1572.378 0.01562
-0.03187 0.01675 0.06010 0.07006 0.12673 0.833 0.364 1572.415 0.01564
-0.03192 0.01678 0.06020 0.07017 0.12779 0.790 0.365 1572.452 0.01567
-0.03197 0.01680 0.06029 0.07028 0.12886 1.242 0.411 1572.489 0.01569
-0.03202 0.01683 0.06038 0.07038 0.12993 1.085 0.390 1572.525 0.01572
-0.03207 0.01685 0.06047 0.07049 0.13100 0.890 0.367 1572.562 0.01574
-0.03211 0.01688 0.06057 0.07060 0.13206 0.870 0.364 1572.599 0.01576
-0.03216 0.01690 0.06066 0.07071 0.13313 0.780 0.346 1572.635 0.01579
-0.03221 0.01693 0.06075 0.07081 0.13420 1.528 0.437 1572.672 0.01581
-0.03226 0.01695 0.06084 0.07092 0.13527 0.827 0.365 1572.709 0.01583
-0.03231 0.01698 0.06093 0.07103 0.13633 0.839 0.367 1572.746 0.01586
-0.03236 0.01701 0.06103 0.07114 0.13740 1.245 0.413 1572.782 0.01588
-0.03241 0.01703 0.06112 0.07124 0.13847 0.821 0.356 1572.819 0.01590
-0.03246 0.01706 0.06121 0.07135 0.13954 0.956 0.384 1572.856 0.01593
-0.03251 0.01708 0.06130 0.07146 0.14060 0.717 0.350 1572.892 0.01595
-0.03255 0.01711 0.06140 0.07157 0.14167 0.753 0.350 1572.929 0.01598
-0.03260 0.01713 0.06149 0.07167 0.14274 0.983 0.384 1572.966 0.01600
-0.03265 0.01716 0.06158 0.07178 0.14381 0.918 0.374 1573.003 0.01602
-0.03270 0.01719 0.06167 0.07189 0.14487 1.186 0.406 1573.039 0.01605
-0.03275 0.01721 0.06176 0.07200 0.14594 0.852 0.369 1573.076 0.01607
-0.03280 0.01724 0.06186 0.07210 0.14701 0.920 0.377 1573.113 0.01609
-0.03285 0.01726 0.06195 0.07221 0.14808 1.189 0.408 1573.149 0.01612
-0.03290 0.01729 0.06204 0.07232 0.14915 1.392 0.427 1573.186 0.01614
-0.03295 0.01731 0.06213 0.07243 0.15021 1.260 0.416 1573.223 0.01617
-0.03299 0.01734 0.06223 0.07254 0.15128 0.926 0.378 1573.260 0.01619
-0.03304 0.01737 0.06232 0.07264 0.15235 0.859 0.369 1573.296 0.01621
-0.03309 0.01739 0.06241 0.07275 0.15342 0.524 0.319 1573.333 0.01624
-0.03314 0.01742 0.06250 0.07286 0.15449 1.464 0.438 1573.370 0.01626
-0.03319 0.01744 0.06259 0.07297 0.15555 0.726 0.353 1573.407 0.01628
-0.03324 0.01747 0.06269 0.07307 0.15662 1.063 0.392 1573.443 0.01631
-0.03329 0.01749 0.06278 0.07318 0.15769 1.063 0.396 1573.480 0.01633
-0.03334 0.01752 0.06287 0.07329 0.15876 0.996 0.388 1573.517 0.01636
-0.03339 0.01755 0.06296 0.07340 0.15983 0.929 0.380 1573.553 0.01638
-0.03343 0.01757 0.06306 0.07350 0.16090 0.931 0.380 1573.590 0.01640
-0.03348 0.01760 0.06315 0.07361 0.16196 0.797 0.363 1573.627 0.01643
-0.03353 0.01762 0.06324 0.07372 0.16303 1.067 0.397 1573.664 0.01645
-0.03358 0.01765 0.06333 0.07383 0.16410 1.135 0.404 1573.700 0.01647
-0.03363 0.01767 0.06343 0.07393 0.16517 1.001 0.389 1573.737 0.01650
-0.03368 0.01770 0.06352 0.07404 0.16624 1.271 0.420 1573.774 0.01652
-0.03373 0.01773 0.06361 0.07415 0.16731 1.272 0.420 1573.810 0.01655
-0.03378 0.01775 0.06370 0.07426 0.16838 1.611 0.455 1573.847 0.01657
-0.03383 0.01778 0.06379 0.07436 0.16944 0.935 0.376 1573.884 0.01659
-0.03388 0.01780 0.06389 0.07447 0.17051 0.800 0.364 1573.921 0.01662
-0.03392 0.01783 0.06398 0.07458 0.17158 0.800 0.365 1573.957 0.01664
-0.03397 0.01785 0.06407 0.07469 0.17265 1.208 0.412 1573.994 0.01666
-0.03402 0.01788 0.06416 0.07479 0.17372 0.801 0.364 1574.031 0.01669
-0.03407 0.01791 0.06426 0.07490 0.17479 1.005 0.391 1574.068 0.01671
-0.03412 0.01793 0.06435 0.07501 0.17586 1.005 0.391 1574.104 0.01674
-0.03417 0.01796 0.06444 0.07512 0.17693 0.937 0.384 1574.141 0.01676
-0.03422 0.01798 0.06453 0.07523 0.17799 1.211 0.415 1574.178 0.01678
-0.03427 0.01801 0.06463 0.07533 0.17906 0.532 0.328 1574.214 0.01681
-0.03432 0.01804 0.06472 0.07544 0.18013 1.554 0.451 1574.251 0.01683
-0.03436 0.01806 0.06481 0.07555 0.18120 0.600 0.339 1574.288 0.01685
-0.03441 0.01809 0.06490 0.07566 0.18227 0.668 0.349 1574.325 0.01688
-0.03446 0.01811 0.06500 0.07576 0.18334 1.078 0.402 1574.361 0.01690
-0.03451 0.01814 0.06509 0.07587 0.18441 1.419 0.437 1574.398 0.01692
-0.03456 0.01816 0.06518 0.07598 0.18548 0.736 0.357 1574.435 0.01695
-0.03461 0.01819 0.06527 0.07609 0.18655 1.145 0.410 1574.471 0.01697
-0.03466 0.01822 0.06536 0.07619 0.18762 0.530 0.330 1574.508 0.01700
-0.03471 0.01824 0.06546 0.07630 0.18869 0.941 0.380 1574.545 0.01702
-0.03476 0.01827 0.06555 0.07641 0.18976 0.805 0.369 1574.582 0.01704
-0.03481 0.01829 0.06564 0.07652 0.19082 1.491 0.447 1574.618 0.01707
-0.03485 0.01832 0.06573 0.07663 0.19189 0.670 0.351 1574.655 0.01709
-0.03490 0.01834 0.06583 0.07673 0.19296 0.944 0.386 1574.692 0.01711
-0.03495 0.01837 0.06592 0.07684 0.19403 1.632 0.459 1574.728 0.01714
-0.03500 0.01840 0.06601 0.07695 0.19510 1.015 0.394 1574.765 0.01716
-0.03505 0.01842 0.06610 0.07706 0.19617 0.810 0.370 1574.802 0.01719
-0.03510 0.01845 0.06620 0.07716 0.19724 0.948 0.387 1574.839 0.01721
-0.03515 0.01847 0.06629 0.07727 0.19831 0.743 0.361 1574.875 0.01723
-0.03520 0.01850 0.06638 0.07738 0.19938 0.881 0.379 1574.912 0.01726
-0.03525 0.01852 0.06647 0.07749 0.20045 1.638 0.462 1574.949 0.01728
-0.03530 0.01855 0.06657 0.07759 0.20152 1.018 0.397 1574.986 0.01730
-0.03534 0.01858 0.06666 0.07770 0.20259 1.018 0.397 1575.022 0.01733
-0.03539 0.01860 0.06675 0.07781 0.20366 1.088 0.404 1575.059 0.01735
-0.03544 0.01863 0.06684 0.07792 0.20473 1.019 0.396 1575.096 0.01738
-0.03549 0.01865 0.06694 0.07803 0.20580 0.881 0.381 1575.132 0.01740
-0.03554 0.01868 0.06703 0.07813 0.20687 0.881 0.381 1575.169 0.01742
-0.03559 0.01870 0.06712 0.07824 0.20794 0.880 0.381 1575.206 0.01745
-0.03564 0.01873 0.06721 0.07835 0.20901 1.572 0.458 1575.243 0.01747
-0.03569 0.01876 0.06731 0.07846 0.21008 0.811 0.370 1575.279 0.01749
-0.03574 0.01878 0.06740 0.07856 0.21115 0.813 0.372 1575.316 0.01752
-0.03579 0.01881 0.06749 0.07867 0.21222 1.714 0.470 1575.353 0.01754
-0.03583 0.01883 0.06758 0.07878 0.21329 0.883 0.381 1575.389 0.01757
-0.03588 0.01886 0.06768 0.07889 0.21436 1.022 0.396 1575.426 0.01759
-0.03593 0.01888 0.06777 0.07900 0.21543 0.744 0.364 1575.463 0.01761
-0.03598 0.01891 0.06786 0.07910 0.21650 1.509 0.453 1575.500 0.01764
-0.03603 0.01894 0.06795 0.07921 0.21757 0.748 0.365 1575.536 0.01766
-0.03608 0.01896 0.06804 0.07932 0.21864 0.956 0.392 1575.573 0.01768
-0.03613 0.01899 0.06814 0.07943 0.21971 0.886 0.382 1575.610 0.01771
-0.03618 0.01901 0.06823 0.07953 0.22078 1.165 0.416 1575.646 0.01773
-0.03623 0.01904 0.06832 0.07964 0.22185 1.166 0.417 1575.683 0.01776
-0.03628 0.01907 0.06841 0.07975 0.22292 1.028 0.400 1575.720 0.01778
-0.03633 0.01909 0.06851 0.07986 0.22399 1.238 0.424 1575.757 0.01780
-0.03637 0.01912 0.06860 0.07997 0.22506 0.403 0.312 1575.793 0.01783
-0.03642 0.01914 0.06869 0.08007 0.22613 1.518 0.455 1575.830 0.01785
-0.03647 0.01917 0.06878 0.08018 0.22721 1.031 0.400 1575.867 0.01787
-0.03652 0.01919 0.06888 0.08029 0.22828 1.172 0.418 1575.904 0.01790
-0.03657 0.01922 0.06897 0.08040 0.22935 0.266 0.286 1575.940 0.01792
-0.03662 0.01925 0.06906 0.08050 0.23042 1.382 0.441 1575.977 0.01794
-0.03667 0.01927 0.06915 0.08061 0.23149 1.591 0.462 1576.014 0.01797
-0.03672 0.01930 0.06925 0.08072 0.23256 1.033 0.403 1576.050 0.01799
-0.03677 0.01932 0.06934 0.08083 0.23363 1.313 0.434 1576.087 0.01802
-0.03682 0.01935 0.06943 0.08094 0.23470 1.031 0.403 1576.124 0.01804
-0.03686 0.01937 0.06952 0.08104 0.23577 1.170 0.419 1576.161 0.01806
-0.03691 0.01940 0.06962 0.08115 0.23684 0.542 0.338 1576.197 0.01809
-0.03696 0.01943 0.06971 0.08126 0.23791 1.245 0.427 1576.234 0.01811
-0.03701 0.01945 0.06980 0.08137 0.23899 0.613 0.348 1576.271 0.01813
-0.03706 0.01948 0.06990 0.08148 0.24006 1.244 0.427 1576.307 0.01816
-0.03711 0.01950 0.06999 0.08158 0.24113 1.105 0.413 1576.344 0.01818
-0.03716 0.01953 0.07008 0.08169 0.24220 0.894 0.386 1576.381 0.01821
-0.03721 0.01956 0.07017 0.08180 0.24327 1.176 0.421 1576.418 0.01823
-0.03726 0.01958 0.07027 0.08191 0.24434 1.248 0.429 1576.454 0.01825
-0.03731 0.01961 0.07036 0.08201 0.24541 0.967 0.397 1576.491 0.01828
-0.03736 0.01963 0.07045 0.08212 0.24648 0.686 0.357 1576.528 0.01830
-0.03740 0.01966 0.07054 0.08223 0.24756 0.898 0.382 1576.565 0.01832
-0.03745 0.01968 0.07064 0.08234 0.24863 1.180 0.422 1576.601 0.01835
-0.03750 0.01971 0.07073 0.08245 0.24970 1.391 0.443 1576.638 0.01837
-0.03755 0.01974 0.07082 0.08255 0.25077 0.970 0.396 1576.675 0.01840
-0.03760 0.01976 0.07091 0.08266 0.25184 1.041 0.405 1576.711 0.01842
-0.03765 0.01979 0.07101 0.08277 0.25291 0.900 0.389 1576.748 0.01844
-0.03770 0.01981 0.07110 0.08288 0.25398 1.606 0.468 1576.785 0.01847
-0.03775 0.01984 0.07119 0.08299 0.25506 1.185 0.423 1576.822 0.01849
-0.03780 0.01986 0.07128 0.08309 0.25613 0.903 0.388 1576.858 0.01851
-0.03785 0.01989 0.07138 0.08320 0.25720 0.691 0.359 1576.895 0.01854
-0.03790 0.01992 0.07147 0.08331 0.25827 0.904 0.389 1576.932 0.01856
-0.03794 0.01994 0.07156 0.08342 0.25934 1.187 0.419 1576.968 0.01859
-0.03799 0.01997 0.07165 0.08353 0.26041 1.329 0.438 1577.005 0.01861
-0.03804 0.01999 0.07175 0.08363 0.26149 1.257 0.428 1577.042 0.01863
-0.03809 0.02002 0.07184 0.08374 0.26256 0.904 0.390 1577.079 0.01866
-0.03814 0.02005 0.07193 0.08385 0.26363 1.329 0.438 1577.115 0.01868
-0.03819 0.02007 0.07202 0.08396 0.26470 1.471 0.454 1577.152 0.01870
-0.03824 0.02010 0.07212 0.08407 0.26577 0.976 0.396 1577.189 0.01873
-0.03829 0.02012 0.07221 0.08417 0.26685 0.978 0.399 1577.225 0.01875
-0.03834 0.02015 0.07230 0.08428 0.26792 1.191 0.425 1577.262 0.01877
-0.03839 0.02017 0.07239 0.08439 0.26899 1.049 0.409 1577.299 0.01880
-0.03844 0.02020 0.07249 0.08450 0.27006 1.051 0.407 1577.336 0.01882
-0.03848 0.02023 0.07258 0.08461 0.27113 0.698 0.361 1577.372 0.01885
-0.03853 0.02025 0.07267 0.08471 0.27221 0.840 0.382 1577.409 0.01887
-0.03858 0.02028 0.07277 0.08482 0.27328 1.265 0.433 1577.446 0.01889
-0.03863 0.02030 0.07286 0.08493 0.27435 0.839 0.380 1577.483 0.01892
-0.03868 0.02033 0.07295 0.08504 0.27542 0.555 0.341 1577.519 0.01894
-0.03873 0.02036 0.07304 0.08514 0.27650 0.555 0.343 1577.556 0.01896
-0.03878 0.02038 0.07314 0.08525 0.27757 1.055 0.410 1577.593 0.01899
-0.03883 0.02041 0.07323 0.08536 0.27864 0.984 0.401 1577.629 0.01901
-0.03888 0.02043 0.07332 0.08547 0.27971 0.842 0.382 1577.666 0.01904
-0.03893 0.02046 0.07341 0.08558 0.28079 0.985 0.402 1577.703 0.01906
-0.03898 0.02048 0.07351 0.08568 0.28186 1.128 0.418 1577.740 0.01908
-0.03903 0.02051 0.07360 0.08579 0.28293 1.483 0.455 1577.776 0.01911
-0.03907 0.02054 0.07369 0.08590 0.28400 1.127 0.419 1577.813 0.01913
-0.03912 0.02056 0.07378 0.08601 0.28508 1.414 0.450 1577.850 0.01915
-0.03917 0.02059 0.07388 0.08612 0.28615 0.557 0.343 1577.886 0.01918
-0.03922 0.02061 0.07397 0.08623 0.28722 1.629 0.472 1577.923 0.01920
-0.03927 0.02064 0.07406 0.08633 0.28829 0.629 0.354 1577.960 0.01923
-0.03932 0.02066 0.07416 0.08644 0.28937 1.129 0.420 1577.997 0.01925
-0.03937 0.02069 0.07425 0.08655 0.29044 1.201 0.426 1578.033 0.01927
-0.03942 0.02072 0.07434 0.08666 0.29151 0.843 0.382 1578.070 0.01930
-0.03947 0.02074 0.07443 0.08677 0.29259 1.129 0.420 1578.107 0.01932
-0.03952 0.02077 0.07453 0.08687 0.29366 1.057 0.412 1578.143 0.01934
-0.03957 0.02079 0.07462 0.08698 0.29473 0.915 0.394 1578.180 0.01937
-0.03961 0.02082 0.07471 0.08709 0.29580 0.772 0.376 1578.217 0.01939
-0.03966 0.02085 0.07480 0.08720 0.29688 1.347 0.442 1578.254 0.01942
-0.03971 0.02087 0.07490 0.08731 0.29795 1.061 0.412 1578.290 0.01944
-0.03976 0.02090 0.07499 0.08741 0.29902 1.277 0.438 1578.327 0.01946
-0.03981 0.02092 0.07508 0.08752 0.30010 0.991 0.404 1578.364 0.01949
-0.03986 0.02095 0.07517 0.08763 0.30117 0.704 0.366 1578.401 0.01951
-0.03991 0.02097 0.07527 0.08774 0.30224 0.847 0.386 1578.437 0.01953
-0.03996 0.02100 0.07536 0.08785 0.30332 0.847 0.386 1578.474 0.01956
-0.04001 0.02103 0.07545 0.08795 0.30439 0.848 0.386 1578.511 0.01958
-0.04006 0.02105 0.07555 0.08806 0.30546 1.710 0.483 1578.547 0.01961
-0.04011 0.02108 0.07564 0.08817 0.30654 0.919 0.393 1578.584 0.01963
-0.04016 0.02110 0.07573 0.08828 0.30761 1.208 0.428 1578.621 0.01965
-0.04020 0.02113 0.07582 0.08839 0.30868 0.777 0.376 1578.658 0.01968
-0.04025 0.02116 0.07592 0.08849 0.30976 0.868 0.343 1578.694 0.01970
-0.04030 0.02118 0.07601 0.08860 0.31083 0.783 0.292 1578.731 0.01972
-0.04035 0.02121 0.07610 0.08871 0.31190 0.704 0.226 1578.768 0.01975
-0.04040 0.02123 0.07619 0.08882 0.31298 0.604 0.215 1578.804 0.01977
-0.04045 0.02126 0.07629 0.08893 0.31405 1.115 0.264 1578.841 0.01979
-0.04050 0.02129 0.07638 0.08904 0.31513 1.004 0.254 1578.878 0.01982
-0.04055 0.02131 0.07647 0.08914 0.31620 0.709 0.227 1578.915 0.01984
-0.04060 0.02134 0.07657 0.08925 0.31727 0.643 0.219 1578.951 0.01987
-0.04065 0.02136 0.07666 0.08936 0.31835 1.082 0.262 1578.988 0.01989
-0.04070 0.02139 0.07675 0.08947 0.31942 1.474 0.293 1579.025 0.01991
-0.04075 0.02141 0.07684 0.08958 0.32049 1.335 0.282 1579.062 0.01994
-0.04079 0.02144 0.07694 0.08968 0.32157 1.229 0.274 1579.098 0.01996
-0.04084 0.02147 0.07703 0.08979 0.32264 0.892 0.245 1579.135 0.01998
-0.04089 0.02149 0.07712 0.08990 0.32372 1.402 0.288 1579.172 0.02001
-0.04094 0.02152 0.07722 0.09001 0.32479 0.970 0.253 1579.208 0.02003
-0.04099 0.02154 0.07731 0.09012 0.32586 1.112 0.265 1579.245 0.02006
-0.04104 0.02157 0.07740 0.09022 0.32694 0.750 0.231 1579.282 0.02008
-0.04109 0.02160 0.07749 0.09033 0.32801 1.006 0.256 1579.319 0.02010
-0.04114 0.02162 0.07759 0.09044 0.32909 1.185 0.271 1579.355 0.02013
-0.04119 0.02165 0.07768 0.09055 0.33016 1.047 0.259 1579.392 0.02015
-0.04124 0.02167 0.07777 0.09066 0.33124 1.157 0.269 1579.429 0.02017
-0.04129 0.02170 0.07787 0.09077 0.33231 0.971 0.251 1579.465 0.02020
-0.04134 0.02172 0.07796 0.09087 0.33338 1.232 0.275 1579.502 0.02022
-0.04139 0.02175 0.07805 0.09098 0.33446 0.788 0.236 1579.539 0.02025
-0.04143 0.02178 0.07814 0.09109 0.33553 0.858 0.242 1579.576 0.02027
-0.04148 0.02180 0.07824 0.09120 0.33661 1.157 0.268 1579.612 0.02029
-0.04153 0.02183 0.07833 0.09131 0.33768 0.750 0.233 1579.649 0.02032
-0.04158 0.02185 0.07842 0.09142 0.33876 1.046 0.260 1579.686 0.02034
-0.04163 0.02188 0.07851 0.09152 0.33983 1.078 0.263 1579.722 0.02036
-0.04168 0.02191 0.07861 0.09163 0.34091 0.869 0.243 1579.759 0.02039
-0.04173 0.02193 0.07870 0.09174 0.34198 0.790 0.236 1579.796 0.02041
-0.04178 0.02196 0.07879 0.09185 0.34305 0.715 0.229 1579.833 0.02044
-0.04183 0.02198 0.07889 0.09196 0.34413 1.010 0.257 1579.869 0.02046
-0.04188 0.02201 0.07898 0.09206 0.34520 1.129 0.266 1579.906 0.02048
-0.04193 0.02204 0.07907 0.09217 0.34628 0.975 0.254 1579.943 0.02051
-0.04198 0.02206 0.07916 0.09228 0.34735 1.202 0.273 1579.980 0.02053
-0.04203 0.02209 0.07926 0.09239 0.34843 1.601 0.304 1580.016 0.02055
-0.04207 0.02211 0.07935 0.09250 0.34950 1.121 0.266 1580.053 0.02058
-0.04212 0.02214 0.07944 0.09261 0.35058 0.932 0.251 1580.090 0.02060
-0.04217 0.02216 0.07954 0.09271 0.35165 0.976 0.254 1580.126 0.02062
-0.04222 0.02219 0.07963 0.09282 0.35273 0.898 0.248 1580.163 0.02065
-0.04227 0.02222 0.07972 0.09293 0.35380 0.896 0.248 1580.200 0.02067
-0.04232 0.02224 0.07981 0.09304 0.35488 1.126 0.267 1580.237 0.02070
-0.04237 0.02227 0.07991 0.09315 0.35595 0.870 0.245 1580.273 0.02072
-0.04242 0.02229 0.08000 0.09326 0.35703 1.232 0.277 1580.310 0.02074
-0.04247 0.02232 0.08009 0.09336 0.35810 0.761 0.233 1580.347 0.02077
-0.04252 0.02235 0.08019 0.09347 0.35918 0.754 0.234 1580.383 0.02079
-0.04257 0.02237 0.08028 0.09358 0.36025 1.429 0.294 1580.420 0.02081
-0.04262 0.02240 0.08037 0.09369 0.36133 1.162 0.271 1580.457 0.02084
-0.04267 0.02242 0.08047 0.09380 0.36241 1.276 0.279 1580.494 0.02086
-0.04271 0.02245 0.08056 0.09390 0.36348 1.239 0.277 1580.530 0.02089
-0.04276 0.02248 0.08065 0.09401 0.36456 1.242 0.277 1580.567 0.02091
-0.04281 0.02250 0.08074 0.09412 0.36563 1.017 0.258 1580.604 0.02093
-0.04286 0.02253 0.08084 0.09423 0.36671 1.318 0.283 1580.640 0.02096
-0.04291 0.02255 0.08093 0.09434 0.36778 1.543 0.300 1580.677 0.02098
-0.04296 0.02258 0.08102 0.09445 0.36886 1.357 0.286 1580.714 0.02100
-0.04301 0.02260 0.08112 0.09455 0.36993 0.902 0.248 1580.751 0.02103
-0.04306 0.02263 0.08121 0.09466 0.37101 1.125 0.268 1580.787 0.02105
-0.04311 0.02266 0.08130 0.09477 0.37208 1.024 0.259 1580.824 0.02108
-0.04316 0.02268 0.08139 0.09488 0.37316 0.950 0.253 1580.861 0.02110
-0.04321 0.02271 0.08149 0.09499 0.37424 0.944 0.252 1580.898 0.02112
-0.04326 0.02273 0.08158 0.09510 0.37531 1.130 0.269 1580.934 0.02115
-0.04331 0.02276 0.08167 0.09520 0.37639 1.280 0.281 1580.971 0.02117
-0.04336 0.02279 0.08177 0.09531 0.37746 1.313 0.284 1581.008 0.02119
-0.04340 0.02281 0.08186 0.09542 0.37854 0.945 0.252 1581.044 0.02122
-0.04345 0.02284 0.08195 0.09553 0.37962 0.876 0.245 1581.081 0.02124
-0.04350 0.02286 0.08204 0.09564 0.38069 1.318 0.284 1581.118 0.02127
-0.04355 0.02289 0.08214 0.09575 0.38177 1.022 0.260 1581.155 0.02129
-0.04360 0.02292 0.08223 0.09585 0.38284 1.021 0.258 1581.191 0.02131
-0.04365 0.02294 0.08232 0.09596 0.38392 0.991 0.256 1581.228 0.02134
-0.04370 0.02297 0.08242 0.09607 0.38500 0.988 0.257 1581.265 0.02136
-0.04375 0.02299 0.08251 0.09618 0.38607 1.173 0.273 1581.301 0.02138
-0.04380 0.02302 0.08260 0.09629 0.38715 0.941 0.253 1581.338 0.02141
-0.04385 0.02304 0.08270 0.09640 0.38822 0.843 0.242 1581.375 0.02143
-0.04390 0.02307 0.08279 0.09651 0.38930 0.648 0.223 1581.412 0.02146
-0.04395 0.02310 0.08288 0.09661 0.39038 1.103 0.267 1581.448 0.02148
-0.04400 0.02312 0.08297 0.09672 0.39145 0.723 0.231 1581.485 0.02150
-0.04405 0.02315 0.08307 0.09683 0.39253 1.026 0.259 1581.522 0.02153
-0.04409 0.02317 0.08316 0.09694 0.39361 1.096 0.267 1581.559 0.02155
-0.04414 0.02320 0.08325 0.09705 0.39468 1.549 0.304 1581.595 0.02157
-0.04419 0.02323 0.08335 0.09716 0.39576 0.948 0.253 1581.632 0.02160
-0.04424 0.02325 0.08344 0.09726 0.39684 0.841 0.243 1581.669 0.02162
-0.04429 0.02328 0.08353 0.09737 0.39791 0.912 0.250 1581.705 0.02164
-0.04434 0.02330 0.08363 0.09748 0.39899 0.728 0.232 1581.742 0.02167
-0.04439 0.02333 0.08372 0.09759 0.40007 1.247 0.280 1581.779 0.02169
-0.04444 0.02336 0.08381 0.09770 0.40114 0.986 0.257 1581.816 0.02172
-0.04449 0.02338 0.08390 0.09781 0.40222 1.060 0.264 1581.852 0.02174
-0.04454 0.02341 0.08400 0.09791 0.40330 0.687 0.228 1581.889 0.02176
-0.04459 0.02343 0.08409 0.09802 0.40437 1.178 0.274 1581.926 0.02179
-0.04464 0.02346 0.08418 0.09813 0.40545 0.945 0.334 1581.962 0.02181
-0.04469 0.02349 0.08428 0.09824 0.40653 0.788 0.386 1581.999 0.02183
-0.04474 0.02351 0.08437 0.09835 0.40760 0.788 0.383 1582.036 0.02186
-0.04479 0.02354 0.08446 0.09846 0.40868 1.892 0.508 1582.073 0.02188
-0.04483 0.02356 0.08456 0.09857 0.40976 1.157 0.432 1582.109 0.02191
-0.04488 0.02359 0.08465 0.09867 0.41083 0.789 0.386 1582.146 0.02193
-0.04493 0.02362 0.08474 0.09878 0.41191 0.856 0.353 1582.183 0.02195
-0.04498 0.02364 0.08484 0.09889 0.41299 1.280 0.356 1582.219 0.02198
-0.04503 0.02367 0.08493 0.09900 0.41406 0.881 0.247 1582.256 0.02200
-0.04508 0.02369 0.08502 0.09911 0.41514 0.806 0.240 1582.293 0.02202
-0.04513 0.02372 0.08511 0.09922 0.41622 0.655 0.225 1582.330 0.02205
-0.04518 0.02374 0.08521 0.09932 0.41730 0.621 0.219 1582.366 0.02207
-0.04523 0.02377 0.08530 0.09943 0.41837 0.283 0.177 1582.403 0.02210
-0.04528 0.02380 0.08539 0.09954 0.41945 0.541 0.212 1582.440 0.02212
-0.04533 0.02382 0.08549 0.09965 0.42053 0.391 0.194 1582.477 0.02214
-0.04538 0.02385 0.08558 0.09976 0.42161 0.429 0.199 1582.513 0.02217
-0.04543 0.02387 0.08567 0.09987 0.42268 0.957 0.254 1582.550 0.02219
-0.04548 0.02390 0.08577 0.09998 0.42376 0.883 0.247 1582.587 0.02221
-0.04553 0.02393 0.08586 0.10008 0.42484 0.992 0.259 1582.623 0.02224
-0.04558 0.02395 0.08595 0.10019 0.42592 0.886 0.248 1582.660 0.02226
-0.04562 0.02398 0.08605 0.10030 0.42699 1.308 0.283 1582.697 0.02229
-0.04567 0.02400 0.08614 0.10041 0.42807 0.848 0.248 1582.734 0.02231
-0.04572 0.02403 0.08623 0.10052 0.42915 1.226 0.278 1582.770 0.02233
-0.04577 0.02406 0.08632 0.10063 0.43023 1.071 0.268 1582.807 0.02236
-0.04582 0.02408 0.08642 0.10074 0.43130 0.885 0.248 1582.844 0.02238
-0.04587 0.02411 0.08651 0.10084 0.43238 0.656 0.221 1582.880 0.02240
-0.04592 0.02413 0.08660 0.10095 0.43346 0.544 0.213 1582.917 0.02243
-0.04597 0.02416 0.08670 0.10106 0.43454 0.763 0.237 1582.954 0.02245
-0.04602 0.02419 0.08679 0.10117 0.43561 0.716 0.230 1582.991 0.02247
-0.04607 0.02421 0.08688 0.10128 0.43669 0.736 0.237 1583.027 0.02250
-0.04612 0.02424 0.08698 0.10139 0.43777 0.994 0.258 1583.064 0.02252
-0.04617 0.02426 0.08707 0.10149 0.43885 1.029 0.265 1583.101 0.02255
-0.04622 0.02429 0.08716 0.10160 0.43993 1.342 0.290 1583.137 0.02257
-0.04627 0.02432 0.08726 0.10171 0.44100 0.923 0.252 1583.174 0.02259
-0.04632 0.02434 0.08735 0.10182 0.44208 1.344 0.287 1583.211 0.02262
-0.04637 0.02437 0.08744 0.10193 0.44316 1.138 0.272 1583.248 0.02264
-0.04641 0.02439 0.08753 0.10204 0.44424 1.417 0.293 1583.284 0.02266
-0.04646 0.02442 0.08763 0.10215 0.44532 0.803 0.242 1583.321 0.02269
-0.04651 0.02445 0.08772 0.10225 0.44640 1.137 0.272 1583.358 0.02271
-0.04656 0.02447 0.08781 0.10236 0.44747 1.209 0.279 1583.395 0.02274
-0.04661 0.02450 0.08791 0.10247 0.44855 0.950 0.256 1583.431 0.02276
-0.04666 0.02452 0.08800 0.10258 0.44963 1.102 0.269 1583.468 0.02278
-0.04671 0.02455 0.08809 0.10269 0.45071 1.020 0.262 1583.505 0.02281
-0.04676 0.02458 0.08819 0.10280 0.45179 1.366 0.290 1583.541 0.02283
-0.04681 0.02460 0.08828 0.10291 0.45287 1.105 0.270 1583.578 0.02285
-0.04686 0.02463 0.08837 0.10302 0.45394 0.872 0.249 1583.615 0.02288
-0.04691 0.02465 0.08847 0.10312 0.45502 0.799 0.242 1583.652 0.02290
-0.04696 0.02468 0.08856 0.10323 0.45610 0.845 0.246 1583.688 0.02293
-0.04701 0.02471 0.08865 0.10334 0.45718 1.066 0.266 1583.725 0.02295
-0.04706 0.02473 0.08875 0.10345 0.45826 0.920 0.252 1583.762 0.02297
-0.04711 0.02476 0.08884 0.10356 0.45934 1.109 0.269 1583.798 0.02300
-0.04716 0.02478 0.08893 0.10367 0.46042 0.953 0.256 1583.835 0.02302
-0.04720 0.02481 0.08903 0.10378 0.46149 1.073 0.266 1583.872 0.02304
-0.04725 0.02483 0.08912 0.10388 0.46257 0.957 0.257 1583.909 0.02307
-0.04730 0.02486 0.08921 0.10399 0.46365 1.032 0.263 1583.945 0.02309
-0.04735 0.02489 0.08931 0.10410 0.46473 1.074 0.267 1583.982 0.02312
-0.04740 0.02491 0.08940 0.10421 0.46581 0.956 0.256 1584.019 0.02314
-0.04745 0.02494 0.08949 0.10432 0.46689 1.035 0.263 1584.055 0.02316
-0.04750 0.02496 0.08958 0.10443 0.46797 0.997 0.260 1584.092 0.02319
-0.04755 0.02499 0.08968 0.10454 0.46905 1.373 0.292 1584.129 0.02321
-0.04760 0.02502 0.08977 0.10464 0.47013 0.839 0.246 1584.166 0.02323
-0.04765 0.02504 0.08986 0.10475 0.47120 0.544 0.213 1584.202 0.02326
-0.04770 0.02507 0.08996 0.10486 0.47228 1.074 0.267 1584.239 0.02328
-0.04775 0.02509 0.09005 0.10497 0.47336 0.889 0.250 1584.276 0.02331
-0.04780 0.02512 0.09014 0.10508 0.47444 0.735 0.233 1584.313 0.02333
-0.04785 0.02515 0.09024 0.10519 0.47552 1.154 0.274 1584.349 0.02335
-0.04790 0.02517 0.09033 0.10530 0.47660 0.851 0.246 1584.386 0.02338
-0.04795 0.02520 0.09042 0.10541 0.47768 1.300 0.286 1584.423 0.02340
-0.04800 0.02522 0.09052 0.10551 0.47876 0.776 0.239 1584.459 0.02342
-0.04805 0.02525 0.09061 0.10562 0.47984 0.965 0.257 1584.496 0.02345
-0.04809 0.02528 0.09070 0.10573 0.48092 1.265 0.283 1584.533 0.02347
-0.04814 0.02530 0.09080 0.10584 0.48200 0.969 0.257 1584.570 0.02349
-0.04819 0.02533 0.09089 0.10595 0.48308 1.002 0.260 1584.606 0.02352
-0.04824 0.02535 0.09098 0.10606 0.48416 1.077 0.267 1584.643 0.02354
-0.04829 0.02538 0.09108 0.10617 0.48524 1.192 0.277 1584.680 0.02357
-0.04834 0.02541 0.09117 0.10628 0.48632 0.814 0.241 1584.716 0.02359
-0.04839 0.02543 0.09126 0.10638 0.48740 1.005 0.260 1584.753 0.02361
-0.04844 0.02546 0.09136 0.10649 0.48848 0.816 0.243 1584.790 0.02364
-0.04849 0.02548 0.09145 0.10660 0.48955 1.004 0.261 1584.827 0.02366
-0.04854 0.02551 0.09154 0.10671 0.49063 1.080 0.266 1584.863 0.02368
-0.04859 0.02554 0.09164 0.10682 0.49171 1.000 0.261 1584.900 0.02371
-0.04864 0.02556 0.09173 0.10693 0.49279 1.266 0.283 1584.937 0.02373
-0.04869 0.02559 0.09182 0.10704 0.49387 1.037 0.264 1584.974 0.02376
-0.04874 0.02561 0.09192 0.10715 0.49495 1.221 0.280 1585.010 0.02378
-0.04879 0.02564 0.09201 0.10725 0.49603 1.034 0.264 1585.047 0.02380
-0.04884 0.02567 0.09210 0.10736 0.49711 0.964 0.257 1585.084 0.02383
-0.04889 0.02569 0.09220 0.10747 0.49819 0.922 0.253 1585.120 0.02385
-0.04894 0.02572 0.09229 0.10758 0.49927 0.881 0.250 1585.157 0.02387
-0.04898 0.02574 0.09238 0.10769 0.50035 0.882 0.250 1585.194 0.02390
-0.04903 0.02577 0.09248 0.10780 0.50143 0.813 0.243 1585.231 0.02392
-0.04908 0.02580 0.09257 0.10791 0.50251 1.148 0.274 1585.267 0.02395
-0.04913 0.02582 0.09266 0.10802 0.50359 0.849 0.247 1585.304 0.02397
-0.04918 0.02585 0.09276 0.10812 0.50467 0.851 0.247 1585.341 0.02399
-0.04923 0.02587 0.09285 0.10823 0.50575 1.074 0.267 1585.377 0.02402
-0.04928 0.02590 0.09294 0.10834 0.50684 0.732 0.235 1585.414 0.02404
-0.04933 0.02593 0.09304 0.10845 0.50792 0.922 0.254 1585.451 0.02406
-0.04938 0.02595 0.09313 0.10856 0.50900 1.152 0.274 1585.488 0.02409
-0.04943 0.02598 0.09322 0.10867 0.51008 1.185 0.278 1585.524 0.02411
-0.04948 0.02600 0.09332 0.10878 0.51116 0.919 0.254 1585.561 0.02414
-0.04953 0.02603 0.09341 0.10889 0.51224 1.226 0.281 1585.598 0.02416
-0.04958 0.02606 0.09350 0.10899 0.51332 0.918 0.254 1585.634 0.02418
-0.04963 0.02608 0.09360 0.10910 0.51440 1.301 0.285 1585.671 0.02421
-0.04968 0.02611 0.09369 0.10921 0.51548 1.373 0.293 1585.708 0.02423
-0.04973 0.02613 0.09378 0.10932 0.51656 0.880 0.251 1585.745 0.02425
-0.04978 0.02616 0.09388 0.10943 0.51764 0.655 0.228 1585.781 0.02428
-0.04983 0.02619 0.09397 0.10954 0.51872 0.922 0.254 1585.818 0.02430
-0.04988 0.02621 0.09406 0.10965 0.51980 1.256 0.284 1585.855 0.02432
-0.04993 0.02624 0.09416 0.10976 0.52088 0.847 0.247 1585.892 0.02435
-0.04997 0.02626 0.09425 0.10987 0.52196 0.887 0.250 1585.928 0.02437
-0.05002 0.02629 0.09434 0.10997 0.52304 0.921 0.254 1585.965 0.02440
-0.05007 0.02632 0.09444 0.11008 0.52413 0.699 0.232 1586.002 0.02442
-0.05012 0.02634 0.09453 0.11019 0.52521 0.660 0.226 1586.038 0.02444
-0.05017 0.02637 0.09462 0.11030 0.52629 1.306 0.287 1586.075 0.02447
-0.05022 0.02639 0.09472 0.11041 0.52737 0.969 0.257 1586.112 0.02449
-0.05027 0.02642 0.09481 0.11052 0.52845 1.077 0.268 1586.149 0.02451
-0.05032 0.02645 0.09490 0.11063 0.52953 1.269 0.283 1586.185 0.02454
-0.05037 0.02647 0.09500 0.11074 0.53061 1.085 0.268 1586.222 0.02456
-0.05042 0.02650 0.09509 0.11084 0.53169 0.704 0.232 1586.259 0.02459
-0.05047 0.02653 0.09518 0.11095 0.53277 1.159 0.274 1586.295 0.02461
-0.05052 0.02655 0.09528 0.11106 0.53385 1.194 0.278 1586.332 0.02463
-0.05057 0.02658 0.09537 0.11117 0.53494 1.308 0.287 1586.369 0.02466
-0.05062 0.02660 0.09546 0.11128 0.53602 1.273 0.284 1586.406 0.02468
-0.05067 0.02663 0.09556 0.11139 0.53710 1.308 0.287 1586.442 0.02470
-0.05072 0.02666 0.09565 0.11150 0.53818 1.039 0.265 1586.479 0.02473
-0.05077 0.02668 0.09574 0.11161 0.53926 1.045 0.265 1586.516 0.02475
-0.05082 0.02671 0.09584 0.11172 0.54034 1.043 0.265 1586.552 0.02478
-0.05087 0.02673 0.09593 0.11183 0.54142 1.003 0.261 1586.589 0.02480
-0.05092 0.02676 0.09602 0.11193 0.54251 1.118 0.271 1586.626 0.02482
-0.05097 0.02679 0.09612 0.11204 0.54359 1.197 0.278 1586.663 0.02485
-0.05101 0.02681 0.09621 0.11215 0.54467 1.194 0.278 1586.699 0.02487
-0.05106 0.02684 0.09630 0.11226 0.54575 0.963 0.258 1586.736 0.02489
-0.05111 0.02686 0.09640 0.11237 0.54683 1.202 0.278 1586.773 0.02492
-0.05116 0.02689 0.09649 0.11248 0.54791 1.201 0.278 1586.810 0.02494
-0.05121 0.02692 0.09659 0.11259 0.54900 1.508 0.302 1586.846 0.02497
-0.05126 0.02694 0.09668 0.11270 0.55008 0.858 0.246 1586.883 0.02499
-0.05131 0.02697 0.09677 0.11281 0.55116 1.047 0.265 1586.920 0.02501
-0.05136 0.02699 0.09687 0.11291 0.55224 0.745 0.236 1586.956 0.02504
-0.05141 0.02702 0.09696 0.11302 0.55332 1.421 0.296 1586.993 0.02506
-0.05146 0.02705 0.09705 0.11313 0.55440 1.050 0.265 1587.030 0.02508
-0.05151 0.02707 0.09715 0.11324 0.55549 1.044 0.265 1587.067 0.02511
-0.05156 0.02710 0.09724 0.11335 0.55657 1.046 0.263 1587.103 0.02513
-0.05161 0.02712 0.09733 0.11346 0.55765 1.197 0.278 1587.140 0.02516
-0.05166 0.02715 0.09743 0.11357 0.55873 1.011 0.262 1587.177 0.02518
-0.05171 0.02718 0.09752 0.11368 0.55982 1.005 0.262 1587.213 0.02520
-0.05176 0.02720 0.09761 0.11379 0.56090 0.892 0.251 1587.250 0.02523
-0.05181 0.02723 0.09771 0.11390 0.56198 0.786 0.240 1587.287 0.02525
-0.05186 0.02725 0.09780 0.11400 0.56306 1.088 0.268 1587.324 0.02527
-0.05191 0.02728 0.09789 0.11411 0.56414 1.084 0.269 1587.360 0.02530
-0.05196 0.02731 0.09799 0.11422 0.56523 1.422 0.297 1587.397 0.02532
-0.05201 0.02733 0.09808 0.11433 0.56631 0.889 0.251 1587.434 0.02534
-0.05206 0.02736 0.09817 0.11444 0.56739 1.120 0.271 1587.471 0.02537
-0.05211 0.02738 0.09827 0.11455 0.56847 1.158 0.274 1587.507 0.02539
-0.05216 0.02741 0.09836 0.11466 0.56956 0.895 0.249 1587.544 0.02542
-0.05220 0.02744 0.09845 0.11477 0.57064 1.044 0.265 1587.581 0.02544
-0.05225 0.02746 0.09855 0.11488 0.57172 1.004 0.262 1587.617 0.02546
-0.05230 0.02749 0.09864 0.11499 0.57280 1.192 0.279 1587.654 0.02549
-0.05235 0.02751 0.09874 0.11509 0.57389 0.741 0.235 1587.691 0.02551
-0.05240 0.02754 0.09883 0.11520 0.57497 0.779 0.240 1587.728 0.02553
-0.05245 0.02757 0.09892 0.11531 0.57605 0.966 0.258 1587.764 0.02556
-0.05250 0.02759 0.09902 0.11542 0.57713 1.230 0.280 1587.801 0.02558
-0.05255 0.02762 0.09911 0.11553 0.57822 0.624 0.223 1587.838 0.02561
-0.05260 0.02765 0.09920 0.11564 0.57930 0.854 0.248 1587.874 0.02563
-0.05265 0.02767 0.09930 0.11575 0.58038 1.004 0.262 1587.911 0.02565
-0.05270 0.02770 0.09939 0.11586 0.58147 0.930 0.254 1587.948 0.02568
-0.05275 0.02772 0.09948 0.11597 0.58255 1.005 0.262 1587.985 0.02570
-0.05280 0.02775 0.09958 0.11608 0.58363 1.076 0.269 1588.021 0.02572
-0.05285 0.02778 0.09967 0.11618 0.58471 0.814 0.244 1588.058 0.02575
-0.05290 0.02780 0.09976 0.11629 0.58580 0.814 0.244 1588.095 0.02577
-0.05295 0.02783 0.09986 0.11640 0.58688 0.889 0.251 1588.131 0.02580
-0.05300 0.02785 0.09995 0.11651 0.58796 1.152 0.275 1588.168 0.02582
-0.05305 0.02788 0.10005 0.11662 0.58905 1.311 0.288 1588.205 0.02584
-0.05310 0.02791 0.10014 0.11673 0.59013 0.864 0.248 1588.242 0.02587
-0.05315 0.02793 0.10023 0.11684 0.59121 1.166 0.279 1588.278 0.02589
-0.05320 0.02796 0.10033 0.11695 0.59230 0.647 0.223 1588.315 0.02591
-0.05325 0.02798 0.10042 0.11706 0.59338 0.749 0.237 1588.352 0.02594
-0.05330 0.02801 0.10051 0.11717 0.59446 1.519 0.305 1588.389 0.02596
-0.05335 0.02804 0.10061 0.11728 0.59555 0.965 0.259 1588.425 0.02599
-0.05340 0.02806 0.10070 0.11738 0.59663 1.288 0.287 1588.462 0.02601
-0.05344 0.02809 0.10079 0.11749 0.59771 1.331 0.290 1588.499 0.02603
-0.05349 0.02811 0.10089 0.11760 0.59880 0.909 0.255 1588.535 0.02606
-0.05354 0.02814 0.10098 0.11771 0.59988 0.837 0.246 1588.572 0.02608
-0.05359 0.02817 0.10107 0.11782 0.60096 0.594 0.223 1588.609 0.02610
-0.05364 0.02819 0.10117 0.11793 0.60205 0.739 0.240 1588.646 0.02613
-0.05369 0.02822 0.10126 0.11804 0.60313 0.881 0.252 1588.682 0.02615
-0.05374 0.02825 0.10136 0.11815 0.60421 1.006 0.262 1588.719 0.02618
-0.05379 0.02827 0.10145 0.11826 0.60530 0.992 0.292 1588.756 0.02620
-0.05384 0.02830 0.10154 0.11837 0.60638 0.947 0.254 1588.792 0.02622
-0.05389 0.02832 0.10164 0.11848 0.60746 0.971 0.258 1588.829 0.02625
-0.05394 0.02835 0.10173 0.11858 0.60855 0.787 0.240 1588.866 0.02627
-0.05399 0.02838 0.10182 0.11869 0.60963 0.967 0.258 1588.903 0.02629
-0.05404 0.02840 0.10192 0.11880 0.61072 0.929 0.255 1588.939 0.02632
-0.05409 0.02843 0.10201 0.11891 0.61180 0.886 0.252 1588.976 0.02634
-0.05414 0.02845 0.10210 0.11902 0.61288 0.661 0.228 1589.013 0.02636
-0.05419 0.02848 0.10220 0.11913 0.61397 1.194 0.278 1589.049 0.02639
-0.05424 0.02851 0.10229 0.11924 0.61505 1.003 0.262 1589.086 0.02641
-0.05429 0.02853 0.10239 0.11935 0.61614 0.848 0.247 1589.123 0.02644
-0.05434 0.02856 0.10248 0.11946 0.61722 1.001 0.262 1589.160 0.02646
-0.05439 0.02858 0.10257 0.11957 0.61830 1.037 0.265 1589.196 0.02648
-0.05444 0.02861 0.10267 0.11968 0.61939 0.809 0.243 1589.233 0.02651
-0.05449 0.02864 0.10276 0.11979 0.62047 1.188 0.279 1589.270 0.02653
-0.05454 0.02866 0.10285 0.11989 0.62156 0.886 0.251 1589.307 0.02655
-0.05459 0.02869 0.10295 0.12000 0.62264 0.771 0.240 1589.343 0.02658
-0.05464 0.02871 0.10304 0.12011 0.62373 1.039 0.265 1589.380 0.02660
-0.05469 0.02874 0.10313 0.12022 0.62481 0.469 0.206 1589.417 0.02663
-0.05474 0.02877 0.10323 0.12033 0.62589 1.114 0.272 1589.453 0.02665
-0.05479 0.02879 0.10332 0.12044 0.62698 0.811 0.244 1589.490 0.02667
-0.05484 0.02882 0.10342 0.12055 0.62806 1.341 0.290 1589.527 0.02670
-0.05488 0.02885 0.10351 0.12066 0.62915 0.811 0.244 1589.564 0.02672
-0.05493 0.02887 0.10360 0.12077 0.63023 0.659 0.228 1589.600 0.02674
-0.05498 0.02890 0.10370 0.12088 0.63132 0.661 0.228 1589.637 0.02677
-0.05503 0.02892 0.10379 0.12099 0.63240 1.117 0.272 1589.674 0.02679
-0.05508 0.02895 0.10388 0.12110 0.63349 0.700 0.232 1589.710 0.02682
-0.05513 0.02898 0.10398 0.12121 0.63457 0.847 0.248 1589.747 0.02684
-0.05518 0.02900 0.10407 0.12131 0.63565 0.923 0.255 1589.784 0.02686
-0.05523 0.02903 0.10417 0.12142 0.63674 0.509 0.211 1589.821 0.02689
-0.05528 0.02905 0.10426 0.12153 0.63782 1.002 0.261 1589.857 0.02691
-0.05533 0.02908 0.10435 0.12164 0.63891 0.929 0.255 1589.894 0.02693
-0.05538 0.02911 0.10445 0.12175 0.63999 0.962 0.258 1589.931 0.02696
-0.05543 0.02913 0.10454 0.12186 0.64108 0.814 0.242 1589.968 0.02698
-0.05548 0.02916 0.10463 0.12197 0.64216 0.926 0.255 1590.004 0.02701
-0.05553 0.02918 0.10473 0.12208 0.64325 1.227 0.281 1590.041 0.02703
-0.05558 0.02921 0.10482 0.12219 0.64433 1.080 0.268 1590.078 0.02705
-0.05563 0.02924 0.10492 0.12230 0.64542 1.003 0.261 1590.114 0.02708
-0.05568 0.02926 0.10501 0.12241 0.64650 0.697 0.232 1590.151 0.02710
-0.05573 0.02929 0.10510 0.12252 0.64759 0.922 0.255 1590.188 0.02712
-0.05578 0.02932 0.10520 0.12263 0.64867 1.229 0.281 1590.225 0.02715
-0.05583 0.02934 0.10529 0.12274 0.64976 1.074 0.268 1590.261 0.02717
-0.05588 0.02937 0.10538 0.12284 0.65084 1.151 0.275 1590.298 0.02719
-0.05593 0.02939 0.10548 0.12295 0.65193 0.775 0.239 1590.335 0.02722
-0.05598 0.02942 0.10557 0.12306 0.65301 1.152 0.275 1590.371 0.02724
-0.05603 0.02945 0.10567 0.12317 0.65410 0.850 0.248 1590.408 0.02727
-0.05608 0.02947 0.10576 0.12328 0.65519 1.112 0.271 1590.445 0.02729
-0.05613 0.02950 0.10585 0.12339 0.65627 1.041 0.265 1590.482 0.02731
-0.05618 0.02952 0.10595 0.12350 0.65736 0.851 0.248 1590.518 0.02734
-0.05623 0.02955 0.10604 0.12361 0.65844 1.154 0.275 1590.555 0.02736
-0.05628 0.02958 0.10613 0.12372 0.65953 1.036 0.264 1590.592 0.02738
-0.05633 0.02960 0.10623 0.12383 0.66061 0.774 0.240 1590.628 0.02741
-0.05638 0.02963 0.10632 0.12394 0.66170 0.959 0.257 1590.665 0.02743
-0.05643 0.02966 0.10642 0.12405 0.66278 0.884 0.251 1590.702 0.02746
-0.05648 0.02968 0.10651 0.12416 0.66387 1.149 0.274 1590.739 0.02748
-0.05653 0.02971 0.10660 0.12427 0.66496 0.962 0.258 1590.775 0.02750
-0.05657 0.02973 0.10670 0.12437 0.66604 0.921 0.255 1590.812 0.02753
-0.05662 0.02976 0.10679 0.12448 0.66713 1.037 0.265 1590.849 0.02755
-0.05667 0.02979 0.10688 0.12459 0.66821 1.112 0.271 1590.886 0.02757
-0.05672 0.02981 0.10698 0.12470 0.66930 0.884 0.250 1590.922 0.02760
-0.05677 0.02984 0.10707 0.12481 0.67038 0.848 0.246 1590.959 0.02762
-0.05682 0.02986 0.10717 0.12492 0.67147 1.073 0.268 1590.996 0.02765
-0.05687 0.02989 0.10726 0.12503 0.67256 0.812 0.244 1591.032 0.02767
-0.05692 0.02992 0.10735 0.12514 0.67364 0.923 0.253 1591.069 0.02769
-0.05697 0.02994 0.10745 0.12525 0.67473 1.001 0.261 1591.106 0.02772
-0.05702 0.02997 0.10754 0.12536 0.67581 0.924 0.255 1591.143 0.02774
-0.05707 0.02999 0.10764 0.12547 0.67690 0.735 0.236 1591.179 0.02776
-0.05712 0.03002 0.10773 0.12558 0.67799 0.922 0.255 1591.216 0.02779
-0.05717 0.03005 0.10782 0.12569 0.67907 0.547 0.214 1591.253 0.02781
-0.05722 0.03007 0.10792 0.12580 0.68016 1.299 0.287 1591.289 0.02784
-0.05727 0.03010 0.10801 0.12591 0.68125 1.223 0.281 1591.326 0.02786
-0.05732 0.03013 0.10810 0.12602 0.68233 1.035 0.265 1591.363 0.02788
-0.05737 0.03015 0.10820 0.12612 0.68342 1.110 0.271 1591.400 0.02791
-0.05742 0.03018 0.10829 0.12623 0.68450 1.223 0.280 1591.436 0.02793
-0.05747 0.03020 0.10839 0.12634 0.68559 1.068 0.268 1591.473 0.02795
-0.05752 0.03023 0.10848 0.12645 0.68668 1.071 0.268 1591.510 0.02798
-0.05757 0.03026 0.10857 0.12656 0.68776 0.880 0.250 1591.546 0.02800
-0.05762 0.03028 0.10867 0.12667 0.68885 1.371 0.293 1591.583 0.02803
-0.05767 0.03031 0.10876 0.12678 0.68994 1.182 0.278 1591.620 0.02805
-0.05772 0.03033 0.10886 0.12689 0.69102 1.296 0.287 1591.657 0.02807
-0.05777 0.03036 0.10895 0.12700 0.69211 0.844 0.247 1591.693 0.02810
-0.05782 0.03039 0.10904 0.12711 0.69320 1.102 0.271 1591.730 0.02812
-0.05787 0.03041 0.10914 0.12722 0.69428 1.405 0.296 1591.767 0.02814
-0.05792 0.03044 0.10923 0.12733 0.69537 0.992 0.261 1591.804 0.02817
-0.05797 0.03047 0.10932 0.12744 0.69646 1.108 0.271 1591.840 0.02819
-0.05802 0.03049 0.10942 0.12755 0.69754 0.582 0.219 1591.877 0.02821
-0.05807 0.03052 0.10951 0.12766 0.69863 1.032 0.264 1591.914 0.02824
-0.05812 0.03054 0.10961 0.12777 0.69972 1.219 0.281 1591.950 0.02826
-0.05817 0.03057 0.10970 0.12788 0.70080 1.255 0.283 1591.987 0.02829
-0.05822 0.03060 0.10979 0.12799 0.70189 1.141 0.274 1592.024 0.02831
-0.05827 0.03062 0.10989 0.12809 0.70298 0.950 0.258 1592.061 0.02833
-0.05832 0.03065 0.10998 0.12820 0.70406 0.877 0.250 1592.097 0.02836
-0.05837 0.03068 0.11008 0.12831 0.70515 1.254 0.284 1592.134 0.02838
-0.05842 0.03070 0.11017 0.12842 0.70624 1.141 0.274 1592.171 0.02840
-0.05847 0.03073 0.11026 0.12853 0.70733 1.253 0.283 1592.207 0.02843
-0.05852 0.03075 0.11036 0.12864 0.70841 1.024 0.265 1592.244 0.02845
-0.05857 0.03078 0.11045 0.12875 0.70950 1.023 0.265 1592.281 0.02848
-0.05862 0.03081 0.11055 0.12886 0.71059 0.838 0.247 1592.318 0.02850
-0.05867 0.03083 0.11064 0.12897 0.71167 1.212 0.280 1592.354 0.02852
-0.05872 0.03086 0.11073 0.12908 0.71276 0.722 0.235 1592.391 0.02855
-0.05876 0.03088 0.11083 0.12919 0.71385 1.024 0.264 1592.428 0.02857
-0.05881 0.03091 0.11092 0.12930 0.71494 0.870 0.251 1592.465 0.02859
-0.05886 0.03094 0.11102 0.12941 0.71602 1.470 0.301 1592.501 0.02862
-0.05891 0.03096 0.11111 0.12952 0.71711 0.609 0.223 1592.538 0.02864
-0.05896 0.03099 0.11120 0.12963 0.71820 1.024 0.264 1592.575 0.02867
-0.05901 0.03102 0.11130 0.12974 0.71929 0.873 0.250 1592.611 0.02869
-0.05906 0.03104 0.11139 0.12985 0.72037 1.212 0.281 1592.648 0.02871
-0.05911 0.03107 0.11149 0.12996 0.72146 1.063 0.268 1592.685 0.02874
-0.05916 0.03109 0.11158 0.13007 0.72255 1.023 0.264 1592.722 0.02876
-0.05921 0.03112 0.11167 0.13018 0.72364 0.949 0.257 1592.758 0.02878
-0.05926 0.03115 0.11177 0.13028 0.72473 1.217 0.280 1592.795 0.02881
-0.05931 0.03117 0.11186 0.13039 0.72581 1.179 0.277 1592.832 0.02883
-0.05936 0.03120 0.11195 0.13050 0.72690 0.878 0.250 1592.868 0.02886
-0.05941 0.03122 0.11205 0.13061 0.72799 1.290 0.287 1592.905 0.02888
-0.05946 0.03125 0.11214 0.13072 0.72908 0.726 0.235 1592.942 0.02890
-0.05951 0.03128 0.11224 0.13083 0.73016 0.763 0.239 1592.979 0.02893
-0.05956 0.03130 0.11233 0.13094 0.73125 0.952 0.257 1593.015 0.02895
-0.05961 0.03133 0.11242 0.13105 0.73234 0.877 0.250 1593.052 0.02897
-0.05966 0.03136 0.11252 0.13116 0.73343 1.040 0.263 1593.089 0.02900
-0.05971 0.03138 0.11261 0.13127 0.73452 0.961 0.256 1593.125 0.02902
-0.05976 0.03141 0.11271 0.13138 0.73560 1.075 0.270 1593.162 0.02904
-0.05981 0.03143 0.11280 0.13149 0.73669 1.314 0.286 1593.199 0.02907
-0.05986 0.03146 0.11289 0.13160 0.73778 0.894 0.253 1593.236 0.02909
-0.05991 0.03149 0.11299 0.13171 0.73887 1.017 0.264 1593.272 0.02912
-0.05996 0.03151 0.11308 0.13182 0.73996 0.901 0.253 1593.309 0.02914
-0.06001 0.03154 0.11318 0.13193 0.74105 1.170 0.277 1593.346 0.02916
-0.06006 0.03157 0.11327 0.13204 0.74213 0.999 0.264 1593.383 0.02919
-0.06011 0.03159 0.11336 0.13215 0.74322 1.397 0.292 1593.419 0.02921
-0.06016 0.03162 0.11346 0.13226 0.74431 0.930 0.254 1593.456 0.02923
-0.06021 0.03164 0.11355 0.13237 0.74540 0.822 0.243 1593.493 0.02926
-0.06026 0.03167 0.11365 0.13248 0.74649 0.992 0.257 1593.529 0.02928
-0.06031 0.03170 0.11374 0.13259 0.74758 1.347 0.289 1593.566 0.02931
-0.06036 0.03172 0.11384 0.13270 0.74866 0.839 0.246 1593.603 0.02933
-0.06041 0.03175 0.11393 0.13281 0.74975 1.000 0.261 1593.640 0.02935
-0.06046 0.03178 0.11402 0.13291 0.75084 1.440 0.298 1593.676 0.02938
-0.06051 0.03180 0.11412 0.13302 0.75193 0.993 0.261 1593.713 0.02940
-0.06056 0.03183 0.11421 0.13313 0.75302 1.140 0.273 1593.750 0.02942
-0.06061 0.03185 0.11431 0.13324 0.75411 1.030 0.264 1593.786 0.02945
-0.06066 0.03188 0.11440 0.13335 0.75520 1.066 0.267 1593.823 0.02947
-0.06071 0.03191 0.11449 0.13346 0.75628 0.918 0.253 1593.860 0.02950
-0.06076 0.03193 0.11459 0.13357 0.75737 0.952 0.257 1593.897 0.02952
-0.06081 0.03196 0.11468 0.13368 0.75846 0.503 0.208 1593.933 0.02954
-0.06086 0.03198 0.11478 0.13379 0.75955 0.801 0.243 1593.970 0.02957
-0.06091 0.03201 0.11487 0.13390 0.76064 0.802 0.241 1594.007 0.02959
-0.06096 0.03204 0.11496 0.13401 0.76173 1.324 0.289 1594.043 0.02961
-0.06101 0.03206 0.11506 0.13412 0.76282 1.251 0.283 1594.080 0.02964
-0.06106 0.03209 0.11515 0.13423 0.76391 1.026 0.264 1594.117 0.02966
-0.06111 0.03212 0.11525 0.13434 0.76500 0.837 0.246 1594.154 0.02969
-0.06116 0.03214 0.11534 0.13445 0.76609 0.837 0.246 1594.190 0.02971
-0.06121 0.03217 0.11543 0.13456 0.76717 1.135 0.274 1594.227 0.02973
-0.06126 0.03219 0.11553 0.13467 0.76826 0.836 0.246 1594.264 0.02976
-0.06131 0.03222 0.11562 0.13478 0.76935 1.098 0.270 1594.301 0.02978
-0.06136 0.03225 0.11572 0.13489 0.77044 1.135 0.273 1594.337 0.02980
-0.06141 0.03227 0.11581 0.13500 0.77153 1.250 0.282 1594.374 0.02983
-0.06146 0.03230 0.11590 0.13511 0.77262 1.027 0.263 1594.411 0.02985
-0.06151 0.03233 0.11600 0.13522 0.77371 1.326 0.289 1594.447 0.02988
-0.06156 0.03235 0.11609 0.13533 0.77480 1.323 0.289 1594.484 0.02990
-0.06161 0.03238 0.11619 0.13544 0.77589 1.097 0.270 1594.521 0.02992
-0.06166 0.03240 0.11628 0.13555 0.77698 0.986 0.260 1594.558 0.02995
-0.06171 0.03243 0.11638 0.13566 0.77807 1.024 0.262 1594.594 0.02997
-0.06176 0.03246 0.11647 0.13577 0.77916 1.063 0.267 1594.631 0.02999
-0.06181 0.03248 0.11656 0.13588 0.78025 0.988 0.259 1594.668 0.03002
-0.06186 0.03251 0.11666 0.13599 0.78134 0.986 0.260 1594.704 0.03004
-0.06191 0.03254 0.11675 0.13610 0.78243 0.576 0.218 1594.741 0.03006
-0.06196 0.03256 0.11685 0.13621 0.78352 1.210 0.279 1594.778 0.03009
-0.06201 0.03259 0.11694 0.13632 0.78461 0.949 0.256 1594.815 0.03011
-0.06206 0.03261 0.11703 0.13642 0.78570 1.360 0.291 1594.851 0.03014
-0.06211 0.03264 0.11713 0.13653 0.78679 1.024 0.263 1594.888 0.03016
-0.06216 0.03267 0.11722 0.13664 0.78788 0.912 0.252 1594.925 0.03018
-0.06221 0.03269 0.11732 0.13675 0.78897 0.725 0.233 1594.962 0.03021
-0.06226 0.03272 0.11741 0.13686 0.79006 1.024 0.263 1594.998 0.03023
-0.06231 0.03275 0.11751 0.13697 0.79115 0.726 0.234 1595.035 0.03025
-0.06236 0.03277 0.11760 0.13708 0.79224 0.988 0.260 1595.072 0.03028
-0.06241 0.03280 0.11769 0.13719 0.79333 0.762 0.238 1595.108 0.03030
-0.06246 0.03282 0.11779 0.13730 0.79442 1.211 0.279 1595.145 0.03033
-0.06251 0.03285 0.11788 0.13741 0.79551 1.023 0.262 1595.182 0.03035
-0.06256 0.03288 0.11798 0.13752 0.79660 1.136 0.273 1595.219 0.03037
-0.06261 0.03290 0.11807 0.13763 0.79769 1.062 0.266 1595.255 0.03040
-0.06266 0.03293 0.11816 0.13774 0.79878 0.911 0.253 1595.292 0.03042
-0.06271 0.03296 0.11826 0.13785 0.79987 1.098 0.269 1595.329 0.03044
-0.06276 0.03298 0.11835 0.13796 0.80096 0.763 0.238 1595.365 0.03047
-0.06281 0.03301 0.11845 0.13807 0.80205 1.397 0.294 1595.402 0.03049
-0.06286 0.03303 0.11854 0.13818 0.80314 1.136 0.273 1595.439 0.03052
-0.06291 0.03306 0.11864 0.13829 0.80423 0.839 0.246 1595.476 0.03054
-0.06296 0.03309 0.11873 0.13840 0.80532 1.061 0.266 1595.512 0.03056
-0.06300 0.03311 0.11882 0.13851 0.80641 0.836 0.245 1595.549 0.03059
-0.06305 0.03314 0.11892 0.13862 0.80750 1.210 0.279 1595.586 0.03061
-0.06310 0.03317 0.11901 0.13873 0.80859 0.948 0.256 1595.622 0.03063
-0.06315 0.03319 0.11911 0.13884 0.80968 1.210 0.278 1595.659 0.03066
-0.06320 0.03322 0.11920 0.13895 0.81077 1.284 0.284 1595.696 0.03068
-0.06325 0.03324 0.11929 0.13906 0.81186 0.909 0.252 1595.733 0.03071
-0.06330 0.03327 0.11939 0.13917 0.81295 1.059 0.266 1595.769 0.03073
-0.06335 0.03330 0.11948 0.13928 0.81404 0.985 0.259 1595.806 0.03075
-0.06340 0.03332 0.11958 0.13939 0.81513 0.686 0.229 1595.843 0.03078
-0.06345 0.03335 0.11967 0.13950 0.81622 0.909 0.252 1595.880 0.03080
-0.06350 0.03338 0.11977 0.13961 0.81732 1.205 0.278 1595.916 0.03082
-0.06355 0.03340 0.11986 0.13972 0.81841 1.168 0.275 1595.953 0.03085
-0.06360 0.03343 0.11995 0.13983 0.81950 1.019 0.263 1595.990 0.03087
-0.06365 0.03345 0.12005 0.13994 0.82059 0.796 0.240 1596.026 0.03089
-0.06370 0.03348 0.12014 0.14005 0.82168 1.278 0.285 1596.063 0.03092
-0.06375 0.03351 0.12024 0.14016 0.82277 1.092 0.269 1596.100 0.03094
-0.06380 0.03353 0.12033 0.14027 0.82386 1.056 0.266 1596.137 0.03097
-0.06385 0.03356 0.12043 0.14038 0.82495 0.721 0.234 1596.173 0.03099
-0.06390 0.03359 0.12052 0.14049 0.82604 1.092 0.269 1596.210 0.03101
-0.06395 0.03361 0.12061 0.14060 0.82713 0.980 0.259 1596.247 0.03104
-0.06400 0.03364 0.12071 0.14071 0.82823 1.093 0.269 1596.283 0.03106
-0.06405 0.03366 0.12080 0.14082 0.82932 0.907 0.251 1596.320 0.03108
-0.06410 0.03369 0.12090 0.14093 0.83041 1.168 0.275 1596.357 0.03111
-0.06415 0.03372 0.12099 0.14104 0.83150 0.983 0.259 1596.394 0.03113
-0.06420 0.03374 0.12109 0.14115 0.83259 1.167 0.275 1596.430 0.03116
-0.06425 0.03377 0.12118 0.14126 0.83368 1.021 0.262 1596.467 0.03118
-0.06430 0.03380 0.12127 0.14137 0.83477 0.908 0.252 1596.504 0.03120
-0.06435 0.03382 0.12137 0.14148 0.83587 1.058 0.265 1596.540 0.03123
-0.06440 0.03385 0.12146 0.14159 0.83696 1.278 0.284 1596.577 0.03125
-0.06445 0.03387 0.12156 0.14170 0.83805 1.019 0.262 1596.614 0.03127
-0.06450 0.03390 0.12165 0.14181 0.83914 0.868 0.248 1596.651 0.03130
-0.06455 0.03393 0.12175 0.14192 0.84023 0.870 0.248 1596.687 0.03132
-0.06460 0.03395 0.12184 0.14203 0.84132 0.870 0.248 1596.724 0.03135
-0.06465 0.03398 0.12193 0.14214 0.84241 0.759 0.237 1596.761 0.03137
-0.06470 0.03401 0.12203 0.14225 0.84351 0.869 0.248 1596.798 0.03139
-0.06475 0.03403 0.12212 0.14236 0.84460 0.943 0.255 1596.834 0.03142
-0.06480 0.03406 0.12222 0.14247 0.84569 0.830 0.243 1596.871 0.03144
-0.06485 0.03408 0.12231 0.14258 0.84678 0.904 0.252 1596.908 0.03146
-0.06490 0.03411 0.12241 0.14269 0.84787 0.979 0.258 1596.944 0.03149
-0.06495 0.03414 0.12250 0.14280 0.84897 0.941 0.255 1596.981 0.03151
-0.06500 0.03416 0.12259 0.14291 0.85006 0.903 0.250 1597.018 0.03154
-0.06505 0.03419 0.12269 0.14302 0.85115 0.643 0.225 1597.055 0.03156
-0.06510 0.03422 0.12278 0.14313 0.85224 0.790 0.241 1597.091 0.03158
-0.06515 0.03424 0.12288 0.14324 0.85333 0.752 0.237 1597.128 0.03161
-0.06520 0.03427 0.12297 0.14335 0.85443 0.751 0.237 1597.165 0.03163
-0.06525 0.03430 0.12307 0.14346 0.85552 0.753 0.237 1597.201 0.03165
-0.06530 0.03432 0.12316 0.14357 0.85661 0.864 0.247 1597.238 0.03168
-0.06535 0.03435 0.12326 0.14368 0.85770 0.642 0.225 1597.275 0.03170
-0.06540 0.03437 0.12335 0.14379 0.85879 0.825 0.243 1597.312 0.03173
-0.06545 0.03440 0.12344 0.14390 0.85989 0.677 0.229 1597.348 0.03175
-0.06550 0.03443 0.12354 0.14401 0.86098 0.861 0.248 1597.385 0.03177
-0.06555 0.03445 0.12363 0.14412 0.86207 0.862 0.248 1597.422 0.03180
-0.06560 0.03448 0.12373 0.14423 0.86316 1.009 0.260 1597.459 0.03182
-0.06565 0.03451 0.12382 0.14434 0.86426 0.677 0.229 1597.495 0.03184
-0.06570 0.03453 0.12392 0.14445 0.86535 1.233 0.280 1597.532 0.03187
-0.06575 0.03456 0.12401 0.14456 0.86644 0.860 0.248 1597.569 0.03189
-0.06581 0.03458 0.12410 0.14467 0.86753 1.156 0.274 1597.605 0.03191
-0.06586 0.03461 0.12420 0.14478 0.86863 0.712 0.232 1597.642 0.03194
-0.06591 0.03464 0.12429 0.14489 0.86972 1.044 0.265 1597.679 0.03196
-0.06596 0.03466 0.12439 0.14500 0.87081 0.749 0.237 1597.716 0.03199
-0.06601 0.03469 0.12448 0.14511 0.87190 0.785 0.240 1597.752 0.03201
-0.06606 0.03472 0.12458 0.14522 0.87300 0.897 0.250 1597.789 0.03203
-0.06611 0.03474 0.12467 0.14533 0.87409 0.751 0.237 1597.826 0.03206
-0.06616 0.03477 0.12477 0.14544 0.87518 0.826 0.243 1597.862 0.03208
-0.06621 0.03479 0.12486 0.14555 0.87628 1.048 0.265 1597.899 0.03210
-0.06626 0.03482 0.12495 0.14566 0.87737 0.825 0.244 1597.936 0.03213
-0.06631 0.03485 0.12505 0.14577 0.87846 0.825 0.244 1597.973 0.03215
-0.06636 0.03487 0.12514 0.14588 0.87955 1.122 0.271 1598.009 0.03218
-0.06641 0.03490 0.12524 0.14599 0.88065 1.012 0.261 1598.046 0.03220
-0.06646 0.03493 0.12533 0.14610 0.88174 0.975 0.257 1598.083 0.03222
-0.06651 0.03495 0.12543 0.14621 0.88283 0.862 0.247 1598.119 0.03225
-0.06656 0.03498 0.12552 0.14632 0.88393 0.828 0.244 1598.156 0.03227
-0.06661 0.03501 0.12562 0.14643 0.88502 1.347 0.289 1598.193 0.03229
-0.06666 0.03503 0.12571 0.14654 0.88611 1.123 0.269 1598.230 0.03232
-0.06671 0.03506 0.12580 0.14665 0.88721 1.050 0.264 1598.266 0.03234
-0.06676 0.03508 0.12590 0.14676 0.88830 0.829 0.244 1598.303 0.03237
-0.06681 0.03511 0.12599 0.14687 0.88939 1.237 0.280 1598.340 0.03239
-0.06686 0.03514 0.12609 0.14698 0.89049 0.905 0.251 1598.377 0.03241
-0.06691 0.03516 0.12618 0.14709 0.89158 0.831 0.243 1598.413 0.03244
-0.06696 0.03519 0.12628 0.14720 0.89267 0.986 0.257 1598.450 0.03246
-0.06701 0.03522 0.12637 0.14731 0.89377 0.826 0.243 1598.487 0.03248
-0.06706 0.03524 0.12647 0.14742 0.89486 1.022 0.259 1598.523 0.03251
-0.06711 0.03527 0.12656 0.14753 0.89595 0.759 0.232 1598.560 0.03253
-0.06716 0.03530 0.12665 0.14764 0.89705 1.282 0.283 1598.597 0.03256
-0.06721 0.03532 0.12675 0.14775 0.89814 0.927 0.251 1598.634 0.03258
-0.06726 0.03535 0.12684 0.14786 0.89923 1.350 0.289 1598.670 0.03260
-0.06731 0.03537 0.12694 0.14797 0.90033 1.164 0.272 1598.707 0.03263
-0.06736 0.03540 0.12703 0.14808 0.90142 0.987 0.254 1598.744 0.03265
-0.06741 0.03543 0.12713 0.14819 0.90251 0.873 0.247 1598.780 0.03267
-0.06746 0.03545 0.12722 0.14830 0.90361 0.884 0.251 1598.817 0.03270
-0.06751 0.03548 0.12732 0.14841 0.90470 0.689 0.224 1598.854 0.03272
-0.06756 0.03551 0.12741 0.14852 0.90580 1.145 0.269 1598.891 0.03274
-0.06761 0.03553 0.12750 0.14863 0.90689 1.216 0.280 1598.927 0.03277
-0.06766 0.03556 0.12760 0.14874 0.90798 1.212 0.279 1598.964 0.03279
-0.06771 0.03558 0.12769 0.14885 0.90908 0.962 0.255 1599.001 0.03282
-0.06776 0.03561 0.12779 0.14896 0.91017 0.997 0.257 1599.037 0.03284
-0.06781 0.03564 0.12788 0.14907 0.91126 1.157 0.273 1599.074 0.03286
-0.06786 0.03566 0.12798 0.14918 0.91236 1.008 0.261 1599.111 0.03289
-0.06791 0.03569 0.12807 0.14929 0.91345 0.864 0.247 1599.148 0.03291
-0.06796 0.03572 0.12817 0.14940 0.91455 0.908 0.250 1599.184 0.03293
-0.06801 0.03574 0.12826 0.14951 0.91564 1.105 0.268 1599.221 0.03296
-0.06806 0.03577 0.12836 0.14962 0.91674 0.774 0.235 1599.258 0.03298
-0.06811 0.03580 0.12845 0.14973 0.91783 0.970 0.253 1599.295 0.03301
-0.06816 0.03582 0.12854 0.14984 0.91892 1.379 0.291 1599.331 0.03303
-0.06821 0.03585 0.12864 0.14995 0.92002 1.014 0.260 1599.368 0.03305
-0.06826 0.03587 0.12873 0.15006 0.92111 1.158 0.273 1599.405 0.03308
-0.06831 0.03590 0.12883 0.15017 0.92221 1.136 0.273 1599.441 0.03310
-0.06836 0.03593 0.12892 0.15028 0.92330 0.832 0.240 1599.478 0.03312
-0.06841 0.03595 0.12902 0.15039 0.92440 1.051 0.267 1599.515 0.03315
-0.06846 0.03598 0.12911 0.15050 0.92549 0.920 0.249 1599.552 0.03317
-0.06851 0.03601 0.12921 0.15061 0.92658 0.687 0.227 1599.588 0.03320
-0.06856 0.03603 0.12930 0.15072 0.92768 1.083 0.266 1599.625 0.03322
-0.06861 0.03606 0.12940 0.15083 0.92877 0.759 0.232 1599.662 0.03324
-0.06866 0.03609 0.12949 0.15094 0.92987 1.408 0.293 1599.698 0.03327
-0.06871 0.03611 0.12958 0.15105 0.93096 0.677 0.224 1599.735 0.03329
-0.06876 0.03614 0.12968 0.15116 0.93206 1.031 0.260 1599.772 0.03331
-0.06881 0.03616 0.12977 0.15127 0.93315 0.608 0.220 1599.809 0.03334
-0.06886 0.03619 0.12987 0.15138 0.93425 0.713 0.231 1599.845 0.03336
-0.06891 0.03622 0.12996 0.15150 0.93534 0.637 0.224 1599.882 0.03339
-0.06896 0.03624 0.13006 0.15161 0.93644 0.931 0.253 1599.919 0.03341
-0.06901 0.03627 0.13015 0.15172 0.93753 1.153 0.273 1599.956 0.03343
-0.06906 0.03630 0.13025 0.15183 0.93863 0.970 0.257 1599.992 0.03346
-0.06911 0.03632 0.13034 0.15194 0.93972 1.116 0.270 1600.029 0.03348
-0.06916 0.03635 0.13044 0.15205 0.94082 0.712 0.232 1600.066 0.03350
-0.06921 0.03638 0.13053 0.15216 0.94191 0.750 0.235 1600.102 0.03353
-0.06926 0.03640 0.13062 0.15227 0.94301 0.859 0.246 1600.139 0.03355
-0.06931 0.03643 0.13072 0.15238 0.94410 1.080 0.266 1600.176 0.03358
-0.06936 0.03645 0.13081 0.15249 0.94520 1.337 0.287 1600.213 0.03360
-0.06941 0.03648 0.13091 0.15260 0.94629 0.897 0.250 1600.249 0.03362
-0.06946 0.03651 0.13100 0.15271 0.94739 0.750 0.235 1600.286 0.03365
-0.06951 0.03653 0.13110 0.15282 0.94848 0.787 0.239 1600.323 0.03367
-0.06956 0.03656 0.13119 0.15293 0.94958 0.787 0.239 1600.359 0.03369
-0.06961 0.03659 0.13129 0.15304 0.95067 1.118 0.270 1600.396 0.03372
-0.06966 0.03661 0.13138 0.15315 0.95177 1.045 0.262 1600.433 0.03374
-0.06971 0.03664 0.13148 0.15326 0.95286 0.937 0.253 1600.470 0.03376
-0.06976 0.03667 0.13157 0.15337 0.95396 1.161 0.273 1600.506 0.03379
-0.06981 0.03669 0.13167 0.15348 0.95505 1.127 0.269 1600.543 0.03381
-0.06986 0.03672 0.13176 0.15359 0.95615 0.864 0.246 1600.580 0.03384
-0.06991 0.03674 0.13186 0.15370 0.95725 0.753 0.235 1600.616 0.03386
-0.06996 0.03677 0.13195 0.15381 0.95834 1.376 0.290 1600.653 0.03388
-0.07002 0.03680 0.13204 0.15392 0.95944 0.973 0.257 1600.690 0.03391
-0.07007 0.03682 0.13214 0.15403 0.96053 0.860 0.246 1600.727 0.03393
-0.07012 0.03685 0.13223 0.15414 0.96163 0.638 0.224 1600.763 0.03395
-0.07017 0.03688 0.13233 0.15425 0.96272 0.638 0.223 1600.800 0.03398
-0.07022 0.03690 0.13242 0.15436 0.96382 0.751 0.235 1600.837 0.03400
-0.07027 0.03693 0.13252 0.15447 0.96492 0.970 0.257 1600.874 0.03403
-0.07032 0.03696 0.13261 0.15458 0.96601 1.115 0.269 1600.910 0.03405
-0.07037 0.03698 0.13271 0.15469 0.96711 0.783 0.239 1600.947 0.03407
-0.07042 0.03701 0.13280 0.15480 0.96820 1.222 0.278 1600.984 0.03410
-0.07047 0.03703 0.13290 0.15491 0.96930 0.819 0.242 1601.020 0.03412
-0.07052 0.03706 0.13299 0.15503 0.97039 1.075 0.266 1601.057 0.03414
-0.07057 0.03709 0.13309 0.15514 0.97149 0.890 0.250 1601.094 0.03417
-0.07062 0.03711 0.13318 0.15525 0.97259 0.817 0.242 1601.131 0.03419
-0.07067 0.03714 0.13328 0.15536 0.97368 0.963 0.256 1601.167 0.03422
-0.07072 0.03717 0.13337 0.15547 0.97478 1.329 0.287 1601.204 0.03424
-0.07077 0.03719 0.13346 0.15558 0.97588 0.853 0.246 1601.241 0.03426
-0.07082 0.03722 0.13356 0.15569 0.97697 1.000 0.259 1601.277 0.03429
-0.07087 0.03725 0.13365 0.15580 0.97807 0.926 0.253 1601.314 0.03431
-0.07092 0.03727 0.13375 0.15591 0.97916 0.743 0.235 1601.351 0.03433
-0.07097 0.03730 0.13384 0.15602 0.98026 0.963 0.255 1601.388 0.03436
-0.07102 0.03732 0.13394 0.15613 0.98136 0.815 0.242 1601.424 0.03438
-0.07107 0.03735 0.13403 0.15624 0.98245 0.667 0.227 1601.461 0.03441
-0.07112 0.03738 0.13413 0.15635 0.98355 1.216 0.277 1601.498 0.03443
-0.07117 0.03740 0.13422 0.15646 0.98465 0.813 0.243 1601.534 0.03445
-0.07122 0.03743 0.13432 0.15657 0.98574 0.922 0.253 1601.571 0.03448
-0.07127 0.03746 0.13441 0.15668 0.98684 0.996 0.259 1601.608 0.03450
-0.07132 0.03748 0.13451 0.15679 0.98794 1.288 0.284 1601.645 0.03452
-0.07137 0.03751 0.13460 0.15690 0.98903 0.958 0.256 1601.681 0.03455
-0.07142 0.03754 0.13470 0.15701 0.99013 0.995 0.259 1601.718 0.03457
-0.07147 0.03756 0.13479 0.15712 0.99123 1.030 0.262 1601.755 0.03460
-0.07152 0.03759 0.13489 0.15723 0.99232 0.773 0.238 1601.792 0.03462
-0.07157 0.03762 0.13498 0.15734 0.99342 1.066 0.266 1601.828 0.03464
-0.07162 0.03764 0.13507 0.15745 0.99452 0.957 0.256 1601.865 0.03467
-0.07167 0.03767 0.13517 0.15756 0.99561 0.957 0.256 1601.902 0.03469
-0.07172 0.03769 0.13526 0.15768 0.99671 0.811 0.242 1601.938 0.03471
-0.07177 0.03772 0.13536 0.15779 0.99781 1.033 0.262 1601.975 0.03474
-0.07182 0.03775 0.13545 0.15790 0.99890 0.741 0.234 1602.012 0.03476
-0.07187 0.03777 0.13555 0.15801 1.00000 1.325 0.287 1602.049 0.03478
