x y z dist_scaled dist_frac flux_norm sig_norm wavelength redshift
0.02098 0.02817 0.04527 0.05730 0.00000 0.775 0.187 1568.045 0.01282
0.02102 0.02823 0.04535 0.05741 0.00106 1.016 0.208 1568.082 0.01285
0.02106 0.02828 0.04544 0.05751 0.00213 1.015 0.207 1568.119 0.01287
0.02110 0.02833 0.04552 0.05762 0.00319 1.017 0.208 1568.155 0.01289
0.02114 0.02838 0.04561 0.05773 0.00425 1.391 0.236 1568.192 0.01292
0.02118 0.02844 0.04569 0.05784 0.00531 1.044 0.211 1568.229 0.01294
0.02122 0.02849 0.04578 0.05794 0.00638 0.881 0.197 1568.266 0.01296
0.02125 0.02854 0.04586 0.05805 0.00744 0.828 0.193 1568.302 0.01299
0.02129 0.02859 0.04595 0.05816 0.00850 1.206 0.222 1568.339 0.01301
0.02133 0.02865 0.04603 0.05826 0.00957 1.020 0.207 1568.376 0.01304
0.02137 0.02870 0.04612 0.05837 0.01063 0.775 0.188 1568.413 0.01306
0.02141 0.02875 0.04620 0.05848 0.01169 0.909 0.199 1568.449 0.01308
0.02145 0.02881 0.04628 0.05858 0.01276 1.233 0.224 1568.486 0.01311
0.02149 0.02886 0.04637 0.05869 0.01382 1.214 0.225 1568.523 0.01313
0.02153 0.02891 0.04645 0.05880 0.01488 0.803 0.191 1568.559 0.01315
0.02157 0.02896 0.04654 0.05891 0.01594 0.806 0.191 1568.596 0.01318
0.02161 0.02902 0.04662 0.05901 0.01701 0.857 0.195 1568.633 0.01320
0.02165 0.02907 0.04671 0.05912 0.01807 0.860 0.195 1568.670 0.01322
0.02169 0.02912 0.04679 0.05923 0.01913 1.101 0.216 1568.706 0.01325
0.02173 0.02917 0.04688 0.05933 0.02020 1.180 0.220 1568.743 0.01327
0.02176 0.02923 0.04696 0.05944 0.02126 0.727 0.184 1568.780 0.01330
0.02180 0.02928 0.04705 0.05955 0.02233 1.022 0.210 1568.816 0.01332
0.02184 0.02933 0.04713 0.05966 0.02339 0.650 0.178 1568.853 0.01334
0.02188 0.02938 0.04722 0.05976 0.02445 0.869 0.198 1568.890 0.01337
0.02192 0.02944 0.04730 0.05987 0.02552 1.085 0.214 1568.927 0.01339
0.02196 0.02949 0.04738 0.05998 0.02658 1.014 0.209 1568.963 0.01341
0.02200 0.02954 0.04747 0.06008 0.02764 0.953 0.204 1569.000 0.01344
0.02204 0.02959 0.04755 0.06019 0.02871 0.982 0.207 1569.037 0.01346
0.02208 0.02965 0.04764 0.06030 0.02977 0.855 0.198 1569.074 0.01349
0.02212 0.02970 0.04772 0.06041 0.03083 1.089 0.215 1569.110 0.01351
0.02216 0.02975 0.04781 0.06051 0.03190 0.950 0.203 1569.147 0.01353
0.02220 0.02981 0.04789 0.06062 0.03296 0.928 0.203 1569.184 0.01356
0.02224 0.02986 0.04798 0.06073 0.03403 1.288 0.230 1569.220 0.01358
0.02227 0.02991 0.04806 0.06083 0.03509 0.969 0.205 1569.257 0.01360
0.02231 0.02996 0.04815 0.06094 0.03615 1.054 0.211 1569.294 0.01363
0.02235 0.03002 0.04823 0.06105 0.03722 1.068 0.213 1569.331 0.01365
0.02239 0.03007 0.04832 0.06116 0.03828 1.197 0.225 1569.367 0.01368
0.02243 0.03012 0.04840 0.06126 0.03935 0.811 0.193 1569.404 0.01370
0.02247 0.03017 0.04849 0.06137 0.04041 1.332 0.234 1569.441 0.01372
0.02251 0.03023 0.04857 0.06148 0.04147 1.086 0.214 1569.477 0.01375
0.02255 0.03028 0.04865 0.06158 0.04254 0.787 0.190 1569.514 0.01377
0.02259 0.03033 0.04874 0.06169 0.04360 1.139 0.220 1569.551 0.01379
0.02263 0.03039 0.04882 0.06180 0.04467 0.785 0.191 1569.588 0.01382
0.02267 0.03044 0.04891 0.06191 0.04573 0.782 0.190 1569.624 0.01384
0.02271 0.03049 0.04899 0.06201 0.04680 1.136 0.218 1569.661 0.01387
0.02275 0.03054 0.04908 0.06212 0.04786 0.895 0.200 1569.698 0.01389
0.02278 0.03060 0.04916 0.06223 0.04892 1.006 0.210 1569.734 0.01391
0.02282 0.03065 0.04925 0.06233 0.04999 0.706 0.184 1569.771 0.01394
0.02286 0.03070 0.04933 0.06244 0.05105 0.567 0.172 1569.808 0.01396
0.02290 0.03075 0.04942 0.06255 0.05212 1.166 0.220 1569.845 0.01398
0.02294 0.03081 0.04950 0.06266 0.05318 0.920 0.202 1569.881 0.01401
0.02298 0.03086 0.04959 0.06276 0.05425 1.110 0.216 1569.918 0.01403
0.02302 0.03091 0.04967 0.06287 0.05531 0.891 0.200 1569.955 0.01405
0.02306 0.03096 0.04976 0.06298 0.05638 0.757 0.189 1569.992 0.01408
0.02310 0.03102 0.04984 0.06308 0.05744 1.410 0.238 1570.028 0.01410
0.02314 0.03107 0.04992 0.06319 0.05851 1.054 0.213 1570.065 0.01413
0.02318 0.03112 0.05001 0.06330 0.05957 0.841 0.196 1570.102 0.01415
0.02322 0.03118 0.05009 0.06341 0.06064 0.730 0.187 1570.138 0.01417
0.02326 0.03123 0.05018 0.06351 0.06170 1.030 0.211 1570.175 0.01420
0.02329 0.03128 0.05026 0.06362 0.06277 0.978 0.207 1570.212 0.01422
0.02333 0.03133 0.05035 0.06373 0.06383 0.841 0.196 1570.249 0.01424
0.02337 0.03139 0.05043 0.06384 0.06490 1.416 0.239 1570.285 0.01427
0.02341 0.03144 0.05052 0.06394 0.06596 0.840 0.196 1570.322 0.01429
0.02345 0.03149 0.05060 0.06405 0.06703 1.521 0.248 1570.359 0.01432
0.02349 0.03155 0.05069 0.06416 0.06809 1.200 0.223 1570.395 0.01434
0.02353 0.03160 0.05077 0.06426 0.06916 1.280 0.232 1570.432 0.01436
0.02357 0.03165 0.05086 0.06437 0.07022 1.197 0.225 1570.469 0.01439
0.02361 0.03170 0.05094 0.06448 0.07129 0.625 0.177 1570.506 0.01441
0.02365 0.03176 0.05103 0.06459 0.07235 0.980 0.209 1570.542 0.01443
0.02369 0.03181 0.05111 0.06469 0.07342 0.894 0.201 1570.579 0.01446
0.02373 0.03186 0.05120 0.06480 0.07448 0.916 0.203 1570.616 0.01448
0.02377 0.03191 0.05128 0.06491 0.07555 1.166 0.221 1570.652 0.01451
0.02381 0.03197 0.05137 0.06502 0.07661 1.054 0.213 1570.689 0.01453
0.02384 0.03202 0.05145 0.06512 0.07768 1.108 0.219 1570.726 0.01455
0.02388 0.03207 0.05154 0.06523 0.07874 1.003 0.209 1570.763 0.01458
0.02392 0.03213 0.05162 0.06534 0.07981 1.085 0.215 1570.799 0.01460
0.02396 0.03218 0.05170 0.06544 0.08087 1.002 0.209 1570.836 0.01462
0.02400 0.03223 0.05179 0.06555 0.08194 0.919 0.203 1570.873 0.01465
0.02404 0.03228 0.05187 0.06566 0.08301 0.591 0.175 1570.910 0.01467
0.02408 0.03234 0.05196 0.06577 0.08407 1.024 0.212 1570.946 0.01470
0.02412 0.03239 0.05204 0.06587 0.08514 0.783 0.192 1570.983 0.01472
0.02416 0.03244 0.05213 0.06598 0.08620 0.813 0.195 1571.020 0.01474
0.02420 0.03249 0.05221 0.06609 0.08727 1.196 0.224 1571.056 0.01477
0.02424 0.03255 0.05230 0.06620 0.08833 0.866 0.199 1571.093 0.01479
0.02428 0.03260 0.05238 0.06630 0.08940 0.947 0.206 1571.130 0.01481
0.02432 0.03265 0.05247 0.06641 0.09047 0.726 0.188 1571.167 0.01484
0.02436 0.03271 0.05255 0.06652 0.09153 0.674 0.182 1571.203 0.01486
0.02439 0.03276 0.05264 0.06663 0.09260 0.892 0.201 1571.240 0.01489
0.02443 0.03281 0.05272 0.06673 0.09366 0.974 0.208 1571.277 0.01491
0.02447 0.03286 0.05281 0.06684 0.09473 0.807 0.195 1571.313 0.01493
0.02451 0.03292 0.05289 0.06695 0.09580 1.000 0.210 1571.350 0.01496
0.02455 0.03297 0.05298 0.06705 0.09686 0.650 0.180 1571.387 0.01498
0.02459 0.03302 0.05306 0.06716 0.09793 0.895 0.201 1571.424 0.01500
0.02463 0.03308 0.05315 0.06727 0.09899 0.994 0.210 1571.460 0.01503
0.02467 0.03313 0.05323 0.06738 0.10006 0.689 0.183 1571.497 0.01505
0.02471 0.03318 0.05332 0.06748 0.10113 1.082 0.218 1571.534 0.01507
0.02475 0.03323 0.05340 0.06759 0.10219 1.125 0.220 1571.571 0.01510
0.02479 0.03329 0.05349 0.06770 0.10326 1.196 0.226 1571.607 0.01512
0.02483 0.03334 0.05357 0.06781 0.10433 1.061 0.216 1571.644 0.01515
0.02487 0.03339 0.05366 0.06791 0.10539 1.076 0.218 1571.681 0.01517
0.02491 0.03344 0.05374 0.06802 0.10646 1.316 0.235 1571.717 0.01519
0.02495 0.03350 0.05382 0.06813 0.10752 0.971 0.207 1571.754 0.01522
0.02498 0.03355 0.05391 0.06824 0.10859 1.008 0.212 1571.791 0.01524
0.02502 0.03360 0.05399 0.06834 0.10966 0.798 0.192 1571.828 0.01526
0.02506 0.03366 0.05408 0.06845 0.11072 1.204 0.226 1571.864 0.01529
0.02510 0.03371 0.05416 0.06856 0.11179 1.024 0.214 1571.901 0.01531
0.02514 0.03376 0.05425 0.06867 0.11286 0.834 0.195 1571.938 0.01534
0.02518 0.03381 0.05433 0.06877 0.11392 1.336 0.235 1571.974 0.01536
0.02522 0.03387 0.05442 0.06888 0.11499 0.670 0.181 1572.011 0.01538
0.02526 0.03392 0.05450 0.06899 0.11606 1.188 0.225 1572.048 0.01541
0.02530 0.03397 0.05459 0.06910 0.11712 0.985 0.210 1572.085 0.01543
0.02534 0.03403 0.05467 0.06920 0.11819 0.862 0.197 1572.121 0.01545
0.02538 0.03408 0.05476 0.06931 0.11926 1.148 0.222 1572.158 0.01548
0.02542 0.03413 0.05484 0.06942 0.12033 0.835 0.197 1572.195 0.01550
0.02546 0.03418 0.05493 0.06953 0.12139 1.001 0.210 1572.231 0.01553
0.02550 0.03424 0.05501 0.06963 0.12246 1.000 0.210 1572.268 0.01555
0.02554 0.03429 0.05510 0.06974 0.12353 0.783 0.193 1572.305 0.01557
0.02557 0.03434 0.05518 0.06985 0.12459 1.104 0.218 1572.342 0.01560
0.02561 0.03440 0.05527 0.06995 0.12566 0.780 0.193 1572.378 0.01562
0.02565 0.03445 0.05535 0.07006 0.12673 1.002 0.210 1572.415 0.01564
0.02569 0.03450 0.05544 0.07017 0.12779 1.052 0.214 1572.452 0.01567
0.02573 0.03455 0.05552 0.07028 0.12886 1.022 0.212 1572.489 0.01569
0.02577 0.03461 0.05561 0.07038 0.12993 1.023 0.212 1572.525 0.01572
0.02581 0.03466 0.05569 0.07049 0.13100 0.836 0.197 1572.562 0.01574
0.02585 0.03471 0.05578 0.07060 0.13206 0.667 0.183 1572.599 0.01576
0.02589 0.03477 0.05586 0.07071 0.13313 0.965 0.208 1572.635 0.01579
0.02593 0.03482 0.05595 0.07081 0.13420 0.993 0.210 1572.672 0.01581
0.02597 0.03487 0.05603 0.07092 0.13527 1.266 0.229 1572.709 0.01583
0.02601 0.03492 0.05612 0.07103 0.13633 1.057 0.214 1572.746 0.01586
0.02605 0.03498 0.05620 0.07114 0.13740 0.860 0.199 1572.782 0.01588
0.02609 0.03503 0.05629 0.07124 0.13847 1.052 0.214 1572.819 0.01590
0.02613 0.03508 0.05637 0.07135 0.13954 0.915 0.204 1572.856 0.01593
0.02617 0.03514 0.05646 0.07146 0.14060 1.049 0.214 1572.892 0.01595
0.02620 0.03519 0.05654 0.07157 0.14167 1.131 0.220 1572.929 0.01598
0.02624 0.03524 0.05663 0.07167 0.14274 0.972 0.208 1572.966 0.01600
0.02628 0.03529 0.05671 0.07178 0.14381 0.915 0.204 1573.003 0.01602
0.02632 0.03535 0.05680 0.07189 0.14487 0.968 0.208 1573.039 0.01605
0.02636 0.03540 0.05688 0.07200 0.14594 0.890 0.202 1573.076 0.01607
0.02640 0.03545 0.05697 0.07210 0.14701 0.947 0.205 1573.113 0.01609
0.02644 0.03551 0.05705 0.07221 0.14808 1.266 0.229 1573.149 0.01612
0.02648 0.03556 0.05714 0.07232 0.14915 1.074 0.216 1573.186 0.01614
0.02652 0.03561 0.05722 0.07243 0.15021 0.968 0.207 1573.223 0.01617
0.02656 0.03566 0.05731 0.07254 0.15128 0.911 0.203 1573.260 0.01619
0.02660 0.03572 0.05739 0.07264 0.15235 0.885 0.201 1573.296 0.01621
0.02664 0.03577 0.05748 0.07275 0.15342 0.774 0.192 1573.333 0.01624
0.02668 0.03582 0.05756 0.07286 0.15449 0.794 0.195 1573.370 0.01626
0.02672 0.03588 0.05765 0.07297 0.15555 0.879 0.201 1573.407 0.01628
0.02676 0.03593 0.05773 0.07307 0.15662 1.020 0.211 1573.443 0.01631
0.02680 0.03598 0.05782 0.07318 0.15769 1.043 0.214 1573.480 0.01633
0.02683 0.03603 0.05790 0.07329 0.15876 0.965 0.208 1573.517 0.01636
0.02687 0.03609 0.05799 0.07340 0.15983 0.693 0.185 1573.553 0.01638
0.02691 0.03614 0.05807 0.07350 0.16090 0.988 0.209 1573.590 0.01640
0.02695 0.03619 0.05816 0.07361 0.16196 1.173 0.223 1573.627 0.01643
0.02699 0.03625 0.05824 0.07372 0.16303 1.017 0.211 1573.664 0.01645
0.02703 0.03630 0.05833 0.07383 0.16410 1.232 0.227 1573.700 0.01647
0.02707 0.03635 0.05841 0.07393 0.16517 1.067 0.216 1573.737 0.01650
0.02711 0.03640 0.05850 0.07404 0.16624 1.065 0.215 1573.774 0.01652
0.02715 0.03646 0.05858 0.07415 0.16731 0.828 0.196 1573.810 0.01655
0.02719 0.03651 0.05867 0.07426 0.16838 1.303 0.232 1573.847 0.01657
0.02723 0.03656 0.05875 0.07436 0.16944 0.800 0.194 1573.884 0.01659
0.02727 0.03662 0.05884 0.07447 0.17051 1.044 0.213 1573.921 0.01662
0.02731 0.03667 0.05892 0.07458 0.17158 1.226 0.227 1573.957 0.01664
0.02735 0.03672 0.05901 0.07469 0.17265 1.222 0.227 1573.994 0.01666
0.02739 0.03678 0.05909 0.07479 0.17372 1.013 0.211 1574.031 0.01669
0.02743 0.03683 0.05918 0.07490 0.17479 1.249 0.228 1574.068 0.01671
0.02746 0.03688 0.05926 0.07501 0.17586 1.258 0.228 1574.104 0.01674
0.02750 0.03693 0.05935 0.07512 0.17693 1.440 0.241 1574.141 0.01676
0.02754 0.03699 0.05943 0.07523 0.17799 0.983 0.209 1574.178 0.01678
0.02758 0.03704 0.05952 0.07533 0.17906 0.667 0.182 1574.214 0.01681
0.02762 0.03709 0.05960 0.07544 0.18013 0.931 0.205 1574.251 0.01683
0.02766 0.03715 0.05969 0.07555 0.18120 0.906 0.202 1574.288 0.01685
0.02770 0.03720 0.05977 0.07566 0.18227 0.879 0.200 1574.325 0.01688
0.02774 0.03725 0.05986 0.07576 0.18334 0.899 0.203 1574.361 0.01690
0.02778 0.03730 0.05994 0.07587 0.18441 0.931 0.204 1574.398 0.01692
0.02782 0.03736 0.06003 0.07598 0.18548 1.092 0.216 1574.435 0.01695
0.02786 0.03741 0.06011 0.07609 0.18655 0.840 0.196 1574.471 0.01697
0.02790 0.03746 0.06020 0.07619 0.18762 0.793 0.191 1574.508 0.01700
0.02794 0.03752 0.06028 0.07630 0.18869 0.970 0.208 1574.545 0.01702
0.02798 0.03757 0.06037 0.07641 0.18976 1.005 0.211 1574.582 0.01704
0.02802 0.03762 0.06045 0.07652 0.19082 1.021 0.212 1574.618 0.01707
0.02806 0.03768 0.06054 0.07663 0.19189 1.142 0.220 1574.655 0.01709
0.02810 0.03773 0.06062 0.07673 0.19296 0.744 0.172 1574.692 0.01711
0.02814 0.03778 0.06071 0.07684 0.19403 1.059 0.187 1574.728 0.01714
0.02817 0.03783 0.06079 0.07695 0.19510 0.993 0.185 1574.765 0.01716
0.02821 0.03789 0.06088 0.07706 0.19617 1.018 0.187 1574.802 0.01719
0.02825 0.03794 0.06096 0.07716 0.19724 0.868 0.175 1574.839 0.01721
0.02829 0.03799 0.06105 0.07727 0.19831 0.877 0.175 1574.875 0.01723
0.02833 0.03805 0.06113 0.07738 0.19938 0.847 0.174 1574.912 0.01726
0.02837 0.03810 0.06122 0.07749 0.20045 0.855 0.175 1574.949 0.01728
0.02841 0.03815 0.06130 0.07759 0.20152 0.908 0.178 1574.986 0.01730
0.02845 0.03820 0.06139 0.07770 0.20259 0.927 0.178 1575.022 0.01733
0.02849 0.03826 0.06147 0.07781 0.20366 1.231 0.201 1575.059 0.01735
0.02853 0.03831 0.06156 0.07792 0.20473 1.202 0.197 1575.096 0.01738
0.02857 0.03836 0.06164 0.07803 0.20580 1.119 0.193 1575.132 0.01740
0.02861 0.03842 0.06173 0.07813 0.20687 0.789 0.168 1575.169 0.01742
0.02865 0.03847 0.06181 0.07824 0.20794 1.123 0.193 1575.206 0.01745
0.02869 0.03852 0.06190 0.07835 0.20901 1.115 0.193 1575.243 0.01747
0.02873 0.03858 0.06198 0.07846 0.21008 1.112 0.191 1575.279 0.01749
0.02877 0.03863 0.06207 0.07856 0.21115 0.901 0.176 1575.316 0.01752
0.02881 0.03868 0.06215 0.07867 0.21222 0.952 0.181 1575.353 0.01754
0.02885 0.03873 0.06224 0.07878 0.21329 0.988 0.183 1575.389 0.01757
0.02888 0.03879 0.06233 0.07889 0.21436 0.825 0.171 1575.426 0.01759
0.02892 0.03884 0.06241 0.07900 0.21543 0.950 0.182 1575.463 0.01761
0.02896 0.03889 0.06250 0.07910 0.21650 0.886 0.174 1575.500 0.01764
0.02900 0.03895 0.06258 0.07921 0.21757 1.008 0.185 1575.536 0.01766
0.02904 0.03900 0.06267 0.07932 0.21864 1.136 0.194 1575.573 0.01768
0.02908 0.03905 0.06275 0.07943 0.21971 1.054 0.188 1575.610 0.01771
0.02912 0.03911 0.06284 0.07953 0.22078 1.215 0.199 1575.646 0.01773
0.02916 0.03916 0.06292 0.07964 0.22185 1.218 0.200 1575.683 0.01776
0.02920 0.03921 0.06301 0.07975 0.22292 0.689 0.160 1575.720 0.01778
0.02924 0.03926 0.06309 0.07986 0.22399 0.928 0.179 1575.757 0.01780
0.02928 0.03932 0.06318 0.07997 0.22506 0.918 0.179 1575.793 0.01783
0.02932 0.03937 0.06326 0.08007 0.22613 0.906 0.175 1575.830 0.01785
0.02936 0.03942 0.06335 0.08018 0.22721 1.280 0.204 1575.867 0.01787
0.02940 0.03948 0.06343 0.08029 0.22828 0.894 0.175 1575.904 0.01790
0.02944 0.03953 0.06352 0.08040 0.22935 1.174 0.196 1575.940 0.01792
0.02948 0.03958 0.06360 0.08050 0.23042 1.048 0.187 1575.977 0.01794
0.02952 0.03964 0.06369 0.08061 0.23149 1.021 0.186 1576.014 0.01797
0.02956 0.03969 0.06377 0.08072 0.23256 1.055 0.187 1576.050 0.01799
0.02960 0.03974 0.06386 0.08083 0.23363 0.920 0.178 1576.087 0.01802
0.02963 0.03979 0.06394 0.08094 0.23470 0.888 0.176 1576.124 0.01804
0.02967 0.03985 0.06403 0.08104 0.23577 1.116 0.191 1576.161 0.01806
0.02971 0.03990 0.06411 0.08115 0.23684 1.215 0.199 1576.197 0.01809
0.02975 0.03995 0.06420 0.08126 0.23791 0.791 0.170 1576.234 0.01811
0.02979 0.04001 0.06428 0.08137 0.23899 0.982 0.184 1576.271 0.01813
0.02983 0.04006 0.06437 0.08148 0.24006 1.266 0.202 1576.307 0.01816
0.02987 0.04011 0.06445 0.08158 0.24113 1.139 0.194 1576.344 0.01818
0.02991 0.04017 0.06454 0.08169 0.24220 0.816 0.171 1576.381 0.01821
0.02995 0.04022 0.06463 0.08180 0.24327 0.981 0.183 1576.418 0.01823
0.02999 0.04027 0.06471 0.08191 0.24434 0.797 0.170 1576.454 0.01825
0.03003 0.04033 0.06480 0.08201 0.24541 0.796 0.169 1576.491 0.01828
0.03007 0.04038 0.06488 0.08212 0.24648 1.003 0.185 1576.528 0.01830
0.03011 0.04043 0.06497 0.08223 0.24756 0.899 0.177 1576.565 0.01832
0.03015 0.04048 0.06505 0.08234 0.24863 1.174 0.196 1576.601 0.01835
0.03019 0.04054 0.06514 0.08245 0.24970 0.984 0.183 1576.638 0.01837
0.03023 0.04059 0.06522 0.08255 0.25077 1.093 0.190 1576.675 0.01840
0.03027 0.04064 0.06531 0.08266 0.25184 0.985 0.182 1576.711 0.01842
0.03031 0.04070 0.06539 0.08277 0.25291 1.338 0.206 1576.748 0.01844
0.03035 0.04075 0.06548 0.08288 0.25398 1.354 0.207 1576.785 0.01847
0.03039 0.04080 0.06556 0.08299 0.25506 1.060 0.188 1576.822 0.01849
0.03042 0.04086 0.06565 0.08309 0.25613 1.281 0.202 1576.858 0.01851
0.03046 0.04091 0.06573 0.08320 0.25720 1.022 0.185 1576.895 0.01854
0.03050 0.04096 0.06582 0.08331 0.25827 0.598 0.153 1576.932 0.01856
0.03054 0.04102 0.06590 0.08342 0.25934 1.003 0.184 1576.968 0.01859
0.03058 0.04107 0.06599 0.08353 0.26041 0.954 0.180 1577.005 0.01861
0.03062 0.04112 0.06607 0.08363 0.26149 1.022 0.185 1577.042 0.01863
0.03066 0.04117 0.06616 0.08374 0.26256 1.003 0.183 1577.079 0.01866
0.03070 0.04123 0.06625 0.08385 0.26363 0.982 0.182 1577.115 0.01868
0.03074 0.04128 0.06633 0.08396 0.26470 1.157 0.193 1577.152 0.01870
0.03078 0.04133 0.06642 0.08407 0.26577 0.939 0.179 1577.189 0.01873
0.03082 0.04139 0.06650 0.08417 0.26685 0.954 0.180 1577.225 0.01875
0.03086 0.04144 0.06659 0.08428 0.26792 1.085 0.189 1577.262 0.01877
0.03090 0.04149 0.06667 0.08439 0.26899 0.979 0.181 1577.299 0.01880
0.03094 0.04155 0.06676 0.08450 0.27006 1.094 0.210 1577.336 0.01882
0.03098 0.04160 0.06684 0.08461 0.27113 0.851 0.200 1577.372 0.01885
0.03102 0.04165 0.06693 0.08471 0.27221 0.964 0.209 1577.409 0.01887
0.03106 0.04171 0.06701 0.08482 0.27328 1.121 0.221 1577.446 0.01889
0.03110 0.04176 0.06710 0.08493 0.27435 1.152 0.222 1577.483 0.01892
0.03114 0.04181 0.06718 0.08504 0.27542 1.045 0.214 1577.519 0.01894
0.03118 0.04186 0.06727 0.08514 0.27650 0.797 0.195 1577.556 0.01896
0.03122 0.04192 0.06735 0.08525 0.27757 0.931 0.205 1577.593 0.01899
0.03125 0.04197 0.06744 0.08536 0.27864 0.953 0.208 1577.629 0.01901
0.03129 0.04202 0.06752 0.08547 0.27971 0.983 0.210 1577.666 0.01904
0.03133 0.04208 0.06761 0.08558 0.28079 0.819 0.197 1577.703 0.01906
0.03137 0.04213 0.06770 0.08568 0.28186 0.984 0.209 1577.740 0.01908
0.03141 0.04218 0.06778 0.08579 0.28293 1.168 0.223 1577.776 0.01911
0.03145 0.04224 0.06787 0.08590 0.28400 0.928 0.203 1577.813 0.01913
0.03149 0.04229 0.06795 0.08601 0.28508 0.546 0.169 1577.850 0.01915
0.03153 0.04234 0.06804 0.08612 0.28615 1.139 0.221 1577.886 0.01918
0.03157 0.04240 0.06812 0.08623 0.28722 1.227 0.227 1577.923 0.01920
0.03161 0.04245 0.06821 0.08633 0.28829 0.910 0.203 1577.960 0.01923
0.03165 0.04250 0.06829 0.08644 0.28937 0.805 0.227 1577.997 0.01925
0.03169 0.04255 0.06838 0.08655 0.29044 1.120 0.258 1578.033 0.01927
0.03173 0.04261 0.06846 0.08666 0.29151 1.227 0.265 1578.070 0.01930
0.03177 0.04266 0.06855 0.08677 0.29259 0.834 0.233 1578.107 0.01932
0.03181 0.04271 0.06863 0.08687 0.29366 1.187 0.262 1578.143 0.01934
0.03185 0.04277 0.06872 0.08698 0.29473 0.981 0.219 1578.180 0.01937
0.03189 0.04282 0.06881 0.08709 0.29580 0.642 0.178 1578.217 0.01939
0.03193 0.04287 0.06889 0.08720 0.29688 1.135 0.220 1578.254 0.01942
0.03197 0.04293 0.06898 0.08731 0.29795 0.832 0.196 1578.290 0.01944
0.03201 0.04298 0.06906 0.08741 0.29902 1.091 0.190 1578.327 0.01946
0.03205 0.04303 0.06915 0.08752 0.30010 1.043 0.187 1578.364 0.01949
0.03209 0.04309 0.06923 0.08763 0.30117 1.062 0.189 1578.401 0.01951
0.03213 0.04314 0.06932 0.08774 0.30224 0.792 0.169 1578.437 0.01953
0.03216 0.04319 0.06940 0.08785 0.30332 1.029 0.186 1578.474 0.01956
0.03220 0.04325 0.06949 0.08795 0.30439 0.764 0.165 1578.511 0.01958
0.03224 0.04330 0.06957 0.08806 0.30546 1.112 0.191 1578.547 0.01961
0.03228 0.04335 0.06966 0.08817 0.30654 0.755 0.165 1578.584 0.01963
0.03232 0.04341 0.06974 0.08828 0.30761 0.919 0.178 1578.621 0.01965
0.03236 0.04346 0.06983 0.08839 0.30868 0.810 0.170 1578.658 0.01968
0.03240 0.04351 0.06992 0.08849 0.30976 0.871 0.174 1578.694 0.01970
0.03244 0.04356 0.07000 0.08860 0.31083 0.784 0.168 1578.731 0.01972
0.03248 0.04362 0.07009 0.08871 0.31190 1.364 0.207 1578.768 0.01975
0.03252 0.04367 0.07017 0.08882 0.31298 1.263 0.200 1578.804 0.01977
0.03256 0.04372 0.07026 0.08893 0.31405 1.018 0.185 1578.841 0.01979
0.03260 0.04378 0.07034 0.08904 0.31513 0.731 0.164 1578.878 0.01982
0.03264 0.04383 0.07043 0.08914 0.31620 0.991 0.183 1578.915 0.01984
0.03268 0.04388 0.07051 0.08925 0.31727 0.993 0.183 1578.951 0.01987
0.03272 0.04394 0.07060 0.08936 0.31835 1.119 0.191 1578.988 0.01989
0.03276 0.04399 0.07068 0.08947 0.31942 0.818 0.170 1579.025 0.01991
0.03280 0.04404 0.07077 0.08958 0.32049 0.859 0.174 1579.062 0.01994
0.03284 0.04410 0.07086 0.08968 0.32157 0.939 0.180 1579.098 0.01996
0.03288 0.04415 0.07094 0.08979 0.32264 1.116 0.191 1579.135 0.01998
0.03292 0.04420 0.07103 0.08990 0.32372 1.020 0.184 1579.172 0.02001
0.03296 0.04426 0.07111 0.09001 0.32479 0.973 0.179 1579.208 0.02003
0.03300 0.04431 0.07120 0.09012 0.32586 0.605 0.151 1579.245 0.02006
0.03304 0.04436 0.07128 0.09022 0.32694 0.770 0.166 1579.282 0.02008
0.03308 0.04442 0.07137 0.09033 0.32801 0.742 0.163 1579.319 0.02010
0.03312 0.04447 0.07145 0.09044 0.32909 0.896 0.174 1579.355 0.02013
0.03315 0.04452 0.07154 0.09055 0.33016 0.684 0.158 1579.392 0.02015
0.03319 0.04457 0.07162 0.09066 0.33124 0.949 0.180 1579.429 0.02017
0.03323 0.04463 0.07171 0.09077 0.33231 0.875 0.173 1579.465 0.02020
0.03327 0.04468 0.07180 0.09087 0.33338 0.933 0.177 1579.502 0.02022
0.03331 0.04473 0.07188 0.09098 0.33446 1.037 0.186 1579.539 0.02025
0.03335 0.04479 0.07197 0.09109 0.33553 0.956 0.178 1579.576 0.02027
0.03339 0.04484 0.07205 0.09120 0.33661 0.877 0.172 1579.612 0.02029
0.03343 0.04489 0.07214 0.09131 0.33768 0.989 0.181 1579.649 0.02032
0.03347 0.04495 0.07222 0.09142 0.33876 1.044 0.184 1579.686 0.02034
0.03351 0.04500 0.07231 0.09152 0.33983 0.981 0.181 1579.722 0.02036
0.03355 0.04505 0.07239 0.09163 0.34091 0.741 0.164 1579.759 0.02039
0.03359 0.04511 0.07248 0.09174 0.34198 1.000 0.182 1579.796 0.02041
0.03363 0.04516 0.07256 0.09185 0.34305 1.102 0.189 1579.833 0.02044
0.03367 0.04521 0.07265 0.09196 0.34413 0.926 0.178 1579.869 0.02046
0.03371 0.04527 0.07274 0.09206 0.34520 0.820 0.170 1579.906 0.02048
0.03375 0.04532 0.07282 0.09217 0.34628 1.151 0.193 1579.943 0.02051
0.03379 0.04537 0.07291 0.09228 0.34735 0.923 0.177 1579.980 0.02053
0.03383 0.04543 0.07299 0.09239 0.34843 1.008 0.183 1580.016 0.02055
0.03387 0.04548 0.07308 0.09250 0.34950 0.841 0.171 1580.053 0.02058
0.03391 0.04553 0.07316 0.09261 0.35058 0.886 0.174 1580.090 0.02060
0.03395 0.04559 0.07325 0.09271 0.35165 0.967 0.180 1580.126 0.02062
0.03399 0.04564 0.07333 0.09282 0.35273 0.752 0.165 1580.163 0.02065
0.03403 0.04569 0.07342 0.09293 0.35380 0.779 0.166 1580.200 0.02067
0.03407 0.04575 0.07351 0.09304 0.35488 1.152 0.192 1580.237 0.02070
0.03411 0.04580 0.07359 0.09315 0.35595 0.985 0.181 1580.273 0.02072
0.03415 0.04585 0.07368 0.09326 0.35703 1.193 0.194 1580.310 0.02074
0.03419 0.04591 0.07376 0.09336 0.35810 1.048 0.185 1580.347 0.02077
0.03422 0.04596 0.07385 0.09347 0.35918 1.047 0.185 1580.383 0.02079
0.03426 0.04601 0.07393 0.09358 0.36025 0.986 0.180 1580.420 0.02081
0.03430 0.04606 0.07402 0.09369 0.36133 0.861 0.172 1580.457 0.02084
0.03434 0.04612 0.07410 0.09380 0.36241 0.959 0.179 1580.494 0.02086
0.03438 0.04617 0.07419 0.09390 0.36348 0.813 0.167 1580.530 0.02089
0.03442 0.04622 0.07428 0.09401 0.36456 0.946 0.177 1580.567 0.02091
0.03446 0.04628 0.07436 0.09412 0.36563 0.971 0.179 1580.604 0.02093
0.03450 0.04633 0.07445 0.09423 0.36671 0.832 0.168 1580.640 0.02096
0.03454 0.04638 0.07453 0.09434 0.36778 0.687 0.157 1580.677 0.02098
0.03458 0.04644 0.07462 0.09445 0.36886 0.888 0.171 1580.714 0.02100
0.03462 0.04649 0.07470 0.09455 0.36993 0.902 0.174 1580.751 0.02103
0.03466 0.04654 0.07479 0.09466 0.37101 0.986 0.179 1580.787 0.02105
0.03470 0.04660 0.07487 0.09477 0.37208 1.011 0.181 1580.824 0.02108
0.03474 0.04665 0.07496 0.09488 0.37316 0.957 0.188 1580.861 0.02110
0.03478 0.04670 0.07505 0.09499 0.37424 1.040 0.214 1580.898 0.02112
0.03482 0.04676 0.07513 0.09510 0.37531 0.961 0.206 1580.934 0.02115
0.03486 0.04681 0.07522 0.09520 0.37639 0.739 0.187 1580.971 0.02117
0.03490 0.04686 0.07530 0.09531 0.37746 0.950 0.205 1581.008 0.02119
0.03494 0.04692 0.07539 0.09542 0.37854 0.910 0.201 1581.044 0.02122
0.03498 0.04697 0.07547 0.09553 0.37962 0.801 0.192 1581.081 0.02124
0.03502 0.04702 0.07556 0.09564 0.38069 0.921 0.203 1581.118 0.02127
0.03506 0.04708 0.07564 0.09575 0.38177 1.058 0.193 1581.155 0.02129
0.03510 0.04713 0.07573 0.09585 0.38284 0.780 0.167 1581.191 0.02131
0.03514 0.04718 0.07582 0.09596 0.38392 1.036 0.185 1581.228 0.02134
0.03518 0.04724 0.07590 0.09607 0.38500 0.798 0.168 1581.265 0.02136
0.03522 0.04729 0.07599 0.09618 0.38607 1.139 0.192 1581.301 0.02138
0.03526 0.04734 0.07607 0.09629 0.38715 1.158 0.193 1581.338 0.02141
0.03530 0.04740 0.07616 0.09640 0.38822 0.983 0.181 1581.375 0.02143
0.03534 0.04745 0.07624 0.09651 0.38930 1.132 0.191 1581.412 0.02146
0.03538 0.04750 0.07633 0.09661 0.39038 1.040 0.186 1581.448 0.02148
0.03541 0.04756 0.07642 0.09672 0.39145 1.017 0.184 1581.485 0.02150
0.03545 0.04761 0.07650 0.09683 0.39253 0.932 0.178 1581.522 0.02153
0.03549 0.04766 0.07659 0.09694 0.39361 1.035 0.185 1581.559 0.02155
0.03553 0.04772 0.07667 0.09705 0.39468 1.036 0.195 1581.595 0.02157
0.03557 0.04777 0.07676 0.09716 0.39576 0.719 0.186 1581.632 0.02160
0.03561 0.04782 0.07684 0.09726 0.39684 0.935 0.203 1581.669 0.02162
0.03565 0.04788 0.07693 0.09737 0.39791 0.648 0.179 1581.705 0.02164
0.03569 0.04793 0.07701 0.09748 0.39899 0.806 0.192 1581.742 0.02167
0.03573 0.04798 0.07710 0.09759 0.40007 0.683 0.181 1581.779 0.02169
0.03577 0.04804 0.07719 0.09770 0.40114 0.493 0.142 1581.816 0.02172
0.03581 0.04809 0.07727 0.09781 0.40222 0.865 0.171 1581.852 0.02174
0.03585 0.04814 0.07736 0.09791 0.40330 0.947 0.179 1581.889 0.02176
0.03589 0.04820 0.07744 0.09802 0.40437 0.963 0.177 1581.926 0.02179
0.03593 0.04825 0.07753 0.09813 0.40545 1.048 0.183 1581.962 0.02181
0.03597 0.04830 0.07761 0.09824 0.40653 0.906 0.174 1581.999 0.02183
0.03601 0.04836 0.07770 0.09835 0.40760 0.571 0.147 1582.036 0.02186
0.03605 0.04841 0.07779 0.09846 0.40868 0.919 0.175 1582.073 0.02188
0.03609 0.04846 0.07787 0.09857 0.40976 0.857 0.172 1582.109 0.02191
0.03613 0.04852 0.07796 0.09867 0.41083 1.042 0.185 1582.146 0.02193
0.03617 0.04857 0.07804 0.09878 0.41191 0.829 0.167 1582.183 0.02195
0.03621 0.04862 0.07813 0.09889 0.41299 0.869 0.172 1582.219 0.02198
0.03625 0.04868 0.07821 0.09900 0.41406 1.087 0.187 1582.256 0.02200
0.03629 0.04873 0.07830 0.09911 0.41514 0.978 0.179 1582.293 0.02202
0.03633 0.04878 0.07839 0.09922 0.41622 0.962 0.179 1582.330 0.02205
0.03637 0.04884 0.07847 0.09932 0.41730 0.675 0.157 1582.366 0.02207
0.03641 0.04889 0.07856 0.09943 0.41837 0.921 0.176 1582.403 0.02210
0.03645 0.04894 0.07864 0.09954 0.41945 0.895 0.174 1582.440 0.02212
0.03649 0.04900 0.07873 0.09965 0.42053 1.272 0.198 1582.477 0.02214
0.03653 0.04905 0.07881 0.09976 0.42161 1.145 0.190 1582.513 0.02217
0.03657 0.04910 0.07890 0.09987 0.42268 0.941 0.177 1582.550 0.02219
0.03661 0.04916 0.07899 0.09998 0.42376 1.211 0.194 1582.587 0.02221
0.03665 0.04921 0.07907 0.10008 0.42484 0.997 0.181 1582.623 0.02224
0.03669 0.04926 0.07916 0.10019 0.42592 1.021 0.193 1582.660 0.02226
0.03673 0.04932 0.07924 0.10030 0.42699 0.913 0.173 1582.697 0.02229
0.03677 0.04937 0.07933 0.10041 0.42807 0.957 0.178 1582.734 0.02231
0.03680 0.04942 0.07941 0.10052 0.42915 1.037 0.183 1582.770 0.02233
0.03684 0.04948 0.07950 0.10063 0.43023 0.890 0.171 1582.807 0.02236
0.03688 0.04953 0.07959 0.10074 0.43130 0.951 0.177 1582.844 0.02238
0.03692 0.04958 0.07967 0.10084 0.43238 0.946 0.177 1582.880 0.02240
0.03696 0.04964 0.07976 0.10095 0.43346 1.056 0.184 1582.917 0.02243
0.03700 0.04969 0.07984 0.10106 0.43454 0.996 0.180 1582.954 0.02245
0.03704 0.04974 0.07993 0.10117 0.43561 0.870 0.171 1582.991 0.02247
0.03708 0.04980 0.08001 0.10128 0.43669 1.098 0.186 1583.027 0.02250
0.03712 0.04985 0.08010 0.10139 0.43777 0.776 0.163 1583.064 0.02252
0.03716 0.04990 0.08019 0.10149 0.43885 1.015 0.181 1583.101 0.02255
0.03720 0.04996 0.08027 0.10160 0.43993 0.996 0.179 1583.137 0.02257
0.03724 0.05001 0.08036 0.10171 0.44100 0.928 0.175 1583.174 0.02259
0.03728 0.05006 0.08044 0.10182 0.44208 0.949 0.176 1583.211 0.02262
0.03732 0.05012 0.08053 0.10193 0.44316 0.783 0.164 1583.248 0.02264
0.03736 0.05017 0.08062 0.10204 0.44424 0.868 0.170 1583.284 0.02266
0.03740 0.05022 0.08070 0.10215 0.44532 0.996 0.179 1583.321 0.02269
0.03744 0.05028 0.08079 0.10225 0.44640 1.114 0.187 1583.358 0.02271
0.03748 0.05033 0.08087 0.10236 0.44747 0.757 0.162 1583.395 0.02274
0.03752 0.05038 0.08096 0.10247 0.44855 1.005 0.180 1583.431 0.02276
0.03756 0.05044 0.08104 0.10258 0.44963 1.269 0.219 1583.468 0.02278
0.03760 0.05049 0.08113 0.10269 0.45071 1.080 0.214 1583.505 0.02281
0.03764 0.05054 0.08122 0.10280 0.45179 0.920 0.203 1583.541 0.02283
0.03768 0.05060 0.08130 0.10291 0.45287 1.497 0.263 1583.578 0.02285
0.03772 0.05065 0.08139 0.10302 0.45394 1.130 0.218 1583.615 0.02288
0.03776 0.05070 0.08147 0.10312 0.45502 0.838 0.196 1583.652 0.02290
0.03780 0.05076 0.08156 0.10323 0.45610 1.233 0.225 1583.688 0.02293
0.03784 0.05081 0.08164 0.10334 0.45718 1.151 0.220 1583.725 0.02295
0.03788 0.05086 0.08173 0.10345 0.45826 0.674 0.182 1583.762 0.02297
0.03792 0.05092 0.08182 0.10356 0.45934 1.043 0.212 1583.798 0.02300
0.03796 0.05097 0.08190 0.10367 0.46042 1.021 0.210 1583.835 0.02302
0.03800 0.05102 0.08199 0.10378 0.46149 0.753 0.188 1583.872 0.02304
0.03804 0.05108 0.08207 0.10388 0.46257 0.964 0.204 1583.909 0.02307
0.03808 0.05113 0.08216 0.10399 0.46365 1.067 0.213 1583.945 0.02309
0.03812 0.05118 0.08225 0.10410 0.46473 1.195 0.222 1583.982 0.02312
0.03816 0.05124 0.08233 0.10421 0.46581 1.194 0.222 1584.019 0.02314
0.03820 0.05129 0.08242 0.10432 0.46689 1.122 0.216 1584.055 0.02316
0.03824 0.05135 0.08250 0.10443 0.46797 1.040 0.210 1584.092 0.02319
0.03828 0.05140 0.08259 0.10454 0.46905 0.854 0.196 1584.129 0.02321
0.03832 0.05145 0.08267 0.10464 0.47013 1.169 0.220 1584.166 0.02323
0.03836 0.05151 0.08276 0.10475 0.47120 1.063 0.212 1584.202 0.02326
0.03840 0.05156 0.08285 0.10486 0.47228 0.850 0.194 1584.239 0.02328
0.03844 0.05161 0.08293 0.10497 0.47336 0.734 0.185 1584.276 0.02331
0.03847 0.05167 0.08302 0.10508 0.47444 0.737 0.185 1584.313 0.02333
0.03851 0.05172 0.08310 0.10519 0.47552 0.960 0.204 1584.349 0.02335
0.03855 0.05177 0.08319 0.10530 0.47660 1.060 0.212 1584.386 0.02338
0.03859 0.05183 0.08328 0.10541 0.47768 1.103 0.215 1584.423 0.02340
0.03863 0.05188 0.08336 0.10551 0.47876 0.914 0.227 1584.459 0.02342
0.03867 0.05193 0.08345 0.10562 0.47984 1.020 0.252 1584.496 0.02345
0.03871 0.05199 0.08353 0.10573 0.48092 1.047 0.249 1584.533 0.02347
0.03875 0.05204 0.08362 0.10584 0.48200 1.102 0.258 1584.570 0.02349
0.03879 0.05209 0.08371 0.10595 0.48308 0.909 0.267 1584.606 0.02352
0.03883 0.05215 0.08379 0.10606 0.48416 1.047 0.234 1584.643 0.02354
0.03887 0.05220 0.08388 0.10617 0.48524 0.869 0.195 1584.680 0.02357
0.03891 0.05225 0.08396 0.10628 0.48632 1.111 0.214 1584.716 0.02359
0.03895 0.05231 0.08405 0.10638 0.48740 0.933 0.201 1584.753 0.02361
0.03899 0.05236 0.08413 0.10649 0.48848 1.209 0.197 1584.790 0.02364
0.03903 0.05241 0.08422 0.10660 0.48955 0.937 0.179 1584.827 0.02366
0.03907 0.05247 0.08431 0.10671 0.49063 1.222 0.197 1584.863 0.02368
0.03911 0.05252 0.08439 0.10682 0.49171 0.780 0.164 1584.900 0.02371
0.03915 0.05257 0.08448 0.10693 0.49279 1.057 0.185 1584.937 0.02373
0.03919 0.05263 0.08456 0.10704 0.49387 1.096 0.188 1584.974 0.02376
0.03923 0.05268 0.08465 0.10715 0.49495 1.015 0.184 1585.010 0.02378
0.03927 0.05273 0.08474 0.10725 0.49603 1.047 0.185 1585.047 0.02380
0.03931 0.05279 0.08482 0.10736 0.49711 0.800 0.167 1585.084 0.02383
0.03935 0.05284 0.08491 0.10747 0.49819 0.942 0.178 1585.120 0.02385
0.03939 0.05290 0.08499 0.10758 0.49927 1.084 0.186 1585.157 0.02387
0.03943 0.05295 0.08508 0.10769 0.50035 0.760 0.165 1585.194 0.02390
0.03947 0.05300 0.08517 0.10780 0.50143 0.937 0.176 1585.231 0.02392
0.03951 0.05306 0.08525 0.10791 0.50251 0.791 0.165 1585.267 0.02395
0.03955 0.05311 0.08534 0.10802 0.50359 1.410 0.208 1585.304 0.02397
0.03959 0.05316 0.08542 0.10812 0.50467 0.950 0.177 1585.341 0.02399
0.03963 0.05322 0.08551 0.10823 0.50575 1.099 0.187 1585.377 0.02402
0.03967 0.05327 0.08560 0.10834 0.50684 0.924 0.176 1585.414 0.02404
0.03971 0.05332 0.08568 0.10845 0.50792 1.243 0.183 1585.451 0.02406
0.03975 0.05338 0.08577 0.10856 0.50900 0.877 0.172 1585.488 0.02409
0.03979 0.05343 0.08585 0.10867 0.51008 0.789 0.165 1585.524 0.02411
0.03983 0.05348 0.08594 0.10878 0.51116 0.767 0.164 1585.561 0.02414
0.03987 0.05354 0.08603 0.10889 0.51224 0.864 0.172 1585.598 0.02416
0.03991 0.05359 0.08611 0.10899 0.51332 0.929 0.176 1585.634 0.02418
0.03995 0.05364 0.08620 0.10910 0.51440 1.053 0.185 1585.671 0.02421
0.03999 0.05370 0.08628 0.10921 0.51548 1.058 0.185 1585.708 0.02423
0.04003 0.05375 0.08637 0.10932 0.51656 0.865 0.171 1585.745 0.02425
0.04007 0.05380 0.08646 0.10943 0.51764 1.157 0.191 1585.781 0.02428
0.04011 0.05386 0.08654 0.10954 0.51872 0.883 0.173 1585.818 0.02430
0.04015 0.05391 0.08663 0.10965 0.51980 0.840 0.170 1585.855 0.02432
0.04019 0.05397 0.08671 0.10976 0.52088 1.064 0.184 1585.892 0.02435
0.04023 0.05402 0.08680 0.10987 0.52196 0.819 0.167 1585.928 0.02437
0.04027 0.05407 0.08689 0.10997 0.52304 0.927 0.174 1585.965 0.02440
0.04031 0.05413 0.08697 0.11008 0.52413 0.862 0.169 1586.002 0.02442
0.04035 0.05418 0.08706 0.11019 0.52521 1.224 0.195 1586.038 0.02444
0.04039 0.05423 0.08714 0.11030 0.52629 0.966 0.178 1586.075 0.02447
0.04043 0.05429 0.08723 0.11041 0.52737 0.995 0.179 1586.112 0.02449
0.04047 0.05434 0.08732 0.11052 0.52845 0.935 0.175 1586.149 0.02451
0.04051 0.05439 0.08740 0.11063 0.52953 0.752 0.161 1586.185 0.02454
0.04055 0.05445 0.08749 0.11074 0.53061 0.791 0.164 1586.222 0.02456
0.04059 0.05450 0.08757 0.11084 0.53169 0.937 0.175 1586.259 0.02459
0.04063 0.05455 0.08766 0.11095 0.53277 0.923 0.173 1586.295 0.02461
0.04067 0.05461 0.08775 0.11106 0.53385 0.762 0.162 1586.332 0.02463
0.04071 0.05466 0.08783 0.11117 0.53494 0.938 0.174 1586.369 0.02466
0.04075 0.05471 0.08792 0.11128 0.53602 1.091 0.185 1586.406 0.02468
0.04079 0.05477 0.08800 0.11139 0.53710 1.167 0.191 1586.442 0.02470
0.04083 0.05482 0.08809 0.11150 0.53818 0.902 0.172 1586.479 0.02473
0.04087 0.05488 0.08818 0.11161 0.53926 0.784 0.165 1586.516 0.02475
0.04090 0.05493 0.08826 0.11172 0.54034 0.907 0.174 1586.552 0.02478
0.04094 0.05498 0.08835 0.11183 0.54142 0.968 0.176 1586.589 0.02480
0.04098 0.05504 0.08843 0.11193 0.54251 0.828 0.168 1586.626 0.02482
0.04102 0.05509 0.08852 0.11204 0.54359 0.681 0.156 1586.663 0.02485
0.04106 0.05514 0.08861 0.11215 0.54467 0.972 0.178 1586.699 0.02487
0.04110 0.05520 0.08869 0.11226 0.54575 0.989 0.179 1586.736 0.02489
0.04114 0.05525 0.08878 0.11237 0.54683 0.684 0.157 1586.773 0.02492
0.04118 0.05530 0.08886 0.11248 0.54791 1.072 0.184 1586.810 0.02494
0.04122 0.05536 0.08895 0.11259 0.54900 1.319 0.200 1586.846 0.02497
0.04126 0.05541 0.08904 0.11270 0.55008 0.692 0.155 1586.883 0.02499
0.04130 0.05546 0.08912 0.11281 0.55116 1.028 0.181 1586.920 0.02501
0.04134 0.05552 0.08921 0.11291 0.55224 0.944 0.173 1586.956 0.02504
0.04138 0.05557 0.08929 0.11302 0.55332 1.187 0.192 1586.993 0.02506
0.04142 0.05563 0.08938 0.11313 0.55440 1.062 0.184 1587.030 0.02508
0.04146 0.05568 0.08947 0.11324 0.55549 1.000 0.180 1587.067 0.02511
0.04150 0.05573 0.08955 0.11335 0.55657 1.061 0.183 1587.103 0.02513
0.04154 0.05579 0.08964 0.11346 0.55765 1.141 0.188 1587.140 0.02516
0.04158 0.05584 0.08972 0.11357 0.55873 1.102 0.186 1587.177 0.02518
0.04162 0.05589 0.08981 0.11368 0.55982 0.818 0.166 1587.213 0.02520
0.04166 0.05595 0.08990 0.11379 0.56090 1.077 0.184 1587.250 0.02523
0.04170 0.05600 0.08998 0.11390 0.56198 0.898 0.172 1587.287 0.02525
0.04174 0.05605 0.09007 0.11400 0.56306 1.063 0.183 1587.324 0.02527
0.04178 0.05611 0.09016 0.11411 0.56414 0.876 0.170 1587.360 0.02530
0.04182 0.05616 0.09024 0.11422 0.56523 0.716 0.158 1587.397 0.02532
0.04186 0.05621 0.09033 0.11433 0.56631 0.776 0.163 1587.434 0.02534
0.04190 0.05627 0.09041 0.11444 0.56739 1.093 0.185 1587.471 0.02537
0.04194 0.05632 0.09050 0.11455 0.56847 0.934 0.174 1587.507 0.02539
0.04198 0.05638 0.09059 0.11466 0.56956 1.180 0.190 1587.544 0.02542
0.04202 0.05643 0.09067 0.11477 0.57064 0.936 0.191 1587.581 0.02544
0.04206 0.05648 0.09076 0.11488 0.57172 0.828 0.192 1587.617 0.02546
0.04210 0.05654 0.09084 0.11499 0.57280 0.933 0.200 1587.654 0.02549
0.04214 0.05659 0.09093 0.11509 0.57389 1.009 0.205 1587.691 0.02551
0.04218 0.05664 0.09102 0.11520 0.57497 0.908 0.197 1587.728 0.02553
0.04222 0.05670 0.09110 0.11531 0.57605 0.804 0.189 1587.764 0.02556
0.04226 0.05675 0.09119 0.11542 0.57713 0.982 0.203 1587.801 0.02558
0.04230 0.05680 0.09127 0.11553 0.57822 1.084 0.210 1587.838 0.02561
0.04234 0.05686 0.09136 0.11564 0.57930 1.200 0.217 1587.874 0.02563
0.04238 0.05691 0.09145 0.11575 0.58038 0.881 0.193 1587.911 0.02565
0.04242 0.05697 0.09153 0.11586 0.58147 0.798 0.187 1587.948 0.02568
0.04246 0.05702 0.09162 0.11597 0.58255 0.906 0.195 1587.985 0.02570
0.04250 0.05707 0.09171 0.11608 0.58363 0.796 0.188 1588.021 0.02572
0.04254 0.05713 0.09179 0.11618 0.58471 0.753 0.195 1588.058 0.02575
0.04258 0.05718 0.09188 0.11629 0.58580 1.042 0.242 1588.095 0.02577
0.04262 0.05723 0.09196 0.11640 0.58688 1.079 0.244 1588.131 0.02580
0.04266 0.05729 0.09205 0.11651 0.58796 1.141 0.249 1588.168 0.02582
0.04270 0.05734 0.09214 0.11662 0.58905 0.944 0.234 1588.205 0.02584
0.04274 0.05739 0.09222 0.11673 0.59013 1.021 0.242 1588.242 0.02587
0.04278 0.05745 0.09231 0.11684 0.59121 1.105 0.209 1588.278 0.02589
0.04282 0.05750 0.09239 0.11695 0.59230 1.073 0.209 1588.315 0.02591
0.04286 0.05756 0.09248 0.11706 0.59338 1.081 0.209 1588.352 0.02594
0.04290 0.05761 0.09257 0.11717 0.59446 1.265 0.221 1588.389 0.02596
0.04294 0.05766 0.09265 0.11728 0.59555 0.892 0.195 1588.425 0.02599
0.04298 0.05772 0.09274 0.11738 0.59663 1.010 0.203 1588.462 0.02601
0.04302 0.05777 0.09283 0.11749 0.59771 1.147 0.214 1588.499 0.02603
0.04306 0.05782 0.09291 0.11760 0.59880 1.059 0.206 1588.535 0.02606
0.04310 0.05788 0.09300 0.11771 0.59988 0.905 0.195 1588.572 0.02608
0.04314 0.05793 0.09308 0.11782 0.60096 0.933 0.197 1588.609 0.02610
0.04318 0.05798 0.09317 0.11793 0.60205 1.009 0.202 1588.646 0.02613
0.04322 0.05804 0.09326 0.11804 0.60313 0.754 0.182 1588.682 0.02615
0.04326 0.05809 0.09334 0.11815 0.60421 0.804 0.186 1588.719 0.02618
0.04330 0.05815 0.09343 0.11826 0.60530 0.932 0.197 1588.756 0.02620
0.04334 0.05820 0.09352 0.11837 0.60638 1.083 0.207 1588.792 0.02622
0.04338 0.05825 0.09360 0.11848 0.60746 1.057 0.206 1588.829 0.02625
0.04342 0.05831 0.09369 0.11858 0.60855 0.702 0.178 1588.866 0.02627
0.04346 0.05836 0.09377 0.11869 0.60963 1.209 0.216 1588.903 0.02629
0.04350 0.05841 0.09386 0.11880 0.61072 1.208 0.216 1588.939 0.02632
0.04354 0.05847 0.09395 0.11891 0.61180 1.183 0.214 1588.976 0.02634
0.04358 0.05852 0.09403 0.11902 0.61288 1.081 0.207 1589.013 0.02636
0.04362 0.05857 0.09412 0.11913 0.61397 0.953 0.198 1589.049 0.02639
0.04366 0.05863 0.09421 0.11924 0.61505 1.003 0.201 1589.086 0.02641
0.04370 0.05868 0.09429 0.11935 0.61614 1.153 0.212 1589.123 0.02644
0.04374 0.05874 0.09438 0.11946 0.61722 1.328 0.223 1589.160 0.02646
0.04378 0.05879 0.09446 0.11957 0.61830 0.874 0.191 1589.196 0.02648
0.04382 0.05884 0.09455 0.11968 0.61939 1.275 0.220 1589.233 0.02651
0.04386 0.05890 0.09464 0.11979 0.62047 1.047 0.204 1589.270 0.02653
0.04390 0.05895 0.09472 0.11989 0.62156 0.668 0.175 1589.307 0.02655
0.04394 0.05900 0.09481 0.12000 0.62264 0.792 0.184 1589.343 0.02658
0.04398 0.05906 0.09490 0.12011 0.62373 1.420 0.230 1589.380 0.02660
0.04402 0.05911 0.09498 0.12022 0.62481 1.420 0.229 1589.417 0.02663
0.04406 0.05917 0.09507 0.12033 0.62589 0.944 0.197 1589.453 0.02665
0.04410 0.05922 0.09515 0.12044 0.62698 0.766 0.182 1589.490 0.02667
0.04414 0.05927 0.09524 0.12055 0.62806 0.715 0.178 1589.527 0.02670
0.04418 0.05933 0.09533 0.12066 0.62915 1.189 0.214 1589.564 0.02672
0.04422 0.05938 0.09541 0.12077 0.63023 1.114 0.209 1589.600 0.02674
0.04426 0.05943 0.09550 0.12088 0.63132 0.738 0.180 1589.637 0.02677
0.04430 0.05949 0.09559 0.12099 0.63240 1.085 0.207 1589.674 0.02679
0.04434 0.05954 0.09567 0.12110 0.63349 1.113 0.208 1589.710 0.02682
0.04438 0.05959 0.09576 0.12121 0.63457 0.685 0.175 1589.747 0.02684
0.04442 0.05965 0.09584 0.12131 0.63565 0.934 0.195 1589.784 0.02686
0.04446 0.05970 0.09593 0.12142 0.63674 0.983 0.199 1589.821 0.02689
0.04450 0.05976 0.09602 0.12153 0.63782 0.983 0.199 1589.857 0.02691
0.04454 0.05981 0.09610 0.12164 0.63891 0.910 0.193 1589.894 0.02693
0.04458 0.05986 0.09619 0.12175 0.63999 1.006 0.201 1589.931 0.02696
0.04462 0.05992 0.09628 0.12186 0.64108 0.807 0.185 1589.968 0.02698
0.04466 0.05997 0.09636 0.12197 0.64216 0.931 0.195 1590.004 0.02701
0.04470 0.06002 0.09645 0.12208 0.64325 0.806 0.185 1590.041 0.02703
0.04474 0.06008 0.09654 0.12219 0.64433 1.027 0.202 1590.078 0.02705
0.04478 0.06013 0.09662 0.12230 0.64542 1.027 0.202 1590.114 0.02708
0.04482 0.06019 0.09671 0.12241 0.64650 1.001 0.200 1590.151 0.02710
0.04486 0.06024 0.09679 0.12252 0.64759 0.899 0.193 1590.188 0.02712
0.04490 0.06029 0.09688 0.12263 0.64867 1.098 0.207 1590.225 0.02715
0.04494 0.06035 0.09697 0.12274 0.64976 0.850 0.189 1590.261 0.02717
0.04498 0.06040 0.09705 0.12284 0.65084 1.049 0.203 1590.298 0.02719
0.04502 0.06045 0.09714 0.12295 0.65193 1.099 0.207 1590.335 0.02722
0.04506 0.06051 0.09723 0.12306 0.65301 1.122 0.208 1590.371 0.02724
0.04510 0.06056 0.09731 0.12317 0.65410 0.975 0.198 1590.408 0.02727
0.04514 0.06062 0.09740 0.12328 0.65519 0.777 0.182 1590.445 0.02729
0.04518 0.06067 0.09749 0.12339 0.65627 0.727 0.178 1590.482 0.02731
0.04522 0.06072 0.09757 0.12350 0.65736 1.270 0.218 1590.518 0.02734
0.04526 0.06078 0.09766 0.12361 0.65844 0.775 0.182 1590.555 0.02736
0.04530 0.06083 0.09774 0.12372 0.65953 0.849 0.188 1590.592 0.02738
0.04534 0.06088 0.09783 0.12383 0.66061 0.703 0.176 1590.628 0.02741
0.04538 0.06094 0.09792 0.12394 0.66170 0.751 0.180 1590.665 0.02743
0.04542 0.06099 0.09800 0.12405 0.66278 0.811 0.184 1590.702 0.02746
0.04546 0.06105 0.09809 0.12416 0.66387 0.848 0.186 1590.739 0.02748
0.04550 0.06110 0.09818 0.12427 0.66496 0.925 0.193 1590.775 0.02750
0.04554 0.06115 0.09826 0.12437 0.66604 0.739 0.178 1590.812 0.02753
0.04558 0.06121 0.09835 0.12448 0.66713 0.781 0.182 1590.849 0.02755
0.04562 0.06126 0.09844 0.12459 0.66821 0.999 0.198 1590.886 0.02757
0.04566 0.06131 0.09852 0.12470 0.66930 1.269 0.217 1590.922 0.02760
0.04570 0.06137 0.09861 0.12481 0.67038 1.063 0.204 1590.959 0.02762
0.04574 0.06142 0.09869 0.12492 0.67147 0.969 0.194 1590.996 0.02765
0.04578 0.06148 0.09878 0.12503 0.67256 1.009 0.199 1591.032 0.02767
0.04582 0.06153 0.09887 0.12514 0.67364 0.778 0.179 1591.069 0.02769
0.04586 0.06158 0.09895 0.12525 0.67473 1.030 0.199 1591.106 0.02772
0.04590 0.06164 0.09904 0.12536 0.67581 0.818 0.184 1591.143 0.02774
0.04594 0.06169 0.09913 0.12547 0.67690 0.887 0.190 1591.179 0.02776
0.04598 0.06174 0.09921 0.12558 0.67799 0.684 0.172 1591.216 0.02779
0.04602 0.06180 0.09930 0.12569 0.67907 0.956 0.194 1591.253 0.02781
0.04606 0.06185 0.09939 0.12580 0.68016 0.727 0.177 1591.289 0.02784
0.04610 0.06191 0.09947 0.12591 0.68125 0.591 0.163 1591.326 0.02786
0.04614 0.06196 0.09956 0.12602 0.68233 0.912 0.192 1591.363 0.02788
0.04618 0.06201 0.09964 0.12612 0.68342 0.838 0.186 1591.400 0.02791
0.04622 0.06207 0.09973 0.12623 0.68450 0.787 0.182 1591.436 0.02793
0.04626 0.06212 0.09982 0.12634 0.68559 1.057 0.202 1591.473 0.02795
0.04630 0.06217 0.09990 0.12645 0.68668 1.079 0.204 1591.510 0.02798
0.04634 0.06223 0.09999 0.12656 0.68776 0.711 0.176 1591.546 0.02800
0.04638 0.06228 0.10008 0.12667 0.68885 0.932 0.193 1591.583 0.02803
0.04642 0.06234 0.10016 0.12678 0.68994 1.173 0.210 1591.620 0.02805
0.04646 0.06239 0.10025 0.12689 0.69102 1.002 0.199 1591.657 0.02807
0.04650 0.06244 0.10034 0.12700 0.69211 0.975 0.196 1591.693 0.02810
0.04654 0.06250 0.10042 0.12711 0.69320 1.024 0.200 1591.730 0.02812
0.04658 0.06255 0.10051 0.12722 0.69428 0.954 0.195 1591.767 0.02814
0.04662 0.06261 0.10060 0.12733 0.69537 1.046 0.201 1591.804 0.02817
0.04666 0.06266 0.10068 0.12744 0.69646 1.022 0.200 1591.840 0.02819
0.04670 0.06271 0.10077 0.12755 0.69754 0.873 0.189 1591.877 0.02821
0.04674 0.06277 0.10086 0.12766 0.69863 0.875 0.188 1591.914 0.02824
0.04678 0.06282 0.10094 0.12777 0.69972 1.287 0.218 1591.950 0.02826
0.04682 0.06287 0.10103 0.12788 0.70080 0.947 0.194 1591.987 0.02829
0.04686 0.06293 0.10111 0.12799 0.70189 0.946 0.194 1592.024 0.02831
0.04690 0.06298 0.10120 0.12809 0.70298 0.899 0.190 1592.061 0.02833
0.04694 0.06304 0.10129 0.12820 0.70406 1.094 0.204 1592.097 0.02836
0.04698 0.06309 0.10137 0.12831 0.70515 1.260 0.216 1592.134 0.02838
0.04702 0.06314 0.10146 0.12842 0.70624 0.850 0.187 1592.171 0.02840
0.04706 0.06320 0.10155 0.12853 0.70733 1.017 0.199 1592.207 0.02843
0.04710 0.06325 0.10163 0.12864 0.70841 0.775 0.181 1592.244 0.02845
0.04714 0.06330 0.10172 0.12875 0.70950 1.017 0.199 1592.281 0.02848
0.04718 0.06336 0.10181 0.12886 0.71059 0.846 0.186 1592.318 0.02850
0.04722 0.06341 0.10189 0.12897 0.71167 0.966 0.195 1592.354 0.02852
0.04726 0.06347 0.10198 0.12908 0.71276 0.868 0.188 1592.391 0.02855
0.04730 0.06352 0.10207 0.12919 0.71385 1.231 0.213 1592.428 0.02857
0.04734 0.06357 0.10215 0.12930 0.71494 1.133 0.207 1592.465 0.02859
0.04738 0.06363 0.10224 0.12941 0.71602 1.084 0.203 1592.501 0.02862
0.04742 0.06368 0.10233 0.12952 0.71711 0.938 0.193 1592.538 0.02864
0.04746 0.06374 0.10241 0.12963 0.71820 1.250 0.215 1592.575 0.02867
0.04750 0.06379 0.10250 0.12974 0.71929 1.060 0.202 1592.611 0.02869
0.04754 0.06384 0.10259 0.12985 0.72037 0.700 0.174 1592.648 0.02871
0.04758 0.06390 0.10267 0.12996 0.72146 0.963 0.194 1592.685 0.02874
0.04762 0.06395 0.10276 0.13007 0.72255 0.914 0.191 1592.722 0.02876
0.04766 0.06400 0.10284 0.13018 0.72364 1.011 0.198 1592.758 0.02878
0.04770 0.06406 0.10293 0.13028 0.72473 0.797 0.182 1592.795 0.02881
0.04774 0.06411 0.10302 0.13039 0.72581 0.775 0.180 1592.832 0.02883
0.04778 0.06417 0.10310 0.13050 0.72690 1.326 0.219 1592.868 0.02886
0.04782 0.06422 0.10319 0.13061 0.72799 0.847 0.185 1592.905 0.02888
0.04786 0.06427 0.10328 0.13072 0.72908 1.084 0.203 1592.942 0.02890
0.04790 0.06433 0.10336 0.13083 0.73016 1.133 0.206 1592.979 0.02893
0.04794 0.06438 0.10345 0.13094 0.73125 1.038 0.199 1593.015 0.02895
0.04798 0.06444 0.10354 0.13105 0.73234 1.084 0.202 1593.052 0.02897
0.04802 0.06449 0.10362 0.13116 0.73343 1.155 0.207 1593.089 0.02900
0.04806 0.06454 0.10371 0.13127 0.73452 1.033 0.199 1593.125 0.02902
0.04810 0.06460 0.10380 0.13138 0.73560 0.625 0.167 1593.162 0.02904
0.04815 0.06465 0.10388 0.13149 0.73669 0.865 0.186 1593.199 0.02907
0.04819 0.06471 0.10397 0.13160 0.73778 1.081 0.202 1593.236 0.02909
0.04823 0.06476 0.10406 0.13171 0.73887 0.960 0.194 1593.272 0.02912
0.04827 0.06481 0.10414 0.13182 0.73996 1.221 0.211 1593.309 0.02914
0.04831 0.06487 0.10423 0.13193 0.74105 1.150 0.207 1593.346 0.02916
0.04835 0.06492 0.10432 0.13204 0.74213 0.910 0.190 1593.383 0.02919
0.04839 0.06497 0.10440 0.13215 0.74322 1.220 0.211 1593.419 0.02921
0.04843 0.06503 0.10449 0.13226 0.74431 1.075 0.202 1593.456 0.02923
0.04847 0.06508 0.10458 0.13237 0.74540 1.145 0.207 1593.493 0.02926
0.04851 0.06514 0.10466 0.13248 0.74649 1.292 0.216 1593.529 0.02928
0.04855 0.06519 0.10475 0.13259 0.74758 1.219 0.211 1593.566 0.02931
0.04859 0.06524 0.10484 0.13270 0.74866 1.101 0.203 1593.603 0.02933
0.04863 0.06530 0.10492 0.13281 0.74975 0.910 0.189 1593.640 0.02935
0.04867 0.06535 0.10501 0.13291 0.75084 0.815 0.182 1593.676 0.02938
0.04871 0.06541 0.10510 0.13302 0.75193 0.910 0.189 1593.713 0.02940
0.04875 0.06546 0.10518 0.13313 0.75302 0.865 0.185 1593.750 0.02942
0.04879 0.06551 0.10527 0.13324 0.75411 1.151 0.206 1593.786 0.02945
0.04883 0.06557 0.10536 0.13335 0.75520 1.246 0.212 1593.823 0.02947
0.04887 0.06562 0.10544 0.13346 0.75628 0.817 0.181 1593.860 0.02950
0.04891 0.06568 0.10553 0.13357 0.75737 0.913 0.189 1593.897 0.02952
0.04895 0.06573 0.10562 0.13368 0.75846 0.961 0.192 1593.933 0.02954
0.04899 0.06578 0.10570 0.13379 0.75955 0.865 0.185 1593.970 0.02957
0.04903 0.06584 0.10579 0.13390 0.76064 0.957 0.192 1594.007 0.02959
0.04907 0.06589 0.10588 0.13401 0.76173 0.933 0.190 1594.043 0.02961
0.04911 0.06594 0.10596 0.13412 0.76282 0.765 0.178 1594.080 0.02964
0.04915 0.06600 0.10605 0.13423 0.76391 1.072 0.200 1594.117 0.02966
0.04919 0.06605 0.10614 0.13434 0.76500 0.952 0.192 1594.154 0.02969
0.04923 0.06611 0.10622 0.13445 0.76609 1.001 0.195 1594.190 0.02971
0.04927 0.06616 0.10631 0.13456 0.76717 0.904 0.189 1594.227 0.02973
0.04931 0.06621 0.10640 0.13467 0.76826 0.905 0.188 1594.264 0.02976
0.04935 0.06627 0.10648 0.13478 0.76935 0.932 0.190 1594.301 0.02978
0.04939 0.06632 0.10657 0.13489 0.77044 1.075 0.199 1594.337 0.02980
0.04943 0.06638 0.10666 0.13500 0.77153 0.802 0.179 1594.374 0.02983
0.04947 0.06643 0.10674 0.13511 0.77262 0.935 0.188 1594.411 0.02985
0.04951 0.06648 0.10683 0.13522 0.77371 1.083 0.202 1594.447 0.02988
0.04955 0.06654 0.10692 0.13533 0.77480 1.171 0.206 1594.484 0.02990
0.04959 0.06659 0.10700 0.13544 0.77589 0.908 0.186 1594.521 0.02992
0.04963 0.06665 0.10709 0.13555 0.77698 1.112 0.201 1594.558 0.02995
0.04967 0.06670 0.10718 0.13566 0.77807 0.862 0.182 1594.594 0.02997
0.04971 0.06675 0.10726 0.13577 0.77916 1.138 0.205 1594.631 0.02999
0.04975 0.06681 0.10735 0.13588 0.78025 1.002 0.195 1594.668 0.03002
0.04979 0.06686 0.10744 0.13599 0.78134 0.883 0.186 1594.704 0.03004
0.04983 0.06692 0.10752 0.13610 0.78243 0.947 0.189 1594.741 0.03006
0.04987 0.06697 0.10761 0.13621 0.78352 0.817 0.179 1594.778 0.03009
0.04991 0.06702 0.10770 0.13632 0.78461 1.071 0.198 1594.815 0.03011
0.04995 0.06708 0.10778 0.13642 0.78570 1.129 0.204 1594.851 0.03014
0.04999 0.06713 0.10787 0.13653 0.78679 1.026 0.196 1594.888 0.03016
0.05003 0.06719 0.10796 0.13664 0.78788 1.015 0.194 1594.925 0.03018
0.05007 0.06724 0.10804 0.13675 0.78897 0.844 0.182 1594.962 0.03021
0.05011 0.06729 0.10813 0.13686 0.79006 1.078 0.199 1594.998 0.03023
0.05015 0.06735 0.10822 0.13697 0.79115 0.782 0.178 1595.035 0.03025
0.05019 0.06740 0.10830 0.13708 0.79224 0.898 0.187 1595.072 0.03028
0.05023 0.06746 0.10839 0.13719 0.79333 1.295 0.215 1595.108 0.03030
0.05027 0.06751 0.10848 0.13730 0.79442 1.084 0.201 1595.145 0.03033
0.05031 0.06756 0.10856 0.13741 0.79551 1.016 0.196 1595.182 0.03035
0.05035 0.06762 0.10865 0.13752 0.79660 1.202 0.208 1595.219 0.03037
0.05039 0.06767 0.10874 0.13763 0.79769 0.946 0.191 1595.255 0.03040
0.05043 0.06773 0.10882 0.13774 0.79878 1.203 0.208 1595.292 0.03042
0.05047 0.06778 0.10891 0.13785 0.79987 0.923 0.188 1595.329 0.03044
0.05051 0.06783 0.10900 0.13796 0.80096 0.852 0.184 1595.365 0.03047
0.05055 0.06789 0.10908 0.13807 0.80205 1.040 0.197 1595.402 0.03049
0.05060 0.06794 0.10917 0.13818 0.80314 0.898 0.187 1595.439 0.03052
0.05064 0.06800 0.10926 0.13829 0.80423 0.827 0.181 1595.476 0.03054
0.05068 0.06805 0.10934 0.13840 0.80532 0.989 0.194 1595.512 0.03056
0.05072 0.06810 0.10943 0.13851 0.80641 1.413 0.206 1595.549 0.03059
0.05076 0.06816 0.10952 0.13862 0.80750 0.969 0.192 1595.586 0.03061
0.05080 0.06821 0.10960 0.13873 0.80859 0.873 0.185 1595.622 0.03063
0.05084 0.06827 0.10969 0.13884 0.80968 0.849 0.183 1595.659 0.03066
0.05088 0.06832 0.10978 0.13895 0.81077 0.824 0.181 1595.696 0.03068
0.05092 0.06837 0.10986 0.13906 0.81186 0.731 0.174 1595.733 0.03071
0.05096 0.06843 0.10995 0.13917 0.81295 0.639 0.166 1595.769 0.03073
0.05100 0.06848 0.11004 0.13928 0.81404 0.803 0.179 1595.806 0.03075
0.05104 0.06854 0.11012 0.13939 0.81513 0.802 0.179 1595.843 0.03078
0.05108 0.06859 0.11021 0.13950 0.81622 1.245 0.211 1595.880 0.03080
0.05112 0.06864 0.11030 0.13961 0.81732 0.964 0.191 1595.916 0.03082
0.05116 0.06870 0.11039 0.13972 0.81841 1.105 0.201 1595.953 0.03085
0.05120 0.06875 0.11047 0.13983 0.81950 1.292 0.213 1595.990 0.03087
0.05124 0.06881 0.11056 0.13994 0.82059 0.756 0.175 1596.026 0.03089
0.05128 0.06886 0.11065 0.14005 0.82168 1.060 0.198 1596.063 0.03092
0.05132 0.06891 0.11073 0.14016 0.82277 0.941 0.190 1596.100 0.03094
0.05136 0.06897 0.11082 0.14027 0.82386 1.033 0.196 1596.137 0.03097
0.05140 0.06902 0.11091 0.14038 0.82495 0.939 0.189 1596.173 0.03099
0.05144 0.06908 0.11099 0.14049 0.82604 1.313 0.215 1596.210 0.03101
0.05148 0.06913 0.11108 0.14060 0.82713 0.869 0.184 1596.247 0.03104
0.05152 0.06918 0.11117 0.14071 0.82823 0.684 0.169 1596.283 0.03106
0.05156 0.06924 0.11125 0.14082 0.82932 1.032 0.196 1596.320 0.03108
0.05160 0.06929 0.11134 0.14093 0.83041 0.892 0.186 1596.357 0.03111
0.05164 0.06935 0.11143 0.14104 0.83150 1.031 0.196 1596.394 0.03113
0.05168 0.06940 0.11151 0.14115 0.83259 1.008 0.194 1596.430 0.03116
0.05172 0.06945 0.11160 0.14126 0.83368 1.077 0.199 1596.467 0.03118
0.05176 0.06951 0.11169 0.14137 0.83477 1.358 0.217 1596.504 0.03120
0.05180 0.06956 0.11177 0.14148 0.83587 0.751 0.175 1596.540 0.03123
0.05184 0.06962 0.11186 0.14159 0.83696 1.100 0.201 1596.577 0.03125
0.05188 0.06967 0.11195 0.14170 0.83805 0.937 0.189 1596.614 0.03127
0.05192 0.06972 0.11203 0.14181 0.83914 1.006 0.194 1596.651 0.03130
0.05196 0.06978 0.11212 0.14192 0.84023 0.983 0.192 1596.687 0.03132
0.05200 0.06983 0.11221 0.14203 0.84132 0.984 0.192 1596.724 0.03135
0.05204 0.06989 0.11230 0.14214 0.84241 1.168 0.205 1596.761 0.03137
0.05208 0.06994 0.11238 0.14225 0.84351 0.775 0.177 1596.798 0.03139
0.05212 0.06999 0.11247 0.14236 0.84460 0.915 0.187 1596.834 0.03142
0.05216 0.07005 0.11256 0.14247 0.84569 1.054 0.197 1596.871 0.03144
0.05220 0.07010 0.11264 0.14258 0.84678 0.938 0.188 1596.908 0.03146
0.05224 0.07016 0.11273 0.14269 0.84787 1.284 0.213 1596.944 0.03149
0.05229 0.07021 0.11282 0.14280 0.84897 0.704 0.171 1596.981 0.03151
0.05233 0.07026 0.11290 0.14291 0.85006 1.003 0.193 1597.018 0.03154
0.05237 0.07032 0.11299 0.14302 0.85115 0.959 0.190 1597.055 0.03156
0.05241 0.07037 0.11308 0.14313 0.85224 1.003 0.194 1597.091 0.03158
0.05245 0.07043 0.11316 0.14324 0.85333 0.981 0.192 1597.128 0.03161
0.05249 0.07048 0.11325 0.14335 0.85443 0.749 0.174 1597.165 0.03163
0.05253 0.07054 0.11334 0.14346 0.85552 0.747 0.174 1597.201 0.03165
0.05257 0.07059 0.11342 0.14357 0.85661 1.024 0.195 1597.238 0.03168
0.05261 0.07064 0.11351 0.14368 0.85770 0.748 0.174 1597.275 0.03170
0.05265 0.07070 0.11360 0.14379 0.85879 1.001 0.194 1597.312 0.03173
0.05269 0.07075 0.11369 0.14390 0.85989 1.073 0.198 1597.348 0.03175
0.05273 0.07081 0.11377 0.14401 0.86098 0.979 0.192 1597.385 0.03177
0.05277 0.07086 0.11386 0.14412 0.86207 0.886 0.185 1597.422 0.03180
0.05281 0.07091 0.11395 0.14423 0.86316 1.001 0.193 1597.459 0.03182
0.05285 0.07097 0.11403 0.14434 0.86426 0.677 0.168 1597.495 0.03184
0.05289 0.07102 0.11412 0.14445 0.86535 1.024 0.195 1597.532 0.03187
0.05293 0.07108 0.11421 0.14456 0.86644 0.976 0.192 1597.569 0.03189
0.05297 0.07113 0.11429 0.14467 0.86753 0.906 0.187 1597.605 0.03191
0.05301 0.07118 0.11438 0.14478 0.86863 1.461 0.224 1597.642 0.03194
0.05305 0.07124 0.11447 0.14489 0.86972 0.698 0.170 1597.679 0.03196
0.05309 0.07129 0.11455 0.14500 0.87081 0.859 0.183 1597.716 0.03199
0.05313 0.07135 0.11464 0.14511 0.87190 1.157 0.205 1597.752 0.03201
0.05317 0.07140 0.11473 0.14522 0.87300 1.112 0.201 1597.789 0.03203
0.05321 0.07145 0.11482 0.14533 0.87409 0.903 0.186 1597.826 0.03206
0.05325 0.07151 0.11490 0.14544 0.87518 1.160 0.204 1597.862 0.03208
0.05329 0.07156 0.11499 0.14555 0.87628 1.176 0.198 1597.899 0.03210
0.05333 0.07162 0.11508 0.14566 0.87737 0.995 0.166 1597.936 0.03213
0.05337 0.07167 0.11516 0.14577 0.87846 0.938 0.162 1597.973 0.03215
0.05341 0.07173 0.11525 0.14588 0.87955 1.081 0.171 1598.009 0.03218
0.05345 0.07178 0.11534 0.14599 0.88065 0.828 0.154 1598.046 0.03220
0.05349 0.07183 0.11542 0.14610 0.88174 0.970 0.163 1598.083 0.03222
0.05353 0.07189 0.11551 0.14621 0.88283 1.159 0.177 1598.119 0.03225
0.05357 0.07194 0.11560 0.14632 0.88393 1.297 0.184 1598.156 0.03227
0.05361 0.07200 0.11569 0.14643 0.88502 0.918 0.161 1598.193 0.03229
0.05365 0.07205 0.11577 0.14654 0.88611 1.138 0.175 1598.230 0.03232
0.05370 0.07210 0.11586 0.14665 0.88721 0.866 0.157 1598.266 0.03234
0.05374 0.07216 0.11595 0.14676 0.88830 0.914 0.159 1598.303 0.03237
0.05378 0.07221 0.11603 0.14687 0.88939 1.123 0.173 1598.340 0.03239
0.05382 0.07227 0.11612 0.14698 0.89049 1.163 0.177 1598.377 0.03241
0.05386 0.07232 0.11621 0.14709 0.89158 0.868 0.156 1598.413 0.03244
0.05390 0.07237 0.11629 0.14720 0.89267 1.218 0.180 1598.450 0.03246
0.05394 0.07243 0.11638 0.14731 0.89377 1.104 0.173 1598.487 0.03248
0.05398 0.07248 0.11647 0.14742 0.89486 0.723 0.146 1598.523 0.03251
0.05402 0.07254 0.11655 0.14753 0.89595 1.087 0.172 1598.560 0.03253
0.05406 0.07259 0.11664 0.14764 0.89705 0.886 0.158 1598.597 0.03256
0.05410 0.07265 0.11673 0.14775 0.89814 0.883 0.158 1598.634 0.03258
0.05414 0.07270 0.11682 0.14786 0.89923 1.270 0.171 1598.670 0.03260
0.05418 0.07275 0.11690 0.14797 0.90033 1.010 0.167 1598.707 0.03263
0.05422 0.07281 0.11699 0.14808 0.90142 0.881 0.158 1598.744 0.03265
0.05426 0.07286 0.11708 0.14819 0.90251 0.987 0.165 1598.780 0.03267
0.05430 0.07292 0.11716 0.14830 0.90361 0.988 0.165 1598.817 0.03270
0.05434 0.07297 0.11725 0.14841 0.90470 1.022 0.168 1598.854 0.03272
0.05438 0.07302 0.11734 0.14852 0.90580 0.865 0.157 1598.891 0.03274
0.05442 0.07308 0.11743 0.14863 0.90689 1.025 0.168 1598.927 0.03277
0.05446 0.07313 0.11751 0.14874 0.90798 1.027 0.168 1598.964 0.03279
0.05450 0.07319 0.11760 0.14885 0.90908 0.959 0.163 1599.001 0.03282
0.05454 0.07324 0.11769 0.14896 0.91017 1.117 0.173 1599.037 0.03284
0.05458 0.07330 0.11777 0.14907 0.91126 0.970 0.164 1599.074 0.03286
0.05462 0.07335 0.11786 0.14918 0.91236 0.707 0.146 1599.111 0.03289
0.05466 0.07340 0.11795 0.14929 0.91345 1.027 0.155 1599.148 0.03291
0.05470 0.07346 0.11803 0.14940 0.91455 0.860 0.157 1599.184 0.03293
0.05474 0.07351 0.11812 0.14951 0.91564 1.167 0.176 1599.221 0.03296
0.05478 0.07357 0.11821 0.14962 0.91674 1.084 0.171 1599.258 0.03298
0.05482 0.07362 0.11830 0.14973 0.91783 0.601 0.138 1599.295 0.03301
0.05486 0.07367 0.11838 0.14984 0.91892 0.818 0.154 1599.331 0.03303
0.05491 0.07373 0.11847 0.14995 0.92002 1.058 0.170 1599.368 0.03305
0.05495 0.07378 0.11856 0.15006 0.92111 0.945 0.163 1599.405 0.03308
0.05499 0.07384 0.11864 0.15017 0.92221 1.025 0.167 1599.441 0.03310
0.05503 0.07389 0.11873 0.15028 0.92330 1.062 0.170 1599.478 0.03312
0.05507 0.07395 0.11882 0.15039 0.92440 0.767 0.150 1599.515 0.03315
0.05511 0.07400 0.11891 0.15050 0.92549 1.048 0.169 1599.552 0.03317
0.05515 0.07405 0.11899 0.15061 0.92658 0.964 0.164 1599.588 0.03320
0.05519 0.07411 0.11908 0.15072 0.92768 1.120 0.173 1599.625 0.03322
0.05523 0.07416 0.11917 0.15083 0.92877 1.167 0.176 1599.662 0.03324
0.05527 0.07422 0.11925 0.15094 0.92987 0.887 0.158 1599.698 0.03327
0.05531 0.07427 0.11934 0.15105 0.93096 1.178 0.178 1599.735 0.03329
0.05535 0.07433 0.11943 0.15116 0.93206 1.016 0.167 1599.772 0.03331
0.05539 0.07438 0.11951 0.15127 0.93315 1.124 0.173 1599.809 0.03334
0.05543 0.07443 0.11960 0.15138 0.93425 1.235 0.181 1599.845 0.03336
0.05547 0.07449 0.11969 0.15150 0.93534 1.142 0.174 1599.882 0.03339
0.05551 0.07454 0.11978 0.15161 0.93644 0.936 0.162 1599.919 0.03341
0.05555 0.07460 0.11986 0.15172 0.93753 1.084 0.171 1599.956 0.03343
0.05559 0.07465 0.11995 0.15183 0.93863 1.095 0.172 1599.992 0.03346
0.05563 0.07470 0.12004 0.15194 0.93972 1.070 0.170 1600.029 0.03348
0.05567 0.07476 0.12012 0.15205 0.94082 0.710 0.144 1600.066 0.03350
0.05571 0.07481 0.12021 0.15216 0.94191 0.915 0.161 1600.102 0.03353
0.05575 0.07487 0.12030 0.15227 0.94301 0.769 0.151 1600.139 0.03355
0.05579 0.07492 0.12039 0.15238 0.94410 1.200 0.179 1600.176 0.03358
0.05583 0.07498 0.12047 0.15249 0.94520 0.944 0.163 1600.213 0.03360
0.05587 0.07503 0.12056 0.15260 0.94629 1.052 0.169 1600.249 0.03362
0.05591 0.07508 0.12065 0.15271 0.94739 1.057 0.169 1600.286 0.03365
0.05595 0.07514 0.12073 0.15282 0.94848 1.142 0.174 1600.323 0.03367
0.05599 0.07519 0.12082 0.15293 0.94958 1.106 0.173 1600.359 0.03369
0.05604 0.07525 0.12091 0.15304 0.95067 1.183 0.177 1600.396 0.03372
0.05608 0.07530 0.12100 0.15315 0.95177 1.141 0.175 1600.433 0.03374
0.05612 0.07536 0.12108 0.15326 0.95286 1.066 0.170 1600.470 0.03376
0.05616 0.07541 0.12117 0.15337 0.95396 0.817 0.163 1600.506 0.03379
0.05620 0.07546 0.12126 0.15348 0.95505 0.883 0.158 1600.543 0.03381
0.05624 0.07552 0.12134 0.15359 0.95615 1.087 0.171 1600.580 0.03384
0.05628 0.07557 0.12143 0.15370 0.95725 0.932 0.162 1600.616 0.03386
0.05632 0.07563 0.12152 0.15381 0.95834 0.790 0.152 1600.653 0.03388
0.05636 0.07568 0.12161 0.15392 0.95944 0.895 0.160 1600.690 0.03391
0.05640 0.07573 0.12169 0.15403 0.96053 0.810 0.153 1600.727 0.03393
0.05644 0.07579 0.12178 0.15414 0.96163 0.925 0.162 1600.763 0.03395
0.05648 0.07584 0.12187 0.15425 0.96272 0.864 0.157 1600.800 0.03398
0.05652 0.07590 0.12195 0.15436 0.96382 0.962 0.163 1600.837 0.03400
0.05656 0.07595 0.12204 0.15447 0.96492 1.164 0.164 1600.874 0.03403
0.05660 0.07601 0.12213 0.15458 0.96601 1.048 0.168 1600.910 0.03405
0.05664 0.07606 0.12222 0.15469 0.96711 1.218 0.180 1600.947 0.03407
0.05668 0.07611 0.12230 0.15480 0.96820 1.047 0.170 1600.984 0.03410
0.05672 0.07617 0.12239 0.15491 0.96930 1.137 0.175 1601.020 0.03412
0.05676 0.07622 0.12248 0.15503 0.97039 1.288 0.173 1601.057 0.03414
0.05680 0.07628 0.12257 0.15514 0.97149 1.169 0.177 1601.094 0.03417
0.05684 0.07633 0.12265 0.15525 0.97259 1.079 0.172 1601.131 0.03419
0.05688 0.07639 0.12274 0.15536 0.97368 0.867 0.156 1601.167 0.03422
0.05692 0.07644 0.12283 0.15547 0.97478 1.025 0.186 1601.204 0.03424
0.05696 0.07649 0.12291 0.15558 0.97588 0.779 0.176 1601.241 0.03426
0.05701 0.07655 0.12300 0.15569 0.97697 1.220 0.208 1601.277 0.03429
0.05705 0.07660 0.12309 0.15580 0.97807 0.954 0.189 1601.314 0.03431
0.05709 0.07666 0.12318 0.15591 0.97916 1.459 0.224 1601.351 0.03433
0.05713 0.07671 0.12326 0.15602 0.98026 1.211 0.208 1601.388 0.03436
0.05717 0.07677 0.12335 0.15613 0.98136 1.201 0.178 1601.424 0.03438
0.05721 0.07682 0.12344 0.15624 0.98245 0.920 0.149 1601.461 0.03441
0.05725 0.07687 0.12352 0.15635 0.98355 0.951 0.145 1601.498 0.03443
0.05729 0.07693 0.12361 0.15646 0.98465 0.968 0.146 1601.534 0.03445
0.05733 0.07698 0.12370 0.15657 0.98574 0.954 0.145 1601.571 0.03448
0.05737 0.07704 0.12379 0.15668 0.98684 1.054 0.151 1601.608 0.03450
0.05741 0.07709 0.12387 0.15679 0.98794 0.931 0.144 1601.645 0.03452
0.05745 0.07715 0.12396 0.15690 0.98903 0.961 0.146 1601.681 0.03455
0.05749 0.07720 0.12405 0.15701 0.99013 1.077 0.152 1601.718 0.03457
0.05753 0.07725 0.12414 0.15712 0.99123 1.141 0.147 1601.755 0.03460
0.05757 0.07731 0.12422 0.15723 0.99232 1.224 0.152 1601.792 0.03462
0.05761 0.07736 0.12431 0.15734 0.99342 1.103 0.144 1601.828 0.03464
0.05765 0.07742 0.12440 0.15745 0.99452 1.119 0.155 1601.865 0.03467
0.05769 0.07747 0.12448 0.15756 0.99561 1.243 0.152 1601.902 0.03469
0.05773 0.07753 0.12457 0.15768 0.99671 1.098 0.154 1601.938 0.03471
0.05777 0.07758 0.12466 0.15779 0.99781 0.838 0.138 1601.975 0.03474
0.05781 0.07763 0.12475 0.15790 0.99890 1.294 0.146 1602.012 0.03476
0.05785 0.07769 0.12483 0.15801 1.00000 0.965 0.146 1602.049 0.03478
