x y z dist_scaled dist_frac flux_norm sig_norm wavelength redshift
-0.02855 0.00260 0.04953 0.05723 0.00000 0.971 0.079 1231.237 0.01281
-0.02861 0.00261 0.04962 0.05734 0.00110 1.156 0.086 1231.267 0.01283
-0.02866 0.00261 0.04972 0.05745 0.00220 0.887 0.076 1231.297 0.01285
-0.02872 0.00262 0.04981 0.05756 0.00330 1.104 0.084 1231.326 0.01288
-0.02877 0.00262 0.04991 0.05767 0.00440 0.875 0.075 1231.356 0.01290
-0.02883 0.00263 0.05001 0.05778 0.00550 1.117 0.085 1231.386 0.01293
-0.02888 0.00263 0.05010 0.05789 0.00661 0.938 0.078 1231.416 0.01295
-0.02894 0.00264 0.05020 0.05800 0.00771 0.957 0.078 1231.446 0.01298
-0.02899 0.00264 0.05029 0.05811 0.00881 0.964 0.079 1231.476 0.01300
-0.02905 0.00265 0.05039 0.05822 0.00991 1.079 0.083 1231.506 0.01303
-0.02910 0.00266 0.05049 0.05834 0.01101 1.105 0.084 1231.536 0.01305
-0.02916 0.00266 0.05058 0.05845 0.01211 0.995 0.080 1231.566 0.01308
-0.02921 0.00267 0.05068 0.05856 0.01321 0.957 0.078 1231.595 0.01310
-0.02927 0.00267 0.05078 0.05867 0.01431 0.900 0.076 1231.625 0.01312
-0.02932 0.00268 0.05087 0.05878 0.01541 1.008 0.081 1231.655 0.01315
-0.02938 0.00268 0.05097 0.05889 0.01652 1.021 0.081 1231.685 0.01317
-0.02944 0.00269 0.05106 0.05900 0.01762 0.982 0.079 1231.715 0.01320
-0.02949 0.00269 0.05116 0.05911 0.01872 0.855 0.074 1231.745 0.01322
-0.02955 0.00270 0.05126 0.05922 0.01982 0.907 0.076 1231.775 0.01325
-0.02960 0.00270 0.05135 0.05933 0.02092 0.951 0.078 1231.805 0.01327
-0.02966 0.00271 0.05145 0.05945 0.02202 0.971 0.079 1231.835 0.01330
-0.02971 0.00271 0.05154 0.05956 0.02312 0.970 0.079 1231.864 0.01332
-0.02977 0.00272 0.05164 0.05967 0.02423 0.951 0.078 1231.894 0.01335
-0.02982 0.00272 0.05174 0.05978 0.02533 1.078 0.083 1231.924 0.01337
-0.02988 0.00273 0.05183 0.05989 0.02643 1.097 0.084 1231.954 0.01340
-0.02993 0.00273 0.05193 0.06000 0.02753 1.035 0.082 1231.984 0.01342
-0.02999 0.00274 0.05202 0.06011 0.02863 1.011 0.081 1232.014 0.01344
-0.03004 0.00274 0.05212 0.06022 0.02973 0.976 0.079 1232.044 0.01347
-0.03010 0.00275 0.05222 0.06033 0.03084 0.866 0.075 1232.074 0.01349
-0.03016 0.00275 0.05231 0.06044 0.03194 1.015 0.081 1232.104 0.01352
-0.03021 0.00276 0.05241 0.06056 0.03304 1.041 0.082 1232.134 0.01354
-0.03027 0.00276 0.05250 0.06067 0.03414 0.988 0.080 1232.163 0.01357
-0.03032 0.00277 0.05260 0.06078 0.03524 1.044 0.082 1232.193 0.01359
-0.03038 0.00277 0.05270 0.06089 0.03635 1.079 0.083 1232.223 0.01362
-0.03043 0.00278 0.05279 0.06100 0.03745 0.948 0.078 1232.253 0.01364
-0.03049 0.00278 0.05289 0.06111 0.03855 1.049 0.082 1232.283 0.01367
-0.03054 0.00279 0.05299 0.06122 0.03965 1.024 0.081 1232.313 0.01369
-0.03060 0.00279 0.05308 0.06133 0.04075 0.924 0.077 1232.343 0.01371
-0.03065 0.00280 0.05318 0.06144 0.04186 0.884 0.075 1232.373 0.01374
-0.03071 0.00280 0.05327 0.06156 0.04296 0.912 0.077 1232.403 0.01376
-0.03077 0.00281 0.05337 0.06167 0.04406 0.961 0.079 1232.432 0.01379
-0.03082 0.00281 0.05347 0.06178 0.04516 1.013 0.081 1232.462 0.01381
-0.03088 0.00282 0.05356 0.06189 0.04627 1.077 0.083 1232.492 0.01384
-0.03093 0.00282 0.05366 0.06200 0.04737 0.904 0.076 1232.522 0.01386
-0.03099 0.00283 0.05375 0.06211 0.04847 1.016 0.081 1232.552 0.01389
-0.03104 0.00283 0.05385 0.06222 0.04957 1.061 0.083 1232.582 0.01391
-0.03110 0.00284 0.05395 0.06233 0.05068 1.059 0.082 1232.612 0.01394
-0.03115 0.00284 0.05404 0.06244 0.05178 0.980 0.079 1232.642 0.01396
-0.03121 0.00285 0.05414 0.06256 0.05288 0.990 0.080 1232.672 0.01399
-0.03126 0.00285 0.05424 0.06267 0.05398 0.984 0.080 1232.701 0.01401
-0.03132 0.00286 0.05433 0.06278 0.05509 0.920 0.077 1232.731 0.01403
-0.03138 0.00286 0.05443 0.06289 0.05619 0.873 0.075 1232.761 0.01406
-0.03143 0.00287 0.05452 0.06300 0.05729 1.004 0.080 1232.791 0.01408
-0.03149 0.00287 0.05462 0.06311 0.05840 1.134 0.085 1232.821 0.01411
-0.03154 0.00288 0.05472 0.06322 0.05950 0.907 0.076 1232.851 0.01413
-0.03160 0.00288 0.05481 0.06333 0.06060 1.042 0.082 1232.881 0.01416
-0.03165 0.00289 0.05491 0.06344 0.06170 1.131 0.085 1232.911 0.01418
-0.03171 0.00289 0.05501 0.06356 0.06281 1.064 0.083 1232.941 0.01421
-0.03176 0.00290 0.05510 0.06367 0.06391 0.951 0.078 1232.970 0.01423
-0.03182 0.00290 0.05520 0.06378 0.06501 0.906 0.076 1233.000 0.01426
-0.03187 0.00291 0.05529 0.06389 0.06612 0.931 0.077 1233.030 0.01428
-0.03193 0.00291 0.05539 0.06400 0.06722 0.862 0.074 1233.060 0.01431
-0.03199 0.00292 0.05549 0.06411 0.06832 0.887 0.075 1233.090 0.01433
-0.03204 0.00292 0.05558 0.06422 0.06943 0.842 0.074 1233.120 0.01435
-0.03210 0.00293 0.05568 0.06433 0.07053 1.021 0.081 1233.150 0.01438
-0.03215 0.00293 0.05578 0.06445 0.07163 0.931 0.077 1233.180 0.01440
-0.03221 0.00294 0.05587 0.06456 0.07274 1.027 0.081 1233.210 0.01443
-0.03226 0.00294 0.05597 0.06467 0.07384 0.670 0.066 1233.240 0.01445
-0.03232 0.00295 0.05606 0.06478 0.07494 0.766 0.070 1233.269 0.01448
-0.03237 0.00295 0.05616 0.06489 0.07605 0.936 0.078 1233.299 0.01450
-0.03243 0.00296 0.05626 0.06500 0.07715 0.879 0.075 1233.329 0.01453
-0.03248 0.00296 0.05635 0.06511 0.07825 0.849 0.074 1233.359 0.01455
-0.03254 0.00297 0.05645 0.06522 0.07936 0.886 0.075 1233.389 0.01458
-0.03260 0.00297 0.05655 0.06534 0.08046 1.039 0.082 1233.419 0.01460
-0.03265 0.00298 0.05664 0.06545 0.08156 0.855 0.074 1233.449 0.01462
-0.03271 0.00298 0.05674 0.06556 0.08267 1.000 0.080 1233.479 0.01465
-0.03276 0.00299 0.05683 0.06567 0.08377 0.949 0.078 1233.509 0.01467
-0.03282 0.00299 0.05693 0.06578 0.08488 0.911 0.076 1233.538 0.01470
-0.03287 0.00300 0.05703 0.06589 0.08598 1.031 0.081 1233.568 0.01472
-0.03293 0.00300 0.05712 0.06600 0.08708 0.769 0.070 1233.598 0.01475
-0.03298 0.00301 0.05722 0.06611 0.08819 0.934 0.077 1233.628 0.01477
-0.03304 0.00301 0.05732 0.06623 0.08929 0.916 0.077 1233.658 0.01480
-0.03310 0.00302 0.05741 0.06634 0.09040 1.012 0.081 1233.688 0.01482
-0.03315 0.00302 0.05751 0.06645 0.09150 0.854 0.077 1233.718 0.01485
-0.03321 0.00303 0.05760 0.06656 0.09260 0.910 0.076 1233.748 0.01487
-0.03326 0.00303 0.05770 0.06667 0.09371 0.878 0.075 1233.778 0.01490
-0.03332 0.00304 0.05780 0.06678 0.09481 0.892 0.076 1233.807 0.01492
-0.03337 0.00304 0.05789 0.06689 0.09592 0.917 0.077 1233.837 0.01494
-0.03343 0.00305 0.05799 0.06700 0.09702 0.847 0.074 1233.867 0.01497
-0.03348 0.00305 0.05809 0.06712 0.09812 0.993 0.080 1233.897 0.01499
-0.03354 0.00306 0.05818 0.06723 0.09923 1.203 0.088 1233.927 0.01502
-0.03360 0.00306 0.05828 0.06734 0.10033 0.948 0.078 1233.957 0.01504
-0.03365 0.00307 0.05838 0.06745 0.10144 0.858 0.074 1233.987 0.01507
-0.03371 0.00307 0.05847 0.06756 0.10254 1.024 0.081 1234.017 0.01509
-0.03376 0.00308 0.05857 0.06767 0.10365 1.049 0.082 1234.047 0.01512
-0.03382 0.00309 0.05866 0.06778 0.10475 0.897 0.076 1234.077 0.01514
-0.03387 0.00309 0.05876 0.06790 0.10586 1.132 0.085 1234.106 0.01517
-0.03393 0.00310 0.05886 0.06801 0.10696 0.954 0.078 1234.136 0.01519
-0.03398 0.00310 0.05895 0.06812 0.10806 1.035 0.081 1234.166 0.01521
-0.03404 0.00311 0.05905 0.06823 0.10917 0.980 0.079 1234.196 0.01524
-0.03410 0.00311 0.05915 0.06834 0.11027 1.000 0.080 1234.226 0.01526
-0.03415 0.00312 0.05924 0.06845 0.11138 0.910 0.076 1234.256 0.01529
-0.03421 0.00312 0.05934 0.06856 0.11248 1.099 0.084 1234.286 0.01531
-0.03426 0.00313 0.05944 0.06867 0.11359 0.980 0.079 1234.316 0.01534
-0.03432 0.00313 0.05953 0.06879 0.11469 1.042 0.082 1234.346 0.01536
-0.03437 0.00314 0.05963 0.06890 0.11580 0.967 0.079 1234.375 0.01539
-0.03443 0.00314 0.05972 0.06901 0.11690 0.916 0.077 1234.405 0.01541
-0.03448 0.00315 0.05982 0.06912 0.11801 1.239 0.089 1234.435 0.01544
-0.03454 0.00315 0.05992 0.06923 0.11911 0.947 0.078 1234.465 0.01546
-0.03460 0.00316 0.06001 0.06934 0.12022 1.010 0.080 1234.495 0.01549
-0.03465 0.00316 0.06011 0.06945 0.12132 1.106 0.084 1234.525 0.01551
-0.03471 0.00317 0.06021 0.06957 0.12243 0.972 0.079 1234.555 0.01553
-0.03476 0.00317 0.06030 0.06968 0.12353 0.996 0.080 1234.585 0.01556
-0.03482 0.00318 0.06040 0.06979 0.12464 0.922 0.077 1234.615 0.01558
-0.03487 0.00318 0.06050 0.06990 0.12574 0.960 0.078 1234.644 0.01561
-0.03493 0.00319 0.06059 0.07001 0.12685 0.940 0.078 1234.674 0.01563
-0.03498 0.00319 0.06069 0.07012 0.12796 1.055 0.082 1234.704 0.01566
-0.03504 0.00320 0.06079 0.07023 0.12906 0.820 0.072 1234.734 0.01568
-0.03510 0.00320 0.06088 0.07035 0.13017 1.024 0.081 1234.764 0.01571
-0.03515 0.00321 0.06098 0.07046 0.13127 1.048 0.082 1234.794 0.01573
-0.03521 0.00321 0.06107 0.07057 0.13238 0.915 0.076 1234.824 0.01576
-0.03526 0.00322 0.06117 0.07068 0.13348 1.023 0.081 1234.854 0.01578
-0.03532 0.00322 0.06127 0.07079 0.13459 0.934 0.077 1234.884 0.01580
-0.03537 0.00323 0.06136 0.07090 0.13569 1.054 0.082 1234.913 0.01583
-0.03543 0.00323 0.06146 0.07101 0.13680 0.819 0.072 1234.943 0.01585
-0.03548 0.00324 0.06156 0.07113 0.13791 1.224 0.088 1234.973 0.01588
-0.03554 0.00324 0.06165 0.07124 0.13901 0.863 0.074 1235.003 0.01590
-0.03560 0.00325 0.06175 0.07135 0.14012 1.072 0.083 1235.033 0.01593
-0.03565 0.00325 0.06185 0.07146 0.14122 0.970 0.079 1235.063 0.01595
-0.03571 0.00326 0.06194 0.07157 0.14233 1.028 0.081 1235.093 0.01598
-0.03576 0.00326 0.06204 0.07168 0.14343 0.939 0.077 1235.123 0.01600
-0.03582 0.00327 0.06214 0.07179 0.14454 0.952 0.078 1235.153 0.01603
-0.03587 0.00327 0.06223 0.07191 0.14565 0.983 0.079 1235.183 0.01605
-0.03593 0.00328 0.06233 0.07202 0.14675 0.819 0.072 1235.212 0.01608
-0.03599 0.00328 0.06243 0.07213 0.14786 0.837 0.073 1235.242 0.01610
-0.03604 0.00329 0.06252 0.07224 0.14897 0.933 0.077 1235.272 0.01612
-0.03610 0.00329 0.06262 0.07235 0.15007 0.793 0.071 1235.302 0.01615
-0.03615 0.00330 0.06271 0.07246 0.15118 0.826 0.073 1235.332 0.01617
-0.03621 0.00330 0.06281 0.07257 0.15228 0.862 0.074 1235.362 0.01620
-0.03626 0.00331 0.06291 0.07269 0.15339 0.832 0.073 1235.392 0.01622
-0.03632 0.00331 0.06300 0.07280 0.15450 0.748 0.069 1235.422 0.01625
-0.03637 0.00332 0.06310 0.07291 0.15560 1.070 0.083 1235.452 0.01627
-0.03643 0.00332 0.06320 0.07302 0.15671 0.869 0.074 1235.481 0.01630
-0.03649 0.00333 0.06329 0.07313 0.15782 0.823 0.072 1235.511 0.01632
-0.03654 0.00333 0.06339 0.07324 0.15892 1.013 0.080 1235.541 0.01635
-0.03660 0.00334 0.06349 0.07336 0.16003 0.887 0.075 1235.571 0.01637
-0.03665 0.00334 0.06358 0.07347 0.16114 1.006 0.080 1235.601 0.01640
-0.03671 0.00335 0.06368 0.07358 0.16224 0.930 0.077 1235.631 0.01642
-0.03676 0.00335 0.06378 0.07369 0.16335 1.058 0.082 1235.661 0.01644
-0.03682 0.00336 0.06387 0.07380 0.16446 1.045 0.082 1235.691 0.01647
-0.03688 0.00336 0.06397 0.07391 0.16556 0.958 0.078 1235.721 0.01649
-0.03693 0.00337 0.06407 0.07402 0.16667 1.045 0.082 1235.750 0.01652
-0.03699 0.00337 0.06416 0.07414 0.16778 0.981 0.079 1235.780 0.01654
-0.03704 0.00338 0.06426 0.07425 0.16888 1.000 0.080 1235.810 0.01657
-0.03710 0.00338 0.06436 0.07436 0.16999 0.930 0.077 1235.840 0.01659
-0.03715 0.00339 0.06445 0.07447 0.17110 0.924 0.077 1235.870 0.01662
-0.03721 0.00339 0.06455 0.07458 0.17220 0.860 0.074 1235.900 0.01664
-0.03726 0.00340 0.06465 0.07469 0.17331 0.974 0.079 1235.930 0.01667
-0.03732 0.00340 0.06474 0.07481 0.17442 1.106 0.084 1235.960 0.01669
-0.03738 0.00341 0.06484 0.07492 0.17552 0.910 0.076 1235.990 0.01671
-0.03743 0.00341 0.06493 0.07503 0.17663 0.980 0.079 1236.020 0.01674
-0.03749 0.00342 0.06503 0.07514 0.17774 1.176 0.087 1236.049 0.01676
-0.03754 0.00343 0.06513 0.07525 0.17885 1.005 0.080 1236.079 0.01679
-0.03760 0.00343 0.06522 0.07536 0.17995 0.999 0.080 1236.109 0.01681
-0.03765 0.00344 0.06532 0.07548 0.18106 0.917 0.076 1236.139 0.01684
-0.03771 0.00344 0.06542 0.07559 0.18217 0.881 0.076 1236.169 0.01686
-0.03777 0.00345 0.06551 0.07570 0.18328 0.954 0.078 1236.199 0.01689
-0.03782 0.00345 0.06561 0.07581 0.18438 0.948 0.078 1236.229 0.01691
-0.03788 0.00346 0.06571 0.07592 0.18549 1.005 0.080 1236.259 0.01694
-0.03793 0.00346 0.06580 0.07603 0.18660 0.930 0.077 1236.289 0.01696
-0.03799 0.00347 0.06590 0.07615 0.18771 0.885 0.075 1236.318 0.01699
-0.03804 0.00347 0.06600 0.07626 0.18881 1.017 0.080 1236.348 0.01701
-0.03810 0.00348 0.06609 0.07637 0.18992 0.942 0.077 1236.378 0.01703
-0.03816 0.00348 0.06619 0.07648 0.19103 1.042 0.081 1236.408 0.01706
-0.03821 0.00349 0.06629 0.07659 0.19214 0.916 0.076 1236.438 0.01708
-0.03827 0.00349 0.06638 0.07670 0.19324 1.136 0.085 1236.468 0.01711
-0.03832 0.00350 0.06648 0.07682 0.19435 0.892 0.075 1236.498 0.01713
-0.03838 0.00350 0.06658 0.07693 0.19546 0.992 0.079 1236.528 0.01716
-0.03843 0.00351 0.06667 0.07704 0.19657 0.892 0.075 1236.558 0.01718
-0.03849 0.00351 0.06677 0.07715 0.19767 1.023 0.081 1236.587 0.01721
-0.03855 0.00352 0.06687 0.07726 0.19878 1.049 0.082 1236.617 0.01723
-0.03860 0.00352 0.06696 0.07737 0.19989 1.036 0.081 1236.647 0.01726
-0.03866 0.00353 0.06706 0.07749 0.20100 1.042 0.081 1236.677 0.01728
-0.03871 0.00353 0.06716 0.07760 0.20211 1.079 0.083 1236.707 0.01730
-0.03877 0.00354 0.06725 0.07771 0.20321 1.042 0.081 1236.737 0.01733
-0.03882 0.00354 0.06735 0.07782 0.20432 1.085 0.083 1236.767 0.01735
-0.03888 0.00355 0.06745 0.07793 0.20543 0.978 0.079 1236.797 0.01738
-0.03894 0.00355 0.06754 0.07804 0.20654 0.947 0.078 1236.827 0.01740
-0.03899 0.00356 0.06764 0.07816 0.20765 0.959 0.078 1236.856 0.01743
-0.03905 0.00356 0.06774 0.07827 0.20876 1.009 0.080 1236.886 0.01745
-0.03910 0.00357 0.06783 0.07838 0.20986 0.883 0.075 1236.916 0.01748
-0.03916 0.00357 0.06793 0.07849 0.21097 0.996 0.079 1236.946 0.01750
-0.03921 0.00358 0.06803 0.07860 0.21208 0.914 0.076 1236.976 0.01753
-0.03927 0.00358 0.06812 0.07871 0.21319 1.053 0.082 1237.006 0.01755
-0.03933 0.00359 0.06822 0.07883 0.21430 1.034 0.081 1237.036 0.01758
-0.03938 0.00359 0.06832 0.07894 0.21541 0.985 0.079 1237.066 0.01760
-0.03944 0.00360 0.06841 0.07905 0.21652 1.040 0.081 1237.096 0.01762
-0.03949 0.00360 0.06851 0.07916 0.21762 0.874 0.074 1237.126 0.01765
-0.03955 0.00361 0.06861 0.07927 0.21873 0.979 0.079 1237.155 0.01767
-0.03960 0.00361 0.06870 0.07938 0.21984 0.970 0.078 1237.185 0.01770
-0.03966 0.00362 0.06880 0.07950 0.22095 0.927 0.077 1237.215 0.01772
-0.03972 0.00362 0.06890 0.07961 0.22206 0.949 0.078 1237.245 0.01775
-0.03977 0.00363 0.06899 0.07972 0.22317 0.993 0.079 1237.275 0.01777
-0.03983 0.00363 0.06909 0.07983 0.22428 1.013 0.080 1237.305 0.01780
-0.03988 0.00364 0.06919 0.07994 0.22539 1.065 0.082 1237.335 0.01782
-0.03994 0.00364 0.06928 0.08005 0.22649 0.956 0.078 1237.365 0.01785
-0.04000 0.00365 0.06938 0.08017 0.22760 1.047 0.081 1237.395 0.01787
-0.04005 0.00365 0.06948 0.08028 0.22871 0.902 0.076 1237.424 0.01790
-0.04011 0.00366 0.06957 0.08039 0.22982 1.022 0.080 1237.454 0.01792
-0.04016 0.00366 0.06967 0.08050 0.23093 1.147 0.085 1237.484 0.01794
-0.04022 0.00367 0.06977 0.08061 0.23204 1.031 0.081 1237.514 0.01797
-0.04027 0.00367 0.06987 0.08073 0.23315 0.928 0.077 1237.544 0.01799
-0.04033 0.00368 0.06996 0.08084 0.23426 1.163 0.086 1237.574 0.01802
-0.04039 0.00368 0.07006 0.08095 0.23537 0.918 0.076 1237.604 0.01804
-0.04044 0.00369 0.07016 0.08106 0.23648 1.054 0.082 1237.634 0.01807
-0.04050 0.00369 0.07025 0.08117 0.23759 1.067 0.082 1237.664 0.01809
-0.04055 0.00370 0.07035 0.08128 0.23870 1.128 0.084 1237.693 0.01812
-0.04061 0.00370 0.07045 0.08140 0.23980 0.884 0.075 1237.723 0.01814
-0.04066 0.00371 0.07054 0.08151 0.24091 0.910 0.076 1237.753 0.01817
-0.04072 0.00371 0.07064 0.08162 0.24202 1.168 0.086 1237.783 0.01819
-0.04078 0.00372 0.07074 0.08173 0.24313 0.943 0.077 1237.813 0.01821
-0.04083 0.00373 0.07083 0.08184 0.24424 0.949 0.077 1237.843 0.01824
-0.04089 0.00373 0.07093 0.08196 0.24535 1.079 0.083 1237.873 0.01826
-0.04094 0.00374 0.07103 0.08207 0.24646 0.992 0.079 1237.903 0.01829
-0.04100 0.00374 0.07112 0.08218 0.24757 1.016 0.080 1237.933 0.01831
-0.04106 0.00375 0.07122 0.08229 0.24868 0.899 0.075 1237.963 0.01834
-0.04111 0.00375 0.07132 0.08240 0.24979 0.999 0.079 1237.992 0.01836
-0.04117 0.00376 0.07141 0.08252 0.25090 0.989 0.079 1238.022 0.01839
-0.04122 0.00376 0.07151 0.08263 0.25201 0.957 0.078 1238.052 0.01841
-0.04128 0.00377 0.07161 0.08274 0.25312 0.906 0.076 1238.082 0.01844
-0.04133 0.00377 0.07170 0.08285 0.25423 0.995 0.079 1238.112 0.01846
-0.04139 0.00378 0.07180 0.08296 0.25534 0.891 0.075 1238.142 0.01849
-0.04145 0.00378 0.07190 0.08307 0.25645 0.938 0.077 1238.172 0.01851
-0.04150 0.00379 0.07199 0.08319 0.25756 1.068 0.082 1238.202 0.01853
-0.04156 0.00379 0.07209 0.08330 0.25867 1.013 0.080 1238.232 0.01856
-0.04161 0.00380 0.07219 0.08341 0.25978 1.030 0.081 1238.261 0.01858
-0.04167 0.00380 0.07229 0.08352 0.26089 0.965 0.078 1238.291 0.01861
-0.04172 0.00381 0.07238 0.08363 0.26200 0.863 0.074 1238.321 0.01863
-0.04178 0.00381 0.07248 0.08375 0.26311 0.947 0.077 1238.351 0.01866
-0.04184 0.00382 0.07258 0.08386 0.26422 0.975 0.078 1238.381 0.01868
-0.04189 0.00382 0.07267 0.08397 0.26533 0.920 0.076 1238.411 0.01871
-0.04195 0.00383 0.07277 0.08408 0.26644 0.857 0.073 1238.441 0.01873
-0.04200 0.00383 0.07287 0.08419 0.26755 0.814 0.072 1238.471 0.01876
-0.04206 0.00384 0.07296 0.08431 0.26866 0.826 0.072 1238.501 0.01878
-0.04212 0.00384 0.07306 0.08442 0.26977 0.751 0.069 1238.530 0.01880
-0.04217 0.00385 0.07316 0.08453 0.27088 0.776 0.073 1238.560 0.01883
-0.04223 0.00385 0.07325 0.08464 0.27199 0.764 0.069 1238.590 0.01885
-0.04228 0.00386 0.07335 0.08475 0.27311 0.807 0.071 1238.620 0.01888
-0.04234 0.00386 0.07345 0.08487 0.27422 0.701 0.066 1238.650 0.01890
-0.04240 0.00387 0.07354 0.08498 0.27533 0.858 0.073 1238.680 0.01893
-0.04245 0.00387 0.07364 0.08509 0.27644 0.758 0.069 1238.710 0.01895
-0.04251 0.00388 0.07374 0.08520 0.27755 0.882 0.075 1238.740 0.01898
-0.04256 0.00388 0.07384 0.08531 0.27866 0.888 0.075 1238.770 0.01900
-0.04262 0.00389 0.07393 0.08542 0.27977 0.826 0.072 1238.799 0.01903
-0.04267 0.00389 0.07403 0.08554 0.28088 0.900 0.075 1238.829 0.01905
-0.04273 0.00390 0.07413 0.08565 0.28199 0.937 0.077 1238.859 0.01908
-0.04279 0.00390 0.07422 0.08576 0.28310 0.893 0.075 1238.889 0.01910
-0.04284 0.00391 0.07432 0.08587 0.28421 1.068 0.082 1238.919 0.01912
-0.04290 0.00391 0.07442 0.08598 0.28532 1.011 0.080 1238.949 0.01915
-0.04295 0.00392 0.07451 0.08610 0.28644 1.074 0.082 1238.979 0.01917
-0.04301 0.00392 0.07461 0.08621 0.28755 1.003 0.079 1239.009 0.01920
-0.04307 0.00393 0.07471 0.08632 0.28866 0.958 0.078 1239.039 0.01922
-0.04312 0.00393 0.07480 0.08643 0.28977 0.976 0.078 1239.069 0.01925
-0.04318 0.00394 0.07490 0.08654 0.29088 1.078 0.082 1239.098 0.01927
-0.04323 0.00394 0.07500 0.08666 0.29199 0.856 0.073 1239.128 0.01930
-0.04329 0.00395 0.07510 0.08677 0.29310 0.966 0.078 1239.158 0.01932
-0.04334 0.00395 0.07519 0.08688 0.29421 0.906 0.075 1239.188 0.01935
-0.04340 0.00396 0.07529 0.08699 0.29533 1.022 0.080 1239.218 0.01937
-0.04346 0.00396 0.07539 0.08710 0.29644 0.901 0.075 1239.248 0.01939
-0.04351 0.00397 0.07548 0.08722 0.29755 0.753 0.069 1239.278 0.01942
-0.04357 0.00397 0.07558 0.08733 0.29866 0.789 0.074 1239.308 0.01944
-0.04362 0.00398 0.07568 0.08744 0.29977 0.892 0.075 1239.338 0.01947
-0.04368 0.00398 0.07577 0.08755 0.30088 0.836 0.072 1239.367 0.01949
-0.04374 0.00399 0.07587 0.08767 0.30200 0.897 0.075 1239.397 0.01952
-0.04379 0.00400 0.07597 0.08778 0.30311 0.798 0.071 1239.427 0.01954
-0.04385 0.00400 0.07607 0.08789 0.30422 0.908 0.075 1239.457 0.01957
-0.04390 0.00401 0.07616 0.08800 0.30533 0.890 0.075 1239.487 0.01959
-0.04396 0.00401 0.07626 0.08811 0.30644 1.005 0.079 1239.517 0.01962
-0.04402 0.00402 0.07636 0.08823 0.30755 0.835 0.072 1239.547 0.01964
-0.04407 0.00402 0.07645 0.08834 0.30867 0.976 0.078 1239.577 0.01967
-0.04413 0.00403 0.07655 0.08845 0.30978 0.901 0.075 1239.607 0.01969
-0.04418 0.00403 0.07665 0.08856 0.31089 1.025 0.080 1239.636 0.01971
-0.04424 0.00404 0.07674 0.08867 0.31200 0.859 0.073 1239.666 0.01974
-0.04430 0.00404 0.07684 0.08879 0.31311 1.094 0.083 1239.696 0.01976
-0.04435 0.00405 0.07694 0.08890 0.31423 0.989 0.079 1239.726 0.01979
-0.04441 0.00405 0.07704 0.08901 0.31534 0.903 0.075 1239.756 0.01981
-0.04446 0.00406 0.07713 0.08912 0.31645 0.915 0.076 1239.786 0.01984
-0.04452 0.00406 0.07723 0.08923 0.31756 1.031 0.080 1239.816 0.01986
-0.04457 0.00407 0.07733 0.08935 0.31868 0.740 0.068 1239.846 0.01989
-0.04463 0.00407 0.07742 0.08946 0.31979 0.858 0.073 1239.876 0.01991
-0.04469 0.00408 0.07752 0.08957 0.32090 0.950 0.077 1239.906 0.01994
-0.04474 0.00408 0.07762 0.08968 0.32201 1.056 0.081 1239.935 0.01996
-0.04480 0.00409 0.07771 0.08979 0.32312 0.963 0.078 1239.965 0.01999
-0.04485 0.00409 0.07781 0.08991 0.32424 0.833 0.072 1239.995 0.02001
-0.04491 0.00410 0.07791 0.09002 0.32535 0.888 0.074 1240.025 0.02003
-0.04497 0.00410 0.07801 0.09013 0.32646 0.746 0.072 1240.055 0.02006
-0.04502 0.00411 0.07810 0.09024 0.32757 0.906 0.075 1240.085 0.02008
-0.04508 0.00411 0.07820 0.09036 0.32869 0.986 0.078 1240.115 0.02011
-0.04513 0.00412 0.07830 0.09047 0.32980 0.967 0.078 1240.145 0.02013
-0.04519 0.00412 0.07839 0.09058 0.33091 0.962 0.077 1240.175 0.02016
-0.04525 0.00413 0.07849 0.09069 0.33203 0.973 0.078 1240.204 0.02018
-0.04530 0.00413 0.07859 0.09080 0.33314 1.121 0.084 1240.234 0.02021
-0.04536 0.00414 0.07868 0.09092 0.33425 1.133 0.084 1240.264 0.02023
-0.04541 0.00414 0.07878 0.09103 0.33536 0.947 0.077 1240.294 0.02026
-0.04547 0.00415 0.07888 0.09114 0.33648 0.880 0.074 1240.324 0.02028
-0.04553 0.00415 0.07898 0.09125 0.33759 1.047 0.081 1240.354 0.02030
-0.04558 0.00416 0.07907 0.09137 0.33870 1.092 0.083 1240.384 0.02033
-0.04564 0.00416 0.07917 0.09148 0.33982 0.883 0.074 1240.414 0.02035
-0.04569 0.00417 0.07927 0.09159 0.34093 0.975 0.078 1240.444 0.02038
-0.04575 0.00417 0.07936 0.09170 0.34204 1.056 0.081 1240.473 0.02040
-0.04581 0.00418 0.07946 0.09181 0.34315 1.091 0.082 1240.503 0.02043
-0.04586 0.00418 0.07956 0.09193 0.34427 0.997 0.079 1240.533 0.02045
-0.04592 0.00419 0.07966 0.09204 0.34538 1.010 0.079 1240.563 0.02048
-0.04597 0.00419 0.07975 0.09215 0.34649 0.879 0.074 1240.593 0.02050
-0.04603 0.00420 0.07985 0.09226 0.34761 1.006 0.079 1240.623 0.02053
-0.04609 0.00420 0.07995 0.09237 0.34872 0.992 0.079 1240.653 0.02055
-0.04614 0.00421 0.08004 0.09249 0.34983 1.037 0.080 1240.683 0.02058
-0.04620 0.00421 0.08014 0.09260 0.35095 0.932 0.076 1240.713 0.02060
-0.04625 0.00422 0.08024 0.09271 0.35206 1.161 0.085 1240.742 0.02062
-0.04631 0.00422 0.08034 0.09282 0.35317 1.010 0.079 1240.772 0.02065
-0.04637 0.00423 0.08043 0.09294 0.35429 0.867 0.073 1240.802 0.02067
-0.04642 0.00423 0.08053 0.09305 0.35540 0.977 0.078 1240.832 0.02070
-0.04648 0.00424 0.08063 0.09316 0.35652 1.087 0.082 1240.862 0.02072
-0.04653 0.00425 0.08072 0.09327 0.35763 0.983 0.078 1240.892 0.02075
-0.04659 0.00425 0.08082 0.09339 0.35874 1.138 0.084 1240.922 0.02077
-0.04665 0.00426 0.08092 0.09350 0.35986 1.214 0.087 1240.952 0.02080
-0.04670 0.00426 0.08102 0.09361 0.36097 1.164 0.085 1240.982 0.02082
-0.04676 0.00427 0.08111 0.09372 0.36208 1.011 0.079 1241.012 0.02085
-0.04681 0.00427 0.08121 0.09383 0.36320 0.959 0.077 1241.041 0.02087
-0.04687 0.00428 0.08131 0.09395 0.36431 0.984 0.078 1241.071 0.02089
-0.04693 0.00428 0.08140 0.09406 0.36543 1.122 0.083 1241.101 0.02092
-0.04698 0.00429 0.08150 0.09417 0.36654 1.122 0.083 1241.131 0.02094
-0.04704 0.00429 0.08160 0.09428 0.36765 0.960 0.077 1241.161 0.02097
-0.04709 0.00430 0.08170 0.09440 0.36877 1.169 0.085 1241.191 0.02099
-0.04715 0.00430 0.08179 0.09451 0.36988 0.980 0.078 1241.221 0.02102
-0.04721 0.00431 0.08189 0.09462 0.37100 1.042 0.080 1241.251 0.02104
-0.04726 0.00431 0.08199 0.09473 0.37211 1.006 0.079 1241.281 0.02107
-0.04732 0.00432 0.08208 0.09484 0.37322 0.755 0.068 1241.310 0.02109
-0.04737 0.00432 0.08218 0.09496 0.37434 0.954 0.077 1241.340 0.02112
-0.04743 0.00433 0.08228 0.09507 0.37545 0.906 0.075 1241.370 0.02114
-0.04749 0.00433 0.08238 0.09518 0.37657 1.011 0.079 1241.400 0.02117
-0.04754 0.00434 0.08247 0.09529 0.37768 0.934 0.076 1241.430 0.02119
-0.04760 0.00434 0.08257 0.09541 0.37880 1.069 0.081 1241.460 0.02121
-0.04765 0.00435 0.08267 0.09552 0.37991 1.002 0.079 1241.490 0.02124
-0.04771 0.00435 0.08277 0.09563 0.38102 1.015 0.079 1241.520 0.02126
-0.04777 0.00436 0.08286 0.09574 0.38214 0.918 0.075 1241.550 0.02129
-0.04782 0.00436 0.08296 0.09586 0.38325 1.101 0.083 1241.579 0.02131
-0.04788 0.00437 0.08306 0.09597 0.38437 0.978 0.078 1241.609 0.02134
-0.04793 0.00437 0.08315 0.09608 0.38548 1.009 0.079 1241.639 0.02136
-0.04799 0.00438 0.08325 0.09619 0.38660 0.929 0.076 1241.669 0.02139
-0.04805 0.00438 0.08335 0.09631 0.38771 0.977 0.078 1241.699 0.02141
-0.04810 0.00439 0.08345 0.09642 0.38883 1.014 0.079 1241.729 0.02144
-0.04816 0.00439 0.08354 0.09653 0.38994 0.941 0.076 1241.759 0.02146
-0.04821 0.00440 0.08364 0.09664 0.39106 0.947 0.077 1241.789 0.02149
-0.04827 0.00440 0.08374 0.09675 0.39217 1.069 0.081 1241.819 0.02151
-0.04833 0.00441 0.08383 0.09687 0.39329 1.141 0.084 1241.849 0.02153
-0.04838 0.00441 0.08393 0.09698 0.39440 0.976 0.078 1241.878 0.02156
-0.04844 0.00442 0.08403 0.09709 0.39552 1.044 0.080 1241.908 0.02158
-0.04850 0.00442 0.08413 0.09720 0.39663 0.940 0.076 1241.938 0.02161
-0.04855 0.00443 0.08422 0.09732 0.39775 0.885 0.074 1241.968 0.02163
-0.04861 0.00443 0.08432 0.09743 0.39886 1.049 0.080 1241.998 0.02166
-0.04866 0.00444 0.08442 0.09754 0.39998 0.879 0.074 1242.028 0.02168
-0.04872 0.00444 0.08452 0.09765 0.40109 0.903 0.075 1242.058 0.02171
-0.04878 0.00445 0.08461 0.09777 0.40221 0.952 0.077 1242.088 0.02173
-0.04883 0.00445 0.08471 0.09788 0.40332 0.854 0.073 1242.118 0.02176
-0.04889 0.00446 0.08481 0.09799 0.40444 0.781 0.069 1242.147 0.02178
-0.04894 0.00447 0.08490 0.09810 0.40555 0.732 0.067 1242.177 0.02180
-0.04900 0.00447 0.08500 0.09822 0.40667 0.745 0.068 1242.207 0.02183
-0.04906 0.00448 0.08510 0.09833 0.40778 0.824 0.071 1242.237 0.02185
-0.04911 0.00448 0.08520 0.09844 0.40890 0.701 0.066 1242.267 0.02188
-0.04917 0.00449 0.08529 0.09855 0.41002 0.670 0.064 1242.297 0.02190
-0.04922 0.00449 0.08539 0.09867 0.41113 0.603 0.065 1242.327 0.02193
-0.04928 0.00450 0.08549 0.09878 0.41225 0.560 0.063 1242.357 0.02195
-0.04934 0.00450 0.08559 0.09889 0.41336 0.463 0.065 1242.387 0.02198
-0.04939 0.00451 0.08568 0.09900 0.41448 0.518 0.064 1242.416 0.02200
-0.04945 0.00451 0.08578 0.09912 0.41559 0.457 0.064 1242.446 0.02203
-0.04950 0.00452 0.08588 0.09923 0.41671 0.457 0.064 1242.476 0.02205
-0.04956 0.00452 0.08598 0.09934 0.41783 0.395 0.056 1242.506 0.02208
-0.04962 0.00453 0.08607 0.09945 0.41894 0.298 0.054 1242.536 0.02210
-0.04967 0.00453 0.08617 0.09957 0.42006 0.219 0.048 1242.566 0.02212
-0.04973 0.00454 0.08627 0.09968 0.42117 0.304 0.055 1242.596 0.02215
-0.04979 0.00454 0.08636 0.09979 0.42229 0.329 0.056 1242.626 0.02217
-0.04984 0.00455 0.08646 0.09990 0.42340 0.384 0.060 1242.656 0.02220
-0.04990 0.00455 0.08656 0.10002 0.42452 0.469 0.065 1242.685 0.02222
-0.04995 0.00456 0.08666 0.10013 0.42564 0.561 0.066 1242.715 0.02225
-0.05001 0.00456 0.08675 0.10024 0.42675 0.646 0.066 1242.745 0.02227
-0.05007 0.00457 0.08685 0.10035 0.42787 0.852 0.072 1242.775 0.02230
-0.05012 0.00457 0.08695 0.10047 0.42899 0.938 0.076 1242.805 0.02232
-0.05018 0.00458 0.08705 0.10058 0.43010 0.936 0.076 1242.835 0.02235
-0.05023 0.00458 0.08714 0.10069 0.43122 0.985 0.078 1242.865 0.02237
-0.05029 0.00459 0.08724 0.10080 0.43233 1.063 0.081 1242.895 0.02239
-0.05035 0.00459 0.08734 0.10092 0.43345 0.924 0.075 1242.925 0.02242
-0.05040 0.00460 0.08744 0.10103 0.43457 1.117 0.083 1242.955 0.02244
-0.05046 0.00460 0.08753 0.10114 0.43568 0.922 0.075 1242.984 0.02247
-0.05051 0.00461 0.08763 0.10125 0.43680 0.885 0.074 1243.014 0.02249
-0.05057 0.00461 0.08773 0.10137 0.43792 1.025 0.079 1243.044 0.02252
-0.05063 0.00462 0.08783 0.10148 0.43903 0.946 0.076 1243.074 0.02254
-0.05068 0.00462 0.08792 0.10159 0.44015 0.886 0.074 1243.104 0.02257
-0.05074 0.00463 0.08802 0.10170 0.44127 0.976 0.077 1243.134 0.02259
-0.05080 0.00463 0.08812 0.10182 0.44238 0.915 0.075 1243.164 0.02262
-0.05085 0.00464 0.08822 0.10193 0.44350 1.030 0.079 1243.194 0.02264
-0.05091 0.00464 0.08831 0.10204 0.44462 0.951 0.076 1243.224 0.02267
-0.05096 0.00465 0.08841 0.10215 0.44573 1.000 0.078 1243.253 0.02269
-0.05102 0.00465 0.08851 0.10227 0.44685 0.969 0.077 1243.283 0.02271
-0.05108 0.00466 0.08860 0.10238 0.44797 1.017 0.079 1243.313 0.02274
-0.05113 0.00466 0.08870 0.10249 0.44908 1.017 0.079 1243.343 0.02276
-0.05119 0.00467 0.08880 0.10260 0.45020 0.957 0.077 1243.373 0.02279
-0.05125 0.00468 0.08890 0.10272 0.45132 0.987 0.078 1243.403 0.02281
-0.05130 0.00468 0.08899 0.10283 0.45243 0.974 0.077 1243.433 0.02284
-0.05136 0.00469 0.08909 0.10294 0.45355 0.938 0.076 1243.463 0.02286
-0.05141 0.00469 0.08919 0.10305 0.45467 0.872 0.073 1243.493 0.02289
-0.05147 0.00470 0.08929 0.10317 0.45579 0.962 0.077 1243.522 0.02291
-0.05153 0.00470 0.08938 0.10328 0.45690 1.046 0.080 1243.552 0.02294
-0.05158 0.00471 0.08948 0.10339 0.45802 1.155 0.084 1243.582 0.02296
-0.05164 0.00471 0.08958 0.10350 0.45914 1.028 0.079 1243.612 0.02298
-0.05169 0.00472 0.08968 0.10362 0.46026 0.887 0.074 1243.642 0.02301
-0.05175 0.00472 0.08977 0.10373 0.46137 1.021 0.079 1243.672 0.02303
-0.05181 0.00473 0.08987 0.10384 0.46249 1.003 0.078 1243.702 0.02306
-0.05186 0.00473 0.08997 0.10395 0.46361 0.948 0.076 1243.732 0.02308
-0.05192 0.00474 0.09007 0.10407 0.46472 0.960 0.077 1243.762 0.02311
-0.05198 0.00474 0.09016 0.10418 0.46584 0.960 0.077 1243.792 0.02313
-0.05203 0.00475 0.09026 0.10429 0.46696 1.105 0.082 1243.821 0.02316
-0.05209 0.00475 0.09036 0.10441 0.46808 0.846 0.072 1243.851 0.02318
-0.05214 0.00476 0.09046 0.10452 0.46920 1.099 0.082 1243.881 0.02321
-0.05220 0.00476 0.09055 0.10463 0.47031 1.032 0.079 1243.911 0.02323
-0.05226 0.00477 0.09065 0.10474 0.47143 1.008 0.078 1243.941 0.02326
-0.05231 0.00477 0.09075 0.10486 0.47255 1.014 0.079 1243.971 0.02328
-0.05237 0.00478 0.09085 0.10497 0.47367 0.965 0.077 1244.001 0.02330
-0.05243 0.00478 0.09094 0.10508 0.47478 1.001 0.078 1244.031 0.02333
-0.05248 0.00479 0.09104 0.10519 0.47590 1.051 0.080 1244.061 0.02335
-0.05254 0.00479 0.09114 0.10531 0.47702 0.941 0.076 1244.090 0.02338
-0.05259 0.00480 0.09124 0.10542 0.47814 1.219 0.086 1244.120 0.02340
-0.05265 0.00480 0.09133 0.10553 0.47926 1.008 0.078 1244.150 0.02343
-0.05271 0.00481 0.09143 0.10564 0.48037 1.134 0.083 1244.180 0.02345
-0.05276 0.00481 0.09153 0.10576 0.48149 0.916 0.075 1244.210 0.02348
-0.05282 0.00482 0.09163 0.10587 0.48261 0.989 0.078 1244.240 0.02350
-0.05287 0.00482 0.09172 0.10598 0.48373 0.855 0.072 1244.270 0.02353
-0.05293 0.00483 0.09182 0.10610 0.48485 1.108 0.082 1244.300 0.02355
-0.05299 0.00483 0.09192 0.10621 0.48596 1.047 0.080 1244.330 0.02358
-0.05304 0.00484 0.09202 0.10632 0.48708 0.931 0.075 1244.359 0.02360
-0.05310 0.00484 0.09211 0.10643 0.48820 0.986 0.077 1244.389 0.02362
-0.05316 0.00485 0.09221 0.10655 0.48932 0.985 0.077 1244.419 0.02365
-0.05321 0.00485 0.09231 0.10666 0.49044 1.112 0.082 1244.449 0.02367
-0.05327 0.00486 0.09241 0.10677 0.49156 0.948 0.076 1244.479 0.02370
-0.05332 0.00486 0.09250 0.10688 0.49267 1.058 0.080 1244.509 0.02372
-0.05338 0.00487 0.09260 0.10700 0.49379 0.962 0.076 1244.539 0.02375
-0.05344 0.00488 0.09270 0.10711 0.49491 1.201 0.085 1244.569 0.02377
-0.05349 0.00488 0.09280 0.10722 0.49603 0.942 0.076 1244.599 0.02380
-0.05355 0.00489 0.09290 0.10734 0.49715 1.111 0.082 1244.629 0.02382
-0.05361 0.00489 0.09299 0.10745 0.49827 1.075 0.081 1244.658 0.02385
-0.05366 0.00490 0.09309 0.10756 0.49939 1.014 0.078 1244.688 0.02387
-0.05372 0.00490 0.09319 0.10767 0.50050 0.966 0.077 1244.718 0.02389
-0.05377 0.00491 0.09329 0.10779 0.50162 1.122 0.082 1244.748 0.02392
-0.05383 0.00491 0.09338 0.10790 0.50274 1.050 0.080 1244.778 0.02394
-0.05389 0.00492 0.09348 0.10801 0.50386 1.134 0.083 1244.808 0.02397
-0.05394 0.00492 0.09358 0.10813 0.50498 0.972 0.077 1244.838 0.02399
-0.05400 0.00493 0.09368 0.10824 0.50610 1.032 0.079 1244.868 0.02402
-0.05406 0.00493 0.09377 0.10835 0.50722 0.959 0.076 1244.898 0.02404
-0.05411 0.00494 0.09387 0.10846 0.50834 1.104 0.082 1244.927 0.02407
-0.05417 0.00494 0.09397 0.10858 0.50946 0.958 0.076 1244.957 0.02409
-0.05422 0.00495 0.09407 0.10869 0.51058 1.037 0.079 1244.987 0.02412
-0.05428 0.00495 0.09416 0.10880 0.51169 0.922 0.075 1245.017 0.02414
-0.05434 0.00496 0.09426 0.10891 0.51281 1.114 0.082 1245.047 0.02417
-0.05439 0.00496 0.09436 0.10903 0.51393 1.066 0.080 1245.077 0.02419
-0.05445 0.00497 0.09446 0.10914 0.51505 1.150 0.083 1245.107 0.02421
-0.05451 0.00497 0.09455 0.10925 0.51617 1.090 0.081 1245.137 0.02424
-0.05456 0.00498 0.09465 0.10937 0.51729 0.988 0.077 1245.167 0.02426
-0.05462 0.00498 0.09475 0.10948 0.51841 0.994 0.078 1245.196 0.02429
-0.05468 0.00499 0.09485 0.10959 0.51953 0.976 0.077 1245.226 0.02431
-0.05473 0.00499 0.09495 0.10970 0.52065 0.997 0.078 1245.256 0.02434
-0.05479 0.00500 0.09504 0.10982 0.52177 0.939 0.075 1245.286 0.02436
-0.05484 0.00500 0.09514 0.10993 0.52289 1.087 0.081 1245.316 0.02439
-0.05490 0.00501 0.09524 0.11004 0.52401 0.961 0.076 1245.346 0.02441
-0.05496 0.00501 0.09534 0.11016 0.52513 0.955 0.076 1245.376 0.02444
-0.05501 0.00502 0.09543 0.11027 0.52625 0.949 0.076 1245.406 0.02446
-0.05507 0.00502 0.09553 0.11038 0.52737 0.949 0.076 1245.436 0.02448
-0.05513 0.00503 0.09563 0.11049 0.52849 0.903 0.074 1245.465 0.02451
-0.05518 0.00503 0.09573 0.11061 0.52961 0.865 0.072 1245.495 0.02453
-0.05524 0.00504 0.09582 0.11072 0.53073 0.852 0.072 1245.525 0.02456
-0.05529 0.00504 0.09592 0.11083 0.53185 1.023 0.079 1245.555 0.02458
-0.05535 0.00505 0.09602 0.11095 0.53297 0.996 0.078 1245.585 0.02461
-0.05541 0.00505 0.09612 0.11106 0.53409 1.195 0.085 1245.615 0.02463
-0.05546 0.00506 0.09622 0.11117 0.53521 0.932 0.075 1245.645 0.02466
-0.05552 0.00506 0.09631 0.11128 0.53633 0.932 0.075 1245.675 0.02468
-0.05558 0.00507 0.09641 0.11140 0.53745 0.943 0.075 1245.705 0.02471
-0.05563 0.00508 0.09651 0.11151 0.53857 1.067 0.080 1245.735 0.02473
-0.05569 0.00508 0.09661 0.11162 0.53969 0.939 0.075 1245.764 0.02476
-0.05575 0.00509 0.09670 0.11174 0.54081 1.111 0.082 1245.794 0.02478
-0.05580 0.00509 0.09680 0.11185 0.54193 0.953 0.076 1245.824 0.02480
-0.05586 0.00510 0.09690 0.11196 0.54305 0.938 0.075 1245.854 0.02483
-0.05591 0.00510 0.09700 0.11207 0.54417 1.086 0.081 1245.884 0.02485
-0.05597 0.00511 0.09709 0.11219 0.54529 1.008 0.078 1245.914 0.02488
-0.05603 0.00511 0.09719 0.11230 0.54641 0.988 0.077 1245.944 0.02490
-0.05608 0.00512 0.09729 0.11241 0.54753 0.955 0.076 1245.974 0.02493
-0.05614 0.00512 0.09739 0.11253 0.54865 0.997 0.077 1246.004 0.02495
-0.05620 0.00513 0.09749 0.11264 0.54977 0.835 0.071 1246.033 0.02498
-0.05625 0.00513 0.09758 0.11275 0.55089 0.935 0.075 1246.063 0.02500
-0.05631 0.00514 0.09768 0.11287 0.55201 0.937 0.075 1246.093 0.02503
-0.05636 0.00514 0.09778 0.11298 0.55313 0.930 0.076 1246.123 0.02505
-0.05642 0.00515 0.09788 0.11309 0.55425 1.025 0.079 1246.153 0.02508
-0.05648 0.00515 0.09797 0.11320 0.55537 0.900 0.074 1246.183 0.02510
-0.05653 0.00516 0.09807 0.11332 0.55649 1.062 0.080 1246.213 0.02512
-0.05659 0.00516 0.09817 0.11343 0.55761 0.908 0.074 1246.243 0.02515
-0.05665 0.00517 0.09827 0.11354 0.55873 1.109 0.082 1246.273 0.02517
-0.05670 0.00517 0.09837 0.11366 0.55986 1.165 0.084 1246.302 0.02520
-0.05676 0.00518 0.09846 0.11377 0.56098 0.929 0.075 1246.332 0.02522
-0.05682 0.00518 0.09856 0.11388 0.56210 1.143 0.083 1246.362 0.02525
-0.05687 0.00519 0.09866 0.11400 0.56322 1.037 0.079 1246.392 0.02527
-0.05693 0.00519 0.09876 0.11411 0.56434 1.098 0.081 1246.422 0.02530
-0.05698 0.00520 0.09885 0.11422 0.56546 1.023 0.078 1246.452 0.02532
-0.05704 0.00520 0.09895 0.11433 0.56658 1.031 0.079 1246.482 0.02535
-0.05710 0.00521 0.09905 0.11445 0.56770 1.151 0.083 1246.512 0.02537
-0.05715 0.00521 0.09915 0.11456 0.56882 1.112 0.082 1246.542 0.02539
-0.05721 0.00522 0.09925 0.11467 0.56994 1.038 0.079 1246.572 0.02542
-0.05727 0.00522 0.09934 0.11479 0.57107 1.011 0.078 1246.601 0.02544
-0.05732 0.00523 0.09944 0.11490 0.57219 1.018 0.078 1246.631 0.02547
-0.05738 0.00523 0.09954 0.11501 0.57331 0.984 0.077 1246.661 0.02549
-0.05744 0.00524 0.09964 0.11513 0.57443 1.009 0.078 1246.691 0.02552
-0.05749 0.00524 0.09973 0.11524 0.57555 1.026 0.078 1246.721 0.02554
-0.05755 0.00525 0.09983 0.11535 0.57667 0.890 0.073 1246.751 0.02557
-0.05761 0.00526 0.09993 0.11546 0.57779 1.048 0.079 1246.781 0.02559
-0.05766 0.00526 0.10003 0.11558 0.57892 0.879 0.073 1246.811 0.02562
-0.05772 0.00527 0.10013 0.11569 0.58004 0.836 0.071 1246.841 0.02564
-0.05777 0.00527 0.10022 0.11580 0.58116 0.901 0.073 1246.870 0.02567
-0.05783 0.00528 0.10032 0.11592 0.58228 0.983 0.077 1246.900 0.02569
-0.05789 0.00528 0.10042 0.11603 0.58340 0.930 0.075 1246.930 0.02571
-0.05794 0.00529 0.10052 0.11614 0.58452 0.977 0.076 1246.960 0.02574
-0.05800 0.00529 0.10062 0.11626 0.58565 0.947 0.075 1246.990 0.02576
-0.05806 0.00530 0.10071 0.11637 0.58677 0.887 0.073 1247.020 0.02579
-0.05811 0.00530 0.10081 0.11648 0.58789 0.981 0.077 1247.050 0.02581
-0.05817 0.00531 0.10091 0.11660 0.58901 0.947 0.075 1247.080 0.02584
-0.05823 0.00531 0.10101 0.11671 0.59013 1.041 0.079 1247.110 0.02586
-0.05828 0.00532 0.10110 0.11682 0.59126 0.875 0.072 1247.139 0.02589
-0.05834 0.00532 0.10120 0.11693 0.59238 0.903 0.073 1247.169 0.02591
-0.05839 0.00533 0.10130 0.11705 0.59350 0.974 0.076 1247.199 0.02594
-0.05845 0.00533 0.10140 0.11716 0.59462 1.035 0.079 1247.229 0.02596
-0.05851 0.00534 0.10150 0.11727 0.59574 0.914 0.074 1247.259 0.02598
-0.05856 0.00534 0.10159 0.11739 0.59687 0.879 0.072 1247.289 0.02601
-0.05862 0.00535 0.10169 0.11750 0.59799 1.046 0.079 1247.319 0.02603
-0.05868 0.00535 0.10179 0.11761 0.59911 0.939 0.075 1247.349 0.02606
-0.05873 0.00536 0.10189 0.11773 0.60023 0.919 0.074 1247.379 0.02608
-0.05879 0.00536 0.10199 0.11784 0.60135 0.991 0.077 1247.408 0.02611
-0.05885 0.00537 0.10208 0.11795 0.60248 0.983 0.077 1247.438 0.02613
-0.05890 0.00537 0.10218 0.11807 0.60360 1.067 0.080 1247.468 0.02616
-0.05896 0.00538 0.10228 0.11818 0.60472 1.094 0.081 1247.498 0.02618
-0.05902 0.00538 0.10238 0.11829 0.60584 0.892 0.073 1247.528 0.02621
-0.05907 0.00539 0.10248 0.11840 0.60697 1.041 0.079 1247.558 0.02623
-0.05913 0.00539 0.10257 0.11852 0.60809 0.985 0.077 1247.588 0.02626
-0.05919 0.00540 0.10267 0.11863 0.60921 1.120 0.082 1247.618 0.02628
-0.05924 0.00540 0.10277 0.11874 0.61033 0.912 0.074 1247.648 0.02630
-0.05930 0.00541 0.10287 0.11886 0.61146 0.901 0.073 1247.678 0.02633
-0.05935 0.00541 0.10296 0.11897 0.61258 1.009 0.078 1247.707 0.02635
-0.05941 0.00542 0.10306 0.11908 0.61370 0.956 0.075 1247.737 0.02638
-0.05947 0.00543 0.10316 0.11920 0.61483 0.979 0.076 1247.767 0.02640
-0.05952 0.00543 0.10326 0.11931 0.61595 0.976 0.076 1247.797 0.02643
-0.05958 0.00544 0.10336 0.11942 0.61707 1.124 0.082 1247.827 0.02645
-0.05964 0.00544 0.10345 0.11954 0.61819 0.992 0.077 1247.857 0.02648
-0.05969 0.00545 0.10355 0.11965 0.61932 0.960 0.076 1247.887 0.02650
-0.05975 0.00545 0.10365 0.11976 0.62044 0.979 0.076 1247.917 0.02653
-0.05981 0.00546 0.10375 0.11988 0.62156 1.013 0.078 1247.947 0.02655
-0.05986 0.00546 0.10385 0.11999 0.62269 0.978 0.076 1247.976 0.02658
-0.05992 0.00547 0.10394 0.12010 0.62381 1.025 0.078 1248.006 0.02660
-0.05998 0.00547 0.10404 0.12022 0.62493 1.044 0.079 1248.036 0.02662
-0.06003 0.00548 0.10414 0.12033 0.62606 0.972 0.076 1248.066 0.02665
-0.06009 0.00548 0.10424 0.12044 0.62718 1.072 0.080 1248.096 0.02667
-0.06014 0.00549 0.10434 0.12056 0.62830 0.889 0.073 1248.126 0.02670
-0.06020 0.00549 0.10443 0.12067 0.62943 0.949 0.075 1248.156 0.02672
-0.06026 0.00550 0.10453 0.12078 0.63055 1.024 0.078 1248.186 0.02675
-0.06031 0.00550 0.10463 0.12090 0.63167 0.996 0.077 1248.216 0.02677
-0.06037 0.00551 0.10473 0.12101 0.63280 1.096 0.081 1248.245 0.02680
-0.06043 0.00551 0.10483 0.12112 0.63392 1.138 0.082 1248.275 0.02682
-0.06048 0.00552 0.10492 0.12123 0.63504 1.047 0.079 1248.305 0.02685
-0.06054 0.00552 0.10502 0.12135 0.63617 0.816 0.070 1248.335 0.02687
-0.06060 0.00553 0.10512 0.12146 0.63729 0.969 0.076 1248.365 0.02689
-0.06065 0.00553 0.10522 0.12157 0.63841 0.994 0.077 1248.395 0.02692
-0.06071 0.00554 0.10532 0.12169 0.63954 1.141 0.082 1248.425 0.02694
-0.06077 0.00554 0.10541 0.12180 0.64066 1.022 0.078 1248.455 0.02697
-0.06082 0.00555 0.10551 0.12191 0.64178 1.087 0.080 1248.485 0.02699
-0.06088 0.00555 0.10561 0.12203 0.64291 1.015 0.078 1248.515 0.02702
-0.06094 0.00556 0.10571 0.12214 0.64403 0.933 0.074 1248.544 0.02704
-0.06099 0.00556 0.10581 0.12225 0.64516 0.938 0.075 1248.574 0.02707
-0.06105 0.00557 0.10590 0.12237 0.64628 0.949 0.075 1248.604 0.02709
-0.06111 0.00557 0.10600 0.12248 0.64740 1.055 0.079 1248.634 0.02712
-0.06116 0.00558 0.10610 0.12259 0.64853 0.832 0.070 1248.664 0.02714
-0.06122 0.00558 0.10620 0.12271 0.64965 0.931 0.074 1248.694 0.02717
-0.06128 0.00559 0.10630 0.12282 0.65078 0.966 0.076 1248.724 0.02719
-0.06133 0.00560 0.10639 0.12293 0.65190 0.932 0.074 1248.754 0.02721
-0.06139 0.00560 0.10649 0.12305 0.65302 0.979 0.076 1248.784 0.02724
-0.06144 0.00561 0.10659 0.12316 0.65415 1.092 0.080 1248.813 0.02726
-0.06150 0.00561 0.10669 0.12327 0.65527 0.989 0.076 1248.843 0.02729
-0.06156 0.00562 0.10679 0.12339 0.65640 0.890 0.073 1248.873 0.02731
-0.06161 0.00562 0.10689 0.12350 0.65752 0.879 0.072 1248.903 0.02734
-0.06167 0.00563 0.10698 0.12361 0.65865 1.017 0.078 1248.933 0.02736
-0.06173 0.00563 0.10708 0.12373 0.65977 1.159 0.083 1248.963 0.02739
-0.06178 0.00564 0.10718 0.12384 0.66089 0.905 0.073 1248.993 0.02741
-0.06184 0.00564 0.10728 0.12395 0.66202 0.940 0.075 1249.023 0.02744
-0.06190 0.00565 0.10738 0.12407 0.66314 0.997 0.077 1249.053 0.02746
-0.06195 0.00565 0.10747 0.12418 0.66427 0.997 0.077 1249.082 0.02748
-0.06201 0.00566 0.10757 0.12429 0.66539 1.066 0.079 1249.112 0.02751
-0.06207 0.00566 0.10767 0.12441 0.66652 0.921 0.074 1249.142 0.02753
-0.06212 0.00567 0.10777 0.12452 0.66764 1.088 0.080 1249.172 0.02756
-0.06218 0.00567 0.10787 0.12463 0.66877 0.954 0.075 1249.202 0.02758
-0.06224 0.00568 0.10796 0.12475 0.66989 1.045 0.079 1249.232 0.02761
-0.06229 0.00568 0.10806 0.12486 0.67102 1.037 0.078 1249.262 0.02763
-0.06235 0.00569 0.10816 0.12497 0.67214 1.103 0.081 1249.292 0.02766
-0.06241 0.00569 0.10826 0.12509 0.67327 0.958 0.075 1249.322 0.02768
-0.06246 0.00570 0.10836 0.12520 0.67439 1.051 0.079 1249.351 0.02771
-0.06252 0.00570 0.10845 0.12531 0.67551 1.037 0.078 1249.381 0.02773
-0.06258 0.00571 0.10855 0.12543 0.67664 0.914 0.073 1249.411 0.02776
-0.06263 0.00571 0.10865 0.12554 0.67776 0.918 0.074 1249.441 0.02778
-0.06269 0.00572 0.10875 0.12565 0.67889 1.011 0.077 1249.471 0.02780
-0.06275 0.00572 0.10885 0.12577 0.68001 0.981 0.076 1249.501 0.02783
-0.06280 0.00573 0.10895 0.12588 0.68114 1.061 0.079 1249.531 0.02785
-0.06286 0.00573 0.10904 0.12599 0.68227 0.805 0.069 1249.561 0.02788
-0.06292 0.00574 0.10914 0.12611 0.68339 1.151 0.082 1249.591 0.02790
-0.06297 0.00574 0.10924 0.12622 0.68452 0.861 0.071 1249.621 0.02793
-0.06303 0.00575 0.10934 0.12633 0.68564 0.926 0.074 1249.650 0.02795
-0.06308 0.00576 0.10944 0.12645 0.68677 1.121 0.081 1249.680 0.02798
-0.06314 0.00576 0.10953 0.12656 0.68789 0.890 0.072 1249.710 0.02800
-0.06320 0.00577 0.10963 0.12668 0.68902 0.829 0.070 1249.740 0.02803
-0.06325 0.00577 0.10973 0.12679 0.69014 0.944 0.075 1249.770 0.02805
-0.06331 0.00578 0.10983 0.12690 0.69127 0.870 0.072 1249.800 0.02807
-0.06337 0.00578 0.10993 0.12702 0.69239 0.936 0.074 1249.830 0.02810
-0.06342 0.00579 0.11003 0.12713 0.69352 0.953 0.075 1249.860 0.02812
-0.06348 0.00579 0.11012 0.12724 0.69464 0.952 0.075 1249.890 0.02815
-0.06354 0.00580 0.11022 0.12736 0.69577 0.997 0.077 1249.919 0.02817
-0.06359 0.00580 0.11032 0.12747 0.69690 1.075 0.080 1249.949 0.02820
-0.06365 0.00581 0.11042 0.12758 0.69802 0.839 0.070 1249.979 0.02822
-0.06371 0.00581 0.11052 0.12770 0.69915 0.915 0.073 1250.009 0.02825
-0.06376 0.00582 0.11061 0.12781 0.70027 1.003 0.077 1250.039 0.02827
-0.06382 0.00582 0.11071 0.12792 0.70140 1.016 0.077 1250.069 0.02830
-0.06388 0.00583 0.11081 0.12804 0.70252 0.957 0.075 1250.099 0.02832
-0.06393 0.00583 0.11091 0.12815 0.70365 0.888 0.072 1250.129 0.02835
-0.06399 0.00584 0.11101 0.12826 0.70478 0.810 0.069 1250.159 0.02837
-0.06405 0.00584 0.11111 0.12838 0.70590 0.993 0.076 1250.188 0.02839
-0.06410 0.00585 0.11120 0.12849 0.70703 0.787 0.068 1250.218 0.02842
-0.06416 0.00585 0.11130 0.12860 0.70815 0.670 0.066 1250.248 0.02844
-0.06422 0.00586 0.11140 0.12872 0.70928 0.880 0.072 1250.278 0.02847
-0.06427 0.00586 0.11150 0.12883 0.71041 0.811 0.069 1250.308 0.02849
-0.06433 0.00587 0.11160 0.12894 0.71153 0.816 0.069 1250.338 0.02852
-0.06439 0.00587 0.11170 0.12906 0.71266 0.840 0.070 1250.368 0.02854
-0.06444 0.00588 0.11179 0.12917 0.71379 0.770 0.067 1250.398 0.02857
-0.06450 0.00588 0.11189 0.12929 0.71491 0.624 0.064 1250.428 0.02859
-0.06456 0.00589 0.11199 0.12940 0.71604 0.448 0.058 1250.458 0.02862
-0.06461 0.00589 0.11209 0.12951 0.71716 0.465 0.059 1250.487 0.02864
-0.06467 0.00590 0.11219 0.12963 0.71829 0.530 0.059 1250.517 0.02867
-0.06473 0.00590 0.11228 0.12974 0.71942 0.722 0.065 1250.547 0.02869
-0.06478 0.00591 0.11238 0.12985 0.72054 0.857 0.071 1250.577 0.02871
-0.06484 0.00592 0.11248 0.12997 0.72167 0.861 0.071 1250.607 0.02874
-0.06490 0.00592 0.11258 0.13008 0.72280 0.850 0.071 1250.637 0.02876
-0.06495 0.00593 0.11268 0.13019 0.72392 1.025 0.078 1250.667 0.02879
-0.06501 0.00593 0.11278 0.13031 0.72505 1.097 0.080 1250.697 0.02881
-0.06507 0.00594 0.11287 0.13042 0.72618 1.049 0.078 1250.727 0.02884
-0.06512 0.00594 0.11297 0.13053 0.72730 1.071 0.079 1250.756 0.02886
-0.06518 0.00595 0.11307 0.13065 0.72843 1.137 0.082 1250.786 0.02889
-0.06524 0.00595 0.11317 0.13076 0.72956 0.986 0.076 1250.816 0.02891
-0.06529 0.00596 0.11327 0.13088 0.73068 0.858 0.071 1250.846 0.02894
-0.06535 0.00596 0.11337 0.13099 0.73181 0.987 0.076 1250.876 0.02896
-0.06541 0.00597 0.11346 0.13110 0.73294 0.840 0.070 1250.906 0.02898
-0.06546 0.00597 0.11356 0.13122 0.73407 0.922 0.073 1250.936 0.02901
-0.06552 0.00598 0.11366 0.13133 0.73519 0.909 0.073 1250.966 0.02903
-0.06558 0.00598 0.11376 0.13144 0.73632 0.897 0.072 1250.996 0.02906
-0.06563 0.00599 0.11386 0.13156 0.73745 1.008 0.077 1251.025 0.02908
-0.06569 0.00599 0.11396 0.13167 0.73857 1.025 0.077 1251.055 0.02911
-0.06575 0.00600 0.11405 0.13178 0.73970 0.984 0.076 1251.085 0.02913
-0.06580 0.00600 0.11415 0.13190 0.74083 0.989 0.076 1251.115 0.02916
-0.06586 0.00601 0.11425 0.13201 0.74196 0.978 0.076 1251.145 0.02918
-0.06592 0.00601 0.11435 0.13212 0.74308 1.018 0.077 1251.175 0.02921
-0.06597 0.00602 0.11445 0.13224 0.74421 0.954 0.075 1251.205 0.02923
-0.06603 0.00602 0.11455 0.13235 0.74534 1.154 0.082 1251.235 0.02926
-0.06609 0.00603 0.11464 0.13247 0.74647 0.869 0.071 1251.265 0.02928
-0.06614 0.00603 0.11474 0.13258 0.74759 0.995 0.076 1251.294 0.02930
-0.06620 0.00604 0.11484 0.13269 0.74872 1.032 0.078 1251.324 0.02933
-0.06626 0.00604 0.11494 0.13281 0.74985 1.077 0.079 1251.354 0.02935
-0.06631 0.00605 0.11504 0.13292 0.75098 0.984 0.076 1251.384 0.02938
-0.06637 0.00605 0.11514 0.13303 0.75210 0.915 0.073 1251.414 0.02940
-0.06643 0.00606 0.11523 0.13315 0.75323 0.855 0.071 1251.444 0.02943
-0.06648 0.00607 0.11533 0.13326 0.75436 1.047 0.078 1251.474 0.02945
-0.06654 0.00607 0.11543 0.13337 0.75549 0.972 0.075 1251.504 0.02948
-0.06660 0.00608 0.11553 0.13349 0.75661 0.883 0.072 1251.534 0.02950
-0.06665 0.00608 0.11563 0.13360 0.75774 0.890 0.072 1251.564 0.02953
-0.06671 0.00609 0.11573 0.13372 0.75887 0.954 0.075 1251.593 0.02955
-0.06677 0.00609 0.11582 0.13383 0.76000 1.022 0.077 1251.623 0.02957
-0.06682 0.00610 0.11592 0.13394 0.76113 0.964 0.075 1251.653 0.02960
-0.06688 0.00610 0.11602 0.13406 0.76225 1.011 0.077 1251.683 0.02962
-0.06694 0.00611 0.11612 0.13417 0.76338 0.917 0.073 1251.713 0.02965
-0.06699 0.00611 0.11622 0.13428 0.76451 1.103 0.080 1251.743 0.02967
-0.06705 0.00612 0.11632 0.13440 0.76564 0.923 0.073 1251.773 0.02970
-0.06711 0.00612 0.11642 0.13451 0.76677 1.021 0.077 1251.803 0.02972
-0.06716 0.00613 0.11651 0.13463 0.76789 1.005 0.077 1251.833 0.02975
-0.06722 0.00613 0.11661 0.13474 0.76902 1.011 0.077 1251.862 0.02977
-0.06728 0.00614 0.11671 0.13485 0.77015 0.911 0.073 1251.892 0.02980
-0.06733 0.00614 0.11681 0.13497 0.77128 1.039 0.078 1251.922 0.02982
-0.06739 0.00615 0.11691 0.13508 0.77241 1.150 0.082 1251.952 0.02985
-0.06745 0.00615 0.11701 0.13519 0.77353 0.939 0.074 1251.982 0.02987
-0.06751 0.00616 0.11710 0.13531 0.77466 0.941 0.074 1252.012 0.02989
-0.06756 0.00616 0.11720 0.13542 0.77579 0.877 0.072 1252.042 0.02992
-0.06762 0.00617 0.11730 0.13554 0.77692 0.945 0.074 1252.072 0.02994
-0.06768 0.00617 0.11740 0.13565 0.77805 0.800 0.068 1252.102 0.02997
-0.06773 0.00618 0.11750 0.13576 0.77918 0.987 0.076 1252.131 0.02999
-0.06779 0.00618 0.11760 0.13588 0.78031 1.062 0.079 1252.161 0.03002
-0.06785 0.00619 0.11769 0.13599 0.78143 0.986 0.076 1252.191 0.03004
-0.06790 0.00619 0.11779 0.13610 0.78256 0.904 0.073 1252.221 0.03007
-0.06796 0.00620 0.11789 0.13622 0.78369 0.765 0.067 1252.251 0.03009
-0.06802 0.00620 0.11799 0.13633 0.78482 0.904 0.073 1252.281 0.03012
-0.06807 0.00621 0.11809 0.13645 0.78595 0.910 0.073 1252.311 0.03014
-0.06813 0.00622 0.11819 0.13656 0.78708 0.990 0.076 1252.341 0.03017
-0.06819 0.00622 0.11829 0.13667 0.78821 0.926 0.073 1252.371 0.03019
-0.06824 0.00623 0.11838 0.13679 0.78934 1.052 0.078 1252.401 0.03021
-0.06830 0.00623 0.11848 0.13690 0.79047 0.946 0.074 1252.430 0.03024
-0.06836 0.00624 0.11858 0.13701 0.79159 0.926 0.073 1252.460 0.03026
-0.06841 0.00624 0.11868 0.13713 0.79272 0.990 0.076 1252.490 0.03029
-0.06847 0.00625 0.11878 0.13724 0.79385 1.041 0.078 1252.520 0.03031
-0.06853 0.00625 0.11888 0.13736 0.79498 1.070 0.079 1252.550 0.03034
-0.06858 0.00626 0.11898 0.13747 0.79611 0.983 0.076 1252.580 0.03036
-0.06864 0.00626 0.11907 0.13758 0.79724 1.065 0.079 1252.610 0.03039
-0.06870 0.00627 0.11917 0.13770 0.79837 0.971 0.075 1252.640 0.03041
-0.06875 0.00627 0.11927 0.13781 0.79950 0.863 0.071 1252.670 0.03044
-0.06881 0.00628 0.11937 0.13792 0.80063 1.048 0.078 1252.699 0.03046
-0.06887 0.00628 0.11947 0.13804 0.80176 0.752 0.066 1252.729 0.03048
-0.06892 0.00629 0.11957 0.13815 0.80289 0.930 0.074 1252.759 0.03051
-0.06898 0.00629 0.11966 0.13827 0.80402 0.868 0.071 1252.789 0.03053
-0.06904 0.00630 0.11976 0.13838 0.80515 0.890 0.072 1252.819 0.03056
-0.06909 0.00630 0.11986 0.13849 0.80627 0.913 0.073 1252.849 0.03058
-0.06915 0.00631 0.11996 0.13861 0.80740 0.972 0.075 1252.879 0.03061
-0.06921 0.00631 0.12006 0.13872 0.80853 1.093 0.080 1252.909 0.03063
-0.06927 0.00632 0.12016 0.13884 0.80966 1.065 0.079 1252.939 0.03066
-0.06932 0.00632 0.12026 0.13895 0.81079 0.949 0.074 1252.968 0.03068
-0.06938 0.00633 0.12035 0.13906 0.81192 0.944 0.074 1252.998 0.03071
-0.06944 0.00633 0.12045 0.13918 0.81305 1.083 0.079 1253.028 0.03073
-0.06949 0.00634 0.12055 0.13929 0.81418 0.994 0.076 1253.058 0.03076
-0.06955 0.00634 0.12065 0.13941 0.81531 0.993 0.076 1253.088 0.03078
-0.06961 0.00635 0.12075 0.13952 0.81644 1.101 0.080 1253.118 0.03080
-0.06966 0.00636 0.12085 0.13963 0.81757 0.867 0.071 1253.148 0.03083
-0.06972 0.00636 0.12095 0.13975 0.81870 0.955 0.075 1253.178 0.03085
-0.06978 0.00637 0.12104 0.13986 0.81983 0.955 0.075 1253.208 0.03088
-0.06983 0.00637 0.12114 0.13997 0.82096 0.972 0.075 1253.237 0.03090
-0.06989 0.00638 0.12124 0.14009 0.82209 1.051 0.078 1253.267 0.03093
-0.06995 0.00638 0.12134 0.14020 0.82322 1.024 0.077 1253.297 0.03095
-0.07000 0.00639 0.12144 0.14032 0.82435 0.972 0.075 1253.327 0.03098
-0.07006 0.00639 0.12154 0.14043 0.82548 0.892 0.072 1253.357 0.03100
-0.07012 0.00640 0.12164 0.14054 0.82661 0.822 0.069 1253.387 0.03103
-0.07017 0.00640 0.12173 0.14066 0.82774 0.793 0.068 1253.417 0.03105
-0.07023 0.00641 0.12183 0.14077 0.82887 0.852 0.070 1253.447 0.03107
-0.07029 0.00641 0.12193 0.14089 0.83000 0.885 0.072 1253.477 0.03110
-0.07034 0.00642 0.12203 0.14100 0.83113 0.805 0.068 1253.507 0.03112
-0.07040 0.00642 0.12213 0.14111 0.83226 0.844 0.070 1253.536 0.03115
-0.07046 0.00643 0.12223 0.14123 0.83339 0.728 0.065 1253.566 0.03117
-0.07052 0.00643 0.12233 0.14134 0.83453 0.734 0.065 1253.596 0.03120
-0.07057 0.00644 0.12242 0.14146 0.83566 0.543 0.060 1253.626 0.03122
-0.07063 0.00644 0.12252 0.14157 0.83679 0.398 0.055 1253.656 0.03125
-0.07069 0.00645 0.12262 0.14168 0.83792 0.386 0.058 1253.686 0.03127
-0.07074 0.00645 0.12272 0.14180 0.83905 0.427 0.060 1253.716 0.03130
-0.07080 0.00646 0.12282 0.14191 0.84018 0.525 0.059 1253.746 0.03132
-0.07086 0.00646 0.12292 0.14203 0.84131 0.711 0.064 1253.776 0.03135
-0.07091 0.00647 0.12302 0.14214 0.84244 0.734 0.065 1253.805 0.03137
-0.07097 0.00647 0.12312 0.14225 0.84357 0.756 0.066 1253.835 0.03139
-0.07103 0.00648 0.12321 0.14237 0.84470 0.843 0.070 1253.865 0.03142
-0.07108 0.00648 0.12331 0.14248 0.84583 0.833 0.070 1253.895 0.03144
-0.07114 0.00649 0.12341 0.14260 0.84696 0.786 0.068 1253.925 0.03147
-0.07120 0.00650 0.12351 0.14271 0.84809 0.952 0.074 1253.955 0.03149
-0.07125 0.00650 0.12361 0.14282 0.84923 0.851 0.070 1253.985 0.03152
-0.07131 0.00651 0.12371 0.14294 0.85036 1.074 0.079 1254.015 0.03154
-0.07137 0.00651 0.12381 0.14305 0.85149 0.904 0.072 1254.045 0.03157
-0.07143 0.00652 0.12390 0.14317 0.85262 0.952 0.074 1254.074 0.03159
-0.07148 0.00652 0.12400 0.14328 0.85375 1.012 0.077 1254.104 0.03162
-0.07154 0.00653 0.12410 0.14339 0.85488 0.990 0.076 1254.134 0.03164
-0.07160 0.00653 0.12420 0.14351 0.85601 1.021 0.077 1254.164 0.03166
-0.07165 0.00654 0.12430 0.14362 0.85714 1.020 0.077 1254.194 0.03169
-0.07171 0.00654 0.12440 0.14374 0.85827 0.989 0.076 1254.224 0.03171
-0.07177 0.00655 0.12450 0.14385 0.85941 0.986 0.076 1254.254 0.03174
-0.07182 0.00655 0.12460 0.14396 0.86054 0.957 0.074 1254.284 0.03176
-0.07188 0.00656 0.12469 0.14408 0.86167 0.915 0.073 1254.314 0.03179
-0.07194 0.00656 0.12479 0.14419 0.86280 0.907 0.073 1254.344 0.03181
-0.07199 0.00657 0.12489 0.14431 0.86393 0.803 0.068 1254.373 0.03184
-0.07205 0.00657 0.12499 0.14442 0.86506 0.879 0.071 1254.403 0.03186
-0.07211 0.00658 0.12509 0.14453 0.86620 0.977 0.075 1254.433 0.03189
-0.07216 0.00658 0.12519 0.14465 0.86733 0.902 0.072 1254.463 0.03191
-0.07222 0.00659 0.12529 0.14476 0.86846 1.040 0.078 1254.493 0.03194
-0.07228 0.00659 0.12539 0.14488 0.86959 1.001 0.076 1254.523 0.03196
-0.07234 0.00660 0.12548 0.14499 0.87072 0.959 0.075 1254.553 0.03198
-0.07239 0.00660 0.12558 0.14510 0.87185 0.961 0.075 1254.583 0.03201
-0.07245 0.00661 0.12568 0.14522 0.87299 1.042 0.078 1254.613 0.03203
-0.07251 0.00661 0.12578 0.14533 0.87412 0.961 0.075 1254.642 0.03206
-0.07256 0.00662 0.12588 0.14545 0.87525 0.938 0.074 1254.672 0.03208
-0.07262 0.00663 0.12598 0.14556 0.87638 1.099 0.080 1254.702 0.03211
-0.07268 0.00663 0.12608 0.14567 0.87751 0.874 0.071 1254.732 0.03213
-0.07273 0.00664 0.12617 0.14579 0.87865 1.043 0.078 1254.762 0.03216
-0.07279 0.00664 0.12627 0.14590 0.87978 1.059 0.078 1254.792 0.03218
-0.07285 0.00665 0.12637 0.14602 0.88091 1.139 0.081 1254.822 0.03221
-0.07290 0.00665 0.12647 0.14613 0.88204 0.874 0.071 1254.852 0.03223
-0.07296 0.00666 0.12657 0.14625 0.88317 0.759 0.069 1254.882 0.03226
-0.07302 0.00666 0.12667 0.14636 0.88431 1.106 0.080 1254.911 0.03228
-0.07308 0.00667 0.12677 0.14647 0.88544 1.074 0.079 1254.941 0.03230
-0.07313 0.00667 0.12687 0.14659 0.88657 0.944 0.074 1254.971 0.03233
-0.07319 0.00668 0.12697 0.14670 0.88770 1.139 0.081 1255.001 0.03235
-0.07325 0.00668 0.12706 0.14682 0.88884 0.935 0.074 1255.031 0.03238
-0.07330 0.00669 0.12716 0.14693 0.88997 0.965 0.075 1255.061 0.03240
-0.07336 0.00669 0.12726 0.14704 0.89110 1.059 0.078 1255.091 0.03243
-0.07342 0.00670 0.12736 0.14716 0.89223 0.982 0.075 1255.121 0.03245
-0.07347 0.00670 0.12746 0.14727 0.89337 0.866 0.071 1255.151 0.03248
-0.07353 0.00671 0.12756 0.14739 0.89450 0.915 0.073 1255.180 0.03250
-0.07359 0.00671 0.12766 0.14750 0.89563 1.138 0.081 1255.210 0.03253
-0.07365 0.00672 0.12776 0.14761 0.89676 0.867 0.071 1255.240 0.03255
-0.07370 0.00672 0.12785 0.14773 0.89790 1.059 0.078 1255.270 0.03257
-0.07376 0.00673 0.12795 0.14784 0.89903 1.064 0.078 1255.300 0.03260
-0.07382 0.00673 0.12805 0.14796 0.90016 1.071 0.079 1255.330 0.03262
-0.07387 0.00674 0.12815 0.14807 0.90129 0.792 0.068 1255.360 0.03265
-0.07393 0.00674 0.12825 0.14819 0.90243 0.949 0.074 1255.390 0.03267
-0.07399 0.00675 0.12835 0.14830 0.90356 1.089 0.079 1255.420 0.03270
-0.07404 0.00675 0.12845 0.14841 0.90469 0.977 0.075 1255.450 0.03272
-0.07410 0.00676 0.12855 0.14853 0.90583 0.909 0.073 1255.479 0.03275
-0.07416 0.00677 0.12864 0.14864 0.90696 0.965 0.075 1255.509 0.03277
-0.07421 0.00677 0.12874 0.14876 0.90809 0.920 0.073 1255.539 0.03280
-0.07427 0.00678 0.12884 0.14887 0.90923 0.942 0.074 1255.569 0.03282
-0.07433 0.00678 0.12894 0.14899 0.91036 1.082 0.079 1255.599 0.03285
-0.07439 0.00679 0.12904 0.14910 0.91149 1.023 0.077 1255.629 0.03287
-0.07444 0.00679 0.12914 0.14921 0.91262 1.099 0.080 1255.659 0.03289
-0.07450 0.00680 0.12924 0.14933 0.91376 0.815 0.069 1255.689 0.03292
-0.07456 0.00680 0.12934 0.14944 0.91489 1.069 0.079 1255.719 0.03294
-0.07461 0.00681 0.12944 0.14956 0.91602 1.018 0.077 1255.748 0.03297
-0.07467 0.00681 0.12953 0.14967 0.91716 0.949 0.074 1255.778 0.03299
-0.07473 0.00682 0.12963 0.14978 0.91829 1.047 0.078 1255.808 0.03302
-0.07478 0.00682 0.12973 0.14990 0.91942 1.078 0.079 1255.838 0.03304
-0.07484 0.00683 0.12983 0.15001 0.92056 1.127 0.081 1255.868 0.03307
-0.07490 0.00683 0.12993 0.15013 0.92169 1.007 0.076 1255.898 0.03309
-0.07496 0.00684 0.13003 0.15024 0.92283 0.891 0.072 1255.928 0.03312
-0.07501 0.00684 0.13013 0.15036 0.92396 1.061 0.078 1255.958 0.03314
-0.07507 0.00685 0.13023 0.15047 0.92509 1.040 0.078 1255.988 0.03316
-0.07513 0.00685 0.13033 0.15058 0.92623 0.918 0.073 1256.017 0.03319
-0.07518 0.00686 0.13042 0.15070 0.92736 1.055 0.078 1256.047 0.03321
-0.07524 0.00686 0.13052 0.15081 0.92849 1.135 0.081 1256.077 0.03324
-0.07530 0.00687 0.13062 0.15093 0.92963 1.027 0.078 1256.107 0.03326
-0.07535 0.00687 0.13072 0.15104 0.93076 0.904 0.072 1256.137 0.03329
-0.07541 0.00688 0.13082 0.15116 0.93190 0.940 0.074 1256.167 0.03331
-0.07547 0.00688 0.13092 0.15127 0.93303 0.944 0.074 1256.197 0.03334
-0.07553 0.00689 0.13102 0.15138 0.93416 0.988 0.076 1256.227 0.03336
-0.07558 0.00690 0.13112 0.15150 0.93530 0.939 0.074 1256.257 0.03339
-0.07564 0.00690 0.13122 0.15161 0.93643 1.074 0.079 1256.287 0.03341
-0.07570 0.00691 0.13131 0.15173 0.93757 1.072 0.079 1256.316 0.03344
-0.07575 0.00691 0.13141 0.15184 0.93870 0.886 0.072 1256.346 0.03346
-0.07581 0.00692 0.13151 0.15196 0.93983 1.112 0.080 1256.376 0.03348
-0.07587 0.00692 0.13161 0.15207 0.94097 0.984 0.075 1256.406 0.03351
-0.07592 0.00693 0.13171 0.15218 0.94210 1.006 0.076 1256.436 0.03353
-0.07598 0.00693 0.13181 0.15230 0.94324 0.915 0.073 1256.466 0.03356
-0.07604 0.00694 0.13191 0.15241 0.94437 1.049 0.078 1256.496 0.03358
-0.07610 0.00694 0.13201 0.15253 0.94550 1.007 0.076 1256.526 0.03361
-0.07615 0.00695 0.13211 0.15264 0.94664 0.956 0.074 1256.556 0.03363
-0.07621 0.00695 0.13221 0.15276 0.94777 0.946 0.074 1256.585 0.03366
-0.07627 0.00696 0.13230 0.15287 0.94891 1.038 0.078 1256.615 0.03368
-0.07632 0.00696 0.13240 0.15299 0.95004 0.987 0.076 1256.645 0.03371
-0.07638 0.00697 0.13250 0.15310 0.95118 0.949 0.074 1256.675 0.03373
-0.07644 0.00697 0.13260 0.15321 0.95231 0.996 0.076 1256.705 0.03376
-0.07650 0.00698 0.13270 0.15333 0.95345 0.992 0.076 1256.735 0.03378
-0.07655 0.00698 0.13280 0.15344 0.95458 0.939 0.074 1256.765 0.03380
-0.07661 0.00699 0.13290 0.15356 0.95572 1.106 0.080 1256.795 0.03383
-0.07667 0.00699 0.13300 0.15367 0.95685 1.026 0.077 1256.825 0.03385
-0.07672 0.00700 0.13310 0.15379 0.95799 1.042 0.078 1256.854 0.03388
-0.07678 0.00700 0.13320 0.15390 0.95912 0.874 0.071 1256.884 0.03390
-0.07684 0.00701 0.13329 0.15401 0.96026 0.883 0.071 1256.914 0.03393
-0.07689 0.00702 0.13339 0.15413 0.96139 0.915 0.073 1256.944 0.03395
-0.07695 0.00702 0.13349 0.15424 0.96252 0.948 0.074 1256.974 0.03398
-0.07701 0.00703 0.13359 0.15436 0.96366 0.999 0.076 1257.004 0.03400
-0.07707 0.00703 0.13369 0.15447 0.96479 0.983 0.075 1257.034 0.03403
-0.07712 0.00704 0.13379 0.15459 0.96593 0.934 0.074 1257.064 0.03405
-0.07718 0.00704 0.13389 0.15470 0.96707 1.046 0.078 1257.094 0.03407
-0.07724 0.00705 0.13399 0.15482 0.96820 0.994 0.076 1257.123 0.03410
-0.07729 0.00705 0.13409 0.15493 0.96934 0.905 0.072 1257.153 0.03412
-0.07735 0.00706 0.13419 0.15504 0.97047 1.058 0.078 1257.183 0.03415
-0.07741 0.00706 0.13428 0.15516 0.97161 0.941 0.074 1257.213 0.03417
-0.07747 0.00707 0.13438 0.15527 0.97274 0.931 0.073 1257.243 0.03420
-0.07752 0.00707 0.13448 0.15539 0.97388 1.022 0.077 1257.273 0.03422
-0.07758 0.00708 0.13458 0.15550 0.97501 0.905 0.072 1257.303 0.03425
-0.07764 0.00708 0.13468 0.15562 0.97615 0.912 0.073 1257.333 0.03427
-0.07769 0.00709 0.13478 0.15573 0.97728 1.108 0.080 1257.363 0.03430
-0.07775 0.00709 0.13488 0.15585 0.97842 1.055 0.078 1257.393 0.03432
-0.07781 0.00710 0.13498 0.15596 0.97955 0.993 0.076 1257.422 0.03435
-0.07787 0.00710 0.13508 0.15607 0.98069 1.017 0.077 1257.452 0.03437
-0.07792 0.00711 0.13518 0.15619 0.98182 0.880 0.071 1257.482 0.03439
-0.07798 0.00711 0.13527 0.15630 0.98296 1.117 0.080 1257.512 0.03442
-0.07804 0.00712 0.13537 0.15642 0.98410 0.829 0.069 1257.542 0.03444
-0.07809 0.00712 0.13547 0.15653 0.98523 0.954 0.074 1257.572 0.03447
-0.07815 0.00713 0.13557 0.15665 0.98637 1.095 0.080 1257.602 0.03449
-0.07821 0.00713 0.13567 0.15676 0.98750 0.912 0.073 1257.632 0.03452
-0.07827 0.00714 0.13577 0.15688 0.98864 0.993 0.076 1257.662 0.03454
-0.07832 0.00715 0.13587 0.15699 0.98978 0.975 0.075 1257.691 0.03457
-0.07838 0.00715 0.13597 0.15710 0.99091 1.048 0.078 1257.721 0.03459
-0.07844 0.00716 0.13607 0.15722 0.99205 0.989 0.076 1257.751 0.03462
-0.07849 0.00716 0.13617 0.15733 0.99318 0.903 0.072 1257.781 0.03464
-0.07855 0.00717 0.13627 0.15745 0.99432 1.041 0.078 1257.811 0.03466
-0.07861 0.00717 0.13636 0.15756 0.99546 0.958 0.074 1257.841 0.03469
-0.07867 0.00718 0.13646 0.15768 0.99659 0.951 0.074 1257.871 0.03471
-0.07872 0.00718 0.13656 0.15779 0.99773 0.938 0.074 1257.901 0.03474
-0.07878 0.00719 0.13666 0.15791 0.99886 1.075 0.079 1257.931 0.03476
-0.07884 0.00719 0.13676 0.15802 1.00000 1.079 0.079 1257.960 0.03479
