x y z dist_scaled dist_frac flux_norm sig_norm wavelength redshift
-0.02126 0.01023 0.05217 0.05726 0.00000 1.116 0.248 1231.245 0.01281
-0.02130 0.01025 0.05227 0.05737 0.00110 1.552 0.278 1231.275 0.01284
-0.02134 0.01027 0.05237 0.05748 0.00220 1.267 0.257 1231.305 0.01286
-0.02138 0.01029 0.05247 0.05759 0.00330 1.235 0.252 1231.335 0.01289
-0.02142 0.01031 0.05258 0.05770 0.00440 1.424 0.269 1231.365 0.01291
-0.02146 0.01033 0.05268 0.05781 0.00550 0.894 0.231 1231.395 0.01293
-0.02151 0.01035 0.05278 0.05792 0.00661 0.831 0.226 1231.425 0.01296
-0.02155 0.01037 0.05288 0.05803 0.00771 0.708 0.214 1231.454 0.01298
-0.02159 0.01038 0.05298 0.05814 0.00881 0.956 0.237 1231.484 0.01301
-0.02163 0.01040 0.05308 0.05826 0.00991 0.956 0.236 1231.514 0.01303
-0.02167 0.01042 0.05318 0.05837 0.01101 1.142 0.252 1231.544 0.01306
-0.02171 0.01044 0.05328 0.05848 0.01211 0.955 0.236 1231.574 0.01308
-0.02175 0.01046 0.05338 0.05859 0.01321 0.860 0.225 1231.604 0.01311
-0.02179 0.01048 0.05349 0.05870 0.01431 0.955 0.233 1231.634 0.01313
-0.02183 0.01050 0.05359 0.05881 0.01541 0.675 0.210 1231.664 0.01316
-0.02188 0.01052 0.05369 0.05892 0.01652 1.202 0.252 1231.693 0.01318
-0.02192 0.01054 0.05379 0.05903 0.01762 0.734 0.216 1231.723 0.01321
-0.02196 0.01056 0.05389 0.05914 0.01872 1.013 0.233 1231.753 0.01323
-0.02200 0.01058 0.05399 0.05925 0.01982 0.920 0.231 1231.783 0.01325
-0.02204 0.01060 0.05409 0.05936 0.02092 0.796 0.216 1231.813 0.01328
-0.02208 0.01062 0.05419 0.05948 0.02202 0.484 0.186 1231.843 0.01330
-0.02212 0.01064 0.05429 0.05959 0.02312 0.701 0.210 1231.873 0.01333
-0.02216 0.01066 0.05440 0.05970 0.02423 0.795 0.219 1231.903 0.01335
-0.02221 0.01068 0.05450 0.05981 0.02533 0.455 0.186 1231.932 0.01338
-0.02225 0.01070 0.05460 0.05992 0.02643 0.703 0.209 1231.962 0.01340
-0.02229 0.01072 0.05470 0.06003 0.02753 0.825 0.222 1231.992 0.01343
-0.02233 0.01074 0.05480 0.06014 0.02863 0.486 0.190 1232.022 0.01345
-0.02237 0.01076 0.05490 0.06025 0.02973 0.857 0.224 1232.052 0.01348
-0.02241 0.01078 0.05500 0.06036 0.03084 0.857 0.224 1232.082 0.01350
-0.02245 0.01080 0.05510 0.06047 0.03194 0.763 0.215 1232.112 0.01352
-0.02249 0.01082 0.05520 0.06059 0.03304 0.948 0.230 1232.142 0.01355
-0.02254 0.01084 0.05531 0.06070 0.03414 0.980 0.235 1232.171 0.01357
-0.02258 0.01086 0.05541 0.06081 0.03524 0.795 0.221 1232.201 0.01360
-0.02262 0.01088 0.05551 0.06092 0.03635 1.443 0.271 1232.231 0.01362
-0.02266 0.01090 0.05561 0.06103 0.03745 1.012 0.237 1232.261 0.01365
-0.02270 0.01092 0.05571 0.06114 0.03855 0.952 0.235 1232.291 0.01367
-0.02274 0.01094 0.05581 0.06125 0.03965 0.951 0.235 1232.321 0.01370
-0.02278 0.01096 0.05591 0.06136 0.04075 1.043 0.242 1232.351 0.01372
-0.02282 0.01098 0.05601 0.06147 0.04186 0.919 0.232 1232.381 0.01375
-0.02287 0.01100 0.05612 0.06159 0.04296 0.703 0.212 1232.411 0.01377
-0.02291 0.01102 0.05622 0.06170 0.04406 0.826 0.223 1232.440 0.01380
-0.02295 0.01104 0.05632 0.06181 0.04516 0.888 0.228 1232.470 0.01382
-0.02299 0.01106 0.05642 0.06192 0.04627 1.320 0.262 1232.500 0.01384
-0.02303 0.01108 0.05652 0.06203 0.04737 1.041 0.239 1232.530 0.01387
-0.02307 0.01110 0.05662 0.06214 0.04847 0.978 0.234 1232.560 0.01389
-0.02311 0.01112 0.05672 0.06225 0.04957 1.102 0.244 1232.590 0.01392
-0.02315 0.01114 0.05682 0.06236 0.05068 1.163 0.249 1232.620 0.01394
-0.02320 0.01116 0.05692 0.06247 0.05178 1.164 0.252 1232.650 0.01397
-0.02324 0.01118 0.05703 0.06258 0.05288 1.379 0.265 1232.679 0.01399
-0.02328 0.01120 0.05713 0.06270 0.05398 0.824 0.223 1232.709 0.01402
-0.02332 0.01122 0.05723 0.06281 0.05509 1.269 0.259 1232.739 0.01404
-0.02336 0.01124 0.05733 0.06292 0.05619 1.164 0.249 1232.769 0.01407
-0.02340 0.01126 0.05743 0.06303 0.05729 0.865 0.223 1232.799 0.01409
-0.02344 0.01128 0.05753 0.06314 0.05840 0.947 0.229 1232.829 0.01411
-0.02348 0.01130 0.05763 0.06325 0.05950 1.215 0.252 1232.859 0.01414
-0.02353 0.01132 0.05773 0.06336 0.06060 1.156 0.249 1232.889 0.01416
-0.02357 0.01134 0.05784 0.06347 0.06170 0.694 0.208 1232.918 0.01419
-0.02361 0.01136 0.05794 0.06358 0.06281 0.885 0.223 1232.948 0.01421
-0.02365 0.01138 0.05804 0.06370 0.06391 1.089 0.244 1232.978 0.01424
-0.02369 0.01140 0.05814 0.06381 0.06501 1.073 0.241 1233.008 0.01426
-0.02373 0.01142 0.05824 0.06392 0.06612 0.920 0.228 1233.038 0.01429
-0.02377 0.01144 0.05834 0.06403 0.06722 1.137 0.246 1233.068 0.01431
-0.02381 0.01146 0.05844 0.06414 0.06832 0.963 0.233 1233.098 0.01434
-0.02386 0.01148 0.05855 0.06425 0.06943 1.309 0.260 1233.128 0.01436
-0.02390 0.01150 0.05865 0.06436 0.07053 1.254 0.256 1233.157 0.01439
-0.02394 0.01152 0.05875 0.06447 0.07163 1.110 0.246 1233.187 0.01441
-0.02398 0.01154 0.05885 0.06459 0.07274 0.951 0.231 1233.217 0.01443
-0.02402 0.01156 0.05895 0.06470 0.07384 0.820 0.220 1233.247 0.01446
-0.02406 0.01158 0.05905 0.06481 0.07494 0.733 0.214 1233.277 0.01448
-0.02410 0.01159 0.05915 0.06492 0.07605 0.791 0.219 1233.307 0.01451
-0.02414 0.01161 0.05925 0.06503 0.07715 0.860 0.225 1233.337 0.01453
-0.02419 0.01163 0.05936 0.06514 0.07825 0.549 0.194 1233.367 0.01456
-0.02423 0.01165 0.05946 0.06525 0.07936 0.499 0.188 1233.397 0.01458
-0.02427 0.01167 0.05956 0.06536 0.08046 0.154 0.138 1233.426 0.01461
-0.02431 0.01169 0.05966 0.06547 0.08156 0.399 0.177 1233.456 0.01463
-0.02435 0.01171 0.05976 0.06559 0.08267 0.536 0.191 1233.486 0.01466
-0.02439 0.01173 0.05986 0.06570 0.08377 0.365 0.169 1233.516 0.01468
-0.02443 0.01175 0.05996 0.06581 0.08488 0.407 0.176 1233.546 0.01470
-0.02447 0.01177 0.06006 0.06592 0.08598 0.669 0.204 1233.576 0.01473
-0.02452 0.01179 0.06017 0.06603 0.08708 0.647 0.203 1233.606 0.01475
-0.02456 0.01181 0.06027 0.06614 0.08819 1.122 0.242 1233.636 0.01478
-0.02460 0.01183 0.06037 0.06625 0.08929 0.653 0.204 1233.665 0.01480
-0.02464 0.01185 0.06047 0.06636 0.09040 0.892 0.225 1233.695 0.01483
-0.02468 0.01187 0.06057 0.06648 0.09150 0.877 0.224 1233.725 0.01485
-0.02472 0.01189 0.06067 0.06659 0.09260 1.318 0.259 1233.755 0.01488
-0.02476 0.01191 0.06077 0.06670 0.09371 0.803 0.219 1233.785 0.01490
-0.02480 0.01193 0.06088 0.06681 0.09481 1.011 0.238 1233.815 0.01493
-0.02485 0.01195 0.06098 0.06692 0.09592 1.002 0.238 1233.845 0.01495
-0.02489 0.01197 0.06108 0.06703 0.09702 1.155 0.248 1233.875 0.01497
-0.02493 0.01199 0.06118 0.06714 0.09813 1.215 0.252 1233.904 0.01500
-0.02497 0.01201 0.06128 0.06725 0.09923 1.091 0.240 1233.934 0.01502
-0.02501 0.01203 0.06138 0.06737 0.10033 1.182 0.250 1233.964 0.01505
-0.02505 0.01205 0.06148 0.06748 0.10144 0.876 0.224 1233.994 0.01507
-0.02509 0.01207 0.06159 0.06759 0.10254 0.876 0.224 1234.024 0.01510
-0.02514 0.01209 0.06169 0.06770 0.10365 0.968 0.232 1234.054 0.01512
-0.02518 0.01211 0.06179 0.06781 0.10475 1.060 0.243 1234.084 0.01515
-0.02522 0.01213 0.06189 0.06792 0.10586 1.030 0.237 1234.114 0.01517
-0.02526 0.01215 0.06199 0.06803 0.10696 0.757 0.216 1234.143 0.01520
-0.02530 0.01217 0.06209 0.06814 0.10807 0.972 0.235 1234.173 0.01522
-0.02534 0.01219 0.06219 0.06826 0.10917 1.308 0.261 1234.203 0.01525
-0.02538 0.01221 0.06230 0.06837 0.11028 0.665 0.207 1234.233 0.01527
-0.02542 0.01223 0.06240 0.06848 0.11138 1.122 0.245 1234.263 0.01529
-0.02547 0.01225 0.06250 0.06859 0.11248 0.969 0.234 1234.293 0.01532
-0.02551 0.01227 0.06260 0.06870 0.11359 1.365 0.263 1234.323 0.01534
-0.02555 0.01229 0.06270 0.06881 0.11469 0.756 0.215 1234.353 0.01537
-0.02559 0.01231 0.06280 0.06892 0.11580 0.603 0.200 1234.383 0.01539
-0.02563 0.01233 0.06290 0.06904 0.11690 0.541 0.194 1234.412 0.01542
-0.02567 0.01235 0.06301 0.06915 0.11801 0.998 0.237 1234.442 0.01544
-0.02571 0.01237 0.06311 0.06926 0.11911 1.059 0.240 1234.472 0.01547
-0.02576 0.01239 0.06321 0.06937 0.12022 1.150 0.249 1234.502 0.01549
-0.02580 0.01241 0.06331 0.06948 0.12132 1.059 0.242 1234.532 0.01552
-0.02584 0.01243 0.06341 0.06959 0.12243 0.937 0.229 1234.562 0.01554
-0.02588 0.01245 0.06351 0.06970 0.12354 0.999 0.237 1234.592 0.01556
-0.02592 0.01247 0.06361 0.06981 0.12464 1.273 0.256 1234.622 0.01559
-0.02596 0.01249 0.06372 0.06993 0.12575 0.604 0.200 1234.651 0.01561
-0.02600 0.01251 0.06382 0.07004 0.12685 0.819 0.221 1234.681 0.01564
-0.02604 0.01253 0.06392 0.07015 0.12796 1.003 0.237 1234.711 0.01566
-0.02609 0.01255 0.06402 0.07026 0.12906 0.881 0.226 1234.741 0.01569
-0.02613 0.01257 0.06412 0.07037 0.13017 1.154 0.249 1234.771 0.01571
-0.02617 0.01259 0.06422 0.07048 0.13127 0.876 0.226 1234.801 0.01574
-0.02621 0.01261 0.06432 0.07059 0.13238 0.936 0.229 1234.831 0.01576
-0.02625 0.01263 0.06443 0.07071 0.13348 0.814 0.220 1234.861 0.01579
-0.02629 0.01265 0.06453 0.07082 0.13459 1.150 0.249 1234.890 0.01581
-0.02633 0.01267 0.06463 0.07093 0.13570 0.936 0.228 1234.920 0.01584
-0.02638 0.01269 0.06473 0.07104 0.13680 0.935 0.232 1234.950 0.01586
-0.02642 0.01271 0.06483 0.07115 0.13791 1.146 0.244 1234.980 0.01588
-0.02646 0.01273 0.06493 0.07126 0.13901 0.883 0.246 1235.010 0.01591
-0.02650 0.01275 0.06503 0.07137 0.14012 0.904 0.226 1235.040 0.01593
-0.02654 0.01277 0.06514 0.07149 0.14122 0.895 0.235 1235.070 0.01596
-0.02658 0.01279 0.06524 0.07160 0.14233 0.962 0.225 1235.100 0.01598
-0.02662 0.01281 0.06534 0.07171 0.14344 1.173 0.243 1235.129 0.01601
-0.02666 0.01283 0.06544 0.07182 0.14454 1.203 0.246 1235.159 0.01603
-0.02671 0.01285 0.06554 0.07193 0.14565 1.158 0.250 1235.189 0.01606
-0.02675 0.01287 0.06564 0.07204 0.14675 1.262 0.251 1235.219 0.01608
-0.02679 0.01289 0.06575 0.07215 0.14786 0.837 0.215 1235.249 0.01611
-0.02683 0.01291 0.06585 0.07227 0.14897 0.928 0.223 1235.279 0.01613
-0.02687 0.01293 0.06595 0.07238 0.15007 1.322 0.255 1235.309 0.01615
-0.02691 0.01295 0.06605 0.07249 0.15118 1.047 0.234 1235.339 0.01618
-0.02695 0.01297 0.06615 0.07260 0.15228 1.048 0.233 1235.369 0.01620
-0.02700 0.01299 0.06625 0.07271 0.15339 0.927 0.223 1235.398 0.01623
-0.02704 0.01301 0.06635 0.07282 0.15450 0.956 0.226 1235.428 0.01625
-0.02708 0.01303 0.06646 0.07293 0.15560 1.108 0.238 1235.458 0.01628
-0.02712 0.01305 0.06656 0.07305 0.15671 0.864 0.217 1235.488 0.01630
-0.02716 0.01307 0.06666 0.07316 0.15782 0.954 0.226 1235.518 0.01633
-0.02720 0.01309 0.06676 0.07327 0.15892 0.711 0.202 1235.548 0.01635
-0.02724 0.01311 0.06686 0.07338 0.16003 1.029 0.236 1235.578 0.01638
-0.02729 0.01313 0.06696 0.07349 0.16114 0.949 0.231 1235.608 0.01640
-0.02733 0.01315 0.06707 0.07360 0.16224 1.060 0.238 1235.637 0.01643
-0.02737 0.01317 0.06717 0.07371 0.16335 0.930 0.228 1235.667 0.01645
-0.02741 0.01319 0.06727 0.07383 0.16446 1.284 0.258 1235.697 0.01647
-0.02745 0.01321 0.06737 0.07394 0.16556 1.008 0.233 1235.727 0.01650
-0.02749 0.01323 0.06747 0.07405 0.16667 1.106 0.241 1235.757 0.01652
-0.02753 0.01325 0.06757 0.07416 0.16778 0.965 0.228 1235.787 0.01655
-0.02758 0.01327 0.06768 0.07427 0.16888 0.900 0.222 1235.817 0.01657
-0.02762 0.01329 0.06778 0.07438 0.16999 0.930 0.228 1235.847 0.01660
-0.02766 0.01331 0.06788 0.07450 0.17110 1.046 0.235 1235.876 0.01662
-0.02770 0.01333 0.06798 0.07461 0.17220 1.011 0.233 1235.906 0.01665
-0.02774 0.01335 0.06808 0.07472 0.17331 1.196 0.251 1235.936 0.01667
-0.02778 0.01337 0.06818 0.07483 0.17442 1.165 0.246 1235.966 0.01670
-0.02782 0.01339 0.06829 0.07494 0.17553 1.391 0.264 1235.996 0.01672
-0.02787 0.01340 0.06839 0.07505 0.17663 0.964 0.228 1236.026 0.01674
-0.02791 0.01342 0.06849 0.07516 0.17774 1.196 0.246 1236.056 0.01677
-0.02795 0.01344 0.06859 0.07528 0.17885 0.885 0.223 1236.086 0.01679
-0.02799 0.01346 0.06869 0.07539 0.17995 1.118 0.243 1236.115 0.01682
-0.02803 0.01348 0.06879 0.07550 0.18106 1.022 0.234 1236.145 0.01684
-0.02807 0.01350 0.06889 0.07561 0.18217 0.963 0.233 1236.175 0.01687
-0.02811 0.01352 0.06900 0.07572 0.18328 0.871 0.222 1236.205 0.01689
-0.02816 0.01354 0.06910 0.07583 0.18438 0.870 0.220 1236.235 0.01692
-0.02820 0.01356 0.06920 0.07595 0.18549 0.841 0.223 1236.265 0.01694
-0.02824 0.01358 0.06930 0.07606 0.18660 1.083 0.239 1236.295 0.01697
-0.02828 0.01360 0.06940 0.07617 0.18771 0.965 0.233 1236.325 0.01699
-0.02832 0.01362 0.06950 0.07628 0.18881 1.145 0.246 1236.355 0.01701
-0.02836 0.01364 0.06961 0.07639 0.18992 1.197 0.274 1236.384 0.01704
-0.02840 0.01366 0.06971 0.07650 0.19103 0.790 0.228 1236.414 0.01706
-0.02845 0.01368 0.06981 0.07661 0.19214 0.687 0.205 1236.444 0.01709
-0.02849 0.01370 0.06991 0.07673 0.19324 0.597 0.196 1236.474 0.01711
-0.02853 0.01372 0.07001 0.07684 0.19435 0.991 0.233 1236.504 0.01714
-0.02857 0.01374 0.07012 0.07695 0.19546 1.234 0.248 1236.534 0.01716
-0.02861 0.01376 0.07022 0.07706 0.19657 0.871 0.226 1236.564 0.01719
-0.02865 0.01378 0.07032 0.07717 0.19768 0.960 0.228 1236.594 0.01721
-0.02869 0.01380 0.07042 0.07728 0.19878 0.628 0.202 1236.623 0.01724
-0.02874 0.01382 0.07052 0.07740 0.19989 0.203 0.149 1236.653 0.01726
-0.02878 0.01384 0.07062 0.07751 0.20100 0.505 0.189 1236.683 0.01729
-0.02882 0.01386 0.07073 0.07762 0.20211 0.899 0.225 1236.713 0.01731
-0.02886 0.01388 0.07083 0.07773 0.20322 0.535 0.189 1236.743 0.01733
-0.02890 0.01390 0.07093 0.07784 0.20432 0.626 0.199 1236.773 0.01736
-0.02894 0.01392 0.07103 0.07795 0.20543 0.656 0.202 1236.803 0.01738
-0.02898 0.01394 0.07113 0.07807 0.20654 0.536 0.193 1236.833 0.01741
-0.02903 0.01396 0.07123 0.07818 0.20765 0.839 0.220 1236.862 0.01743
-0.02907 0.01398 0.07134 0.07829 0.20876 0.656 0.199 1236.892 0.01746
-0.02911 0.01400 0.07144 0.07840 0.20987 0.715 0.202 1236.922 0.01748
-0.02915 0.01402 0.07154 0.07851 0.21097 0.987 0.228 1236.952 0.01751
-0.02919 0.01404 0.07164 0.07862 0.21208 1.109 0.238 1236.982 0.01753
-0.02923 0.01406 0.07174 0.07874 0.21319 0.683 0.198 1237.012 0.01756
-0.02927 0.01408 0.07184 0.07885 0.21430 0.864 0.217 1237.042 0.01758
-0.02932 0.01410 0.07195 0.07896 0.21541 1.047 0.233 1237.072 0.01760
-0.02936 0.01412 0.07205 0.07907 0.21652 1.230 0.248 1237.101 0.01763
-0.02940 0.01414 0.07215 0.07918 0.21762 1.198 0.246 1237.131 0.01765
-0.02944 0.01416 0.07225 0.07929 0.21873 0.802 0.210 1237.161 0.01768
-0.02948 0.01418 0.07235 0.07941 0.21984 1.317 0.254 1237.191 0.01770
-0.02952 0.01420 0.07246 0.07952 0.22095 1.529 0.271 1237.221 0.01773
-0.02956 0.01422 0.07256 0.07963 0.22206 0.772 0.207 1237.251 0.01775
-0.02961 0.01424 0.07266 0.07974 0.22317 1.106 0.239 1237.281 0.01778
-0.02965 0.01426 0.07276 0.07985 0.22428 1.105 0.238 1237.311 0.01780
-0.02969 0.01428 0.07286 0.07996 0.22539 1.287 0.253 1237.341 0.01783
-0.02973 0.01430 0.07296 0.08008 0.22650 0.773 0.208 1237.370 0.01785
-0.02977 0.01432 0.07307 0.08019 0.22760 0.985 0.228 1237.400 0.01788
-0.02981 0.01434 0.07317 0.08030 0.22871 0.832 0.212 1237.430 0.01790
-0.02985 0.01436 0.07327 0.08041 0.22982 1.195 0.245 1237.460 0.01792
-0.02990 0.01438 0.07337 0.08052 0.23093 1.222 0.248 1237.490 0.01795
-0.02994 0.01440 0.07347 0.08064 0.23204 0.767 0.208 1237.520 0.01797
-0.02998 0.01442 0.07358 0.08075 0.23315 1.071 0.235 1237.550 0.01800
-0.03002 0.01444 0.07368 0.08086 0.23426 0.829 0.214 1237.580 0.01802
-0.03006 0.01446 0.07378 0.08097 0.23537 0.981 0.228 1237.609 0.01805
-0.03010 0.01448 0.07388 0.08108 0.23648 0.829 0.214 1237.639 0.01807
-0.03015 0.01450 0.07398 0.08119 0.23759 0.860 0.217 1237.669 0.01810
-0.03019 0.01452 0.07408 0.08131 0.23870 0.981 0.228 1237.699 0.01812
-0.03023 0.01454 0.07419 0.08142 0.23981 0.950 0.225 1237.729 0.01815
-0.03027 0.01456 0.07429 0.08153 0.24092 1.072 0.235 1237.759 0.01817
-0.03031 0.01458 0.07439 0.08164 0.24202 0.951 0.226 1237.789 0.01819
-0.03035 0.01460 0.07449 0.08175 0.24313 0.770 0.208 1237.819 0.01822
-0.03039 0.01462 0.07459 0.08186 0.24424 0.951 0.225 1237.848 0.01824
-0.03044 0.01464 0.07470 0.08198 0.24535 1.012 0.230 1237.878 0.01827
-0.03048 0.01466 0.07480 0.08209 0.24646 0.831 0.213 1237.908 0.01829
-0.03052 0.01468 0.07490 0.08220 0.24757 0.712 0.203 1237.938 0.01832
-0.03056 0.01470 0.07500 0.08231 0.24868 1.227 0.248 1237.968 0.01834
-0.03060 0.01472 0.07510 0.08242 0.24979 1.045 0.233 1237.998 0.01837
-0.03064 0.01474 0.07520 0.08254 0.25090 1.167 0.243 1238.028 0.01839
-0.03068 0.01476 0.07531 0.08265 0.25201 1.137 0.241 1238.058 0.01842
-0.03073 0.01478 0.07541 0.08276 0.25312 1.165 0.244 1238.087 0.01844
-0.03077 0.01480 0.07551 0.08287 0.25423 1.014 0.231 1238.117 0.01847
-0.03081 0.01482 0.07561 0.08298 0.25534 1.196 0.246 1238.147 0.01849
-0.03085 0.01484 0.07571 0.08309 0.25645 0.893 0.220 1238.177 0.01851
-0.03089 0.01486 0.07582 0.08321 0.25756 1.135 0.241 1238.207 0.01854
-0.03093 0.01488 0.07592 0.08332 0.25867 0.894 0.220 1238.237 0.01856
-0.03098 0.01490 0.07602 0.08343 0.25978 0.953 0.225 1238.267 0.01859
-0.03102 0.01492 0.07612 0.08354 0.26089 0.498 0.179 1238.297 0.01861
-0.03106 0.01494 0.07622 0.08365 0.26200 0.528 0.181 1238.327 0.01864
-0.03110 0.01496 0.07633 0.08377 0.26311 0.741 0.206 1238.356 0.01866
-0.03114 0.01498 0.07643 0.08388 0.26422 0.590 0.189 1238.386 0.01869
-0.03118 0.01500 0.07653 0.08399 0.26533 0.530 0.182 1238.416 0.01871
-0.03122 0.01502 0.07663 0.08410 0.26644 0.713 0.202 1238.446 0.01874
-0.03127 0.01504 0.07673 0.08421 0.26755 0.777 0.208 1238.476 0.01876
-0.03131 0.01506 0.07684 0.08432 0.26866 0.595 0.192 1238.506 0.01878
-0.03135 0.01508 0.07694 0.08444 0.26978 0.595 0.193 1238.536 0.01881
-0.03139 0.01510 0.07704 0.08455 0.27089 0.565 0.186 1238.566 0.01883
-0.03143 0.01512 0.07714 0.08466 0.27200 0.717 0.203 1238.595 0.01886
-0.03147 0.01514 0.07724 0.08477 0.27311 0.686 0.201 1238.625 0.01888
-0.03152 0.01516 0.07735 0.08488 0.27422 0.351 0.161 1238.655 0.01891
-0.03156 0.01518 0.07745 0.08500 0.27533 0.594 0.189 1238.685 0.01893
-0.03160 0.01520 0.07755 0.08511 0.27644 0.535 0.186 1238.715 0.01896
-0.03164 0.01522 0.07765 0.08522 0.27755 0.747 0.206 1238.745 0.01898
-0.03168 0.01524 0.07775 0.08533 0.27866 0.778 0.212 1238.775 0.01901
-0.03172 0.01526 0.07786 0.08544 0.27977 0.930 0.223 1238.805 0.01903
-0.03176 0.01528 0.07796 0.08556 0.28088 0.810 0.215 1238.834 0.01905
-0.03181 0.01530 0.07806 0.08567 0.28199 0.597 0.200 1238.864 0.01908
-0.03185 0.01532 0.07816 0.08578 0.28310 0.293 0.163 1238.894 0.01910
-0.03189 0.01534 0.07826 0.08589 0.28422 0.261 0.159 1238.924 0.01913
-0.03193 0.01536 0.07836 0.08600 0.28533 0.443 0.175 1238.954 0.01915
-0.03197 0.01538 0.07847 0.08612 0.28644 0.139 0.137 1238.984 0.01918
-0.03201 0.01540 0.07857 0.08623 0.28755 0.046 0.122 1239.014 0.01920
-0.03206 0.01542 0.07867 0.08634 0.28866 0.016 0.114 1239.044 0.01923
-0.03210 0.01544 0.07877 0.08645 0.28977 0.078 0.128 1239.073 0.01925
-0.03214 0.01546 0.07888 0.08656 0.29088 0.108 0.134 1239.103 0.01928
-0.03218 0.01548 0.07898 0.08668 0.29199 0.291 0.163 1239.133 0.01930
-0.03222 0.01550 0.07908 0.08679 0.29310 0.261 0.154 1239.163 0.01933
-0.03226 0.01552 0.07918 0.08690 0.29422 0.292 0.163 1239.193 0.01935
-0.03231 0.01554 0.07928 0.08701 0.29533 0.270 0.159 1239.223 0.01937
-0.03235 0.01556 0.07939 0.08712 0.29644 0.787 0.214 1239.253 0.01940
-0.03239 0.01558 0.07949 0.08724 0.29755 0.653 0.199 1239.283 0.01942
-0.03243 0.01560 0.07959 0.08735 0.29866 1.095 0.241 1239.313 0.01945
-0.03247 0.01562 0.07969 0.08746 0.29977 0.950 0.231 1239.342 0.01947
-0.03251 0.01564 0.07979 0.08757 0.30089 0.636 0.195 1239.372 0.01950
-0.03255 0.01566 0.07990 0.08768 0.30200 1.051 0.236 1239.402 0.01952
-0.03260 0.01568 0.08000 0.08780 0.30311 0.898 0.223 1239.432 0.01955
-0.03264 0.01570 0.08010 0.08791 0.30422 1.046 0.239 1239.462 0.01957
-0.03268 0.01572 0.08020 0.08802 0.30533 0.782 0.215 1239.492 0.01960
-0.03272 0.01574 0.08030 0.08813 0.30644 1.123 0.244 1239.522 0.01962
-0.03276 0.01576 0.08041 0.08824 0.30756 0.726 0.209 1239.552 0.01964
-0.03280 0.01578 0.08051 0.08836 0.30867 1.071 0.237 1239.581 0.01967
-0.03285 0.01580 0.08061 0.08847 0.30978 1.447 0.267 1239.611 0.01969
-0.03289 0.01582 0.08071 0.08858 0.31089 1.093 0.244 1239.641 0.01972
-0.03293 0.01584 0.08081 0.08869 0.31200 0.940 0.231 1239.671 0.01974
-0.03297 0.01586 0.08092 0.08880 0.31312 0.845 0.223 1239.701 0.01977
-0.03301 0.01588 0.08102 0.08892 0.31423 0.874 0.224 1239.731 0.01979
-0.03305 0.01590 0.08112 0.08903 0.31534 0.782 0.214 1239.761 0.01982
-0.03310 0.01592 0.08122 0.08914 0.31645 0.842 0.221 1239.791 0.01984
-0.03314 0.01594 0.08132 0.08925 0.31756 0.994 0.231 1239.820 0.01987
-0.03318 0.01596 0.08143 0.08936 0.31868 1.054 0.237 1239.850 0.01989
-0.03322 0.01598 0.08153 0.08948 0.31979 1.115 0.239 1239.880 0.01992
-0.03326 0.01600 0.08163 0.08959 0.32090 1.055 0.234 1239.910 0.01994
-0.03330 0.01602 0.08173 0.08970 0.32201 0.963 0.226 1239.940 0.01996
-0.03335 0.01604 0.08184 0.08981 0.32313 1.085 0.236 1239.970 0.01999
-0.03339 0.01606 0.08194 0.08992 0.32424 1.544 0.272 1240.000 0.02001
-0.03343 0.01608 0.08204 0.09004 0.32535 0.843 0.221 1240.030 0.02004
-0.03347 0.01610 0.08214 0.09015 0.32646 0.935 0.226 1240.059 0.02006
-0.03351 0.01612 0.08224 0.09026 0.32758 1.424 0.265 1240.089 0.02009
-0.03355 0.01614 0.08235 0.09037 0.32869 0.906 0.226 1240.119 0.02011
-0.03359 0.01616 0.08245 0.09048 0.32980 1.211 0.252 1240.149 0.02014
-0.03364 0.01618 0.08255 0.09060 0.33091 1.181 0.249 1240.179 0.02016
-0.03368 0.01620 0.08265 0.09071 0.33203 0.877 0.226 1240.209 0.02019
-0.03372 0.01622 0.08275 0.09082 0.33314 0.876 0.224 1240.239 0.02021
-0.03376 0.01624 0.08286 0.09093 0.33425 0.971 0.234 1240.269 0.02023
-0.03380 0.01626 0.08296 0.09105 0.33537 0.878 0.223 1240.299 0.02026
-0.03384 0.01628 0.08306 0.09116 0.33648 0.695 0.209 1240.328 0.02028
-0.03389 0.01630 0.08316 0.09127 0.33759 0.941 0.232 1240.358 0.02031
-0.03393 0.01632 0.08327 0.09138 0.33870 0.818 0.221 1240.388 0.02033
-0.03397 0.01634 0.08337 0.09149 0.33982 1.275 0.257 1240.418 0.02036
-0.03401 0.01636 0.08347 0.09161 0.34093 0.970 0.235 1240.448 0.02038
-0.03405 0.01638 0.08357 0.09172 0.34204 1.031 0.240 1240.478 0.02041
-0.03409 0.01640 0.08367 0.09183 0.34316 1.031 0.240 1240.508 0.02043
-0.03414 0.01642 0.08378 0.09194 0.34427 1.031 0.239 1240.538 0.02046
-0.03418 0.01644 0.08388 0.09205 0.34538 0.819 0.221 1240.567 0.02048
-0.03422 0.01646 0.08398 0.09217 0.34650 1.246 0.254 1240.597 0.02050
-0.03426 0.01648 0.08408 0.09228 0.34761 1.520 0.275 1240.627 0.02053
-0.03430 0.01650 0.08418 0.09239 0.34872 0.941 0.232 1240.657 0.02055
-0.03434 0.01652 0.08429 0.09250 0.34984 0.758 0.215 1240.687 0.02058
-0.03439 0.01654 0.08439 0.09262 0.35095 1.124 0.247 1240.717 0.02060
-0.03443 0.01656 0.08449 0.09273 0.35206 0.941 0.232 1240.747 0.02063
-0.03447 0.01658 0.08459 0.09284 0.35318 1.277 0.259 1240.777 0.02065
-0.03451 0.01660 0.08470 0.09295 0.35429 1.063 0.243 1240.806 0.02068
-0.03455 0.01662 0.08480 0.09306 0.35540 1.185 0.252 1240.836 0.02070
-0.03459 0.01664 0.08490 0.09318 0.35652 0.911 0.229 1240.866 0.02073
-0.03464 0.01666 0.08500 0.09329 0.35763 0.942 0.232 1240.896 0.02075
-0.03468 0.01668 0.08510 0.09340 0.35874 0.608 0.200 1240.926 0.02078
-0.03472 0.01670 0.08521 0.09351 0.35986 0.883 0.227 1240.956 0.02080
-0.03476 0.01672 0.08531 0.09362 0.36097 1.067 0.243 1240.986 0.02082
-0.03480 0.01674 0.08541 0.09374 0.36209 1.251 0.257 1241.016 0.02085
-0.03484 0.01676 0.08551 0.09385 0.36320 0.760 0.216 1241.045 0.02087
-0.03489 0.01678 0.08562 0.09396 0.36431 0.821 0.222 1241.075 0.02090
-0.03493 0.01680 0.08572 0.09407 0.36543 0.881 0.227 1241.105 0.02092
-0.03497 0.01682 0.08582 0.09419 0.36654 1.278 0.259 1241.135 0.02095
-0.03501 0.01684 0.08592 0.09430 0.36766 0.942 0.233 1241.165 0.02097
-0.03505 0.01686 0.08603 0.09441 0.36877 1.052 0.240 1241.195 0.02100
-0.03509 0.01688 0.08613 0.09452 0.36988 1.124 0.243 1241.225 0.02102
-0.03514 0.01690 0.08623 0.09463 0.37100 0.799 0.216 1241.255 0.02105
-0.03518 0.01692 0.08633 0.09475 0.37211 0.944 0.230 1241.285 0.02107
-0.03522 0.01694 0.08643 0.09486 0.37323 0.634 0.201 1241.314 0.02109
-0.03526 0.01696 0.08654 0.09497 0.37434 0.809 0.218 1241.344 0.02112
-0.03530 0.01698 0.08664 0.09508 0.37545 0.770 0.213 1241.374 0.02114
-0.03534 0.01700 0.08674 0.09520 0.37657 0.895 0.228 1241.404 0.02117
-0.03539 0.01702 0.08684 0.09531 0.37768 0.921 0.227 1241.434 0.02119
-0.03543 0.01704 0.08695 0.09542 0.37880 1.169 0.248 1241.464 0.02122
-0.03547 0.01706 0.08705 0.09553 0.37991 1.009 0.235 1241.494 0.02124
-0.03551 0.01708 0.08715 0.09565 0.38103 0.888 0.225 1241.524 0.02127
-0.03555 0.01710 0.08725 0.09576 0.38214 0.885 0.225 1241.553 0.02129
-0.03559 0.01712 0.08736 0.09587 0.38326 0.945 0.230 1241.583 0.02132
-0.03564 0.01714 0.08746 0.09598 0.38437 0.858 0.219 1241.613 0.02134
-0.03568 0.01716 0.08756 0.09609 0.38549 1.346 0.262 1241.643 0.02137
-0.03572 0.01718 0.08766 0.09621 0.38660 1.029 0.238 1241.673 0.02139
-0.03576 0.01720 0.08776 0.09632 0.38771 1.124 0.246 1241.703 0.02141
-0.03580 0.01722 0.08787 0.09643 0.38883 1.047 0.241 1241.733 0.02144
-0.03584 0.01724 0.08797 0.09654 0.38994 1.202 0.250 1241.763 0.02146
-0.03589 0.01726 0.08807 0.09666 0.39106 1.151 0.246 1241.792 0.02149
-0.03593 0.01728 0.08817 0.09677 0.39217 1.051 0.238 1241.822 0.02151
-0.03597 0.01730 0.08828 0.09688 0.39329 0.661 0.204 1241.852 0.02154
-0.03601 0.01732 0.08838 0.09699 0.39440 1.245 0.256 1241.882 0.02156
-0.03605 0.01734 0.08848 0.09711 0.39552 0.878 0.222 1241.912 0.02159
-0.03609 0.01736 0.08858 0.09722 0.39663 0.437 0.181 1241.942 0.02161
-0.03614 0.01738 0.08869 0.09733 0.39775 0.947 0.228 1241.972 0.02164
-0.03618 0.01740 0.08879 0.09744 0.39886 1.184 0.251 1242.002 0.02166
-0.03622 0.01742 0.08889 0.09755 0.39998 1.073 0.239 1242.031 0.02168
-0.03626 0.01744 0.08899 0.09767 0.40109 0.724 0.211 1242.061 0.02171
-0.03630 0.01746 0.08910 0.09778 0.40221 1.046 0.239 1242.091 0.02173
-0.03634 0.01748 0.08920 0.09789 0.40332 0.912 0.228 1242.121 0.02176
-0.03639 0.01750 0.08930 0.09800 0.40444 0.864 0.225 1242.151 0.02178
-0.03643 0.01752 0.08940 0.09812 0.40556 0.920 0.228 1242.181 0.02181
-0.03647 0.01754 0.08950 0.09823 0.40667 1.194 0.251 1242.211 0.02183
-0.03651 0.01756 0.08961 0.09834 0.40779 0.764 0.214 1242.241 0.02186
-0.03655 0.01758 0.08971 0.09845 0.40890 1.185 0.246 1242.271 0.02188
-0.03660 0.01760 0.08981 0.09857 0.41002 0.818 0.217 1242.300 0.02191
-0.03664 0.01762 0.08991 0.09868 0.41113 1.031 0.233 1242.330 0.02193
-0.03668 0.01764 0.09002 0.09879 0.41225 0.786 0.211 1242.360 0.02196
-0.03672 0.01766 0.09012 0.09890 0.41336 1.124 0.243 1242.390 0.02198
-0.03676 0.01768 0.09022 0.09902 0.41448 0.725 0.208 1242.420 0.02200
-0.03680 0.01770 0.09032 0.09913 0.41560 0.940 0.226 1242.450 0.02203
-0.03685 0.01773 0.09043 0.09924 0.41671 0.909 0.223 1242.480 0.02205
-0.03689 0.01775 0.09053 0.09935 0.41783 0.786 0.213 1242.510 0.02208
-0.03693 0.01777 0.09063 0.09947 0.41894 0.693 0.202 1242.539 0.02210
-0.03697 0.01779 0.09073 0.09958 0.42006 0.694 0.204 1242.569 0.02213
-0.03701 0.01781 0.09084 0.09969 0.42117 0.725 0.205 1242.599 0.02215
-0.03705 0.01783 0.09094 0.09980 0.42229 1.000 0.231 1242.629 0.02218
-0.03710 0.01785 0.09104 0.09992 0.42341 0.876 0.220 1242.659 0.02220
-0.03714 0.01787 0.09114 0.10003 0.42452 0.817 0.214 1242.689 0.02223
-0.03718 0.01789 0.09125 0.10014 0.42564 0.940 0.226 1242.719 0.02225
-0.03722 0.01791 0.09135 0.10025 0.42675 0.695 0.205 1242.749 0.02227
-0.03726 0.01793 0.09145 0.10036 0.42787 0.663 0.199 1242.778 0.02230
-0.03730 0.01795 0.09155 0.10048 0.42899 1.033 0.234 1242.808 0.02232
-0.03735 0.01797 0.09166 0.10059 0.43010 0.787 0.211 1242.838 0.02235
-0.03739 0.01799 0.09176 0.10070 0.43122 1.188 0.246 1242.868 0.02237
-0.03743 0.01801 0.09186 0.10081 0.43234 1.065 0.239 1242.898 0.02240
-0.03747 0.01803 0.09196 0.10093 0.43345 1.065 0.237 1242.928 0.02242
-0.03751 0.01805 0.09207 0.10104 0.43457 1.159 0.245 1242.958 0.02245
-0.03756 0.01807 0.09217 0.10115 0.43569 1.069 0.244 1242.988 0.02247
-0.03760 0.01809 0.09227 0.10126 0.43680 0.977 0.237 1243.017 0.02250
-0.03764 0.01811 0.09237 0.10138 0.43792 0.640 0.205 1243.047 0.02252
-0.03768 0.01813 0.09248 0.10149 0.43903 1.009 0.237 1243.077 0.02254
-0.03772 0.01815 0.09258 0.10160 0.44015 1.257 0.258 1243.107 0.02257
-0.03776 0.01817 0.09268 0.10171 0.44127 1.042 0.242 1243.137 0.02259
-0.03781 0.01819 0.09278 0.10183 0.44238 0.919 0.231 1243.167 0.02262
-0.03785 0.01821 0.09289 0.10194 0.44350 0.702 0.210 1243.197 0.02264
-0.03789 0.01823 0.09299 0.10205 0.44462 1.071 0.245 1243.227 0.02267
-0.03793 0.01825 0.09309 0.10216 0.44574 1.194 0.252 1243.257 0.02269
-0.03797 0.01827 0.09319 0.10228 0.44685 1.113 0.259 1243.286 0.02272
-0.03801 0.01829 0.09330 0.10239 0.44797 0.991 0.254 1243.316 0.02274
-0.03806 0.01831 0.09340 0.10250 0.44909 1.164 0.249 1243.346 0.02277
-0.03810 0.01833 0.09350 0.10261 0.45020 1.072 0.242 1243.376 0.02279
-0.03814 0.01835 0.09360 0.10273 0.45132 1.286 0.257 1243.406 0.02282
-0.03818 0.01837 0.09371 0.10284 0.45244 0.915 0.229 1243.436 0.02284
-0.03822 0.01839 0.09381 0.10295 0.45355 1.007 0.232 1243.466 0.02286
-0.03827 0.01841 0.09391 0.10307 0.45467 1.101 0.242 1243.496 0.02289
-0.03831 0.01843 0.09401 0.10318 0.45579 0.762 0.218 1243.525 0.02291
-0.03835 0.01845 0.09412 0.10329 0.45691 1.040 0.237 1243.555 0.02294
-0.03839 0.01847 0.09422 0.10340 0.45802 1.134 0.247 1243.585 0.02296
-0.03843 0.01849 0.09432 0.10352 0.45914 0.919 0.232 1243.615 0.02299
-0.03847 0.01851 0.09442 0.10363 0.46026 1.075 0.245 1243.645 0.02301
-0.03852 0.01853 0.09453 0.10374 0.46137 0.581 0.199 1243.675 0.02304
-0.03856 0.01855 0.09463 0.10385 0.46249 0.983 0.237 1243.705 0.02306
-0.03860 0.01857 0.09473 0.10397 0.46361 1.290 0.259 1243.735 0.02309
-0.03864 0.01859 0.09483 0.10408 0.46473 1.044 0.243 1243.764 0.02311
-0.03868 0.01861 0.09494 0.10419 0.46584 0.982 0.238 1243.794 0.02313
-0.03873 0.01863 0.09504 0.10430 0.46696 1.105 0.248 1243.824 0.02316
-0.03877 0.01865 0.09514 0.10442 0.46808 0.950 0.234 1243.854 0.02318
-0.03881 0.01867 0.09524 0.10453 0.46920 0.983 0.237 1243.884 0.02321
-0.03885 0.01869 0.09535 0.10464 0.47031 0.921 0.232 1243.914 0.02323
-0.03889 0.01871 0.09545 0.10475 0.47143 0.921 0.232 1243.944 0.02326
-0.03893 0.01873 0.09555 0.10487 0.47255 0.766 0.219 1243.974 0.02328
-0.03898 0.01875 0.09566 0.10498 0.47367 0.889 0.230 1244.003 0.02331
-0.03902 0.01877 0.09576 0.10509 0.47479 1.396 0.269 1244.033 0.02333
-0.03906 0.01879 0.09586 0.10520 0.47590 0.892 0.227 1244.063 0.02336
-0.03910 0.01881 0.09596 0.10532 0.47702 1.048 0.240 1244.093 0.02338
-0.03914 0.01883 0.09607 0.10543 0.47814 0.721 0.209 1244.123 0.02341
-0.03919 0.01885 0.09617 0.10554 0.47926 1.002 0.235 1244.153 0.02343
-0.03923 0.01887 0.09627 0.10565 0.48038 0.960 0.233 1244.183 0.02345
-0.03927 0.01889 0.09637 0.10577 0.48149 1.055 0.241 1244.213 0.02348
-0.03931 0.01891 0.09648 0.10588 0.48261 1.029 0.238 1244.243 0.02350
-0.03935 0.01893 0.09658 0.10599 0.48373 1.172 0.250 1244.272 0.02353
-0.03939 0.01895 0.09668 0.10611 0.48485 0.850 0.221 1244.302 0.02355
-0.03944 0.01897 0.09678 0.10622 0.48597 1.008 0.235 1244.332 0.02358
-0.03948 0.01899 0.09689 0.10633 0.48708 0.846 0.222 1244.362 0.02360
-0.03952 0.01901 0.09699 0.10644 0.48820 0.793 0.214 1244.392 0.02363
-0.03956 0.01903 0.09709 0.10656 0.48932 0.981 0.236 1244.422 0.02365
-0.03960 0.01905 0.09719 0.10667 0.49044 0.836 0.222 1244.452 0.02368
-0.03965 0.01907 0.09730 0.10678 0.49156 0.985 0.236 1244.482 0.02370
-0.03969 0.01909 0.09740 0.10689 0.49268 1.049 0.241 1244.511 0.02372
-0.03973 0.01911 0.09750 0.10701 0.49379 1.056 0.241 1244.541 0.02375
-0.03977 0.01913 0.09761 0.10712 0.49491 0.740 0.215 1244.571 0.02377
-0.03981 0.01915 0.09771 0.10723 0.49603 0.998 0.238 1244.601 0.02380
-0.03985 0.01917 0.09781 0.10734 0.49715 0.887 0.222 1244.631 0.02382
-0.03990 0.01919 0.09791 0.10746 0.49827 0.948 0.227 1244.661 0.02385
-0.03994 0.01921 0.09802 0.10757 0.49939 0.794 0.212 1244.691 0.02387
-0.03998 0.01923 0.09812 0.10768 0.50051 1.041 0.238 1244.721 0.02390
-0.04002 0.01925 0.09822 0.10780 0.50163 0.885 0.222 1244.750 0.02392
-0.04006 0.01927 0.09832 0.10791 0.50274 0.795 0.216 1244.780 0.02395
-0.04011 0.01929 0.09843 0.10802 0.50386 0.889 0.228 1244.810 0.02397
-0.04015 0.01931 0.09853 0.10813 0.50498 0.797 0.219 1244.840 0.02400
-0.04019 0.01933 0.09863 0.10825 0.50610 1.077 0.243 1244.870 0.02402
-0.04023 0.01935 0.09874 0.10836 0.50722 0.859 0.225 1244.900 0.02404
-0.04027 0.01937 0.09884 0.10847 0.50834 1.202 0.254 1244.930 0.02407
-0.04031 0.01939 0.09894 0.10858 0.50946 0.733 0.209 1244.960 0.02409
-0.04036 0.01941 0.09904 0.10870 0.51058 1.044 0.236 1244.989 0.02412
-0.04040 0.01943 0.09915 0.10881 0.51170 0.919 0.225 1245.019 0.02414
-0.04044 0.01945 0.09925 0.10892 0.51282 1.229 0.251 1245.049 0.02417
-0.04048 0.01947 0.09935 0.10904 0.51393 0.952 0.231 1245.079 0.02419
-0.04052 0.01949 0.09945 0.10915 0.51505 0.827 0.219 1245.109 0.02422
-0.04057 0.01951 0.09956 0.10926 0.51617 1.230 0.251 1245.139 0.02424
-0.04061 0.01953 0.09966 0.10937 0.51729 1.294 0.256 1245.169 0.02427
-0.04065 0.01956 0.09976 0.10949 0.51841 0.921 0.228 1245.199 0.02429
-0.04069 0.01958 0.09987 0.10960 0.51953 1.013 0.233 1245.229 0.02431
-0.04073 0.01960 0.09997 0.10971 0.52065 0.983 0.234 1245.258 0.02434
-0.04078 0.01962 0.10007 0.10983 0.52177 1.048 0.242 1245.288 0.02436
-0.04082 0.01964 0.10017 0.10994 0.52289 0.798 0.223 1245.318 0.02439
-0.04086 0.01966 0.10028 0.11005 0.52401 0.860 0.226 1245.348 0.02441
-0.04090 0.01968 0.10038 0.11016 0.52513 1.233 0.254 1245.378 0.02444
-0.04094 0.01970 0.10048 0.11028 0.52625 0.611 0.204 1245.408 0.02446
-0.04098 0.01972 0.10058 0.11039 0.52737 1.015 0.236 1245.438 0.02449
-0.04103 0.01974 0.10069 0.11050 0.52849 0.892 0.228 1245.468 0.02451
-0.04107 0.01976 0.10079 0.11061 0.52961 0.910 0.249 1245.497 0.02454
-0.04111 0.01978 0.10089 0.11073 0.53073 1.141 0.244 1245.527 0.02456
-0.04115 0.01980 0.10100 0.11084 0.53185 0.658 0.210 1245.557 0.02458
-0.04119 0.01982 0.10110 0.11095 0.53297 0.829 0.219 1245.587 0.02461
-0.04124 0.01984 0.10120 0.11107 0.53409 0.986 0.237 1245.617 0.02463
-0.04128 0.01986 0.10130 0.11118 0.53521 0.923 0.228 1245.647 0.02466
-0.04132 0.01988 0.10141 0.11129 0.53633 1.156 0.256 1245.677 0.02468
-0.04136 0.01990 0.10151 0.11140 0.53745 0.766 0.211 1245.707 0.02471
-0.04140 0.01992 0.10161 0.11152 0.53857 1.049 0.240 1245.736 0.02473
-0.04145 0.01994 0.10172 0.11163 0.53969 0.863 0.229 1245.766 0.02476
-0.04149 0.01996 0.10182 0.11174 0.54081 0.955 0.231 1245.796 0.02478
-0.04153 0.01998 0.10192 0.11186 0.54193 0.924 0.228 1245.826 0.02481
-0.04157 0.02000 0.10202 0.11197 0.54305 0.706 0.214 1245.856 0.02483
-0.04161 0.02002 0.10213 0.11208 0.54417 1.174 0.250 1245.886 0.02486
-0.04166 0.02004 0.10223 0.11219 0.54529 1.328 0.259 1245.916 0.02488
-0.04170 0.02006 0.10233 0.11231 0.54641 0.799 0.220 1245.946 0.02490
-0.04174 0.02008 0.10244 0.11242 0.54753 1.112 0.245 1245.975 0.02493
-0.04178 0.02010 0.10254 0.11253 0.54865 1.203 0.250 1246.005 0.02495
-0.04182 0.02012 0.10264 0.11265 0.54977 0.891 0.223 1246.035 0.02498
-0.04186 0.02014 0.10274 0.11276 0.55089 1.203 0.250 1246.065 0.02500
-0.04191 0.02016 0.10285 0.11287 0.55201 1.047 0.237 1246.095 0.02503
-0.04195 0.02018 0.10295 0.11299 0.55313 1.298 0.257 1246.125 0.02505
-0.04199 0.02020 0.10305 0.11310 0.55425 0.923 0.226 1246.155 0.02508
-0.04203 0.02022 0.10316 0.11321 0.55537 1.048 0.237 1246.185 0.02510
-0.04207 0.02024 0.10326 0.11332 0.55649 0.831 0.220 1246.215 0.02513
-0.04212 0.02026 0.10336 0.11344 0.55762 1.266 0.255 1246.244 0.02515
-0.04216 0.02028 0.10346 0.11355 0.55874 1.205 0.250 1246.274 0.02517
-0.04220 0.02030 0.10357 0.11366 0.55986 0.858 0.222 1246.304 0.02520
-0.04224 0.02032 0.10367 0.11378 0.56098 0.922 0.226 1246.334 0.02522
-0.04228 0.02034 0.10377 0.11389 0.56210 0.858 0.220 1246.364 0.02525
-0.04233 0.02036 0.10388 0.11400 0.56322 0.640 0.198 1246.394 0.02527
-0.04237 0.02038 0.10398 0.11411 0.56434 0.766 0.211 1246.424 0.02530
-0.04241 0.02040 0.10408 0.11423 0.56546 1.015 0.235 1246.454 0.02532
-0.04245 0.02042 0.10418 0.11434 0.56658 1.014 0.235 1246.483 0.02535
-0.04249 0.02044 0.10429 0.11445 0.56770 0.733 0.208 1246.513 0.02537
-0.04254 0.02046 0.10439 0.11457 0.56883 0.953 0.229 1246.543 0.02540
-0.04258 0.02048 0.10449 0.11468 0.56995 0.859 0.221 1246.573 0.02542
-0.04262 0.02050 0.10460 0.11479 0.57107 0.891 0.224 1246.603 0.02545
-0.04266 0.02052 0.10470 0.11490 0.57219 1.297 0.258 1246.633 0.02547
-0.04270 0.02054 0.10480 0.11502 0.57331 0.891 0.222 1246.663 0.02549
-0.04275 0.02056 0.10491 0.11513 0.57443 1.237 0.253 1246.693 0.02552
-0.04279 0.02058 0.10501 0.11524 0.57555 0.578 0.191 1246.722 0.02554
-0.04283 0.02060 0.10511 0.11536 0.57667 0.828 0.218 1246.752 0.02557
-0.04287 0.02062 0.10521 0.11547 0.57780 0.826 0.218 1246.782 0.02559
-0.04291 0.02064 0.10532 0.11558 0.57892 0.985 0.232 1246.812 0.02562
-0.04296 0.02066 0.10542 0.11570 0.58004 1.044 0.238 1246.842 0.02564
-0.04300 0.02068 0.10552 0.11581 0.58116 0.855 0.220 1246.872 0.02567
-0.04304 0.02070 0.10563 0.11592 0.58228 0.700 0.204 1246.902 0.02569
-0.04308 0.02072 0.10573 0.11603 0.58340 0.823 0.217 1246.932 0.02572
-0.04312 0.02074 0.10583 0.11615 0.58453 0.951 0.229 1246.961 0.02574
-0.04316 0.02077 0.10593 0.11626 0.58565 0.890 0.224 1246.991 0.02576
-0.04321 0.02079 0.10604 0.11637 0.58677 1.112 0.243 1247.021 0.02579
-0.04325 0.02081 0.10614 0.11649 0.58789 1.019 0.235 1247.051 0.02581
-0.04329 0.02083 0.10624 0.11660 0.58901 1.176 0.248 1247.081 0.02584
-0.04333 0.02085 0.10635 0.11671 0.59013 0.768 0.212 1247.111 0.02586
-0.04337 0.02087 0.10645 0.11683 0.59126 0.674 0.202 1247.141 0.02589
-0.04342 0.02089 0.10655 0.11694 0.59238 0.456 0.184 1247.171 0.02591
-0.04346 0.02091 0.10666 0.11705 0.59350 0.455 0.176 1247.201 0.02594
-0.04350 0.02093 0.10676 0.11717 0.59462 0.265 0.149 1247.230 0.02596
-0.04354 0.02095 0.10686 0.11728 0.59575 0.108 0.129 1247.260 0.02599
-0.04358 0.02097 0.10696 0.11739 0.59687 0.108 0.125 1247.290 0.02601
-0.04363 0.02099 0.10707 0.11750 0.59799 0.046 0.100 1247.320 0.02604
-0.04367 0.02101 0.10717 0.11762 0.59911 0.014 0.100 1247.350 0.02606
-0.04371 0.02103 0.10727 0.11773 0.60023 0.110 0.125 1247.380 0.02608
-0.04375 0.02105 0.10738 0.11784 0.60136 -0.047 0.100 1247.410 0.02611
-0.04379 0.02107 0.10748 0.11796 0.60248 0.080 0.125 1247.440 0.02613
-0.04384 0.02109 0.10758 0.11807 0.60360 0.080 0.132 1247.469 0.02616
-0.04388 0.02111 0.10769 0.11818 0.60472 0.082 0.131 1247.499 0.02618
-0.04392 0.02113 0.10779 0.11830 0.60585 0.082 0.131 1247.529 0.02621
-0.04396 0.02115 0.10789 0.11841 0.60697 0.022 0.117 1247.559 0.02623
-0.04400 0.02117 0.10800 0.11852 0.60809 -0.014 0.109 1247.589 0.02626
-0.04405 0.02119 0.10810 0.11864 0.60921 -0.010 0.109 1247.619 0.02628
-0.04409 0.02121 0.10820 0.11875 0.61034 0.056 0.125 1247.649 0.02631
-0.04413 0.02123 0.10830 0.11886 0.61146 -0.007 0.109 1247.679 0.02633
-0.04417 0.02125 0.10841 0.11897 0.61258 0.024 0.117 1247.708 0.02635
-0.04421 0.02127 0.10851 0.11909 0.61370 0.026 0.118 1247.738 0.02638
-0.04426 0.02129 0.10861 0.11920 0.61483 0.026 0.118 1247.768 0.02640
-0.04430 0.02131 0.10872 0.11931 0.61595 0.114 0.137 1247.798 0.02643
-0.04434 0.02133 0.10882 0.11943 0.61707 0.027 0.118 1247.828 0.02645
-0.04438 0.02135 0.10892 0.11954 0.61820 -0.010 0.110 1247.858 0.02648
-0.04442 0.02137 0.10903 0.11965 0.61932 0.022 0.118 1247.888 0.02650
-0.04447 0.02139 0.10913 0.11977 0.62044 0.093 0.132 1247.918 0.02653
-0.04451 0.02141 0.10923 0.11988 0.62156 0.023 0.117 1247.947 0.02655
-0.04455 0.02143 0.10934 0.11999 0.62269 0.117 0.136 1247.977 0.02658
-0.04459 0.02145 0.10944 0.12011 0.62381 0.186 0.149 1248.007 0.02660
-0.04463 0.02147 0.10954 0.12022 0.62493 0.344 0.172 1248.037 0.02662
-0.04468 0.02149 0.10964 0.12033 0.62606 0.305 0.167 1248.067 0.02665
-0.04472 0.02151 0.10975 0.12045 0.62718 0.461 0.189 1248.097 0.02667
-0.04476 0.02153 0.10985 0.12056 0.62830 0.649 0.209 1248.127 0.02670
-0.04480 0.02155 0.10995 0.12067 0.62943 0.555 0.198 1248.157 0.02672
-0.04484 0.02157 0.11006 0.12078 0.63055 0.963 0.236 1248.187 0.02675
-0.04489 0.02159 0.11016 0.12090 0.63167 1.152 0.251 1248.216 0.02677
-0.04493 0.02161 0.11026 0.12101 0.63280 1.152 0.252 1248.246 0.02680
-0.04497 0.02163 0.11037 0.12112 0.63392 0.997 0.239 1248.276 0.02682
-0.04501 0.02165 0.11047 0.12124 0.63504 0.996 0.242 1248.306 0.02685
-0.04505 0.02167 0.11057 0.12135 0.63617 0.809 0.225 1248.336 0.02687
-0.04510 0.02169 0.11068 0.12146 0.63729 0.807 0.224 1248.366 0.02690
-0.04514 0.02171 0.11078 0.12158 0.63841 1.090 0.247 1248.396 0.02692
-0.04518 0.02173 0.11088 0.12169 0.63954 0.934 0.236 1248.426 0.02694
-0.04522 0.02175 0.11099 0.12180 0.64066 0.869 0.227 1248.455 0.02697
-0.04526 0.02178 0.11109 0.12192 0.64179 0.994 0.233 1248.485 0.02699
-0.04531 0.02180 0.11119 0.12203 0.64291 0.869 0.227 1248.515 0.02702
-0.04535 0.02182 0.11129 0.12214 0.64403 0.745 0.219 1248.545 0.02704
-0.04539 0.02184 0.11140 0.12226 0.64516 0.902 0.233 1248.575 0.02707
-0.04543 0.02186 0.11150 0.12237 0.64628 1.062 0.247 1248.605 0.02709
-0.04548 0.02188 0.11160 0.12248 0.64741 0.963 0.232 1248.635 0.02712
-0.04552 0.02190 0.11171 0.12260 0.64853 1.122 0.247 1248.665 0.02714
-0.04556 0.02192 0.11181 0.12271 0.64965 1.122 0.248 1248.694 0.02717
-0.04560 0.02194 0.11191 0.12282 0.65078 1.308 0.260 1248.724 0.02719
-0.04564 0.02196 0.11202 0.12294 0.65190 1.025 0.236 1248.754 0.02721
-0.04569 0.02198 0.11212 0.12305 0.65303 0.899 0.228 1248.784 0.02724
-0.04573 0.02200 0.11222 0.12316 0.65415 0.964 0.233 1248.814 0.02726
-0.04577 0.02202 0.11233 0.12328 0.65527 0.774 0.216 1248.844 0.02729
-0.04581 0.02204 0.11243 0.12339 0.65640 1.246 0.255 1248.874 0.02731
-0.04585 0.02206 0.11253 0.12350 0.65752 0.808 0.224 1248.904 0.02734
-0.04590 0.02208 0.11264 0.12362 0.65865 1.120 0.247 1248.933 0.02736
-0.04594 0.02210 0.11274 0.12373 0.65977 1.246 0.255 1248.963 0.02739
-0.04598 0.02212 0.11284 0.12384 0.66090 1.025 0.239 1248.993 0.02741
-0.04602 0.02214 0.11295 0.12396 0.66202 0.994 0.237 1249.023 0.02744
-0.04606 0.02216 0.11305 0.12407 0.66314 0.456 0.178 1249.053 0.02746
-0.04611 0.02218 0.11315 0.12418 0.66427 1.181 0.249 1249.083 0.02749
-0.04615 0.02220 0.11326 0.12430 0.66539 0.898 0.228 1249.113 0.02751
-0.04619 0.02222 0.11336 0.12441 0.66652 1.152 0.249 1249.143 0.02753
-0.04623 0.02224 0.11346 0.12452 0.66764 0.995 0.236 1249.173 0.02756
-0.04627 0.02226 0.11357 0.12464 0.66877 0.807 0.221 1249.202 0.02758
-0.04632 0.02228 0.11367 0.12475 0.66989 0.901 0.231 1249.232 0.02761
-0.04636 0.02230 0.11377 0.12486 0.67102 1.089 0.247 1249.262 0.02763
-0.04640 0.02232 0.11388 0.12498 0.67214 0.962 0.231 1249.292 0.02766
-0.04644 0.02234 0.11398 0.12509 0.67327 0.901 0.228 1249.322 0.02768
-0.04648 0.02236 0.11408 0.12520 0.67439 0.870 0.228 1249.352 0.02771
-0.04653 0.02238 0.11419 0.12532 0.67552 1.027 0.241 1249.382 0.02773
-0.04657 0.02240 0.11429 0.12543 0.67664 0.836 0.219 1249.412 0.02776
-0.04661 0.02242 0.11439 0.12554 0.67777 0.836 0.219 1249.441 0.02778
-0.04665 0.02244 0.11449 0.12566 0.67889 0.930 0.228 1249.471 0.02780
-0.04669 0.02246 0.11460 0.12577 0.68002 1.023 0.236 1249.501 0.02783
-0.04674 0.02248 0.11470 0.12588 0.68114 0.992 0.233 1249.531 0.02785
-0.04678 0.02250 0.11480 0.12600 0.68227 1.147 0.247 1249.561 0.02788
-0.04682 0.02252 0.11491 0.12611 0.68339 0.869 0.224 1249.591 0.02790
-0.04686 0.02254 0.11501 0.12622 0.68452 0.928 0.233 1249.621 0.02793
-0.04691 0.02256 0.11511 0.12634 0.68564 1.464 0.276 1249.651 0.02795
-0.04695 0.02258 0.11522 0.12645 0.68677 1.244 0.257 1249.680 0.02798
-0.04699 0.02260 0.11532 0.12656 0.68789 0.908 0.228 1249.710 0.02800
-0.04703 0.02263 0.11542 0.12668 0.68902 0.961 0.237 1249.740 0.02803
-0.04707 0.02265 0.11553 0.12679 0.69014 0.888 0.228 1249.770 0.02805
-0.04712 0.02267 0.11563 0.12690 0.69127 0.929 0.231 1249.800 0.02808
-0.04716 0.02269 0.11573 0.12702 0.69240 1.517 0.278 1249.830 0.02810
-0.04720 0.02271 0.11584 0.12713 0.69352 1.411 0.269 1249.860 0.02812
-0.04724 0.02273 0.11594 0.12724 0.69465 1.180 0.254 1249.890 0.02815
-0.04728 0.02275 0.11604 0.12736 0.69577 1.082 0.244 1249.919 0.02817
-0.04733 0.02277 0.11615 0.12747 0.69690 0.867 0.225 1249.949 0.02820
-0.04737 0.02279 0.11625 0.12758 0.69802 1.073 0.242 1249.979 0.02822
-0.04741 0.02281 0.11635 0.12770 0.69915 0.594 0.203 1250.009 0.02825
-0.04745 0.02283 0.11646 0.12781 0.70027 0.705 0.212 1250.039 0.02827
-0.04749 0.02285 0.11656 0.12792 0.70140 0.738 0.216 1250.069 0.02830
-0.04754 0.02287 0.11666 0.12804 0.70253 1.026 0.241 1250.099 0.02832
-0.04758 0.02289 0.11677 0.12815 0.70365 1.058 0.245 1250.129 0.02835
-0.04762 0.02291 0.11687 0.12826 0.70478 1.189 0.255 1250.158 0.02837
-0.04766 0.02293 0.11697 0.12838 0.70590 0.790 0.236 1250.188 0.02839
-0.04771 0.02295 0.11708 0.12849 0.70703 0.998 0.236 1250.218 0.02842
-0.04775 0.02297 0.11718 0.12860 0.70816 0.580 0.218 1250.248 0.02844
-0.04779 0.02299 0.11728 0.12872 0.70928 0.832 0.222 1250.278 0.02847
-0.04783 0.02301 0.11739 0.12883 0.71041 0.925 0.231 1250.308 0.02849
-0.04787 0.02303 0.11749 0.12894 0.71153 0.915 0.231 1250.338 0.02852
-0.04792 0.02305 0.11759 0.12906 0.71266 0.769 0.219 1250.368 0.02854
-0.04796 0.02307 0.11770 0.12917 0.71379 0.348 0.173 1250.398 0.02857
-0.04800 0.02309 0.11780 0.12928 0.71491 0.476 0.188 1250.427 0.02859
-0.04804 0.02311 0.11791 0.12940 0.71604 0.595 0.200 1250.457 0.02862
-0.04808 0.02313 0.11801 0.12951 0.71717 0.551 0.195 1250.487 0.02864
-0.04813 0.02315 0.11811 0.12962 0.71829 0.880 0.227 1250.517 0.02866
-0.04817 0.02317 0.11822 0.12974 0.71942 0.758 0.216 1250.547 0.02869
-0.04821 0.02319 0.11832 0.12985 0.72055 0.881 0.228 1250.577 0.02871
-0.04825 0.02321 0.11842 0.12997 0.72167 0.920 0.234 1250.607 0.02874
-0.04830 0.02323 0.11853 0.13008 0.72280 0.712 0.213 1250.637 0.02876
-0.04834 0.02325 0.11863 0.13019 0.72393 0.965 0.237 1250.666 0.02879
-0.04838 0.02327 0.11873 0.13031 0.72505 0.841 0.224 1250.696 0.02881
-0.04842 0.02329 0.11884 0.13042 0.72618 1.314 0.264 1250.726 0.02884
-0.04846 0.02331 0.11894 0.13053 0.72731 1.189 0.257 1250.756 0.02886
-0.04851 0.02333 0.11904 0.13065 0.72843 0.687 0.213 1250.786 0.02889
-0.04855 0.02335 0.11915 0.13076 0.72956 1.031 0.244 1250.816 0.02891
-0.04859 0.02337 0.11925 0.13087 0.73069 1.001 0.241 1250.846 0.02894
-0.04863 0.02340 0.11935 0.13099 0.73181 1.475 0.278 1250.876 0.02896
-0.04867 0.02342 0.11946 0.13110 0.73294 1.255 0.262 1250.905 0.02898
-0.04872 0.02344 0.11956 0.13121 0.73407 1.096 0.250 1250.935 0.02901
-0.04876 0.02346 0.11966 0.13133 0.73519 0.971 0.239 1250.965 0.02903
-0.04880 0.02348 0.11977 0.13144 0.73632 1.033 0.244 1250.995 0.02906
-0.04884 0.02350 0.11987 0.13155 0.73745 0.937 0.237 1251.025 0.02908
-0.04889 0.02352 0.11997 0.13167 0.73858 0.810 0.225 1251.055 0.02911
-0.04893 0.02354 0.12008 0.13178 0.73970 0.781 0.222 1251.085 0.02913
-0.04897 0.02356 0.12018 0.13190 0.74083 0.841 0.228 1251.115 0.02916
-0.04901 0.02358 0.12028 0.13201 0.74196 1.127 0.252 1251.144 0.02918
-0.04905 0.02360 0.12039 0.13212 0.74308 1.253 0.262 1251.174 0.02921
-0.04910 0.02362 0.12049 0.13224 0.74421 1.191 0.257 1251.204 0.02923
-0.04914 0.02364 0.12059 0.13235 0.74534 0.781 0.221 1251.234 0.02925
-0.04918 0.02366 0.12070 0.13246 0.74647 1.093 0.250 1251.264 0.02928
-0.04922 0.02368 0.12080 0.13258 0.74759 0.843 0.228 1251.294 0.02930
-0.04926 0.02370 0.12091 0.13269 0.74872 1.062 0.247 1251.324 0.02933
-0.04931 0.02372 0.12101 0.13280 0.74985 0.872 0.230 1251.354 0.02935
-0.04935 0.02374 0.12111 0.13292 0.75098 1.347 0.269 1251.384 0.02938
-0.04939 0.02376 0.12122 0.13303 0.75210 0.839 0.225 1251.413 0.02940
-0.04943 0.02378 0.12132 0.13315 0.75323 0.743 0.216 1251.443 0.02943
-0.04948 0.02380 0.12142 0.13326 0.75436 0.995 0.236 1251.473 0.02945
-0.04952 0.02382 0.12153 0.13337 0.75549 0.902 0.231 1251.503 0.02948
-0.04956 0.02384 0.12163 0.13349 0.75661 0.902 0.230 1251.533 0.02950
-0.04960 0.02386 0.12173 0.13360 0.75774 1.436 0.269 1251.563 0.02953
-0.04964 0.02388 0.12184 0.13371 0.75887 0.904 0.234 1251.593 0.02955
-0.04969 0.02390 0.12194 0.13383 0.76000 1.061 0.244 1251.623 0.02957
-0.04973 0.02392 0.12204 0.13394 0.76113 1.000 0.241 1251.652 0.02960
-0.04977 0.02394 0.12215 0.13405 0.76225 0.906 0.232 1251.682 0.02962
-0.04981 0.02396 0.12225 0.13417 0.76338 0.969 0.238 1251.712 0.02965
-0.04986 0.02398 0.12235 0.13428 0.76451 1.440 0.276 1251.742 0.02967
-0.04990 0.02400 0.12246 0.13439 0.76564 1.030 0.241 1251.772 0.02970
-0.04994 0.02402 0.12256 0.13451 0.76677 0.873 0.230 1251.802 0.02972
-0.04998 0.02404 0.12267 0.13462 0.76789 1.155 0.254 1251.832 0.02975
-0.05002 0.02406 0.12277 0.13474 0.76902 1.124 0.252 1251.862 0.02977
-0.05007 0.02409 0.12287 0.13485 0.77015 0.996 0.239 1251.891 0.02980
-0.05011 0.02411 0.12298 0.13496 0.77128 1.374 0.269 1251.921 0.02982
-0.05015 0.02413 0.12308 0.13508 0.77241 1.122 0.252 1251.951 0.02984
-0.05019 0.02415 0.12318 0.13519 0.77354 0.712 0.216 1251.981 0.02987
-0.05024 0.02417 0.12329 0.13530 0.77466 1.280 0.261 1252.011 0.02989
-0.05028 0.02419 0.12339 0.13542 0.77579 1.059 0.244 1252.041 0.02992
-0.05032 0.02421 0.12349 0.13553 0.77692 1.182 0.249 1252.071 0.02994
-0.05036 0.02423 0.12360 0.13565 0.77805 0.930 0.233 1252.101 0.02997
-0.05040 0.02425 0.12370 0.13576 0.77918 0.995 0.239 1252.130 0.02999
-0.05045 0.02427 0.12380 0.13587 0.78031 0.680 0.209 1252.160 0.03002
-0.05049 0.02429 0.12391 0.13599 0.78144 0.962 0.233 1252.190 0.03004
-0.05053 0.02431 0.12401 0.13610 0.78256 0.930 0.230 1252.220 0.03007
-0.05057 0.02433 0.12412 0.13621 0.78369 0.775 0.222 1252.250 0.03009
-0.05062 0.02435 0.12422 0.13633 0.78482 1.029 0.244 1252.280 0.03011
-0.05066 0.02437 0.12432 0.13644 0.78595 0.900 0.233 1252.310 0.03014
-0.05070 0.02439 0.12443 0.13656 0.78708 0.836 0.225 1252.340 0.03016
-0.05074 0.02441 0.12453 0.13667 0.78821 0.839 0.227 1252.370 0.03019
-0.05078 0.02443 0.12463 0.13678 0.78934 0.902 0.233 1252.399 0.03021
-0.05083 0.02445 0.12474 0.13690 0.79047 1.125 0.251 1252.429 0.03024
-0.05087 0.02447 0.12484 0.13701 0.79160 1.032 0.244 1252.459 0.03026
-0.05091 0.02449 0.12494 0.13712 0.79272 1.016 0.241 1252.489 0.03029
-0.05095 0.02451 0.12505 0.13724 0.79385 1.242 0.256 1252.519 0.03031
-0.05100 0.02453 0.12515 0.13735 0.79498 1.106 0.249 1252.549 0.03034
-0.05104 0.02455 0.12526 0.13747 0.79611 1.034 0.240 1252.579 0.03036
-0.05108 0.02457 0.12536 0.13758 0.79724 1.261 0.261 1252.609 0.03039
-0.05112 0.02459 0.12546 0.13769 0.79837 1.347 0.266 1252.638 0.03041
-0.05116 0.02461 0.12557 0.13781 0.79950 1.040 0.240 1252.668 0.03043
-0.05121 0.02463 0.12567 0.13792 0.80063 1.144 0.249 1252.698 0.03046
-0.05125 0.02465 0.12577 0.13803 0.80176 1.039 0.241 1252.728 0.03048
-0.05129 0.02467 0.12588 0.13815 0.80289 1.540 0.279 1252.758 0.03051
-0.05133 0.02469 0.12598 0.13826 0.80402 1.103 0.249 1252.788 0.03053
-0.05138 0.02471 0.12609 0.13838 0.80515 0.998 0.238 1252.818 0.03056
-0.05142 0.02474 0.12619 0.13849 0.80628 1.217 0.256 1252.848 0.03058
-0.05146 0.02476 0.12629 0.13860 0.80741 0.928 0.232 1252.877 0.03061
-0.05150 0.02478 0.12640 0.13872 0.80853 1.376 0.268 1252.907 0.03063
-0.05154 0.02480 0.12650 0.13883 0.80966 0.948 0.235 1252.937 0.03066
-0.05159 0.02482 0.12660 0.13894 0.81079 0.868 0.226 1252.967 0.03068
-0.05163 0.02484 0.12671 0.13906 0.81192 0.992 0.238 1252.997 0.03070
-0.05167 0.02486 0.12681 0.13917 0.81305 1.275 0.263 1253.027 0.03073
-0.05171 0.02488 0.12691 0.13929 0.81418 1.245 0.257 1253.057 0.03075
-0.05176 0.02490 0.12702 0.13940 0.81531 0.993 0.237 1253.087 0.03078
-0.05180 0.02492 0.12712 0.13951 0.81644 1.087 0.248 1253.116 0.03080
-0.05184 0.02494 0.12723 0.13963 0.81757 1.336 0.263 1253.146 0.03083
-0.05188 0.02496 0.12733 0.13974 0.81870 0.928 0.232 1253.176 0.03085
-0.05192 0.02498 0.12743 0.13986 0.81983 1.020 0.238 1253.206 0.03088
-0.05197 0.02500 0.12754 0.13997 0.82096 0.609 0.195 1253.236 0.03090
-0.05201 0.02502 0.12764 0.14008 0.82209 1.049 0.237 1253.266 0.03093
-0.05205 0.02504 0.12774 0.14020 0.82322 1.173 0.248 1253.296 0.03095
-0.05209 0.02506 0.12785 0.14031 0.82435 1.238 0.253 1253.326 0.03098
-0.05214 0.02508 0.12795 0.14042 0.82548 0.989 0.235 1253.356 0.03100
-0.05218 0.02510 0.12806 0.14054 0.82661 1.017 0.235 1253.385 0.03102
-0.05222 0.02512 0.12816 0.14065 0.82774 0.703 0.205 1253.415 0.03105
-0.05226 0.02514 0.12826 0.14077 0.82887 0.981 0.232 1253.445 0.03107
-0.05231 0.02516 0.12837 0.14088 0.83000 1.109 0.242 1253.475 0.03110
-0.05235 0.02518 0.12847 0.14099 0.83113 0.826 0.215 1253.505 0.03112
-0.05239 0.02520 0.12857 0.14111 0.83227 0.702 0.205 1253.535 0.03115
-0.05243 0.02522 0.12868 0.14122 0.83340 0.731 0.207 1253.565 0.03117
-0.05247 0.02524 0.12878 0.14134 0.83453 0.575 0.191 1253.595 0.03120
-0.05252 0.02526 0.12889 0.14145 0.83566 0.610 0.194 1253.624 0.03122
-0.05256 0.02528 0.12899 0.14156 0.83679 0.455 0.187 1253.654 0.03125
-0.05260 0.02530 0.12909 0.14168 0.83792 0.267 0.158 1253.684 0.03127
-0.05264 0.02532 0.12920 0.14179 0.83905 0.455 0.183 1253.714 0.03129
-0.05269 0.02535 0.12930 0.14190 0.84018 0.423 0.175 1253.744 0.03132
-0.05273 0.02537 0.12941 0.14202 0.84131 0.642 0.199 1253.774 0.03134
-0.05277 0.02539 0.12951 0.14213 0.84244 0.737 0.217 1253.804 0.03137
-0.05281 0.02541 0.12961 0.14225 0.84357 0.892 0.222 1253.834 0.03139
-0.05286 0.02543 0.12972 0.14236 0.84470 0.922 0.228 1253.863 0.03142
-0.05290 0.02545 0.12982 0.14247 0.84583 0.985 0.233 1253.893 0.03144
-0.05294 0.02547 0.12992 0.14259 0.84696 0.956 0.237 1253.923 0.03147
-0.05298 0.02549 0.13003 0.14270 0.84810 1.144 0.250 1253.953 0.03149
-0.05302 0.02551 0.13013 0.14282 0.84923 0.801 0.222 1253.983 0.03152
-0.05307 0.02553 0.13024 0.14293 0.85036 0.831 0.223 1254.013 0.03154
-0.05311 0.02555 0.13034 0.14304 0.85149 1.237 0.257 1254.043 0.03157
-0.05315 0.02557 0.13044 0.14316 0.85262 1.267 0.256 1254.073 0.03159
-0.05319 0.02559 0.13055 0.14327 0.85375 1.175 0.252 1254.102 0.03161
-0.05324 0.02561 0.13065 0.14339 0.85488 1.266 0.257 1254.132 0.03164
-0.05328 0.02563 0.13075 0.14350 0.85601 1.078 0.242 1254.162 0.03166
-0.05332 0.02565 0.13086 0.14361 0.85714 1.020 0.242 1254.192 0.03169
-0.05336 0.02567 0.13096 0.14373 0.85828 1.209 0.257 1254.222 0.03171
-0.05341 0.02569 0.13107 0.14384 0.85941 1.175 0.254 1254.252 0.03174
-0.05345 0.02571 0.13117 0.14396 0.86054 1.083 0.246 1254.282 0.03176
-0.05349 0.02573 0.13127 0.14407 0.86167 1.083 0.247 1254.312 0.03179
-0.05353 0.02575 0.13138 0.14418 0.86280 1.239 0.259 1254.342 0.03181
-0.05357 0.02577 0.13148 0.14430 0.86393 1.172 0.249 1254.371 0.03184
-0.05362 0.02579 0.13159 0.14441 0.86506 0.832 0.225 1254.401 0.03186
-0.05366 0.02581 0.13169 0.14453 0.86620 0.864 0.227 1254.431 0.03188
-0.05370 0.02583 0.13179 0.14464 0.86733 0.990 0.239 1254.461 0.03191
-0.05374 0.02585 0.13190 0.14475 0.86846 0.926 0.233 1254.491 0.03193
-0.05379 0.02587 0.13200 0.14487 0.86959 1.173 0.251 1254.521 0.03196
-0.05383 0.02589 0.13211 0.14498 0.87072 1.080 0.246 1254.551 0.03198
-0.05387 0.02592 0.13221 0.14510 0.87185 0.922 0.230 1254.581 0.03201
-0.05391 0.02594 0.13231 0.14521 0.87299 1.049 0.243 1254.610 0.03203
-0.05396 0.02596 0.13242 0.14532 0.87412 1.016 0.241 1254.640 0.03206
-0.05400 0.02598 0.13252 0.14544 0.87525 0.860 0.227 1254.670 0.03208
-0.05404 0.02600 0.13262 0.14555 0.87638 0.925 0.233 1254.700 0.03211
-0.05408 0.02602 0.13273 0.14567 0.87751 0.923 0.233 1254.730 0.03213
-0.05412 0.02604 0.13283 0.14578 0.87865 1.015 0.241 1254.760 0.03215
-0.05417 0.02606 0.13294 0.14589 0.87978 1.141 0.251 1254.790 0.03218
-0.05421 0.02608 0.13304 0.14601 0.88091 0.924 0.233 1254.820 0.03220
-0.05425 0.02610 0.13314 0.14612 0.88204 1.137 0.251 1254.849 0.03223
-0.05429 0.02612 0.13325 0.14624 0.88317 0.890 0.230 1254.879 0.03225
-0.05434 0.02614 0.13335 0.14635 0.88431 0.984 0.238 1254.909 0.03228
-0.05438 0.02616 0.13346 0.14646 0.88544 1.167 0.250 1254.939 0.03230
-0.05442 0.02618 0.13356 0.14658 0.88657 0.888 0.229 1254.969 0.03233
-0.05446 0.02620 0.13366 0.14669 0.88770 1.258 0.255 1254.999 0.03235
-0.05451 0.02622 0.13377 0.14681 0.88884 0.980 0.235 1255.029 0.03238
-0.05455 0.02624 0.13387 0.14692 0.88997 0.857 0.227 1255.059 0.03240
-0.05459 0.02626 0.13398 0.14704 0.89110 0.608 0.203 1255.088 0.03243
-0.05463 0.02628 0.13408 0.14715 0.89223 0.796 0.221 1255.118 0.03245
-0.05468 0.02630 0.13418 0.14726 0.89337 1.048 0.243 1255.148 0.03247
-0.05472 0.02632 0.13429 0.14738 0.89450 1.043 0.243 1255.178 0.03250
-0.05476 0.02634 0.13439 0.14749 0.89563 1.263 0.259 1255.208 0.03252
-0.05480 0.02636 0.13450 0.14761 0.89676 0.858 0.227 1255.238 0.03255
-0.05484 0.02638 0.13460 0.14772 0.89790 0.764 0.217 1255.268 0.03257
-0.05489 0.02640 0.13470 0.14783 0.89903 0.888 0.229 1255.298 0.03260
-0.05493 0.02642 0.13481 0.14795 0.90016 1.384 0.268 1255.328 0.03262
-0.05497 0.02644 0.13491 0.14806 0.90129 0.735 0.214 1255.357 0.03265
-0.05501 0.02647 0.13502 0.14818 0.90243 1.105 0.247 1255.387 0.03267
-0.05506 0.02649 0.13512 0.14829 0.90356 1.073 0.244 1255.417 0.03270
-0.05510 0.02651 0.13522 0.14840 0.90469 0.951 0.234 1255.447 0.03272
-0.05514 0.02653 0.13533 0.14852 0.90583 0.950 0.234 1255.477 0.03274
-0.05518 0.02655 0.13543 0.14863 0.90696 1.075 0.244 1255.507 0.03277
-0.05523 0.02657 0.13554 0.14875 0.90809 1.135 0.249 1255.537 0.03279
-0.05527 0.02659 0.13564 0.14886 0.90923 0.920 0.230 1255.567 0.03282
-0.05531 0.02661 0.13574 0.14898 0.91036 0.951 0.234 1255.596 0.03284
-0.05535 0.02663 0.13585 0.14909 0.91149 0.979 0.236 1255.626 0.03287
-0.05540 0.02665 0.13595 0.14920 0.91263 1.289 0.261 1255.656 0.03289
-0.05544 0.02667 0.13606 0.14932 0.91376 0.792 0.220 1255.686 0.03292
-0.05548 0.02669 0.13616 0.14943 0.91489 1.007 0.239 1255.716 0.03294
-0.05552 0.02671 0.13626 0.14955 0.91603 0.795 0.220 1255.746 0.03297
-0.05557 0.02673 0.13637 0.14966 0.91716 1.042 0.241 1255.776 0.03299
-0.05561 0.02675 0.13647 0.14977 0.91829 0.794 0.219 1255.806 0.03302
-0.05565 0.02677 0.13658 0.14989 0.91943 0.825 0.222 1255.835 0.03304
-0.05569 0.02679 0.13668 0.15000 0.92056 0.887 0.228 1255.865 0.03306
-0.05573 0.02681 0.13678 0.15012 0.92169 0.856 0.225 1255.895 0.03309
-0.05578 0.02683 0.13689 0.15023 0.92283 0.792 0.218 1255.925 0.03311
-0.05582 0.02685 0.13699 0.15035 0.92396 1.165 0.250 1255.955 0.03314
-0.05586 0.02687 0.13710 0.15046 0.92509 1.084 0.268 1255.985 0.03316
-0.05590 0.02689 0.13720 0.15057 0.92623 0.919 0.229 1256.015 0.03319
-0.05595 0.02691 0.13730 0.15069 0.92736 0.788 0.221 1256.045 0.03321
-0.05599 0.02693 0.13741 0.15080 0.92849 0.956 0.230 1256.074 0.03324
-0.05603 0.02695 0.13751 0.15092 0.92963 1.160 0.245 1256.104 0.03326
-0.05607 0.02698 0.13762 0.15103 0.93076 1.105 0.243 1256.134 0.03329
-0.05612 0.02700 0.13772 0.15115 0.93190 1.168 0.255 1256.164 0.03331
-0.05616 0.02702 0.13783 0.15126 0.93303 0.899 0.224 1256.194 0.03333
-0.05620 0.02704 0.13793 0.15137 0.93416 1.085 0.240 1256.224 0.03336
-0.05624 0.02706 0.13803 0.15149 0.93530 0.853 0.221 1256.254 0.03338
-0.05629 0.02708 0.13814 0.15160 0.93643 1.112 0.242 1256.284 0.03341
-0.05633 0.02710 0.13824 0.15172 0.93757 0.768 0.212 1256.314 0.03343
-0.05637 0.02712 0.13835 0.15183 0.93870 1.083 0.240 1256.343 0.03346
-0.05641 0.02714 0.13845 0.15195 0.93983 0.817 0.218 1256.373 0.03348
-0.05646 0.02716 0.13855 0.15206 0.94097 1.352 0.261 1256.403 0.03351
-0.05650 0.02718 0.13866 0.15217 0.94210 1.025 0.237 1256.433 0.03353
-0.05654 0.02720 0.13876 0.15229 0.94324 1.200 0.252 1256.463 0.03356
-0.05658 0.02722 0.13887 0.15240 0.94437 0.915 0.229 1256.493 0.03358
-0.05663 0.02724 0.13897 0.15252 0.94551 0.884 0.226 1256.523 0.03361
-0.05667 0.02726 0.13907 0.15263 0.94664 1.220 0.254 1256.553 0.03363
-0.05671 0.02728 0.13918 0.15275 0.94777 0.948 0.231 1256.582 0.03365
-0.05675 0.02730 0.13928 0.15286 0.94891 1.009 0.236 1256.612 0.03368
-0.05680 0.02732 0.13939 0.15297 0.95004 1.194 0.251 1256.642 0.03370
-0.05684 0.02734 0.13949 0.15309 0.95118 1.161 0.248 1256.672 0.03373
-0.05688 0.02736 0.13960 0.15320 0.95231 1.374 0.264 1256.702 0.03375
-0.05692 0.02738 0.13970 0.15332 0.95345 1.283 0.257 1256.732 0.03378
-0.05697 0.02740 0.13980 0.15343 0.95458 1.166 0.248 1256.762 0.03380
-0.05701 0.02742 0.13991 0.15355 0.95572 1.348 0.262 1256.792 0.03383
-0.05705 0.02744 0.14001 0.15366 0.95685 0.949 0.230 1256.821 0.03385
-0.05709 0.02747 0.14012 0.15377 0.95799 0.828 0.220 1256.851 0.03388
-0.05714 0.02749 0.14022 0.15389 0.95912 1.070 0.240 1256.881 0.03390
-0.05718 0.02751 0.14032 0.15400 0.96026 1.253 0.255 1256.911 0.03392
-0.05722 0.02753 0.14043 0.15412 0.96139 0.702 0.208 1256.941 0.03395
-0.05726 0.02755 0.14053 0.15423 0.96253 0.821 0.220 1256.971 0.03397
-0.05730 0.02757 0.14064 0.15435 0.96366 1.368 0.264 1257.001 0.03400
-0.05735 0.02759 0.14074 0.15446 0.96480 0.790 0.217 1257.031 0.03402
-0.05739 0.02761 0.14085 0.15457 0.96593 0.666 0.204 1257.060 0.03405
-0.05743 0.02763 0.14095 0.15469 0.96707 0.858 0.239 1257.090 0.03407
-0.05747 0.02765 0.14105 0.15480 0.96820 1.032 0.237 1257.120 0.03410
-0.05752 0.02767 0.14116 0.15492 0.96934 0.932 0.246 1257.150 0.03412
-0.05756 0.02769 0.14126 0.15503 0.97047 1.244 0.253 1257.180 0.03415
-0.05760 0.02771 0.14137 0.15515 0.97161 0.514 0.188 1257.210 0.03417
-0.05764 0.02773 0.14147 0.15526 0.97274 0.636 0.201 1257.240 0.03419
-0.05769 0.02775 0.14157 0.15537 0.97388 0.844 0.221 1257.270 0.03422
-0.05773 0.02777 0.14168 0.15549 0.97501 0.785 0.216 1257.300 0.03424
-0.05777 0.02779 0.14178 0.15560 0.97615 1.028 0.237 1257.329 0.03427
-0.05781 0.02781 0.14189 0.15572 0.97728 0.694 0.207 1257.359 0.03429
-0.05786 0.02783 0.14199 0.15583 0.97842 0.848 0.221 1257.389 0.03432
-0.05790 0.02785 0.14210 0.15595 0.97955 0.814 0.218 1257.419 0.03434
-0.05794 0.02787 0.14220 0.15606 0.98069 1.118 0.244 1257.449 0.03437
-0.05798 0.02789 0.14230 0.15618 0.98183 0.540 0.191 1257.479 0.03439
-0.05803 0.02791 0.14241 0.15629 0.98296 1.569 0.276 1257.509 0.03442
-0.05807 0.02793 0.14251 0.15640 0.98410 1.266 0.255 1257.539 0.03444
-0.05811 0.02796 0.14262 0.15652 0.98523 0.933 0.228 1257.568 0.03447
-0.05815 0.02798 0.14272 0.15663 0.98637 1.084 0.241 1257.598 0.03449
-0.05820 0.02800 0.14283 0.15675 0.98750 0.900 0.225 1257.628 0.03451
-0.05824 0.02802 0.14293 0.15686 0.98864 0.989 0.233 1257.658 0.03454
-0.05828 0.02804 0.14303 0.15698 0.98978 0.959 0.231 1257.688 0.03456
-0.05832 0.02806 0.14314 0.15709 0.99091 1.017 0.236 1257.718 0.03459
-0.05837 0.02808 0.14324 0.15721 0.99205 0.687 0.206 1257.748 0.03461
-0.05841 0.02810 0.14335 0.15732 0.99318 0.925 0.227 1257.778 0.03464
-0.05845 0.02812 0.14345 0.15743 0.99432 1.044 0.238 1257.807 0.03466
-0.05849 0.02814 0.14356 0.15755 0.99546 0.715 0.209 1257.837 0.03469
-0.05854 0.02816 0.14366 0.15766 0.99659 0.743 0.211 1257.867 0.03471
-0.05858 0.02818 0.14376 0.15778 0.99773 0.686 0.205 1257.897 0.03474
-0.05862 0.02820 0.14387 0.15789 0.99886 0.926 0.227 1257.927 0.03476
-0.05866 0.02822 0.14397 0.15801 1.00000 1.080 0.239 1257.957 0.03478
