x y z dist_scaled dist_frac flux_norm sig_norm wavelength redshift
-0.02562 0.03607 0.03634 0.05726 0.00000 1.007 0.174 1231.245 0.01281
-0.02567 0.03614 0.03641 0.05737 0.00110 0.808 0.160 1231.275 0.01284
-0.02572 0.03621 0.03648 0.05748 0.00220 1.049 0.177 1231.305 0.01286
-0.02577 0.03628 0.03655 0.05759 0.00330 1.088 0.179 1231.335 0.01289
-0.02582 0.03635 0.03662 0.05770 0.00440 1.168 0.184 1231.365 0.01291
-0.02587 0.03642 0.03669 0.05781 0.00550 0.849 0.163 1231.395 0.01293
-0.02592 0.03649 0.03676 0.05792 0.00661 1.067 0.178 1231.425 0.01296
-0.02597 0.03656 0.03684 0.05803 0.00771 1.348 0.196 1231.454 0.01298
-0.02602 0.03663 0.03691 0.05814 0.00881 0.744 0.156 1231.484 0.01301
-0.02607 0.03670 0.03698 0.05826 0.00991 0.863 0.165 1231.514 0.01303
-0.02612 0.03677 0.03705 0.05837 0.01101 0.943 0.170 1231.544 0.01306
-0.02617 0.03684 0.03712 0.05848 0.01211 1.294 0.202 1231.574 0.01308
-0.02622 0.03691 0.03719 0.05859 0.01321 0.788 0.179 1231.604 0.01311
-0.02627 0.03698 0.03726 0.05870 0.01431 0.918 0.190 1231.634 0.01313
-0.02632 0.03705 0.03733 0.05881 0.01541 0.970 0.194 1231.664 0.01316
-0.02637 0.03712 0.03740 0.05892 0.01652 0.829 0.184 1231.693 0.01318
-0.02642 0.03719 0.03747 0.05903 0.01762 0.813 0.183 1231.723 0.01321
-0.02647 0.03726 0.03754 0.05914 0.01872 1.240 0.214 1231.753 0.01323
-0.02652 0.03733 0.03761 0.05925 0.01982 0.979 0.196 1231.783 0.01325
-0.02657 0.03740 0.03768 0.05936 0.02092 1.138 0.191 1231.813 0.01328
-0.02662 0.03747 0.03775 0.05948 0.02202 1.222 0.176 1231.843 0.01330
-0.02667 0.03754 0.03782 0.05959 0.02312 1.248 0.191 1231.873 0.01333
-0.02672 0.03761 0.03789 0.05970 0.02423 0.760 0.156 1231.903 0.01335
-0.02677 0.03768 0.03796 0.05981 0.02533 0.833 0.162 1231.932 0.01338
-0.02682 0.03775 0.03803 0.05992 0.02643 1.085 0.180 1231.962 0.01340
-0.02687 0.03782 0.03810 0.06003 0.02753 0.947 0.172 1231.992 0.01343
-0.02691 0.03789 0.03817 0.06014 0.02863 0.988 0.173 1232.022 0.01345
-0.02696 0.03796 0.03824 0.06025 0.02973 0.895 0.168 1232.052 0.01348
-0.02701 0.03803 0.03831 0.06036 0.03084 0.981 0.173 1232.082 0.01350
-0.02706 0.03810 0.03838 0.06047 0.03194 1.011 0.175 1232.112 0.01352
-0.02711 0.03817 0.03846 0.06059 0.03304 1.347 0.183 1232.142 0.01355
-0.02716 0.03824 0.03853 0.06070 0.03414 1.047 0.177 1232.171 0.01357
-0.02721 0.03831 0.03860 0.06081 0.03524 1.068 0.178 1232.201 0.01360
-0.02726 0.03838 0.03867 0.06092 0.03635 0.788 0.160 1232.231 0.01362
-0.02731 0.03845 0.03874 0.06103 0.03745 0.969 0.172 1232.261 0.01365
-0.02736 0.03852 0.03881 0.06114 0.03855 0.807 0.161 1232.291 0.01367
-0.02741 0.03859 0.03888 0.06125 0.03965 0.947 0.171 1232.321 0.01370
-0.02746 0.03866 0.03895 0.06136 0.04075 1.067 0.178 1232.351 0.01372
-0.02751 0.03873 0.03902 0.06147 0.04186 0.988 0.174 1232.381 0.01375
-0.02756 0.03880 0.03909 0.06159 0.04296 1.028 0.176 1232.411 0.01377
-0.02761 0.03887 0.03916 0.06170 0.04406 0.789 0.160 1232.440 0.01380
-0.02766 0.03894 0.03923 0.06181 0.04516 0.914 0.168 1232.470 0.01382
-0.02771 0.03901 0.03930 0.06192 0.04627 1.093 0.180 1232.500 0.01384
-0.02776 0.03908 0.03937 0.06203 0.04737 0.875 0.165 1232.530 0.01387
-0.02781 0.03915 0.03944 0.06214 0.04847 0.872 0.165 1232.560 0.01389
-0.02786 0.03922 0.03951 0.06225 0.04957 0.551 0.141 1232.590 0.01392
-0.02791 0.03929 0.03958 0.06236 0.05068 0.710 0.154 1232.620 0.01394
-0.02796 0.03936 0.03965 0.06247 0.05178 1.091 0.180 1232.650 0.01397
-0.02801 0.03943 0.03972 0.06258 0.05288 0.869 0.165 1232.679 0.01399
-0.02806 0.03950 0.03979 0.06270 0.05398 0.630 0.147 1232.709 0.01402
-0.02811 0.03957 0.03987 0.06281 0.05509 0.928 0.170 1232.739 0.01404
-0.02816 0.03964 0.03994 0.06292 0.05619 0.710 0.153 1232.769 0.01407
-0.02821 0.03971 0.04001 0.06303 0.05729 1.227 0.189 1232.799 0.01409
-0.02826 0.03978 0.04008 0.06314 0.05840 1.189 0.186 1232.829 0.01411
-0.02831 0.03985 0.04015 0.06325 0.05950 1.090 0.180 1232.859 0.01414
-0.02836 0.03992 0.04022 0.06336 0.06060 1.229 0.189 1232.889 0.01416
-0.02841 0.03999 0.04029 0.06347 0.06170 0.989 0.174 1232.918 0.01419
-0.02846 0.04006 0.04036 0.06358 0.06281 0.927 0.170 1232.948 0.01421
-0.02851 0.04013 0.04043 0.06370 0.06391 0.986 0.174 1232.978 0.01424
-0.02856 0.04020 0.04050 0.06381 0.06501 1.126 0.183 1233.008 0.01426
-0.02861 0.04027 0.04057 0.06392 0.06612 1.065 0.179 1233.038 0.01429
-0.02865 0.04034 0.04064 0.06403 0.06722 1.004 0.175 1233.068 0.01431
-0.02870 0.04041 0.04071 0.06414 0.06832 0.906 0.168 1233.098 0.01434
-0.02875 0.04048 0.04078 0.06425 0.06943 0.905 0.168 1233.128 0.01436
-0.02880 0.04055 0.04085 0.06436 0.07053 0.882 0.167 1233.157 0.01439
-0.02885 0.04062 0.04092 0.06447 0.07163 1.163 0.185 1233.187 0.01441
-0.02890 0.04069 0.04099 0.06459 0.07274 0.781 0.160 1233.217 0.01443
-0.02895 0.04076 0.04106 0.06470 0.07384 0.780 0.160 1233.247 0.01446
-0.02900 0.04083 0.04113 0.06481 0.07494 0.762 0.158 1233.277 0.01448
-0.02905 0.04090 0.04121 0.06492 0.07605 0.963 0.173 1233.307 0.01451
-0.02910 0.04097 0.04128 0.06503 0.07715 0.943 0.171 1233.337 0.01453
-0.02915 0.04104 0.04135 0.06514 0.07825 0.924 0.170 1233.367 0.01456
-0.02920 0.04111 0.04142 0.06525 0.07936 0.963 0.172 1233.397 0.01458
-0.02925 0.04118 0.04149 0.06536 0.08046 0.903 0.169 1233.426 0.01461
-0.02930 0.04125 0.04156 0.06547 0.08156 0.863 0.166 1233.456 0.01463
-0.02935 0.04132 0.04163 0.06559 0.08267 1.020 0.177 1233.486 0.01466
-0.02940 0.04139 0.04170 0.06570 0.08377 0.779 0.160 1233.516 0.01468
-0.02945 0.04146 0.04177 0.06581 0.08488 1.260 0.191 1233.546 0.01470
-0.02950 0.04153 0.04184 0.06592 0.08598 0.821 0.163 1233.576 0.01473
-0.02955 0.04160 0.04191 0.06603 0.08708 1.042 0.178 1233.606 0.01475
-0.02960 0.04167 0.04198 0.06614 0.08819 0.881 0.167 1233.636 0.01478
-0.02965 0.04174 0.04205 0.06625 0.08929 0.802 0.161 1233.665 0.01480
-0.02970 0.04181 0.04212 0.06636 0.09040 1.161 0.185 1233.695 0.01483
-0.02975 0.04188 0.04219 0.06648 0.09150 1.140 0.184 1233.725 0.01485
-0.02980 0.04195 0.04226 0.06659 0.09260 0.963 0.173 1233.755 0.01488
-0.02985 0.04202 0.04233 0.06670 0.09371 1.122 0.183 1233.785 0.01490
-0.02990 0.04209 0.04241 0.06681 0.09481 1.024 0.177 1233.815 0.01493
-0.02995 0.04216 0.04248 0.06692 0.09592 0.763 0.158 1233.845 0.01495
-0.03000 0.04223 0.04255 0.06703 0.09702 1.063 0.179 1233.875 0.01497
-0.03005 0.04230 0.04262 0.06714 0.09813 0.803 0.161 1233.904 0.01500
-0.03010 0.04237 0.04269 0.06725 0.09923 1.143 0.184 1233.934 0.01502
-0.03015 0.04244 0.04276 0.06737 0.10033 0.926 0.170 1233.964 0.01505
-0.03020 0.04251 0.04283 0.06748 0.10144 1.006 0.175 1233.994 0.01507
-0.03025 0.04258 0.04290 0.06759 0.10254 0.986 0.174 1234.024 0.01510
-0.03030 0.04265 0.04297 0.06770 0.10365 0.788 0.160 1234.054 0.01512
-0.03035 0.04272 0.04304 0.06781 0.10475 0.929 0.170 1234.084 0.01515
-0.03040 0.04279 0.04311 0.06792 0.10586 0.670 0.151 1234.114 0.01517
-0.03045 0.04286 0.04318 0.06803 0.10696 1.051 0.178 1234.143 0.01520
-0.03050 0.04293 0.04325 0.06814 0.10807 0.776 0.158 1234.173 0.01522
-0.03055 0.04300 0.04332 0.06826 0.10917 0.921 0.170 1234.203 0.01525
-0.03060 0.04307 0.04339 0.06837 0.11028 1.077 0.180 1234.233 0.01527
-0.03065 0.04314 0.04347 0.06848 0.11138 1.050 0.179 1234.263 0.01529
-0.03070 0.04321 0.04354 0.06859 0.11248 1.398 0.201 1234.293 0.01532
-0.03075 0.04328 0.04361 0.06870 0.11359 0.995 0.175 1234.323 0.01534
-0.03080 0.04335 0.04368 0.06881 0.11469 1.041 0.177 1234.353 0.01537
-0.03085 0.04342 0.04375 0.06892 0.11580 1.019 0.177 1234.383 0.01539
-0.03089 0.04349 0.04382 0.06904 0.11690 1.132 0.183 1234.412 0.01542
-0.03094 0.04356 0.04389 0.06915 0.11801 0.924 0.170 1234.442 0.01544
-0.03099 0.04363 0.04396 0.06926 0.11911 1.334 0.197 1234.472 0.01547
-0.03104 0.04370 0.04403 0.06937 0.12022 0.683 0.152 1234.502 0.01549
-0.03109 0.04377 0.04410 0.06948 0.12132 1.004 0.175 1234.532 0.01552
-0.03114 0.04384 0.04417 0.06959 0.12243 1.207 0.188 1234.562 0.01554
-0.03119 0.04391 0.04424 0.06970 0.12354 1.171 0.186 1234.592 0.01556
-0.03124 0.04398 0.04431 0.06981 0.12464 0.861 0.164 1234.622 0.01559
-0.03129 0.04405 0.04438 0.06993 0.12575 1.041 0.176 1234.651 0.01561
-0.03134 0.04412 0.04445 0.07004 0.12685 1.142 0.184 1234.681 0.01564
-0.03139 0.04419 0.04453 0.07015 0.12796 0.876 0.165 1234.711 0.01566
-0.03144 0.04426 0.04460 0.07026 0.12906 0.692 0.152 1234.741 0.01569
-0.03149 0.04433 0.04467 0.07037 0.13017 0.749 0.156 1234.771 0.01571
-0.03154 0.04440 0.04474 0.07048 0.13127 0.352 0.120 1234.801 0.01574
-0.03159 0.04447 0.04481 0.07059 0.13238 0.411 0.128 1234.831 0.01576
-0.03164 0.04454 0.04488 0.07071 0.13348 0.190 0.103 1234.861 0.01579
-0.03169 0.04461 0.04495 0.07082 0.13459 0.469 0.134 1234.890 0.01581
-0.03174 0.04468 0.04502 0.07093 0.13570 0.468 0.134 1234.920 0.01584
-0.03179 0.04475 0.04509 0.07104 0.13680 0.330 0.118 1234.950 0.01586
-0.03184 0.04482 0.04516 0.07115 0.13791 0.568 0.143 1234.980 0.01588
-0.03189 0.04489 0.04523 0.07126 0.13901 0.309 0.117 1235.010 0.01591
-0.03194 0.04496 0.04530 0.07137 0.14012 0.567 0.142 1235.040 0.01593
-0.03199 0.04503 0.04537 0.07149 0.14122 0.463 0.134 1235.070 0.01596
-0.03204 0.04510 0.04544 0.07160 0.14233 0.427 0.129 1235.100 0.01598
-0.03209 0.04517 0.04551 0.07171 0.14344 0.386 0.126 1235.129 0.01601
-0.03214 0.04524 0.04559 0.07182 0.14454 0.407 0.128 1235.159 0.01603
-0.03219 0.04531 0.04566 0.07193 0.14565 0.348 0.122 1235.189 0.01606
-0.03224 0.04538 0.04573 0.07204 0.14675 0.189 0.103 1235.219 0.01608
-0.03229 0.04545 0.04580 0.07215 0.14786 0.129 0.094 1235.249 0.01611
-0.03234 0.04552 0.04587 0.07227 0.14897 0.208 0.101 1235.279 0.01613
-0.03239 0.04559 0.04594 0.07238 0.15007 0.148 0.097 1235.309 0.01615
-0.03244 0.04566 0.04601 0.07249 0.15118 0.229 0.108 1235.339 0.01618
-0.03249 0.04573 0.04608 0.07260 0.15228 0.288 0.115 1235.369 0.01620
-0.03254 0.04580 0.04615 0.07271 0.15339 0.506 0.137 1235.398 0.01623
-0.03259 0.04588 0.04622 0.07282 0.15450 0.424 0.129 1235.428 0.01625
-0.03264 0.04595 0.04629 0.07293 0.15560 0.801 0.161 1235.458 0.01628
-0.03269 0.04602 0.04636 0.07305 0.15671 0.602 0.145 1235.488 0.01630
-0.03274 0.04609 0.04643 0.07316 0.15782 1.039 0.178 1235.518 0.01633
-0.03279 0.04616 0.04651 0.07327 0.15892 0.879 0.167 1235.548 0.01635
-0.03284 0.04623 0.04658 0.07338 0.16003 0.979 0.174 1235.578 0.01638
-0.03289 0.04630 0.04665 0.07349 0.16114 0.840 0.164 1235.608 0.01640
-0.03294 0.04637 0.04672 0.07360 0.16224 0.899 0.168 1235.637 0.01643
-0.03299 0.04644 0.04679 0.07371 0.16335 1.077 0.180 1235.667 0.01645
-0.03304 0.04651 0.04686 0.07383 0.16446 1.156 0.185 1235.697 0.01647
-0.03309 0.04658 0.04693 0.07394 0.16556 1.159 0.185 1235.727 0.01650
-0.03314 0.04665 0.04700 0.07405 0.16667 1.278 0.180 1235.757 0.01652
-0.03319 0.04672 0.04707 0.07416 0.16778 1.040 0.177 1235.787 0.01655
-0.03324 0.04679 0.04714 0.07427 0.16888 1.019 0.176 1235.817 0.01657
-0.03329 0.04686 0.04721 0.07438 0.16999 1.220 0.175 1235.847 0.01660
-0.03334 0.04693 0.04728 0.07450 0.17110 1.219 0.188 1235.876 0.01662
-0.03339 0.04700 0.04735 0.07461 0.17220 1.021 0.175 1235.906 0.01665
-0.03344 0.04707 0.04743 0.07472 0.17331 1.039 0.177 1235.936 0.01667
-0.03349 0.04714 0.04750 0.07483 0.17442 0.900 0.168 1235.966 0.01670
-0.03354 0.04721 0.04757 0.07494 0.17553 0.998 0.175 1235.996 0.01672
-0.03359 0.04728 0.04764 0.07505 0.17663 1.101 0.181 1236.026 0.01674
-0.03364 0.04735 0.04771 0.07516 0.17774 0.963 0.172 1236.056 0.01677
-0.03369 0.04742 0.04778 0.07528 0.17885 0.824 0.162 1236.086 0.01679
-0.03374 0.04749 0.04785 0.07539 0.17995 1.022 0.176 1236.115 0.01682
-0.03379 0.04756 0.04792 0.07550 0.18106 1.060 0.178 1236.145 0.01684
-0.03384 0.04763 0.04799 0.07561 0.18217 0.760 0.158 1236.175 0.01687
-0.03389 0.04770 0.04806 0.07572 0.18328 0.977 0.173 1236.205 0.01689
-0.03394 0.04777 0.04813 0.07583 0.18438 0.759 0.158 1236.235 0.01692
-0.03399 0.04784 0.04820 0.07595 0.18549 1.038 0.177 1236.265 0.01694
-0.03404 0.04791 0.04828 0.07606 0.18660 0.961 0.171 1236.295 0.01697
-0.03409 0.04798 0.04835 0.07617 0.18771 0.981 0.173 1236.325 0.01699
-0.03414 0.04805 0.04842 0.07628 0.18881 1.017 0.176 1236.355 0.01701
-0.03419 0.04812 0.04849 0.07639 0.18992 0.860 0.165 1236.384 0.01704
-0.03424 0.04819 0.04856 0.07650 0.19103 0.980 0.173 1236.414 0.01706
-0.03429 0.04826 0.04863 0.07661 0.19214 0.939 0.171 1236.444 0.01709
-0.03434 0.04833 0.04870 0.07673 0.19324 0.841 0.163 1236.474 0.01711
-0.03439 0.04840 0.04877 0.07684 0.19435 0.842 0.163 1236.504 0.01714
-0.03444 0.04847 0.04884 0.07695 0.19546 0.884 0.166 1236.534 0.01716
-0.03449 0.04855 0.04891 0.07706 0.19657 0.962 0.172 1236.564 0.01719
-0.03454 0.04862 0.04898 0.07717 0.19768 0.741 0.156 1236.594 0.01721
-0.03459 0.04869 0.04905 0.07728 0.19878 0.681 0.151 1236.623 0.01724
-0.03464 0.04876 0.04913 0.07740 0.19989 0.900 0.168 1236.653 0.01726
-0.03469 0.04883 0.04920 0.07751 0.20100 1.060 0.178 1236.683 0.01729
-0.03474 0.04890 0.04927 0.07762 0.20211 1.084 0.180 1236.713 0.01731
-0.03479 0.04897 0.04934 0.07773 0.20322 0.848 0.163 1236.743 0.01733
-0.03484 0.04904 0.04941 0.07784 0.20432 0.733 0.155 1236.773 0.01736
-0.03489 0.04911 0.04948 0.07795 0.20543 0.886 0.168 1236.803 0.01738
-0.03494 0.04918 0.04955 0.07807 0.20654 1.208 0.188 1236.833 0.01741
-0.03499 0.04925 0.04962 0.07818 0.20765 1.015 0.177 1236.862 0.01743
-0.03504 0.04932 0.04969 0.07829 0.20876 0.795 0.159 1236.892 0.01746
-0.03509 0.04939 0.04976 0.07840 0.20987 1.000 0.175 1236.922 0.01748
-0.03514 0.04946 0.04983 0.07851 0.21097 0.925 0.169 1236.952 0.01751
-0.03519 0.04953 0.04990 0.07862 0.21208 0.725 0.153 1236.982 0.01753
-0.03524 0.04960 0.04998 0.07874 0.21319 0.910 0.169 1237.012 0.01756
-0.03529 0.04967 0.05005 0.07885 0.21430 1.040 0.176 1237.042 0.01758
-0.03534 0.04974 0.05012 0.07896 0.21541 1.217 0.188 1237.072 0.01760
-0.03539 0.04981 0.05019 0.07907 0.21652 1.000 0.174 1237.101 0.01763
-0.03544 0.04988 0.05026 0.07918 0.21762 1.211 0.188 1237.131 0.01765
-0.03549 0.04995 0.05033 0.07929 0.21873 1.057 0.178 1237.161 0.01768
-0.03554 0.05002 0.05040 0.07941 0.21984 0.845 0.163 1237.191 0.01770
-0.03559 0.05009 0.05047 0.07952 0.22095 0.900 0.166 1237.221 0.01773
-0.03564 0.05016 0.05054 0.07963 0.22206 1.118 0.182 1237.251 0.01775
-0.03569 0.05023 0.05061 0.07974 0.22317 0.821 0.162 1237.281 0.01778
-0.03574 0.05030 0.05068 0.07985 0.22428 1.158 0.184 1237.311 0.01780
-0.03579 0.05037 0.05076 0.07996 0.22539 1.158 0.184 1237.341 0.01783
-0.03584 0.05044 0.05083 0.08008 0.22650 1.139 0.183 1237.370 0.01785
-0.03589 0.05052 0.05090 0.08019 0.22760 0.843 0.163 1237.400 0.01788
-0.03594 0.05059 0.05097 0.08030 0.22871 1.022 0.175 1237.430 0.01790
-0.03599 0.05066 0.05104 0.08041 0.22982 0.887 0.165 1237.460 0.01792
-0.03604 0.05073 0.05111 0.08052 0.23093 1.044 0.176 1237.490 0.01795
-0.03609 0.05080 0.05118 0.08064 0.23204 0.886 0.166 1237.520 0.01797
-0.03614 0.05087 0.05125 0.08075 0.23315 1.319 0.193 1237.550 0.01800
-0.03619 0.05094 0.05132 0.08086 0.23426 1.082 0.179 1237.580 0.01802
-0.03624 0.05101 0.05139 0.08097 0.23537 1.381 0.198 1237.609 0.01805
-0.03629 0.05108 0.05146 0.08108 0.23648 1.157 0.184 1237.639 0.01807
-0.03634 0.05115 0.05154 0.08119 0.23759 1.101 0.180 1237.669 0.01810
-0.03639 0.05122 0.05161 0.08131 0.23870 1.327 0.194 1237.699 0.01812
-0.03644 0.05129 0.05168 0.08142 0.23981 0.961 0.172 1237.729 0.01815
-0.03649 0.05136 0.05175 0.08153 0.24092 0.930 0.170 1237.759 0.01817
-0.03654 0.05143 0.05182 0.08164 0.24202 0.866 0.164 1237.789 0.01819
-0.03659 0.05150 0.05189 0.08175 0.24313 1.158 0.185 1237.819 0.01822
-0.03664 0.05157 0.05196 0.08186 0.24424 0.924 0.170 1237.848 0.01824
-0.03669 0.05164 0.05203 0.08198 0.24535 1.070 0.179 1237.878 0.01827
-0.03674 0.05171 0.05210 0.08209 0.24646 1.116 0.181 1237.908 0.01829
-0.03679 0.05178 0.05217 0.08220 0.24757 1.108 0.181 1237.938 0.01832
-0.03684 0.05185 0.05225 0.08231 0.24868 1.024 0.175 1237.968 0.01834
-0.03689 0.05192 0.05232 0.08242 0.24979 0.878 0.167 1237.998 0.01837
-0.03694 0.05199 0.05239 0.08254 0.25090 0.963 0.171 1238.028 0.01839
-0.03699 0.05206 0.05246 0.08265 0.25201 1.317 0.181 1238.058 0.01842
-0.03704 0.05213 0.05253 0.08276 0.25312 0.857 0.165 1238.087 0.01844
-0.03709 0.05221 0.05260 0.08287 0.25423 0.961 0.171 1238.117 0.01847
-0.03714 0.05228 0.05267 0.08298 0.25534 1.050 0.177 1238.147 0.01849
-0.03719 0.05235 0.05274 0.08309 0.25645 0.813 0.161 1238.177 0.01851
-0.03724 0.05242 0.05281 0.08321 0.25756 1.067 0.178 1238.207 0.01854
-0.03729 0.05249 0.05288 0.08332 0.25867 0.870 0.165 1238.237 0.01856
-0.03734 0.05256 0.05296 0.08343 0.25978 0.790 0.160 1238.267 0.01859
-0.03739 0.05263 0.05303 0.08354 0.26089 1.064 0.178 1238.297 0.01861
-0.03744 0.05270 0.05310 0.08365 0.26200 0.886 0.166 1238.327 0.01864
-0.03749 0.05277 0.05317 0.08377 0.26311 0.984 0.173 1238.356 0.01866
-0.03754 0.05284 0.05324 0.08388 0.26422 1.058 0.178 1238.386 0.01869
-0.03759 0.05291 0.05331 0.08399 0.26533 1.078 0.179 1238.416 0.01871
-0.03764 0.05298 0.05338 0.08410 0.26644 0.802 0.161 1238.446 0.01874
-0.03769 0.05305 0.05345 0.08421 0.26755 1.232 0.189 1238.476 0.01876
-0.03774 0.05312 0.05352 0.08432 0.26866 0.978 0.173 1238.506 0.01878
-0.03779 0.05319 0.05359 0.08444 0.26978 0.975 0.173 1238.536 0.01881
-0.03784 0.05326 0.05367 0.08455 0.27089 0.919 0.169 1238.566 0.01883
-0.03789 0.05333 0.05374 0.08466 0.27200 1.095 0.181 1238.595 0.01886
-0.03794 0.05340 0.05381 0.08477 0.27311 0.861 0.165 1238.625 0.01888
-0.03799 0.05347 0.05388 0.08488 0.27422 0.979 0.173 1238.655 0.01891
-0.03804 0.05354 0.05395 0.08500 0.27533 0.685 0.152 1238.685 0.01893
-0.03809 0.05361 0.05402 0.08511 0.27644 0.997 0.174 1238.715 0.01896
-0.03814 0.05369 0.05409 0.08522 0.27755 0.935 0.168 1238.745 0.01898
-0.03819 0.05376 0.05416 0.08533 0.27866 1.072 0.179 1238.775 0.01901
-0.03824 0.05383 0.05423 0.08544 0.27977 0.759 0.158 1238.805 0.01903
-0.03829 0.05390 0.05430 0.08556 0.28088 0.755 0.155 1238.834 0.01905
-0.03834 0.05397 0.05438 0.08567 0.28199 1.048 0.178 1238.864 0.01908
-0.03839 0.05404 0.05445 0.08578 0.28310 1.167 0.185 1238.894 0.01910
-0.03844 0.05411 0.05452 0.08589 0.28422 1.244 0.190 1238.924 0.01913
-0.03849 0.05418 0.05459 0.08600 0.28533 1.072 0.179 1238.954 0.01915
-0.03854 0.05425 0.05466 0.08612 0.28644 1.129 0.183 1238.984 0.01918
-0.03859 0.05432 0.05473 0.08623 0.28755 0.952 0.171 1239.014 0.01920
-0.03864 0.05439 0.05480 0.08634 0.28866 1.186 0.186 1239.044 0.01923
-0.03869 0.05446 0.05487 0.08645 0.28977 1.185 0.186 1239.073 0.01925
-0.03874 0.05453 0.05494 0.08656 0.29088 1.088 0.180 1239.103 0.01928
-0.03879 0.05460 0.05501 0.08668 0.29199 0.973 0.172 1239.133 0.01930
-0.03884 0.05467 0.05509 0.08679 0.29310 0.836 0.163 1239.163 0.01933
-0.03889 0.05474 0.05516 0.08690 0.29422 1.091 0.180 1239.193 0.01935
-0.03894 0.05481 0.05523 0.08701 0.29533 0.819 0.162 1239.223 0.01937
-0.03899 0.05488 0.05530 0.08712 0.29644 1.133 0.182 1239.253 0.01940
-0.03904 0.05495 0.05537 0.08724 0.29755 1.134 0.182 1239.283 0.01942
-0.03909 0.05502 0.05544 0.08735 0.29866 0.900 0.167 1239.313 0.01945
-0.03914 0.05510 0.05551 0.08746 0.29977 1.056 0.177 1239.342 0.01947
-0.03919 0.05517 0.05558 0.08757 0.30089 1.076 0.179 1239.372 0.01950
-0.03924 0.05524 0.05565 0.08768 0.30200 1.175 0.184 1239.402 0.01952
-0.03929 0.05531 0.05573 0.08780 0.30311 1.097 0.180 1239.432 0.01955
-0.03934 0.05538 0.05580 0.08791 0.30422 1.136 0.182 1239.462 0.01957
-0.03939 0.05545 0.05587 0.08802 0.30533 0.921 0.168 1239.492 0.01960
-0.03944 0.05552 0.05594 0.08813 0.30644 0.958 0.171 1239.522 0.01962
-0.03949 0.05559 0.05601 0.08824 0.30756 0.979 0.172 1239.552 0.01964
-0.03954 0.05566 0.05608 0.08836 0.30867 0.843 0.163 1239.581 0.01967
-0.03959 0.05573 0.05615 0.08847 0.30978 0.862 0.164 1239.611 0.01969
-0.03964 0.05580 0.05622 0.08858 0.31089 1.018 0.174 1239.641 0.01972
-0.03969 0.05587 0.05629 0.08869 0.31200 0.997 0.173 1239.671 0.01974
-0.03974 0.05594 0.05637 0.08880 0.31312 0.747 0.156 1239.701 0.01977
-0.03979 0.05601 0.05644 0.08892 0.31423 0.749 0.155 1239.731 0.01979
-0.03984 0.05608 0.05651 0.08903 0.31534 0.883 0.165 1239.761 0.01982
-0.03989 0.05615 0.05658 0.08914 0.31645 1.018 0.174 1239.791 0.01984
-0.03994 0.05622 0.05665 0.08925 0.31756 0.981 0.172 1239.820 0.01987
-0.03999 0.05630 0.05672 0.08936 0.31868 0.827 0.161 1239.850 0.01989
-0.04004 0.05637 0.05679 0.08948 0.31979 1.098 0.179 1239.880 0.01992
-0.04009 0.05644 0.05686 0.08959 0.32090 1.072 0.177 1239.910 0.01994
-0.04014 0.05651 0.05693 0.08970 0.32201 0.883 0.165 1239.940 0.01996
-0.04019 0.05658 0.05701 0.08981 0.32313 0.984 0.172 1239.970 0.01999
-0.04024 0.05665 0.05708 0.08992 0.32424 0.970 0.170 1240.000 0.02001
-0.04029 0.05672 0.05715 0.09004 0.32535 1.165 0.170 1240.030 0.02004
-0.04034 0.05679 0.05722 0.09015 0.32646 0.887 0.165 1240.059 0.02006
-0.04039 0.05686 0.05729 0.09026 0.32758 1.269 0.190 1240.089 0.02009
-0.04044 0.05693 0.05736 0.09037 0.32869 0.997 0.171 1240.119 0.02011
-0.04049 0.05700 0.05743 0.09048 0.32980 0.888 0.165 1240.149 0.02014
-0.04054 0.05707 0.05750 0.09060 0.33091 0.913 0.166 1240.179 0.02016
-0.04059 0.05714 0.05758 0.09071 0.33203 0.983 0.171 1240.209 0.02019
-0.04064 0.05721 0.05765 0.09082 0.33314 1.303 0.179 1240.239 0.02021
-0.04069 0.05728 0.05772 0.09093 0.33425 1.236 0.188 1240.269 0.02023
-0.04074 0.05735 0.05779 0.09105 0.33537 0.956 0.170 1240.299 0.02026
-0.04080 0.05743 0.05786 0.09116 0.33648 1.022 0.174 1240.328 0.02028
-0.04085 0.05750 0.05793 0.09127 0.33759 0.946 0.169 1240.358 0.02031
-0.04090 0.05757 0.05800 0.09138 0.33870 0.780 0.158 1240.388 0.02033
-0.04095 0.05764 0.05807 0.09149 0.33982 0.894 0.166 1240.418 0.02036
-0.04100 0.05771 0.05814 0.09161 0.34093 1.106 0.180 1240.448 0.02038
-0.04105 0.05778 0.05822 0.09172 0.34204 1.029 0.175 1240.478 0.02041
-0.04110 0.05785 0.05829 0.09183 0.34316 0.895 0.166 1240.508 0.02043
-0.04115 0.05792 0.05836 0.09194 0.34427 0.854 0.163 1240.538 0.02046
-0.04120 0.05799 0.05843 0.09205 0.34538 0.930 0.169 1240.567 0.02048
-0.04125 0.05806 0.05850 0.09217 0.34650 1.008 0.174 1240.597 0.02050
-0.04130 0.05813 0.05857 0.09228 0.34761 0.739 0.155 1240.627 0.02053
-0.04135 0.05820 0.05864 0.09239 0.34872 0.737 0.155 1240.657 0.02055
-0.04140 0.05827 0.05871 0.09250 0.34984 0.833 0.162 1240.687 0.02058
-0.04145 0.05834 0.05879 0.09262 0.35095 0.735 0.155 1240.717 0.02060
-0.04150 0.05841 0.05886 0.09273 0.35206 0.448 0.130 1240.747 0.02063
-0.04155 0.05848 0.05893 0.09284 0.35318 0.718 0.153 1240.777 0.02065
-0.04160 0.05856 0.05900 0.09295 0.35429 0.912 0.167 1240.806 0.02068
-0.04165 0.05863 0.05907 0.09306 0.35540 0.775 0.157 1240.836 0.02070
-0.04170 0.05870 0.05914 0.09318 0.35652 0.679 0.150 1240.866 0.02073
-0.04175 0.05877 0.05921 0.09329 0.35763 0.831 0.162 1240.896 0.02075
-0.04180 0.05884 0.05928 0.09340 0.35874 0.948 0.170 1240.926 0.02078
-0.04185 0.05891 0.05935 0.09351 0.35986 0.791 0.159 1240.956 0.02080
-0.04190 0.05898 0.05943 0.09362 0.36097 0.580 0.140 1240.986 0.02082
-0.04195 0.05905 0.05950 0.09374 0.36209 0.578 0.142 1241.016 0.02085
-0.04200 0.05912 0.05957 0.09385 0.36320 0.789 0.159 1241.045 0.02087
-0.04205 0.05919 0.05964 0.09396 0.36431 0.692 0.151 1241.075 0.02090
-0.04210 0.05926 0.05971 0.09407 0.36543 0.827 0.161 1241.105 0.02092
-0.04215 0.05933 0.05978 0.09419 0.36654 1.059 0.177 1241.135 0.02095
-0.04220 0.05940 0.05985 0.09430 0.36766 1.001 0.173 1241.165 0.02097
-0.04225 0.05947 0.05992 0.09441 0.36877 1.193 0.185 1241.195 0.02100
-0.04230 0.05955 0.06000 0.09452 0.36988 1.059 0.177 1241.225 0.02102
-0.04235 0.05962 0.06007 0.09463 0.37100 0.982 0.172 1241.255 0.02105
-0.04240 0.05969 0.06014 0.09475 0.37211 1.041 0.175 1241.285 0.02107
-0.04245 0.05976 0.06021 0.09486 0.37323 1.253 0.176 1241.314 0.02109
-0.04250 0.05983 0.06028 0.09497 0.37434 1.024 0.174 1241.344 0.02112
-0.04255 0.05990 0.06035 0.09508 0.37545 0.929 0.167 1241.374 0.02114
-0.04260 0.05997 0.06042 0.09520 0.37657 1.217 0.186 1241.404 0.02117
-0.04265 0.06004 0.06049 0.09531 0.37768 1.160 0.183 1241.434 0.02119
-0.04270 0.06011 0.06057 0.09542 0.37880 1.045 0.175 1241.464 0.02122
-0.04275 0.06018 0.06064 0.09553 0.37991 1.121 0.180 1241.494 0.02124
-0.04280 0.06025 0.06071 0.09565 0.38103 1.157 0.182 1241.524 0.02127
-0.04285 0.06032 0.06078 0.09576 0.38214 1.198 0.185 1241.553 0.02129
-0.04290 0.06039 0.06085 0.09587 0.38326 1.099 0.179 1241.583 0.02132
-0.04295 0.06046 0.06092 0.09598 0.38437 1.136 0.181 1241.613 0.02134
-0.04300 0.06054 0.06099 0.09609 0.38549 1.212 0.186 1241.643 0.02137
-0.04305 0.06061 0.06106 0.09621 0.38660 1.061 0.176 1241.673 0.02139
-0.04311 0.06068 0.06114 0.09632 0.38771 1.021 0.174 1241.703 0.02141
-0.04316 0.06075 0.06121 0.09643 0.38883 0.943 0.169 1241.733 0.02144
-0.04321 0.06082 0.06128 0.09654 0.38994 1.134 0.181 1241.763 0.02146
-0.04326 0.06089 0.06135 0.09666 0.39106 1.000 0.172 1241.792 0.02149
-0.04331 0.06096 0.06142 0.09677 0.39217 1.037 0.175 1241.822 0.02151
-0.04336 0.06103 0.06149 0.09688 0.39329 1.134 0.181 1241.852 0.02154
-0.04341 0.06110 0.06156 0.09699 0.39440 0.867 0.163 1241.882 0.02156
-0.04346 0.06117 0.06164 0.09711 0.39552 1.132 0.181 1241.912 0.02159
-0.04351 0.06124 0.06171 0.09722 0.39663 1.400 0.197 1241.942 0.02161
-0.04356 0.06131 0.06178 0.09733 0.39775 0.944 0.168 1241.972 0.02164
-0.04361 0.06138 0.06185 0.09744 0.39886 0.770 0.156 1242.002 0.02166
-0.04366 0.06146 0.06192 0.09755 0.39998 0.847 0.162 1242.031 0.02168
-0.04371 0.06153 0.06199 0.09767 0.40109 0.829 0.160 1242.061 0.02171
-0.04376 0.06160 0.06206 0.09778 0.40221 0.903 0.166 1242.091 0.02173
-0.04381 0.06167 0.06213 0.09789 0.40332 0.942 0.168 1242.121 0.02176
-0.04386 0.06174 0.06221 0.09800 0.40444 0.978 0.171 1242.151 0.02178
-0.04391 0.06181 0.06228 0.09812 0.40556 1.149 0.169 1242.181 0.02181
-0.04396 0.06188 0.06235 0.09823 0.40667 1.015 0.173 1242.211 0.02183
-0.04401 0.06195 0.06242 0.09834 0.40779 0.900 0.166 1242.241 0.02186
-0.04406 0.06202 0.06249 0.09845 0.40890 0.976 0.170 1242.271 0.02188
-0.04411 0.06209 0.06256 0.09857 0.41002 0.652 0.147 1242.300 0.02191
-0.04416 0.06216 0.06263 0.09868 0.41113 1.032 0.174 1242.330 0.02193
-0.04421 0.06223 0.06271 0.09879 0.41225 0.880 0.164 1242.360 0.02196
-0.04426 0.06230 0.06278 0.09890 0.41336 0.898 0.165 1242.390 0.02198
-0.04431 0.06238 0.06285 0.09902 0.41448 0.937 0.168 1242.420 0.02200
-0.04436 0.06245 0.06292 0.09913 0.41560 0.726 0.153 1242.450 0.02203
-0.04441 0.06252 0.06299 0.09924 0.41671 0.765 0.156 1242.480 0.02205
-0.04446 0.06259 0.06306 0.09935 0.41783 1.505 0.202 1242.510 0.02208
-0.04451 0.06266 0.06313 0.09947 0.41894 0.909 0.165 1242.539 0.02210
-0.04456 0.06273 0.06320 0.09958 0.42006 1.116 0.179 1242.569 0.02213
-0.04461 0.06280 0.06328 0.09969 0.42117 0.730 0.151 1242.599 0.02215
-0.04466 0.06287 0.06335 0.09980 0.42229 0.940 0.168 1242.629 0.02218
-0.04471 0.06294 0.06342 0.09992 0.42341 0.815 0.157 1242.659 0.02220
-0.04476 0.06301 0.06349 0.10003 0.42452 1.039 0.173 1242.689 0.02223
-0.04482 0.06308 0.06356 0.10014 0.42564 0.986 0.170 1242.719 0.02225
-0.04487 0.06315 0.06363 0.10025 0.42675 1.014 0.173 1242.749 0.02227
-0.04492 0.06323 0.06370 0.10036 0.42787 0.966 0.169 1242.778 0.02230
-0.04497 0.06330 0.06378 0.10048 0.42899 0.760 0.154 1242.808 0.02232
-0.04502 0.06337 0.06385 0.10059 0.43010 1.033 0.172 1242.838 0.02235
-0.04507 0.06344 0.06392 0.10070 0.43122 0.877 0.164 1242.868 0.02237
-0.04512 0.06351 0.06399 0.10081 0.43234 1.054 0.174 1242.898 0.02240
-0.04517 0.06358 0.06406 0.10093 0.43345 1.205 0.183 1242.928 0.02242
-0.04522 0.06365 0.06413 0.10104 0.43457 1.120 0.179 1242.958 0.02245
-0.04527 0.06372 0.06420 0.10115 0.43569 1.049 0.175 1242.988 0.02247
-0.04532 0.06379 0.06428 0.10126 0.43680 0.951 0.169 1243.017 0.02250
-0.04537 0.06386 0.06435 0.10138 0.43792 1.101 0.179 1243.047 0.02252
-0.04542 0.06393 0.06442 0.10149 0.43903 0.704 0.151 1243.077 0.02254
-0.04547 0.06401 0.06449 0.10160 0.44015 0.800 0.158 1243.107 0.02257
-0.04552 0.06408 0.06456 0.10171 0.44127 0.630 0.145 1243.137 0.02259
-0.04557 0.06415 0.06463 0.10183 0.44238 0.536 0.137 1243.167 0.02262
-0.04562 0.06422 0.06470 0.10194 0.44350 0.647 0.147 1243.197 0.02264
-0.04567 0.06429 0.06478 0.10205 0.44462 0.573 0.140 1243.227 0.02267
-0.04572 0.06436 0.06485 0.10216 0.44574 0.685 0.150 1243.257 0.02269
-0.04577 0.06443 0.06492 0.10228 0.44685 0.759 0.155 1243.286 0.02272
-0.04582 0.06450 0.06499 0.10239 0.44797 0.627 0.143 1243.316 0.02274
-0.04587 0.06457 0.06506 0.10250 0.44909 0.990 0.171 1243.346 0.02277
-0.04592 0.06464 0.06513 0.10261 0.45020 0.911 0.166 1243.376 0.02279
-0.04597 0.06471 0.06520 0.10273 0.45132 0.630 0.144 1243.406 0.02282
-0.04602 0.06478 0.06528 0.10284 0.45244 0.874 0.163 1243.436 0.02284
-0.04607 0.06486 0.06535 0.10295 0.45355 0.986 0.171 1243.466 0.02286
-0.04612 0.06493 0.06542 0.10307 0.45467 0.799 0.158 1243.496 0.02289
-0.04617 0.06500 0.06549 0.10318 0.45579 0.781 0.156 1243.525 0.02291
-0.04622 0.06507 0.06556 0.10329 0.45691 0.819 0.159 1243.555 0.02294
-0.04628 0.06514 0.06563 0.10340 0.45802 1.175 0.183 1243.585 0.02296
-0.04633 0.06521 0.06570 0.10352 0.45914 0.914 0.166 1243.615 0.02299
-0.04638 0.06528 0.06578 0.10363 0.46026 1.006 0.172 1243.645 0.02301
-0.04643 0.06535 0.06585 0.10374 0.46137 1.193 0.184 1243.675 0.02304
-0.04648 0.06542 0.06592 0.10385 0.46249 0.740 0.154 1243.705 0.02306
-0.04653 0.06549 0.06599 0.10397 0.46361 0.891 0.164 1243.735 0.02309
-0.04658 0.06556 0.06606 0.10408 0.46473 1.324 0.191 1243.764 0.02311
-0.04663 0.06564 0.06613 0.10419 0.46584 0.892 0.164 1243.794 0.02313
-0.04668 0.06571 0.06620 0.10430 0.46696 1.060 0.175 1243.824 0.02316
-0.04673 0.06578 0.06628 0.10442 0.46808 0.852 0.162 1243.854 0.02318
-0.04678 0.06585 0.06635 0.10453 0.46920 0.948 0.168 1243.884 0.02321
-0.04683 0.06592 0.06642 0.10464 0.47031 0.853 0.161 1243.914 0.02323
-0.04688 0.06599 0.06649 0.10475 0.47143 1.171 0.182 1243.944 0.02326
-0.04693 0.06606 0.06656 0.10487 0.47255 0.945 0.168 1243.974 0.02328
-0.04698 0.06613 0.06663 0.10498 0.47367 1.002 0.172 1244.003 0.02331
-0.04703 0.06620 0.06670 0.10509 0.47479 1.038 0.174 1244.033 0.02333
-0.04708 0.06627 0.06678 0.10520 0.47590 1.205 0.184 1244.063 0.02336
-0.04713 0.06635 0.06685 0.10532 0.47702 1.130 0.180 1244.093 0.02338
-0.04718 0.06642 0.06692 0.10543 0.47814 0.905 0.165 1244.123 0.02341
-0.04723 0.06649 0.06699 0.10554 0.47926 1.187 0.183 1244.153 0.02343
-0.04728 0.06656 0.06706 0.10565 0.48038 1.037 0.174 1244.183 0.02345
-0.04733 0.06663 0.06713 0.10577 0.48149 0.905 0.165 1244.213 0.02348
-0.04738 0.06670 0.06720 0.10588 0.48261 0.980 0.170 1244.243 0.02350
-0.04743 0.06677 0.06728 0.10599 0.48373 0.999 0.157 1244.272 0.02353
-0.04748 0.06684 0.06735 0.10611 0.48485 0.700 0.150 1244.302 0.02355
-0.04754 0.06691 0.06742 0.10622 0.48597 0.923 0.166 1244.332 0.02358
-0.04759 0.06698 0.06749 0.10633 0.48708 0.849 0.161 1244.362 0.02360
-0.04764 0.06705 0.06756 0.10644 0.48820 0.849 0.161 1244.392 0.02363
-0.04769 0.06713 0.06763 0.10656 0.48932 1.055 0.161 1244.422 0.02365
-0.04774 0.06720 0.06771 0.10667 0.49044 0.849 0.161 1244.452 0.02368
-0.04779 0.06727 0.06778 0.10678 0.49156 0.905 0.165 1244.482 0.02370
-0.04784 0.06734 0.06785 0.10689 0.49268 0.849 0.161 1244.511 0.02372
-0.04789 0.06741 0.06792 0.10701 0.49379 0.980 0.170 1244.541 0.02375
-0.04794 0.06748 0.06799 0.10712 0.49491 1.037 0.174 1244.571 0.02377
-0.04799 0.06755 0.06806 0.10723 0.49603 1.036 0.174 1244.601 0.02380
-0.04804 0.06762 0.06813 0.10734 0.49715 1.095 0.177 1244.631 0.02382
-0.04809 0.06769 0.06821 0.10746 0.49827 1.021 0.172 1244.661 0.02385
-0.04814 0.06776 0.06828 0.10757 0.49939 1.004 0.171 1244.691 0.02387
-0.04819 0.06784 0.06835 0.10768 0.50051 1.323 0.191 1244.721 0.02390
-0.04824 0.06791 0.06842 0.10780 0.50163 1.004 0.171 1244.750 0.02392
-0.04829 0.06798 0.06849 0.10791 0.50274 1.021 0.172 1244.780 0.02395
-0.04834 0.06805 0.06856 0.10802 0.50386 0.928 0.166 1244.810 0.02397
-0.04839 0.06812 0.06864 0.10813 0.50498 1.154 0.181 1244.840 0.02400
-0.04844 0.06819 0.06871 0.10825 0.50610 1.003 0.171 1244.870 0.02402
-0.04849 0.06826 0.06878 0.10836 0.50722 1.040 0.173 1244.900 0.02404
-0.04854 0.06833 0.06885 0.10847 0.50834 0.759 0.154 1244.930 0.02407
-0.04859 0.06840 0.06892 0.10858 0.50946 0.927 0.166 1244.960 0.02409
-0.04864 0.06847 0.06899 0.10870 0.51058 1.431 0.185 1244.989 0.02412
-0.04870 0.06855 0.06906 0.10881 0.51170 1.354 0.180 1245.019 0.02414
-0.04875 0.06862 0.06914 0.10892 0.51282 1.042 0.172 1245.049 0.02417
-0.04880 0.06869 0.06921 0.10904 0.51393 0.933 0.165 1245.079 0.02419
-0.04885 0.06876 0.06928 0.10915 0.51505 1.200 0.182 1245.109 0.02422
-0.04890 0.06883 0.06935 0.10926 0.51617 1.055 0.173 1245.139 0.02424
-0.04895 0.06890 0.06942 0.10937 0.51729 1.225 0.185 1245.169 0.02427
-0.04900 0.06897 0.06949 0.10949 0.51841 0.989 0.170 1245.199 0.02429
-0.04905 0.06904 0.06957 0.10960 0.51953 0.893 0.162 1245.229 0.02431
-0.04910 0.06911 0.06964 0.10971 0.52065 0.927 0.164 1245.258 0.02434
-0.04915 0.06919 0.06971 0.10983 0.52177 1.028 0.171 1245.288 0.02436
-0.04920 0.06926 0.06978 0.10994 0.52289 0.957 0.167 1245.318 0.02439
-0.04925 0.06933 0.06985 0.11005 0.52401 0.820 0.157 1245.348 0.02441
-0.04930 0.06940 0.06992 0.11016 0.52513 1.013 0.171 1245.378 0.02444
-0.04935 0.06947 0.07000 0.11028 0.52625 1.149 0.180 1245.408 0.02446
-0.04940 0.06954 0.07007 0.11039 0.52737 1.029 0.171 1245.438 0.02449
-0.04945 0.06961 0.07014 0.11050 0.52849 1.273 0.186 1245.468 0.02451
-0.04950 0.06968 0.07021 0.11061 0.52961 1.413 0.184 1245.497 0.02454
-0.04955 0.06975 0.07028 0.11073 0.53073 0.797 0.156 1245.527 0.02456
-0.04960 0.06982 0.07035 0.11084 0.53185 0.945 0.166 1245.557 0.02458
-0.04965 0.06990 0.07042 0.11095 0.53297 1.038 0.173 1245.587 0.02461
-0.04970 0.06997 0.07050 0.11107 0.53409 1.073 0.175 1245.617 0.02463
-0.04976 0.07004 0.07057 0.11118 0.53521 1.073 0.175 1245.647 0.02466
-0.04981 0.07011 0.07064 0.11129 0.53633 1.055 0.174 1245.677 0.02468
-0.04986 0.07018 0.07071 0.11140 0.53745 0.979 0.169 1245.707 0.02471
-0.04991 0.07025 0.07078 0.11152 0.53857 0.978 0.169 1245.736 0.02473
-0.04996 0.07032 0.07085 0.11163 0.53969 1.072 0.175 1245.766 0.02476
-0.05001 0.07039 0.07093 0.11174 0.54081 1.111 0.178 1245.796 0.02478
-0.05006 0.07046 0.07100 0.11186 0.54193 0.868 0.162 1245.826 0.02481
-0.05011 0.07054 0.07107 0.11197 0.54305 0.979 0.169 1245.856 0.02483
-0.05016 0.07061 0.07114 0.11208 0.54417 0.887 0.163 1245.886 0.02486
-0.05021 0.07068 0.07121 0.11219 0.54529 0.925 0.165 1245.916 0.02488
-0.05026 0.07075 0.07128 0.11231 0.54641 1.288 0.188 1245.946 0.02490
-0.05031 0.07082 0.07136 0.11242 0.54753 1.101 0.175 1245.975 0.02493
-0.05036 0.07089 0.07143 0.11253 0.54865 1.170 0.181 1246.005 0.02495
-0.05041 0.07096 0.07150 0.11265 0.54977 0.997 0.170 1246.035 0.02498
-0.05046 0.07103 0.07157 0.11276 0.55089 0.944 0.166 1246.065 0.02500
-0.05051 0.07110 0.07164 0.11287 0.55201 0.966 0.168 1246.095 0.02503
-0.05056 0.07118 0.07171 0.11299 0.55313 1.003 0.170 1246.125 0.02505
-0.05061 0.07125 0.07179 0.11310 0.55425 1.279 0.186 1246.155 0.02508
-0.05066 0.07132 0.07186 0.11321 0.55537 0.861 0.160 1246.185 0.02510
-0.05072 0.07139 0.07193 0.11332 0.55649 1.079 0.175 1246.215 0.02513
-0.05077 0.07146 0.07200 0.11344 0.55762 0.963 0.168 1246.244 0.02515
-0.05082 0.07153 0.07207 0.11355 0.55874 1.030 0.173 1246.274 0.02517
-0.05087 0.07160 0.07214 0.11366 0.55986 1.239 0.185 1246.304 0.02520
-0.05092 0.07167 0.07222 0.11378 0.56098 0.856 0.160 1246.334 0.02522
-0.05097 0.07174 0.07229 0.11389 0.56210 0.784 0.153 1246.364 0.02525
-0.05102 0.07182 0.07236 0.11400 0.56322 1.137 0.178 1246.394 0.02527
-0.05107 0.07189 0.07243 0.11411 0.56434 0.851 0.159 1246.424 0.02530
-0.05112 0.07196 0.07250 0.11423 0.56546 1.310 0.188 1246.454 0.02532
-0.05117 0.07203 0.07257 0.11434 0.56658 0.795 0.154 1246.483 0.02535
-0.05122 0.07210 0.07265 0.11445 0.56770 1.305 0.188 1246.513 0.02537
-0.05127 0.07217 0.07272 0.11457 0.56883 0.815 0.157 1246.543 0.02540
-0.05132 0.07224 0.07279 0.11468 0.56995 1.029 0.172 1246.573 0.02542
-0.05137 0.07231 0.07286 0.11479 0.57107 0.751 0.152 1246.603 0.02545
-0.05142 0.07239 0.07293 0.11490 0.57219 1.029 0.172 1246.633 0.02547
-0.05147 0.07246 0.07300 0.11502 0.57331 0.972 0.169 1246.663 0.02549
-0.05152 0.07253 0.07308 0.11513 0.57443 1.178 0.181 1246.693 0.02552
-0.05157 0.07260 0.07315 0.11524 0.57555 1.028 0.172 1246.722 0.02554
-0.05163 0.07267 0.07322 0.11536 0.57667 1.009 0.171 1246.752 0.02557
-0.05168 0.07274 0.07329 0.11547 0.57780 1.007 0.171 1246.782 0.02559
-0.05173 0.07281 0.07336 0.11558 0.57892 0.915 0.165 1246.812 0.02562
-0.05178 0.07288 0.07344 0.11570 0.58004 0.748 0.153 1246.842 0.02564
-0.05183 0.07295 0.07351 0.11581 0.58116 1.191 0.182 1246.872 0.02567
-0.05188 0.07303 0.07358 0.11592 0.58228 0.895 0.164 1246.902 0.02569
-0.05193 0.07310 0.07365 0.11603 0.58340 0.747 0.153 1246.932 0.02572
-0.05198 0.07317 0.07372 0.11615 0.58453 0.969 0.168 1246.961 0.02574
-0.05203 0.07324 0.07379 0.11626 0.58565 0.987 0.170 1246.991 0.02576
-0.05208 0.07331 0.07387 0.11637 0.58677 0.950 0.167 1247.021 0.02579
-0.05213 0.07338 0.07394 0.11649 0.58789 0.840 0.160 1247.051 0.02581
-0.05218 0.07345 0.07401 0.11660 0.58901 0.693 0.149 1247.081 0.02584
-0.05223 0.07352 0.07408 0.11671 0.59013 0.842 0.160 1247.111 0.02586
-0.05228 0.07360 0.07415 0.11683 0.59126 0.750 0.153 1247.141 0.02589
-0.05233 0.07367 0.07422 0.11694 0.59238 0.990 0.170 1247.171 0.02591
-0.05238 0.07374 0.07430 0.11705 0.59350 0.584 0.140 1247.201 0.02594
-0.05243 0.07381 0.07437 0.11717 0.59462 0.673 0.147 1247.230 0.02596
-0.05248 0.07388 0.07444 0.11728 0.59575 0.358 0.119 1247.260 0.02599
-0.05254 0.07395 0.07451 0.11739 0.59687 0.357 0.117 1247.290 0.02601
-0.05259 0.07402 0.07458 0.11750 0.59799 0.357 0.119 1247.320 0.02604
-0.05264 0.07409 0.07465 0.11762 0.59911 0.340 0.116 1247.350 0.02606
-0.05269 0.07417 0.07473 0.11773 0.60023 0.453 0.128 1247.380 0.02608
-0.05274 0.07424 0.07480 0.11784 0.60136 0.619 0.142 1247.410 0.02611
-0.05279 0.07431 0.07487 0.11796 0.60248 0.563 0.138 1247.440 0.02613
-0.05284 0.07438 0.07494 0.11807 0.60360 0.450 0.128 1247.469 0.02616
-0.05289 0.07445 0.07501 0.11818 0.60472 0.946 0.167 1247.499 0.02618
-0.05294 0.07452 0.07509 0.11830 0.60585 1.093 0.177 1247.529 0.02621
-0.05299 0.07459 0.07516 0.11841 0.60697 1.168 0.181 1247.559 0.02623
-0.05304 0.07466 0.07523 0.11852 0.60809 0.983 0.170 1247.589 0.02626
-0.05309 0.07474 0.07530 0.11864 0.60921 0.984 0.170 1247.619 0.02628
-0.05314 0.07481 0.07537 0.11875 0.61034 0.946 0.167 1247.649 0.02631
-0.05319 0.07488 0.07544 0.11886 0.61146 0.983 0.169 1247.679 0.02633
-0.05324 0.07495 0.07552 0.11897 0.61258 1.130 0.179 1247.708 0.02635
-0.05329 0.07502 0.07559 0.11909 0.61370 0.911 0.164 1247.738 0.02638
-0.05335 0.07509 0.07566 0.11920 0.61483 0.968 0.168 1247.768 0.02640
-0.05340 0.07516 0.07573 0.11931 0.61595 0.820 0.158 1247.798 0.02643
-0.05345 0.07523 0.07580 0.11943 0.61707 0.911 0.165 1247.828 0.02645
-0.05350 0.07531 0.07588 0.11954 0.61820 0.949 0.167 1247.858 0.02648
-0.05355 0.07538 0.07595 0.11965 0.61932 1.095 0.177 1247.888 0.02650
-0.05360 0.07545 0.07602 0.11977 0.62044 0.967 0.168 1247.918 0.02653
-0.05365 0.07552 0.07609 0.11988 0.62156 1.319 0.178 1247.947 0.02655
-0.05370 0.07559 0.07616 0.11999 0.62269 1.079 0.175 1247.977 0.02658
-0.05375 0.07566 0.07623 0.12011 0.62381 0.747 0.153 1248.007 0.02660
-0.05380 0.07573 0.07631 0.12022 0.62493 0.857 0.161 1248.037 0.02662
-0.05385 0.07580 0.07638 0.12033 0.62606 0.837 0.159 1248.067 0.02665
-0.05390 0.07588 0.07645 0.12045 0.62718 1.020 0.172 1248.097 0.02667
-0.05395 0.07595 0.07652 0.12056 0.62830 1.059 0.174 1248.127 0.02670
-0.05400 0.07602 0.07659 0.12067 0.62943 1.002 0.171 1248.157 0.02672
-0.05405 0.07609 0.07667 0.12078 0.63055 0.762 0.154 1248.187 0.02675
-0.05410 0.07616 0.07674 0.12090 0.63167 1.021 0.172 1248.216 0.02677
-0.05416 0.07623 0.07681 0.12101 0.63280 1.124 0.178 1248.246 0.02680
-0.05421 0.07630 0.07688 0.12112 0.63392 1.219 0.171 1248.276 0.02682
-0.05426 0.07637 0.07695 0.12124 0.63504 1.043 0.171 1248.306 0.02685
-0.05431 0.07645 0.07702 0.12135 0.63617 1.004 0.169 1248.336 0.02687
-0.05436 0.07652 0.07710 0.12146 0.63729 1.190 0.182 1248.366 0.02690
-0.05441 0.07659 0.07717 0.12158 0.63841 1.091 0.175 1248.396 0.02692
-0.05446 0.07666 0.07724 0.12169 0.63954 0.963 0.167 1248.426 0.02694
-0.05451 0.07673 0.07731 0.12180 0.64066 1.026 0.171 1248.455 0.02697
-0.05456 0.07680 0.07738 0.12192 0.64179 0.898 0.162 1248.485 0.02699
-0.05461 0.07687 0.07746 0.12203 0.64291 1.033 0.172 1248.515 0.02702
-0.05466 0.07695 0.07753 0.12214 0.64403 0.925 0.164 1248.545 0.02704
-0.05471 0.07702 0.07760 0.12226 0.64516 0.959 0.167 1248.575 0.02707
-0.05476 0.07709 0.07767 0.12237 0.64628 0.999 0.169 1248.605 0.02709
-0.05481 0.07716 0.07774 0.12248 0.64741 0.691 0.147 1248.635 0.02712
-0.05486 0.07723 0.07781 0.12260 0.64853 0.538 0.135 1248.665 0.02714
-0.05492 0.07730 0.07789 0.12271 0.64965 0.670 0.145 1248.694 0.02717
-0.05497 0.07737 0.07796 0.12282 0.65078 0.652 0.144 1248.724 0.02719
-0.05502 0.07744 0.07803 0.12294 0.65190 0.682 0.145 1248.754 0.02721
-0.05507 0.07752 0.07810 0.12305 0.65303 0.871 0.160 1248.784 0.02724
-0.05512 0.07759 0.07817 0.12316 0.65415 1.029 0.172 1248.814 0.02726
-0.05517 0.07766 0.07825 0.12328 0.65527 0.950 0.167 1248.844 0.02729
-0.05522 0.07773 0.07832 0.12339 0.65640 0.729 0.151 1248.874 0.02731
-0.05527 0.07780 0.07839 0.12350 0.65752 0.970 0.168 1248.904 0.02734
-0.05532 0.07787 0.07846 0.12362 0.65865 0.894 0.163 1248.933 0.02736
-0.05537 0.07794 0.07853 0.12373 0.65977 0.931 0.166 1248.963 0.02739
-0.05542 0.07802 0.07861 0.12384 0.66090 1.114 0.177 1248.993 0.02741
-0.05547 0.07809 0.07868 0.12396 0.66202 1.265 0.187 1249.023 0.02744
-0.05552 0.07816 0.07875 0.12407 0.66314 1.300 0.176 1249.053 0.02746
-0.05557 0.07823 0.07882 0.12418 0.66427 0.932 0.165 1249.083 0.02749
-0.05563 0.07830 0.07889 0.12430 0.66539 0.838 0.159 1249.113 0.02751
-0.05568 0.07837 0.07897 0.12441 0.66652 0.804 0.157 1249.143 0.02753
-0.05573 0.07844 0.07904 0.12452 0.66764 0.841 0.159 1249.173 0.02756
-0.05578 0.07851 0.07911 0.12464 0.66877 1.173 0.181 1249.202 0.02758
-0.05583 0.07859 0.07918 0.12475 0.66989 1.083 0.175 1249.232 0.02761
-0.05588 0.07866 0.07925 0.12486 0.67102 1.155 0.180 1249.262 0.02763
-0.05593 0.07873 0.07932 0.12498 0.67214 1.010 0.171 1249.292 0.02766
-0.05598 0.07880 0.07940 0.12509 0.67327 1.116 0.178 1249.322 0.02768
-0.05603 0.07887 0.07947 0.12520 0.67439 0.989 0.169 1249.352 0.02771
-0.05608 0.07894 0.07954 0.12532 0.67552 0.916 0.165 1249.382 0.02773
-0.05613 0.07901 0.07961 0.12543 0.67664 0.826 0.158 1249.412 0.02776
-0.05618 0.07909 0.07968 0.12554 0.67777 0.789 0.155 1249.441 0.02778
-0.05623 0.07916 0.07976 0.12566 0.67889 1.027 0.172 1249.471 0.02780
-0.05628 0.07923 0.07983 0.12577 0.68002 0.841 0.159 1249.501 0.02783
-0.05634 0.07930 0.07990 0.12588 0.68114 1.043 0.173 1249.531 0.02785
-0.05639 0.07937 0.07997 0.12600 0.68227 0.841 0.159 1249.561 0.02788
-0.05644 0.07944 0.08004 0.12611 0.68339 1.191 0.182 1249.591 0.02790
-0.05649 0.07951 0.08012 0.12622 0.68452 0.897 0.163 1249.621 0.02793
-0.05654 0.07959 0.08019 0.12634 0.68564 1.282 0.188 1249.651 0.02795
-0.05659 0.07966 0.08026 0.12645 0.68677 0.823 0.158 1249.680 0.02798
-0.05664 0.07973 0.08033 0.12656 0.68789 1.282 0.188 1249.710 0.02800
-0.05669 0.07980 0.08040 0.12668 0.68902 1.043 0.173 1249.740 0.02803
-0.05674 0.07987 0.08048 0.12679 0.69014 0.878 0.162 1249.770 0.02805
-0.05679 0.07994 0.08055 0.12690 0.69127 0.768 0.154 1249.800 0.02808
-0.05684 0.08001 0.08062 0.12702 0.69240 1.119 0.178 1249.830 0.02810
-0.05689 0.08009 0.08069 0.12713 0.69352 0.897 0.163 1249.860 0.02812
-0.05694 0.08016 0.08076 0.12724 0.69465 1.025 0.172 1249.890 0.02815
-0.05699 0.08023 0.08084 0.12736 0.69577 0.915 0.165 1249.919 0.02817
-0.05705 0.08030 0.08091 0.12747 0.69690 0.970 0.168 1249.949 0.02820
-0.05710 0.08037 0.08098 0.12758 0.69802 1.008 0.171 1249.979 0.02822
-0.05715 0.08044 0.08105 0.12770 0.69915 0.991 0.170 1250.009 0.02825
-0.05720 0.08051 0.08112 0.12781 0.70027 0.900 0.163 1250.039 0.02827
-0.05725 0.08059 0.08120 0.12792 0.70140 0.955 0.167 1250.069 0.02830
-0.05730 0.08066 0.08127 0.12804 0.70253 0.826 0.158 1250.099 0.02832
-0.05735 0.08073 0.08134 0.12815 0.70365 0.808 0.157 1250.129 0.02835
-0.05740 0.08080 0.08141 0.12826 0.70478 1.140 0.179 1250.158 0.02837
-0.05745 0.08087 0.08148 0.12838 0.70590 0.991 0.169 1250.188 0.02839
-0.05750 0.08094 0.08156 0.12849 0.70703 0.881 0.162 1250.218 0.02842
-0.05755 0.08101 0.08163 0.12860 0.70816 0.657 0.146 1250.248 0.02844
-0.05760 0.08109 0.08170 0.12872 0.70928 1.081 0.175 1250.278 0.02847
-0.05765 0.08116 0.08177 0.12883 0.71041 0.805 0.157 1250.308 0.02849
-0.05771 0.08123 0.08184 0.12894 0.71153 0.768 0.154 1250.338 0.02852
-0.05776 0.08130 0.08192 0.12906 0.71266 0.549 0.137 1250.368 0.02854
-0.05781 0.08137 0.08199 0.12917 0.71379 0.511 0.134 1250.398 0.02857
-0.05786 0.08144 0.08206 0.12928 0.71491 0.676 0.147 1250.427 0.02859
-0.05791 0.08152 0.08213 0.12940 0.71604 0.420 0.125 1250.457 0.02862
-0.05796 0.08159 0.08220 0.12951 0.71717 0.824 0.158 1250.487 0.02864
-0.05801 0.08166 0.08228 0.12962 0.71829 0.826 0.158 1250.517 0.02866
-0.05806 0.08173 0.08235 0.12974 0.71942 0.658 0.146 1250.547 0.02869
-0.05811 0.08180 0.08242 0.12985 0.72055 0.897 0.163 1250.577 0.02871
-0.05816 0.08187 0.08249 0.12997 0.72167 0.879 0.162 1250.607 0.02874
-0.05821 0.08194 0.08256 0.13008 0.72280 1.083 0.176 1250.637 0.02876
-0.05826 0.08202 0.08264 0.13019 0.72393 1.028 0.172 1250.666 0.02879
-0.05832 0.08209 0.08271 0.13031 0.72505 1.320 0.190 1250.696 0.02881
-0.05837 0.08216 0.08278 0.13042 0.72618 0.861 0.161 1250.726 0.02884
-0.05842 0.08223 0.08285 0.13053 0.72731 0.971 0.169 1250.756 0.02886
-0.05847 0.08230 0.08292 0.13065 0.72843 1.248 0.186 1250.786 0.02889
-0.05852 0.08237 0.08300 0.13076 0.72956 0.995 0.170 1250.816 0.02891
-0.05857 0.08244 0.08307 0.13087 0.73069 1.165 0.181 1250.846 0.02894
-0.05862 0.08252 0.08314 0.13099 0.73181 1.346 0.191 1250.876 0.02896
-0.05867 0.08259 0.08321 0.13110 0.73294 1.204 0.183 1250.905 0.02898
-0.05872 0.08266 0.08328 0.13121 0.73407 0.845 0.158 1250.935 0.02901
-0.05877 0.08273 0.08336 0.13133 0.73519 0.944 0.166 1250.965 0.02903
-0.05882 0.08280 0.08343 0.13144 0.73632 0.885 0.163 1250.995 0.02906
-0.05887 0.08287 0.08350 0.13155 0.73745 0.955 0.166 1251.025 0.02908
-0.05892 0.08295 0.08357 0.13167 0.73858 0.890 0.161 1251.055 0.02911
-0.05898 0.08302 0.08365 0.13178 0.73970 0.597 0.139 1251.085 0.02913
-0.05903 0.08309 0.08372 0.13190 0.74083 1.032 0.172 1251.115 0.02916
-0.05908 0.08316 0.08379 0.13201 0.74196 1.108 0.176 1251.144 0.02918
-0.05913 0.08323 0.08386 0.13212 0.74308 0.880 0.161 1251.174 0.02921
-0.05918 0.08330 0.08393 0.13224 0.74421 1.026 0.171 1251.204 0.02923
-0.05923 0.08337 0.08401 0.13235 0.74534 1.062 0.174 1251.234 0.02925
-0.05928 0.08345 0.08408 0.13246 0.74647 0.749 0.152 1251.264 0.02928
-0.05933 0.08352 0.08415 0.13258 0.74759 1.034 0.173 1251.294 0.02930
-0.05938 0.08359 0.08422 0.13269 0.74872 1.117 0.177 1251.324 0.02933
-0.05943 0.08366 0.08429 0.13280 0.74985 0.923 0.164 1251.354 0.02935
-0.05948 0.08373 0.08437 0.13292 0.75098 0.962 0.168 1251.384 0.02938
-0.05953 0.08380 0.08444 0.13303 0.75210 0.987 0.170 1251.413 0.02940
-0.05959 0.08388 0.08451 0.13315 0.75323 0.952 0.168 1251.443 0.02943
-0.05964 0.08395 0.08458 0.13326 0.75436 0.932 0.166 1251.473 0.02945
-0.05969 0.08402 0.08465 0.13337 0.75549 1.006 0.172 1251.503 0.02948
-0.05974 0.08409 0.08473 0.13349 0.75661 0.895 0.164 1251.533 0.02950
-0.05979 0.08416 0.08480 0.13360 0.75774 0.986 0.170 1251.563 0.02953
-0.05984 0.08423 0.08487 0.13371 0.75887 1.171 0.182 1251.593 0.02955
-0.05989 0.08431 0.08494 0.13383 0.76000 0.932 0.167 1251.623 0.02957
-0.05994 0.08438 0.08502 0.13394 0.76113 1.060 0.175 1251.652 0.02960
-0.05999 0.08445 0.08509 0.13405 0.76225 1.076 0.176 1251.682 0.02962
-0.06004 0.08452 0.08516 0.13417 0.76338 0.985 0.170 1251.712 0.02965
-0.06009 0.08459 0.08523 0.13428 0.76451 0.932 0.167 1251.742 0.02967
-0.06015 0.08466 0.08530 0.13439 0.76564 1.283 0.189 1251.772 0.02970
-0.06020 0.08473 0.08538 0.13451 0.76677 0.785 0.156 1251.802 0.02972
-0.06025 0.08481 0.08545 0.13462 0.76789 1.062 0.175 1251.832 0.02975
-0.06030 0.08488 0.08552 0.13474 0.76902 0.969 0.169 1251.862 0.02977
-0.06035 0.08495 0.08559 0.13485 0.77015 0.786 0.157 1251.891 0.02980
-0.06040 0.08502 0.08566 0.13496 0.77128 0.935 0.167 1251.921 0.02982
-0.06045 0.08509 0.08574 0.13508 0.77241 1.066 0.176 1251.951 0.02984
-0.06050 0.08516 0.08581 0.13519 0.77354 1.065 0.176 1251.981 0.02987
-0.06055 0.08524 0.08588 0.13530 0.77466 0.934 0.167 1252.011 0.02989
-0.06060 0.08531 0.08595 0.13542 0.77579 0.937 0.167 1252.041 0.02992
-0.06065 0.08538 0.08603 0.13553 0.77692 0.970 0.170 1252.071 0.02994
-0.06070 0.08545 0.08610 0.13565 0.77805 1.173 0.183 1252.101 0.02997
-0.06076 0.08552 0.08617 0.13576 0.77918 1.026 0.173 1252.130 0.02999
-0.06081 0.08559 0.08624 0.13587 0.78031 0.899 0.165 1252.160 0.03002
-0.06086 0.08567 0.08631 0.13599 0.78144 1.084 0.177 1252.190 0.03004
-0.06091 0.08574 0.08639 0.13610 0.78256 1.104 0.178 1252.220 0.03007
-0.06096 0.08581 0.08646 0.13621 0.78369 1.012 0.172 1252.250 0.03009
-0.06101 0.08588 0.08653 0.13633 0.78482 1.197 0.184 1252.280 0.03011
-0.06106 0.08595 0.08660 0.13644 0.78595 0.865 0.162 1252.310 0.03014
-0.06111 0.08602 0.08667 0.13656 0.78708 0.751 0.154 1252.340 0.03016
-0.06116 0.08610 0.08675 0.13667 0.78821 0.992 0.171 1252.370 0.03019
-0.06121 0.08617 0.08682 0.13678 0.78934 0.974 0.170 1252.399 0.03021
-0.06126 0.08624 0.08689 0.13690 0.79047 0.880 0.164 1252.429 0.03024
-0.06132 0.08631 0.08696 0.13701 0.79160 1.046 0.175 1252.459 0.03026
-0.06137 0.08638 0.08704 0.13712 0.79272 1.065 0.176 1252.489 0.03029
-0.06142 0.08645 0.08711 0.13724 0.79385 0.735 0.153 1252.519 0.03031
-0.06147 0.08653 0.08718 0.13735 0.79498 1.124 0.180 1252.549 0.03034
-0.06152 0.08660 0.08725 0.13747 0.79611 0.828 0.160 1252.579 0.03036
-0.06157 0.08667 0.08732 0.13758 0.79724 0.974 0.170 1252.609 0.03039
-0.06162 0.08674 0.08740 0.13769 0.79837 1.031 0.174 1252.638 0.03041
-0.06167 0.08681 0.08747 0.13781 0.79950 0.957 0.169 1252.668 0.03043
-0.06172 0.08688 0.08754 0.13792 0.80063 1.031 0.174 1252.698 0.03046
-0.06177 0.08696 0.08761 0.13803 0.80176 0.976 0.170 1252.728 0.03048
-0.06182 0.08703 0.08769 0.13815 0.80289 1.292 0.190 1252.758 0.03051
-0.06188 0.08710 0.08776 0.13826 0.80402 0.958 0.169 1252.788 0.03053
-0.06193 0.08717 0.08783 0.13838 0.80515 0.828 0.160 1252.818 0.03056
-0.06198 0.08724 0.08790 0.13849 0.80628 1.087 0.178 1252.848 0.03058
-0.06203 0.08731 0.08797 0.13860 0.80741 1.104 0.179 1252.877 0.03061
-0.06208 0.08739 0.08805 0.13872 0.80853 0.844 0.162 1252.907 0.03063
-0.06213 0.08746 0.08812 0.13883 0.80966 1.029 0.174 1252.937 0.03066
-0.06218 0.08753 0.08819 0.13894 0.81079 0.823 0.156 1252.967 0.03068
-0.06223 0.08760 0.08826 0.13906 0.81192 1.046 0.172 1252.997 0.03070
-0.06228 0.08767 0.08834 0.13917 0.81305 0.712 0.148 1253.027 0.03073
-0.06233 0.08774 0.08841 0.13929 0.81418 0.862 0.161 1253.057 0.03075
-0.06238 0.08782 0.08848 0.13940 0.81531 0.992 0.170 1253.087 0.03078
-0.06244 0.08789 0.08855 0.13951 0.81644 0.994 0.172 1253.116 0.03080
-0.06249 0.08796 0.08862 0.13963 0.81757 1.009 0.170 1253.146 0.03083
-0.06254 0.08803 0.08870 0.13974 0.81870 1.029 0.171 1253.176 0.03085
-0.06259 0.08810 0.08877 0.13986 0.81983 0.880 0.161 1253.206 0.03088
-0.06264 0.08817 0.08884 0.13997 0.82096 0.509 0.130 1253.236 0.03090
-0.06269 0.08825 0.08891 0.14008 0.82209 0.860 0.160 1253.266 0.03093
-0.06274 0.08832 0.08899 0.14020 0.82322 0.694 0.147 1253.296 0.03095
-0.06279 0.08839 0.08906 0.14031 0.82435 0.826 0.156 1253.326 0.03098
-0.06284 0.08846 0.08913 0.14042 0.82548 0.948 0.169 1253.356 0.03100
-0.06289 0.08853 0.08920 0.14054 0.82661 0.574 0.139 1253.385 0.03102
-0.06295 0.08860 0.08928 0.14065 0.82774 0.765 0.155 1253.415 0.03105
-0.06300 0.08868 0.08935 0.14077 0.82887 0.452 0.129 1253.445 0.03107
-0.06305 0.08875 0.08942 0.14088 0.83000 0.796 0.157 1253.475 0.03110
-0.06310 0.08882 0.08949 0.14099 0.83113 0.536 0.136 1253.505 0.03112
-0.06315 0.08889 0.08956 0.14111 0.83227 0.393 0.123 1253.535 0.03115
-0.06320 0.08896 0.08964 0.14122 0.83340 0.595 0.141 1253.565 0.03117
-0.06325 0.08904 0.08971 0.14134 0.83453 0.298 0.113 1253.595 0.03120
-0.06330 0.08911 0.08978 0.14145 0.83566 0.389 0.122 1253.624 0.03122
-0.06335 0.08918 0.08985 0.14156 0.83679 0.194 0.099 1253.654 0.03125
-0.06340 0.08925 0.08993 0.14168 0.83792 0.296 0.114 1253.684 0.03127
-0.06345 0.08932 0.09000 0.14179 0.83905 0.375 0.122 1253.714 0.03129
-0.06351 0.08939 0.09007 0.14190 0.84018 0.573 0.137 1253.744 0.03132
-0.06356 0.08947 0.09014 0.14202 0.84131 0.928 0.166 1253.774 0.03134
-0.06361 0.08954 0.09022 0.14213 0.84244 0.783 0.156 1253.804 0.03137
-0.06366 0.08961 0.09029 0.14225 0.84357 0.769 0.155 1253.834 0.03139
-0.06371 0.08968 0.09036 0.14236 0.84470 0.844 0.161 1253.863 0.03142
-0.06376 0.08975 0.09043 0.14247 0.84583 0.728 0.153 1253.893 0.03144
-0.06381 0.08982 0.09050 0.14259 0.84696 0.855 0.163 1253.923 0.03147
-0.06386 0.08990 0.09058 0.14270 0.84810 0.968 0.171 1253.953 0.03149
-0.06391 0.08997 0.09065 0.14282 0.84923 0.950 0.170 1253.983 0.03152
-0.06396 0.09004 0.09072 0.14293 0.85036 1.005 0.174 1254.013 0.03154
-0.06402 0.09011 0.09079 0.14304 0.85149 1.042 0.176 1254.043 0.03157
-0.06407 0.09018 0.09087 0.14316 0.85262 0.930 0.169 1254.073 0.03159
-0.06412 0.09026 0.09094 0.14327 0.85375 0.726 0.153 1254.102 0.03161
-0.06417 0.09033 0.09101 0.14339 0.85488 1.025 0.175 1254.132 0.03164
-0.06422 0.09040 0.09108 0.14350 0.85601 0.988 0.172 1254.162 0.03166
-0.06427 0.09047 0.09116 0.14361 0.85714 0.765 0.157 1254.192 0.03169
-0.06432 0.09054 0.09123 0.14373 0.85828 1.120 0.181 1254.222 0.03171
-0.06437 0.09061 0.09130 0.14384 0.85941 0.970 0.172 1254.252 0.03174
-0.06442 0.09069 0.09137 0.14396 0.86054 1.121 0.181 1254.282 0.03176
-0.06447 0.09076 0.09144 0.14407 0.86167 1.052 0.177 1254.312 0.03179
-0.06453 0.09083 0.09152 0.14418 0.86280 0.715 0.151 1254.342 0.03181
-0.06458 0.09090 0.09159 0.14430 0.86393 0.903 0.165 1254.371 0.03184
-0.06463 0.09097 0.09166 0.14441 0.86506 0.542 0.137 1254.401 0.03186
-0.06468 0.09105 0.09173 0.14453 0.86620 0.818 0.160 1254.431 0.03188
-0.06473 0.09112 0.09181 0.14464 0.86733 0.947 0.168 1254.461 0.03191
-0.06478 0.09119 0.09188 0.14475 0.86846 1.121 0.180 1254.491 0.03193
-0.06483 0.09126 0.09195 0.14487 0.86959 1.006 0.172 1254.521 0.03196
-0.06488 0.09133 0.09202 0.14498 0.87072 1.007 0.173 1254.551 0.03198
-0.06493 0.09140 0.09210 0.14510 0.87185 1.118 0.180 1254.581 0.03201
-0.06499 0.09148 0.09217 0.14521 0.87299 0.794 0.158 1254.610 0.03203
-0.06504 0.09155 0.09224 0.14532 0.87412 0.839 0.162 1254.640 0.03206
-0.06509 0.09162 0.09231 0.14544 0.87525 1.007 0.174 1254.670 0.03208
-0.06514 0.09169 0.09239 0.14555 0.87638 1.218 0.186 1254.700 0.03211
-0.06519 0.09176 0.09246 0.14567 0.87751 1.075 0.177 1254.730 0.03213
-0.06524 0.09184 0.09253 0.14578 0.87865 0.822 0.161 1254.760 0.03215
-0.06529 0.09191 0.09260 0.14589 0.87978 0.928 0.168 1254.790 0.03218
-0.06534 0.09198 0.09268 0.14601 0.88091 0.813 0.159 1254.820 0.03220
-0.06539 0.09205 0.09275 0.14612 0.88204 0.972 0.170 1254.849 0.03223
-0.06544 0.09212 0.09282 0.14624 0.88317 0.783 0.155 1254.879 0.03225
-0.06550 0.09219 0.09289 0.14635 0.88431 0.875 0.162 1254.909 0.03228
-0.06555 0.09227 0.09296 0.14646 0.88544 0.931 0.167 1254.939 0.03230
-0.06560 0.09234 0.09304 0.14658 0.88657 0.855 0.161 1254.969 0.03233
-0.06565 0.09241 0.09311 0.14669 0.88770 0.724 0.151 1254.999 0.03235
-0.06570 0.09248 0.09318 0.14681 0.88884 1.064 0.176 1255.029 0.03238
-0.06575 0.09255 0.09325 0.14692 0.88997 1.103 0.179 1255.059 0.03240
-0.06580 0.09263 0.09333 0.14704 0.89110 0.952 0.168 1255.088 0.03243
-0.06585 0.09270 0.09340 0.14715 0.89223 1.103 0.178 1255.118 0.03245
-0.06590 0.09277 0.09347 0.14726 0.89337 1.179 0.184 1255.148 0.03247
-0.06596 0.09284 0.09354 0.14738 0.89450 1.216 0.186 1255.178 0.03250
-0.06601 0.09291 0.09362 0.14749 0.89563 1.312 0.179 1255.208 0.03252
-0.06606 0.09299 0.09369 0.14761 0.89676 0.972 0.170 1255.238 0.03255
-0.06611 0.09306 0.09376 0.14772 0.89790 0.936 0.167 1255.268 0.03257
-0.06616 0.09313 0.09383 0.14783 0.89903 0.804 0.158 1255.298 0.03260
-0.06621 0.09320 0.09391 0.14795 0.90016 0.860 0.162 1255.328 0.03262
-0.06626 0.09327 0.09398 0.14806 0.90129 0.882 0.163 1255.357 0.03265
-0.06631 0.09334 0.09405 0.14818 0.90243 0.843 0.161 1255.387 0.03267
-0.06636 0.09342 0.09412 0.14829 0.90356 0.807 0.158 1255.417 0.03270
-0.06641 0.09349 0.09420 0.14840 0.90469 0.790 0.158 1255.447 0.03272
-0.06647 0.09356 0.09427 0.14852 0.90583 0.846 0.161 1255.477 0.03274
-0.06652 0.09363 0.09434 0.14863 0.90696 0.825 0.160 1255.507 0.03277
-0.06657 0.09370 0.09441 0.14875 0.90809 0.996 0.172 1255.537 0.03279
-0.06662 0.09378 0.09449 0.14886 0.90923 0.920 0.167 1255.567 0.03282
-0.06667 0.09385 0.09456 0.14898 0.91036 0.863 0.162 1255.596 0.03284
-0.06672 0.09392 0.09463 0.14909 0.91149 1.092 0.179 1255.626 0.03287
-0.06677 0.09399 0.09470 0.14920 0.91263 1.151 0.183 1255.656 0.03289
-0.06682 0.09406 0.09478 0.14932 0.91376 1.152 0.183 1255.686 0.03292
-0.06687 0.09414 0.09485 0.14943 0.91489 0.676 0.148 1255.716 0.03294
-0.06693 0.09421 0.09492 0.14955 0.91603 0.906 0.166 1255.746 0.03297
-0.06698 0.09428 0.09499 0.14966 0.91716 0.868 0.163 1255.776 0.03299
-0.06703 0.09435 0.09507 0.14977 0.91829 0.791 0.157 1255.806 0.03302
-0.06708 0.09442 0.09514 0.14989 0.91943 0.943 0.169 1255.835 0.03304
-0.06713 0.09450 0.09521 0.15000 0.92056 0.981 0.172 1255.865 0.03306
-0.06718 0.09457 0.09528 0.15012 0.92169 0.868 0.163 1255.895 0.03309
-0.06723 0.09464 0.09536 0.15023 0.92283 1.136 0.182 1255.925 0.03311
-0.06728 0.09471 0.09543 0.15035 0.92396 1.119 0.181 1255.955 0.03314
-0.06733 0.09478 0.09550 0.15046 0.92509 1.082 0.178 1255.985 0.03316
-0.06739 0.09486 0.09557 0.15057 0.92623 0.735 0.153 1256.015 0.03319
-0.06744 0.09493 0.09565 0.15069 0.92736 1.177 0.185 1256.045 0.03321
-0.06749 0.09500 0.09572 0.15080 0.92849 1.118 0.181 1256.074 0.03324
-0.06754 0.09507 0.09579 0.15092 0.92963 1.137 0.183 1256.104 0.03326
-0.06759 0.09514 0.09586 0.15103 0.93076 1.214 0.188 1256.134 0.03329
-0.06764 0.09522 0.09594 0.15115 0.93190 0.659 0.148 1256.164 0.03331
-0.06769 0.09529 0.09601 0.15126 0.93303 1.141 0.183 1256.194 0.03333
-0.06774 0.09536 0.09608 0.15137 0.93416 1.083 0.179 1256.224 0.03336
-0.06779 0.09543 0.09615 0.15149 0.93530 0.830 0.161 1256.254 0.03338
-0.06785 0.09550 0.09623 0.15160 0.93643 0.907 0.167 1256.284 0.03341
-0.06790 0.09557 0.09630 0.15172 0.93757 1.081 0.180 1256.314 0.03343
-0.06795 0.09565 0.09637 0.15183 0.93870 1.023 0.176 1256.343 0.03346
-0.06800 0.09572 0.09644 0.15195 0.93983 0.832 0.162 1256.373 0.03348
-0.06805 0.09579 0.09652 0.15206 0.94097 0.830 0.162 1256.403 0.03351
-0.06810 0.09586 0.09659 0.15217 0.94210 1.120 0.182 1256.433 0.03353
-0.06815 0.09593 0.09666 0.15229 0.94324 0.775 0.158 1256.463 0.03356
-0.06820 0.09601 0.09673 0.15240 0.94437 0.622 0.145 1256.493 0.03358
-0.06825 0.09608 0.09681 0.15252 0.94551 0.933 0.169 1256.523 0.03361
-0.06831 0.09615 0.09688 0.15263 0.94664 0.721 0.153 1256.553 0.03363
-0.06836 0.09622 0.09695 0.15275 0.94777 0.993 0.174 1256.582 0.03365
-0.06841 0.09629 0.09702 0.15286 0.94891 0.696 0.155 1256.612 0.03368
-0.06846 0.09637 0.09710 0.15297 0.95004 1.026 0.178 1256.642 0.03370
-0.06851 0.09644 0.09717 0.15309 0.95118 0.756 0.158 1256.672 0.03373
-0.06856 0.09651 0.09724 0.15320 0.95231 1.025 0.178 1256.702 0.03375
-0.06861 0.09658 0.09731 0.15332 0.95345 0.891 0.169 1256.732 0.03378
-0.06866 0.09665 0.09739 0.15343 0.95458 1.008 0.177 1256.762 0.03380
-0.06872 0.09673 0.09746 0.15355 0.95572 1.158 0.186 1256.792 0.03383
-0.06877 0.09680 0.09753 0.15366 0.95685 1.164 0.188 1256.821 0.03385
-0.06882 0.09687 0.09760 0.15377 0.95799 1.028 0.177 1256.851 0.03388
-0.06887 0.09694 0.09768 0.15389 0.95912 1.082 0.180 1256.881 0.03390
-0.06892 0.09702 0.09775 0.15400 0.96026 1.026 0.178 1256.911 0.03392
-0.06897 0.09709 0.09782 0.15412 0.96139 1.048 0.179 1256.941 0.03395
-0.06902 0.09716 0.09789 0.15423 0.96253 0.888 0.168 1256.971 0.03397
-0.06907 0.09723 0.09797 0.15435 0.96366 1.068 0.181 1257.001 0.03400
-0.06912 0.09730 0.09804 0.15446 0.96480 0.971 0.175 1257.031 0.03402
-0.06918 0.09738 0.09811 0.15457 0.96593 0.760 0.158 1257.060 0.03405
-0.06923 0.09745 0.09818 0.15469 0.96707 0.891 0.169 1257.090 0.03407
-0.06928 0.09752 0.09826 0.15480 0.96820 0.899 0.169 1257.120 0.03410
-0.06933 0.09759 0.09833 0.15492 0.96934 1.037 0.178 1257.150 0.03412
-0.06938 0.09766 0.09840 0.15503 0.97047 0.821 0.163 1257.180 0.03415
-0.06943 0.09774 0.09848 0.15515 0.97161 0.860 0.166 1257.210 0.03417
-0.06948 0.09781 0.09855 0.15526 0.97274 1.235 0.191 1257.240 0.03419
-0.06953 0.09788 0.09862 0.15537 0.97388 0.960 0.173 1257.270 0.03422
-0.06959 0.09795 0.09869 0.15549 0.97501 0.804 0.162 1257.300 0.03424
-0.06964 0.09802 0.09877 0.15560 0.97615 1.021 0.177 1257.329 0.03427
-0.06969 0.09810 0.09884 0.15572 0.97728 1.432 0.191 1257.359 0.03429
-0.06974 0.09817 0.09891 0.15583 0.97842 1.295 0.196 1257.389 0.03432
-0.06979 0.09824 0.09898 0.15595 0.97955 1.295 0.196 1257.419 0.03434
-0.06984 0.09831 0.09906 0.15606 0.98069 0.980 0.175 1257.449 0.03437
-0.06989 0.09838 0.09913 0.15618 0.98183 0.919 0.171 1257.479 0.03439
-0.06994 0.09846 0.09920 0.15629 0.98296 0.958 0.174 1257.509 0.03442
-0.06999 0.09853 0.09927 0.15640 0.98410 1.096 0.184 1257.539 0.03444
-0.07005 0.09860 0.09935 0.15652 0.98523 0.860 0.167 1257.568 0.03447
-0.07010 0.09867 0.09942 0.15663 0.98637 0.938 0.173 1257.598 0.03449
-0.07015 0.09874 0.09949 0.15675 0.98750 1.038 0.180 1257.628 0.03451
-0.07020 0.09882 0.09956 0.15686 0.98864 0.881 0.169 1257.658 0.03454
-0.07025 0.09889 0.09964 0.15698 0.98978 1.298 0.197 1257.688 0.03456
-0.07030 0.09896 0.09971 0.15709 0.99091 1.044 0.181 1257.718 0.03459
-0.07035 0.09903 0.09978 0.15721 0.99205 1.164 0.189 1257.748 0.03461
-0.07040 0.09910 0.09985 0.15732 0.99318 1.166 0.189 1257.778 0.03464
-0.07046 0.09918 0.09993 0.15743 0.99432 1.344 0.200 1257.807 0.03466
-0.07051 0.09925 0.10000 0.15755 0.99546 1.067 0.183 1257.837 0.03469
-0.07056 0.09932 0.10007 0.15766 0.99659 0.910 0.171 1257.867 0.03471
-0.07061 0.09939 0.10015 0.15778 0.99773 1.249 0.195 1257.897 0.03474
-0.07066 0.09947 0.10022 0.15789 0.99886 0.911 0.172 1257.927 0.03476
-0.07071 0.09954 0.10029 0.15801 1.00000 0.991 0.177 1257.957 0.03478
