x y z dist_scaled dist_frac flux_norm sig_norm wavelength redshift
-0.00950 0.00242 0.05641 0.05726 0.00000 1.054 0.083 1231.245 0.01281
-0.00952 0.00242 0.05652 0.05737 0.00110 1.088 0.084 1231.275 0.01284
-0.00954 0.00243 0.05663 0.05748 0.00220 1.110 0.085 1231.305 0.01286
-0.00956 0.00243 0.05674 0.05759 0.00330 0.823 0.073 1231.335 0.01289
-0.00958 0.00244 0.05685 0.05770 0.00440 0.882 0.076 1231.365 0.01291
-0.00959 0.00244 0.05696 0.05781 0.00550 0.850 0.075 1231.395 0.01293
-0.00961 0.00245 0.05707 0.05792 0.00661 0.989 0.081 1231.425 0.01296
-0.00963 0.00245 0.05718 0.05803 0.00771 1.049 0.083 1231.454 0.01298
-0.00965 0.00246 0.05729 0.05814 0.00881 0.951 0.079 1231.484 0.01301
-0.00967 0.00246 0.05739 0.05826 0.00991 0.874 0.076 1231.514 0.01303
-0.00969 0.00247 0.05750 0.05837 0.01101 1.012 0.082 1231.544 0.01306
-0.00971 0.00247 0.05761 0.05848 0.01211 0.882 0.076 1231.574 0.01308
-0.00972 0.00248 0.05772 0.05859 0.01321 0.915 0.078 1231.604 0.01311
-0.00974 0.00248 0.05783 0.05870 0.01431 0.936 0.079 1231.634 0.01313
-0.00976 0.00248 0.05794 0.05881 0.01541 0.956 0.080 1231.664 0.01316
-0.00978 0.00249 0.05805 0.05892 0.01652 0.879 0.078 1231.693 0.01318
-0.00980 0.00249 0.05816 0.05903 0.01762 1.096 0.085 1231.723 0.01321
-0.00982 0.00250 0.05827 0.05914 0.01872 0.985 0.081 1231.753 0.01323
-0.00983 0.00250 0.05838 0.05925 0.01982 1.104 0.086 1231.783 0.01325
-0.00985 0.00251 0.05849 0.05936 0.02092 1.042 0.084 1231.813 0.01328
-0.00987 0.00251 0.05860 0.05948 0.02202 0.947 0.079 1231.843 0.01330
-0.00989 0.00252 0.05871 0.05959 0.02312 0.928 0.079 1231.873 0.01333
-0.00991 0.00252 0.05882 0.05970 0.02423 1.044 0.085 1231.903 0.01335
-0.00993 0.00253 0.05893 0.05981 0.02533 0.810 0.075 1231.932 0.01338
-0.00994 0.00253 0.05903 0.05992 0.02643 1.029 0.083 1231.962 0.01340
-0.00996 0.00254 0.05914 0.06003 0.02753 1.029 0.084 1231.992 0.01343
-0.00998 0.00254 0.05925 0.06014 0.02863 0.830 0.074 1232.022 0.01345
-0.01000 0.00255 0.05936 0.06025 0.02973 0.965 0.080 1232.052 0.01348
-0.01002 0.00255 0.05947 0.06036 0.03084 0.958 0.080 1232.082 0.01350
-0.01004 0.00256 0.05958 0.06047 0.03194 0.912 0.078 1232.112 0.01352
-0.01006 0.00256 0.05969 0.06059 0.03304 1.007 0.082 1232.142 0.01355
-0.01007 0.00256 0.05980 0.06070 0.03414 0.793 0.073 1232.171 0.01357
-0.01009 0.00257 0.05991 0.06081 0.03524 0.894 0.077 1232.201 0.01360
-0.01011 0.00257 0.06002 0.06092 0.03635 1.023 0.083 1232.231 0.01362
-0.01013 0.00258 0.06013 0.06103 0.03745 0.862 0.076 1232.261 0.01365
-0.01015 0.00258 0.06024 0.06114 0.03855 0.830 0.075 1232.291 0.01367
-0.01017 0.00259 0.06035 0.06125 0.03965 0.985 0.081 1232.321 0.01370
-0.01018 0.00259 0.06046 0.06136 0.04075 0.898 0.078 1232.351 0.01372
-0.01020 0.00260 0.06057 0.06147 0.04186 1.054 0.084 1232.381 0.01375
-0.01022 0.00260 0.06068 0.06159 0.04296 0.884 0.077 1232.411 0.01377
-0.01024 0.00261 0.06078 0.06170 0.04406 0.868 0.077 1232.440 0.01380
-0.01026 0.00261 0.06089 0.06181 0.04516 1.049 0.084 1232.470 0.01382
-0.01028 0.00262 0.06100 0.06192 0.04627 1.144 0.088 1232.500 0.01384
-0.01029 0.00262 0.06111 0.06203 0.04737 1.011 0.083 1232.530 0.01387
-0.01031 0.00263 0.06122 0.06214 0.04847 0.972 0.081 1232.560 0.01389
-0.01033 0.00263 0.06133 0.06225 0.04957 0.945 0.080 1232.590 0.01392
-0.01035 0.00263 0.06144 0.06236 0.05068 0.904 0.078 1232.620 0.01394
-0.01037 0.00264 0.06155 0.06247 0.05178 0.870 0.077 1232.650 0.01397
-0.01039 0.00264 0.06166 0.06258 0.05288 0.988 0.082 1232.679 0.01399
-0.01041 0.00265 0.06177 0.06270 0.05398 0.879 0.077 1232.709 0.01402
-0.01042 0.00265 0.06188 0.06281 0.05509 0.943 0.080 1232.739 0.01404
-0.01044 0.00266 0.06199 0.06292 0.05619 1.031 0.084 1232.769 0.01407
-0.01046 0.00266 0.06210 0.06303 0.05729 1.128 0.088 1232.799 0.01409
-0.01048 0.00267 0.06221 0.06314 0.05840 1.012 0.083 1232.829 0.01411
-0.01050 0.00267 0.06232 0.06325 0.05950 0.926 0.079 1232.859 0.01414
-0.01052 0.00268 0.06243 0.06336 0.06060 0.929 0.080 1232.889 0.01416
-0.01053 0.00268 0.06254 0.06347 0.06170 0.884 0.078 1232.918 0.01419
-0.01055 0.00269 0.06265 0.06358 0.06281 0.873 0.077 1232.948 0.01421
-0.01057 0.00269 0.06275 0.06370 0.06391 1.005 0.083 1232.978 0.01424
-0.01059 0.00270 0.06286 0.06381 0.06501 1.016 0.083 1233.008 0.01426
-0.01061 0.00270 0.06297 0.06392 0.06612 1.012 0.083 1233.038 0.01429
-0.01063 0.00271 0.06308 0.06403 0.06722 0.911 0.079 1233.068 0.01431
-0.01065 0.00271 0.06319 0.06414 0.06832 0.991 0.082 1233.098 0.01434
-0.01066 0.00271 0.06330 0.06425 0.06943 0.960 0.081 1233.128 0.01436
-0.01068 0.00272 0.06341 0.06436 0.07053 0.955 0.081 1233.157 0.01439
-0.01070 0.00272 0.06352 0.06447 0.07163 0.909 0.079 1233.187 0.01441
-0.01072 0.00273 0.06363 0.06459 0.07274 1.130 0.088 1233.217 0.01443
-0.01074 0.00273 0.06374 0.06470 0.07384 0.926 0.080 1233.247 0.01446
-0.01076 0.00274 0.06385 0.06481 0.07494 1.024 0.084 1233.277 0.01448
-0.01077 0.00274 0.06396 0.06492 0.07605 1.080 0.086 1233.307 0.01451
-0.01079 0.00275 0.06407 0.06503 0.07715 1.017 0.084 1233.337 0.01453
-0.01081 0.00275 0.06418 0.06514 0.07825 0.884 0.078 1233.367 0.01456
-0.01083 0.00276 0.06429 0.06525 0.07936 1.037 0.085 1233.397 0.01458
-0.01085 0.00276 0.06440 0.06536 0.08046 1.092 0.087 1233.426 0.01461
-0.01087 0.00277 0.06451 0.06547 0.08156 0.963 0.082 1233.456 0.01463
-0.01089 0.00277 0.06462 0.06559 0.08267 0.962 0.082 1233.486 0.01466
-0.01090 0.00278 0.06473 0.06570 0.08377 0.977 0.082 1233.516 0.01468
-0.01092 0.00278 0.06484 0.06581 0.08488 1.046 0.085 1233.546 0.01470
-0.01094 0.00279 0.06495 0.06592 0.08598 1.013 0.084 1233.576 0.01473
-0.01096 0.00279 0.06506 0.06603 0.08708 0.888 0.079 1233.606 0.01475
-0.01098 0.00279 0.06516 0.06614 0.08819 0.965 0.082 1233.636 0.01478
-0.01100 0.00280 0.06527 0.06625 0.08929 0.910 0.080 1233.665 0.01480
-0.01101 0.00280 0.06538 0.06636 0.09040 1.084 0.087 1233.695 0.01483
-0.01103 0.00281 0.06549 0.06648 0.09150 1.070 0.086 1233.725 0.01485
-0.01105 0.00281 0.06560 0.06659 0.09260 1.147 0.089 1233.755 0.01488
-0.01107 0.00282 0.06571 0.06670 0.09371 1.037 0.085 1233.785 0.01490
-0.01109 0.00282 0.06582 0.06681 0.09481 1.025 0.085 1233.815 0.01493
-0.01111 0.00283 0.06593 0.06692 0.09592 1.122 0.088 1233.845 0.01495
-0.01113 0.00283 0.06604 0.06703 0.09702 0.837 0.076 1233.875 0.01497
-0.01114 0.00284 0.06615 0.06714 0.09813 0.984 0.083 1233.904 0.01500
-0.01116 0.00284 0.06626 0.06725 0.09923 1.090 0.087 1233.934 0.01502
-0.01118 0.00285 0.06637 0.06737 0.10033 0.931 0.081 1233.964 0.01505
-0.01120 0.00285 0.06648 0.06748 0.10144 1.071 0.087 1233.994 0.01507
-0.01122 0.00286 0.06659 0.06759 0.10254 1.099 0.088 1234.024 0.01510
-0.01124 0.00286 0.06670 0.06770 0.10365 0.890 0.079 1234.054 0.01512
-0.01125 0.00286 0.06681 0.06781 0.10475 0.919 0.080 1234.084 0.01515
-0.01127 0.00287 0.06692 0.06792 0.10586 0.940 0.081 1234.114 0.01517
-0.01129 0.00287 0.06703 0.06803 0.10696 0.946 0.082 1234.143 0.01520
-0.01131 0.00288 0.06714 0.06814 0.10807 1.087 0.087 1234.173 0.01522
-0.01133 0.00288 0.06725 0.06826 0.10917 0.914 0.080 1234.203 0.01525
-0.01135 0.00289 0.06736 0.06837 0.11028 1.047 0.086 1234.233 0.01527
-0.01137 0.00289 0.06747 0.06848 0.11138 0.880 0.079 1234.263 0.01529
-0.01138 0.00290 0.06758 0.06859 0.11248 0.866 0.078 1234.293 0.01532
-0.01140 0.00290 0.06769 0.06870 0.11359 0.994 0.084 1234.323 0.01534
-0.01142 0.00291 0.06780 0.06881 0.11469 1.030 0.085 1234.353 0.01537
-0.01144 0.00291 0.06791 0.06892 0.11580 0.961 0.082 1234.383 0.01539
-0.01146 0.00292 0.06802 0.06904 0.11690 0.926 0.081 1234.412 0.01542
-0.01148 0.00292 0.06812 0.06915 0.11801 0.805 0.075 1234.442 0.01544
-0.01149 0.00293 0.06823 0.06926 0.11911 0.954 0.082 1234.472 0.01547
-0.01151 0.00293 0.06834 0.06937 0.12022 0.956 0.082 1234.502 0.01549
-0.01153 0.00294 0.06845 0.06948 0.12132 0.955 0.082 1234.532 0.01552
-0.01155 0.00294 0.06856 0.06959 0.12243 1.055 0.086 1234.562 0.01554
-0.01157 0.00294 0.06867 0.06970 0.12354 0.985 0.084 1234.592 0.01556
-0.01159 0.00295 0.06878 0.06981 0.12464 0.887 0.079 1234.622 0.01559
-0.01161 0.00295 0.06889 0.06993 0.12575 0.916 0.081 1234.651 0.01561
-0.01162 0.00296 0.06900 0.07004 0.12685 0.952 0.082 1234.681 0.01564
-0.01164 0.00296 0.06911 0.07015 0.12796 1.124 0.089 1234.711 0.01566
-0.01166 0.00297 0.06922 0.07026 0.12906 0.911 0.080 1234.741 0.01569
-0.01168 0.00297 0.06933 0.07037 0.13017 1.019 0.085 1234.771 0.01571
-0.01170 0.00298 0.06944 0.07048 0.13127 1.005 0.085 1234.801 0.01574
-0.01172 0.00298 0.06955 0.07059 0.13238 0.856 0.078 1234.831 0.01576
-0.01173 0.00299 0.06966 0.07071 0.13348 0.986 0.084 1234.861 0.01579
-0.01175 0.00299 0.06977 0.07082 0.13459 0.815 0.076 1234.890 0.01581
-0.01177 0.00300 0.06988 0.07093 0.13570 0.929 0.081 1234.920 0.01584
-0.01179 0.00300 0.06999 0.07104 0.13680 0.908 0.080 1234.950 0.01586
-0.01181 0.00301 0.07010 0.07115 0.13791 0.838 0.081 1234.980 0.01588
-0.01183 0.00301 0.07021 0.07126 0.13901 0.985 0.084 1235.010 0.01591
-0.01185 0.00302 0.07032 0.07137 0.14012 0.926 0.081 1235.040 0.01593
-0.01186 0.00302 0.07043 0.07149 0.14122 0.962 0.083 1235.070 0.01596
-0.01188 0.00302 0.07054 0.07160 0.14233 0.994 0.084 1235.100 0.01598
-0.01190 0.00303 0.07065 0.07171 0.14344 0.936 0.082 1235.129 0.01601
-0.01192 0.00303 0.07076 0.07182 0.14454 1.049 0.087 1235.159 0.01603
-0.01194 0.00304 0.07087 0.07193 0.14565 1.196 0.093 1235.189 0.01606
-0.01196 0.00304 0.07098 0.07204 0.14675 1.066 0.087 1235.219 0.01608
-0.01198 0.00305 0.07109 0.07215 0.14786 1.006 0.085 1235.249 0.01611
-0.01199 0.00305 0.07120 0.07227 0.14897 1.005 0.085 1235.279 0.01613
-0.01201 0.00306 0.07131 0.07238 0.15007 0.912 0.081 1235.309 0.01615
-0.01203 0.00306 0.07142 0.07249 0.15118 0.930 0.082 1235.339 0.01618
-0.01205 0.00307 0.07153 0.07260 0.15228 0.911 0.081 1235.369 0.01620
-0.01207 0.00307 0.07164 0.07271 0.15339 0.960 0.083 1235.398 0.01623
-0.01209 0.00308 0.07175 0.07282 0.15450 1.030 0.086 1235.428 0.01625
-0.01210 0.00308 0.07186 0.07293 0.15560 0.864 0.079 1235.458 0.01628
-0.01212 0.00309 0.07197 0.07305 0.15671 0.895 0.084 1235.488 0.01630
-0.01214 0.00309 0.07208 0.07316 0.15782 0.837 0.078 1235.518 0.01633
-0.01216 0.00310 0.07219 0.07327 0.15892 1.044 0.087 1235.548 0.01635
-0.01218 0.00310 0.07230 0.07338 0.16003 1.032 0.086 1235.578 0.01638
-0.01220 0.00310 0.07241 0.07349 0.16114 1.161 0.092 1235.608 0.01640
-0.01222 0.00311 0.07252 0.07360 0.16224 1.044 0.087 1235.637 0.01643
-0.01223 0.00311 0.07263 0.07371 0.16335 0.872 0.079 1235.667 0.01645
-0.01225 0.00312 0.07274 0.07383 0.16446 0.890 0.080 1235.697 0.01647
-0.01227 0.00312 0.07285 0.07394 0.16556 0.860 0.079 1235.727 0.01650
-0.01229 0.00313 0.07295 0.07405 0.16667 1.085 0.089 1235.757 0.01652
-0.01231 0.00313 0.07306 0.07416 0.16778 1.089 0.089 1235.787 0.01655
-0.01233 0.00314 0.07317 0.07427 0.16888 0.981 0.084 1235.817 0.01657
-0.01235 0.00314 0.07328 0.07438 0.16999 0.994 0.085 1235.847 0.01660
-0.01236 0.00315 0.07339 0.07450 0.17110 1.113 0.090 1235.876 0.01662
-0.01238 0.00315 0.07350 0.07461 0.17220 0.907 0.081 1235.906 0.01665
-0.01240 0.00316 0.07361 0.07472 0.17331 0.867 0.079 1235.936 0.01667
-0.01242 0.00316 0.07372 0.07483 0.17442 0.970 0.084 1235.966 0.01670
-0.01244 0.00317 0.07383 0.07494 0.17553 0.893 0.081 1235.996 0.01672
-0.01246 0.00317 0.07394 0.07505 0.17663 0.948 0.083 1236.026 0.01674
-0.01247 0.00318 0.07405 0.07516 0.17774 0.930 0.082 1236.056 0.01677
-0.01249 0.00318 0.07416 0.07528 0.17885 1.074 0.088 1236.086 0.01679
-0.01251 0.00319 0.07427 0.07539 0.17995 1.078 0.089 1236.115 0.01682
-0.01253 0.00319 0.07438 0.07550 0.18106 0.879 0.080 1236.145 0.01684
-0.01255 0.00319 0.07449 0.07561 0.18217 1.110 0.090 1236.175 0.01687
-0.01257 0.00320 0.07460 0.07572 0.18328 1.031 0.087 1236.205 0.01689
-0.01259 0.00320 0.07471 0.07583 0.18438 1.025 0.086 1236.235 0.01692
-0.01260 0.00321 0.07482 0.07595 0.18549 1.051 0.088 1236.265 0.01694
-0.01262 0.00321 0.07493 0.07606 0.18660 0.983 0.085 1236.295 0.01697
-0.01264 0.00322 0.07504 0.07617 0.18771 0.973 0.084 1236.325 0.01699
-0.01266 0.00322 0.07515 0.07628 0.18881 0.995 0.085 1236.355 0.01701
-0.01268 0.00323 0.07526 0.07639 0.18992 0.995 0.085 1236.384 0.01704
-0.01270 0.00323 0.07537 0.07650 0.19103 0.864 0.079 1236.414 0.01706
-0.01272 0.00324 0.07548 0.07661 0.19214 0.800 0.076 1236.444 0.01709
-0.01273 0.00324 0.07559 0.07673 0.19324 0.938 0.083 1236.474 0.01711
-0.01275 0.00325 0.07570 0.07684 0.19435 0.954 0.084 1236.504 0.01714
-0.01277 0.00325 0.07581 0.07695 0.19546 1.014 0.086 1236.534 0.01716
-0.01279 0.00326 0.07592 0.07706 0.19657 0.954 0.084 1236.564 0.01719
-0.01281 0.00326 0.07603 0.07717 0.19768 0.817 0.077 1236.594 0.01721
-0.01283 0.00327 0.07614 0.07728 0.19878 1.029 0.087 1236.623 0.01724
-0.01285 0.00327 0.07625 0.07740 0.19989 0.963 0.084 1236.653 0.01726
-0.01286 0.00327 0.07636 0.07751 0.20100 1.031 0.087 1236.683 0.01729
-0.01288 0.00328 0.07647 0.07762 0.20211 1.221 0.095 1236.713 0.01731
-0.01290 0.00328 0.07658 0.07773 0.20322 0.855 0.079 1236.743 0.01733
-0.01292 0.00329 0.07669 0.07784 0.20432 1.031 0.087 1236.773 0.01736
-0.01294 0.00329 0.07680 0.07795 0.20543 0.973 0.085 1236.803 0.01738
-0.01296 0.00330 0.07691 0.07807 0.20654 1.061 0.088 1236.833 0.01741
-0.01297 0.00330 0.07702 0.07818 0.20765 0.936 0.083 1236.862 0.01743
-0.01299 0.00331 0.07713 0.07829 0.20876 0.915 0.082 1236.892 0.01746
-0.01301 0.00331 0.07724 0.07840 0.20987 0.973 0.085 1236.922 0.01748
-0.01303 0.00332 0.07735 0.07851 0.21097 0.856 0.079 1236.952 0.01751
-0.01305 0.00332 0.07746 0.07862 0.21208 0.909 0.082 1236.982 0.01753
-0.01307 0.00333 0.07757 0.07874 0.21319 0.768 0.075 1237.012 0.01756
-0.01309 0.00333 0.07768 0.07885 0.21430 0.850 0.079 1237.042 0.01758
-0.01310 0.00334 0.07779 0.07896 0.21541 0.997 0.086 1237.072 0.01760
-0.01312 0.00334 0.07790 0.07907 0.21652 0.872 0.080 1237.101 0.01763
-0.01314 0.00335 0.07801 0.07918 0.21762 0.925 0.083 1237.131 0.01765
-0.01316 0.00335 0.07812 0.07929 0.21873 0.829 0.078 1237.161 0.01768
-0.01318 0.00335 0.07823 0.07941 0.21984 0.925 0.083 1237.191 0.01770
-0.01320 0.00336 0.07834 0.07952 0.22095 0.912 0.082 1237.221 0.01773
-0.01322 0.00336 0.07845 0.07963 0.22206 0.942 0.083 1237.251 0.01775
-0.01323 0.00337 0.07856 0.07974 0.22317 0.972 0.085 1237.281 0.01778
-0.01325 0.00337 0.07867 0.07985 0.22428 0.876 0.080 1237.311 0.01780
-0.01327 0.00338 0.07878 0.07996 0.22539 0.839 0.079 1237.341 0.01783
-0.01329 0.00338 0.07889 0.08008 0.22650 1.142 0.092 1237.370 0.01785
-0.01331 0.00339 0.07900 0.08019 0.22760 0.979 0.085 1237.400 0.01788
-0.01333 0.00339 0.07911 0.08030 0.22871 0.809 0.081 1237.430 0.01790
-0.01335 0.00340 0.07922 0.08041 0.22982 1.039 0.088 1237.460 0.01792
-0.01336 0.00340 0.07933 0.08052 0.23093 0.788 0.076 1237.490 0.01795
-0.01338 0.00341 0.07944 0.08064 0.23204 0.907 0.082 1237.520 0.01797
-0.01340 0.00341 0.07955 0.08075 0.23315 0.959 0.084 1237.550 0.01800
-0.01342 0.00342 0.07966 0.08086 0.23426 1.033 0.087 1237.580 0.01802
-0.01344 0.00342 0.07977 0.08097 0.23537 0.908 0.082 1237.609 0.01805
-0.01346 0.00343 0.07988 0.08108 0.23648 1.049 0.088 1237.639 0.01807
-0.01348 0.00343 0.07999 0.08119 0.23759 0.782 0.076 1237.669 0.01810
-0.01349 0.00344 0.08010 0.08131 0.23870 0.976 0.085 1237.699 0.01812
-0.01351 0.00344 0.08021 0.08142 0.23981 0.967 0.085 1237.729 0.01815
-0.01353 0.00344 0.08032 0.08153 0.24092 0.909 0.082 1237.759 0.01817
-0.01355 0.00345 0.08043 0.08164 0.24202 0.937 0.083 1237.789 0.01819
-0.01357 0.00345 0.08054 0.08175 0.24313 0.887 0.081 1237.819 0.01822
-0.01359 0.00346 0.08066 0.08186 0.24424 0.940 0.084 1237.848 0.01824
-0.01361 0.00346 0.08077 0.08198 0.24535 0.888 0.081 1237.878 0.01827
-0.01362 0.00347 0.08088 0.08209 0.24646 1.010 0.087 1237.908 0.01829
-0.01364 0.00347 0.08099 0.08220 0.24757 0.929 0.083 1237.938 0.01832
-0.01366 0.00348 0.08110 0.08231 0.24868 1.040 0.088 1237.968 0.01834
-0.01368 0.00348 0.08121 0.08242 0.24979 0.900 0.082 1237.998 0.01837
-0.01370 0.00349 0.08132 0.08254 0.25090 1.014 0.087 1238.028 0.01839
-0.01372 0.00349 0.08143 0.08265 0.25201 0.916 0.083 1238.058 0.01842
-0.01374 0.00350 0.08154 0.08276 0.25312 1.232 0.096 1238.087 0.01844
-0.01375 0.00350 0.08165 0.08287 0.25423 1.134 0.092 1238.117 0.01847
-0.01377 0.00351 0.08176 0.08298 0.25534 0.914 0.083 1238.147 0.01849
-0.01379 0.00351 0.08187 0.08309 0.25645 0.951 0.084 1238.177 0.01851
-0.01381 0.00352 0.08198 0.08321 0.25756 1.018 0.087 1238.207 0.01854
-0.01383 0.00352 0.08209 0.08332 0.25867 1.085 0.090 1238.237 0.01856
-0.01385 0.00352 0.08220 0.08343 0.25978 0.984 0.086 1238.267 0.01859
-0.01387 0.00353 0.08231 0.08354 0.26089 0.921 0.083 1238.297 0.01861
-0.01388 0.00353 0.08242 0.08365 0.26200 0.987 0.086 1238.327 0.01864
-0.01390 0.00354 0.08253 0.08377 0.26311 1.100 0.091 1238.356 0.01866
-0.01392 0.00354 0.08264 0.08388 0.26422 0.863 0.080 1238.386 0.01869
-0.01394 0.00355 0.08275 0.08399 0.26533 0.966 0.085 1238.416 0.01871
-0.01396 0.00355 0.08286 0.08410 0.26644 0.891 0.086 1238.446 0.01874
-0.01398 0.00356 0.08297 0.08421 0.26755 0.774 0.076 1238.476 0.01876
-0.01400 0.00356 0.08308 0.08432 0.26866 0.886 0.081 1238.506 0.01878
-0.01401 0.00357 0.08319 0.08444 0.26978 1.001 0.087 1238.536 0.01881
-0.01403 0.00357 0.08330 0.08455 0.27089 1.028 0.088 1238.566 0.01883
-0.01405 0.00358 0.08341 0.08466 0.27200 1.015 0.087 1238.595 0.01886
-0.01407 0.00358 0.08352 0.08477 0.27311 0.912 0.083 1238.625 0.01888
-0.01409 0.00359 0.08363 0.08488 0.27422 0.803 0.078 1238.655 0.01891
-0.01411 0.00359 0.08374 0.08500 0.27533 0.766 0.076 1238.685 0.01893
-0.01413 0.00360 0.08385 0.08511 0.27644 0.932 0.084 1238.715 0.01896
-0.01414 0.00360 0.08396 0.08522 0.27755 0.993 0.086 1238.745 0.01898
-0.01416 0.00361 0.08407 0.08533 0.27866 0.785 0.077 1238.775 0.01901
-0.01418 0.00361 0.08418 0.08544 0.27977 0.751 0.080 1238.805 0.01903
-0.01420 0.00361 0.08429 0.08556 0.28088 0.978 0.086 1238.834 0.01905
-0.01422 0.00362 0.08440 0.08567 0.28199 1.074 0.090 1238.864 0.01908
-0.01424 0.00362 0.08451 0.08578 0.28310 1.020 0.087 1238.894 0.01910
-0.01426 0.00363 0.08462 0.08589 0.28422 0.848 0.080 1238.924 0.01913
-0.01427 0.00363 0.08473 0.08600 0.28533 0.973 0.085 1238.954 0.01915
-0.01429 0.00364 0.08484 0.08612 0.28644 0.943 0.084 1238.984 0.01918
-0.01431 0.00364 0.08495 0.08623 0.28755 0.941 0.084 1239.014 0.01920
-0.01433 0.00365 0.08506 0.08634 0.28866 0.907 0.083 1239.044 0.01923
-0.01435 0.00365 0.08517 0.08645 0.28977 0.911 0.083 1239.073 0.01925
-0.01437 0.00366 0.08528 0.08656 0.29088 1.078 0.090 1239.103 0.01928
-0.01439 0.00366 0.08539 0.08668 0.29199 0.805 0.078 1239.133 0.01930
-0.01440 0.00367 0.08551 0.08679 0.29310 0.850 0.080 1239.163 0.01933
-0.01442 0.00367 0.08562 0.08690 0.29422 1.013 0.087 1239.193 0.01935
-0.01444 0.00368 0.08573 0.08701 0.29533 1.023 0.088 1239.223 0.01937
-0.01446 0.00368 0.08584 0.08712 0.29644 0.950 0.085 1239.253 0.01940
-0.01448 0.00369 0.08595 0.08724 0.29755 0.942 0.084 1239.283 0.01942
-0.01450 0.00369 0.08606 0.08735 0.29866 1.025 0.088 1239.313 0.01945
-0.01452 0.00370 0.08617 0.08746 0.29977 0.973 0.086 1239.342 0.01947
-0.01453 0.00370 0.08628 0.08757 0.30089 1.086 0.090 1239.372 0.01950
-0.01455 0.00370 0.08639 0.08768 0.30200 1.035 0.088 1239.402 0.01952
-0.01457 0.00371 0.08650 0.08780 0.30311 1.012 0.087 1239.432 0.01955
-0.01459 0.00371 0.08661 0.08791 0.30422 0.898 0.082 1239.462 0.01957
-0.01461 0.00372 0.08672 0.08802 0.30533 1.027 0.088 1239.492 0.01960
-0.01463 0.00372 0.08683 0.08813 0.30644 0.982 0.086 1239.522 0.01962
-0.01465 0.00373 0.08694 0.08824 0.30756 0.990 0.086 1239.552 0.01964
-0.01466 0.00373 0.08705 0.08836 0.30867 1.037 0.088 1239.581 0.01967
-0.01468 0.00374 0.08716 0.08847 0.30978 1.053 0.089 1239.611 0.01969
-0.01470 0.00374 0.08727 0.08858 0.31089 1.075 0.090 1239.641 0.01972
-0.01472 0.00375 0.08738 0.08869 0.31200 1.097 0.091 1239.671 0.01974
-0.01474 0.00375 0.08749 0.08880 0.31312 0.872 0.081 1239.701 0.01977
-0.01476 0.00376 0.08760 0.08892 0.31423 0.849 0.080 1239.731 0.01979
-0.01478 0.00376 0.08771 0.08903 0.31534 1.136 0.093 1239.761 0.01982
-0.01479 0.00377 0.08782 0.08914 0.31645 0.925 0.084 1239.791 0.01984
-0.01481 0.00377 0.08793 0.08925 0.31756 0.964 0.085 1239.820 0.01987
-0.01483 0.00378 0.08804 0.08936 0.31868 1.008 0.087 1239.850 0.01989
-0.01485 0.00378 0.08815 0.08948 0.31979 1.047 0.089 1239.880 0.01992
-0.01487 0.00379 0.08826 0.08959 0.32090 0.986 0.086 1239.910 0.01994
-0.01489 0.00379 0.08837 0.08970 0.32201 1.093 0.091 1239.940 0.01996
-0.01491 0.00379 0.08849 0.08981 0.32313 1.017 0.088 1239.970 0.01999
-0.01492 0.00380 0.08860 0.08992 0.32424 1.002 0.087 1240.000 0.02001
-0.01494 0.00380 0.08871 0.09004 0.32535 0.988 0.086 1240.030 0.02004
-0.01496 0.00381 0.08882 0.09015 0.32646 0.934 0.084 1240.059 0.02006
-0.01498 0.00381 0.08893 0.09026 0.32758 1.161 0.094 1240.089 0.02009
-0.01500 0.00382 0.08904 0.09037 0.32869 0.852 0.080 1240.119 0.02011
-0.01502 0.00382 0.08915 0.09048 0.32980 0.934 0.084 1240.149 0.02014
-0.01504 0.00383 0.08926 0.09060 0.33091 0.890 0.086 1240.179 0.02016
-0.01505 0.00383 0.08937 0.09071 0.33203 0.913 0.083 1240.209 0.02019
-0.01507 0.00384 0.08948 0.09082 0.33314 1.124 0.092 1240.239 0.02021
-0.01509 0.00384 0.08959 0.09093 0.33425 0.958 0.085 1240.269 0.02023
-0.01511 0.00385 0.08970 0.09105 0.33537 1.026 0.088 1240.299 0.02026
-0.01513 0.00385 0.08981 0.09116 0.33648 1.010 0.087 1240.328 0.02028
-0.01515 0.00386 0.08992 0.09127 0.33759 0.974 0.086 1240.358 0.02031
-0.01517 0.00386 0.09003 0.09138 0.33870 0.995 0.087 1240.388 0.02033
-0.01518 0.00387 0.09014 0.09149 0.33982 0.966 0.085 1240.418 0.02036
-0.01520 0.00387 0.09025 0.09161 0.34093 0.957 0.085 1240.448 0.02038
-0.01522 0.00388 0.09036 0.09172 0.34204 1.011 0.087 1240.478 0.02041
-0.01524 0.00388 0.09047 0.09183 0.34316 1.042 0.089 1240.508 0.02043
-0.01526 0.00388 0.09058 0.09194 0.34427 0.973 0.086 1240.538 0.02046
-0.01528 0.00389 0.09069 0.09205 0.34538 0.876 0.081 1240.567 0.02048
-0.01530 0.00389 0.09080 0.09217 0.34650 1.119 0.092 1240.597 0.02050
-0.01532 0.00390 0.09092 0.09228 0.34761 0.952 0.085 1240.627 0.02053
-0.01533 0.00390 0.09103 0.09239 0.34872 1.058 0.089 1240.657 0.02055
-0.01535 0.00391 0.09114 0.09250 0.34984 1.051 0.089 1240.687 0.02058
-0.01537 0.00391 0.09125 0.09262 0.35095 0.884 0.082 1240.717 0.02060
-0.01539 0.00392 0.09136 0.09273 0.35206 1.119 0.092 1240.747 0.02063
-0.01541 0.00392 0.09147 0.09284 0.35318 0.990 0.087 1240.777 0.02065
-0.01543 0.00393 0.09158 0.09295 0.35429 0.985 0.086 1240.806 0.02068
-0.01545 0.00393 0.09169 0.09306 0.35540 0.914 0.083 1240.836 0.02070
-0.01546 0.00394 0.09180 0.09318 0.35652 1.105 0.091 1240.866 0.02073
-0.01548 0.00394 0.09191 0.09329 0.35763 1.168 0.094 1240.896 0.02075
-0.01550 0.00395 0.09202 0.09340 0.35874 0.863 0.081 1240.926 0.02078
-0.01552 0.00395 0.09213 0.09351 0.35986 0.936 0.084 1240.956 0.02080
-0.01554 0.00396 0.09224 0.09362 0.36097 0.951 0.085 1240.986 0.02082
-0.01556 0.00396 0.09235 0.09374 0.36209 0.965 0.086 1241.016 0.02085
-0.01558 0.00397 0.09246 0.09385 0.36320 0.900 0.083 1241.045 0.02087
-0.01559 0.00397 0.09257 0.09396 0.36431 0.916 0.083 1241.075 0.02090
-0.01561 0.00397 0.09268 0.09407 0.36543 0.918 0.083 1241.105 0.02092
-0.01563 0.00398 0.09279 0.09419 0.36654 0.950 0.085 1241.135 0.02095
-0.01565 0.00398 0.09291 0.09430 0.36766 1.070 0.090 1241.165 0.02097
-0.01567 0.00399 0.09302 0.09441 0.36877 0.927 0.084 1241.195 0.02100
-0.01569 0.00399 0.09313 0.09452 0.36988 0.983 0.086 1241.225 0.02102
-0.01571 0.00400 0.09324 0.09463 0.37100 0.923 0.085 1241.255 0.02105
-0.01572 0.00400 0.09335 0.09475 0.37211 1.016 0.089 1241.285 0.02107
-0.01574 0.00401 0.09346 0.09486 0.37323 0.959 0.087 1241.314 0.02109
-0.01576 0.00401 0.09357 0.09497 0.37434 0.971 0.089 1241.344 0.02112
-0.01578 0.00402 0.09368 0.09508 0.37545 1.077 0.090 1241.374 0.02114
-0.01580 0.00402 0.09379 0.09520 0.37657 0.952 0.085 1241.404 0.02117
-0.01582 0.00403 0.09390 0.09531 0.37768 0.868 0.085 1241.434 0.02119
-0.01584 0.00403 0.09401 0.09542 0.37880 0.930 0.088 1241.464 0.02122
-0.01586 0.00404 0.09412 0.09553 0.37991 1.051 0.089 1241.494 0.02124
-0.01587 0.00404 0.09423 0.09565 0.38103 1.005 0.087 1241.524 0.02127
-0.01589 0.00405 0.09434 0.09576 0.38214 1.063 0.090 1241.553 0.02129
-0.01591 0.00405 0.09445 0.09587 0.38326 1.000 0.087 1241.583 0.02132
-0.01593 0.00406 0.09456 0.09598 0.38437 0.900 0.083 1241.613 0.02134
-0.01595 0.00406 0.09467 0.09609 0.38549 1.265 0.098 1241.643 0.02137
-0.01597 0.00406 0.09479 0.09621 0.38660 0.864 0.081 1241.673 0.02139
-0.01599 0.00407 0.09490 0.09632 0.38771 1.043 0.089 1241.703 0.02141
-0.01600 0.00407 0.09501 0.09643 0.38883 1.130 0.093 1241.733 0.02144
-0.01602 0.00408 0.09512 0.09654 0.38994 0.883 0.082 1241.763 0.02146
-0.01604 0.00408 0.09523 0.09666 0.39106 1.087 0.091 1241.792 0.02149
-0.01606 0.00409 0.09534 0.09677 0.39217 1.019 0.088 1241.822 0.02151
-0.01608 0.00409 0.09545 0.09688 0.39329 1.073 0.090 1241.852 0.02154
-0.01610 0.00410 0.09556 0.09699 0.39440 0.876 0.081 1241.882 0.02156
-0.01612 0.00410 0.09567 0.09711 0.39552 0.899 0.083 1241.912 0.02159
-0.01613 0.00411 0.09578 0.09722 0.39663 1.013 0.088 1241.942 0.02161
-0.01615 0.00411 0.09589 0.09733 0.39775 0.959 0.085 1241.972 0.02164
-0.01617 0.00412 0.09600 0.09744 0.39886 1.111 0.092 1242.002 0.02166
-0.01619 0.00412 0.09611 0.09755 0.39998 0.959 0.085 1242.031 0.02168
-0.01621 0.00413 0.09622 0.09767 0.40109 0.981 0.086 1242.061 0.02171
-0.01623 0.00413 0.09633 0.09778 0.40221 0.792 0.082 1242.091 0.02173
-0.01625 0.00414 0.09645 0.09789 0.40332 1.003 0.087 1242.121 0.02176
-0.01627 0.00414 0.09656 0.09800 0.40444 0.936 0.084 1242.151 0.02178
-0.01628 0.00415 0.09667 0.09812 0.40556 1.052 0.089 1242.181 0.02181
-0.01630 0.00415 0.09678 0.09823 0.40667 0.944 0.085 1242.211 0.02183
-0.01632 0.00415 0.09689 0.09834 0.40779 0.973 0.086 1242.241 0.02186
-0.01634 0.00416 0.09700 0.09845 0.40890 0.990 0.087 1242.271 0.02188
-0.01636 0.00416 0.09711 0.09857 0.41002 0.992 0.087 1242.300 0.02191
-0.01638 0.00417 0.09722 0.09868 0.41113 1.004 0.087 1242.330 0.02193
-0.01640 0.00417 0.09733 0.09879 0.41225 0.808 0.082 1242.360 0.02196
-0.01641 0.00418 0.09744 0.09890 0.41336 1.029 0.088 1242.390 0.02198
-0.01643 0.00418 0.09755 0.09902 0.41448 1.082 0.091 1242.420 0.02200
-0.01645 0.00419 0.09766 0.09913 0.41560 0.909 0.083 1242.450 0.02203
-0.01647 0.00419 0.09777 0.09924 0.41671 0.863 0.081 1242.480 0.02205
-0.01649 0.00420 0.09789 0.09935 0.41783 1.045 0.089 1242.510 0.02208
-0.01651 0.00420 0.09800 0.09947 0.41894 1.061 0.090 1242.539 0.02210
-0.01653 0.00421 0.09811 0.09958 0.42006 0.993 0.087 1242.569 0.02213
-0.01655 0.00421 0.09822 0.09969 0.42117 0.978 0.090 1242.599 0.02215
-0.01656 0.00422 0.09833 0.09980 0.42229 1.030 0.088 1242.629 0.02218
-0.01658 0.00422 0.09844 0.09992 0.42341 0.923 0.084 1242.659 0.02220
-0.01660 0.00423 0.09855 0.10003 0.42452 1.037 0.089 1242.689 0.02223
-0.01662 0.00423 0.09866 0.10014 0.42564 0.954 0.085 1242.719 0.02225
-0.01664 0.00424 0.09877 0.10025 0.42675 0.696 0.081 1242.749 0.02227
-0.01666 0.00424 0.09888 0.10036 0.42787 0.825 0.079 1242.778 0.02230
-0.01668 0.00425 0.09899 0.10048 0.42899 0.968 0.086 1242.808 0.02232
-0.01669 0.00425 0.09910 0.10059 0.43010 0.933 0.084 1242.838 0.02235
-0.01671 0.00425 0.09921 0.10070 0.43122 1.083 0.091 1242.868 0.02237
-0.01673 0.00426 0.09933 0.10081 0.43234 0.960 0.085 1242.898 0.02240
-0.01675 0.00426 0.09944 0.10093 0.43345 0.916 0.087 1242.928 0.02242
-0.01677 0.00427 0.09955 0.10104 0.43457 0.945 0.085 1242.958 0.02245
-0.01679 0.00427 0.09966 0.10115 0.43569 0.976 0.086 1242.988 0.02247
-0.01681 0.00428 0.09977 0.10126 0.43680 1.036 0.089 1243.017 0.02250
-0.01683 0.00428 0.09988 0.10138 0.43792 0.952 0.085 1243.047 0.02252
-0.01684 0.00429 0.09999 0.10149 0.43903 1.150 0.093 1243.077 0.02254
-0.01686 0.00429 0.10010 0.10160 0.44015 0.945 0.085 1243.107 0.02257
-0.01688 0.00430 0.10021 0.10171 0.44127 1.089 0.091 1243.137 0.02259
-0.01690 0.00430 0.10032 0.10183 0.44238 1.134 0.093 1243.167 0.02262
-0.01692 0.00431 0.10043 0.10194 0.44350 0.832 0.083 1243.197 0.02264
-0.01694 0.00431 0.10054 0.10205 0.44462 0.893 0.082 1243.227 0.02267
-0.01696 0.00432 0.10066 0.10216 0.44574 0.947 0.085 1243.257 0.02269
-0.01697 0.00432 0.10077 0.10228 0.44685 1.075 0.090 1243.286 0.02272
-0.01699 0.00433 0.10088 0.10239 0.44797 0.863 0.081 1243.316 0.02274
-0.01701 0.00433 0.10099 0.10250 0.44909 1.128 0.092 1243.346 0.02277
-0.01703 0.00434 0.10110 0.10261 0.45020 1.022 0.088 1243.376 0.02279
-0.01705 0.00434 0.10121 0.10273 0.45132 1.009 0.087 1243.406 0.02282
-0.01707 0.00434 0.10132 0.10284 0.45244 0.992 0.087 1243.436 0.02284
-0.01709 0.00435 0.10143 0.10295 0.45355 1.031 0.088 1243.466 0.02286
-0.01711 0.00435 0.10154 0.10307 0.45467 1.108 0.092 1243.496 0.02289
-0.01712 0.00436 0.10165 0.10318 0.45579 1.086 0.091 1243.525 0.02291
-0.01714 0.00436 0.10176 0.10329 0.45691 0.967 0.085 1243.555 0.02294
-0.01716 0.00437 0.10188 0.10340 0.45802 0.929 0.084 1243.585 0.02296
-0.01718 0.00437 0.10199 0.10352 0.45914 0.982 0.086 1243.615 0.02299
-0.01720 0.00438 0.10210 0.10363 0.46026 0.894 0.082 1243.645 0.02301
-0.01722 0.00438 0.10221 0.10374 0.46137 1.003 0.087 1243.675 0.02304
-0.01724 0.00439 0.10232 0.10385 0.46249 1.025 0.088 1243.705 0.02306
-0.01725 0.00439 0.10243 0.10397 0.46361 1.027 0.088 1243.735 0.02309
-0.01727 0.00440 0.10254 0.10408 0.46473 0.954 0.085 1243.764 0.02311
-0.01729 0.00440 0.10265 0.10419 0.46584 1.035 0.088 1243.794 0.02313
-0.01731 0.00441 0.10276 0.10430 0.46696 1.005 0.087 1243.824 0.02316
-0.01733 0.00441 0.10287 0.10442 0.46808 1.045 0.089 1243.854 0.02318
-0.01735 0.00442 0.10298 0.10453 0.46920 0.993 0.087 1243.884 0.02321
-0.01737 0.00442 0.10310 0.10464 0.47031 0.968 0.085 1243.914 0.02323
-0.01739 0.00443 0.10321 0.10475 0.47143 1.019 0.088 1243.944 0.02326
-0.01740 0.00443 0.10332 0.10487 0.47255 0.913 0.083 1243.974 0.02328
-0.01742 0.00444 0.10343 0.10498 0.47367 1.038 0.088 1244.003 0.02331
-0.01744 0.00444 0.10354 0.10509 0.47479 0.924 0.083 1244.033 0.02333
-0.01746 0.00444 0.10365 0.10520 0.47590 0.906 0.083 1244.063 0.02336
-0.01748 0.00445 0.10376 0.10532 0.47702 0.913 0.083 1244.093 0.02338
-0.01750 0.00445 0.10387 0.10543 0.47814 1.012 0.087 1244.123 0.02341
-0.01752 0.00446 0.10398 0.10554 0.47926 1.106 0.091 1244.153 0.02343
-0.01754 0.00446 0.10409 0.10565 0.48038 1.094 0.091 1244.183 0.02345
-0.01755 0.00447 0.10420 0.10577 0.48149 0.925 0.083 1244.213 0.02348
-0.01757 0.00447 0.10432 0.10588 0.48261 0.931 0.084 1244.243 0.02350
-0.01759 0.00448 0.10443 0.10599 0.48373 0.906 0.083 1244.272 0.02353
-0.01761 0.00448 0.10454 0.10611 0.48485 0.991 0.086 1244.302 0.02355
-0.01763 0.00449 0.10465 0.10622 0.48597 1.091 0.091 1244.332 0.02358
-0.01765 0.00449 0.10476 0.10633 0.48708 0.979 0.086 1244.362 0.02360
-0.01767 0.00450 0.10487 0.10644 0.48820 0.821 0.079 1244.392 0.02363
-0.01768 0.00450 0.10498 0.10656 0.48932 1.045 0.089 1244.422 0.02365
-0.01770 0.00451 0.10509 0.10667 0.49044 0.965 0.085 1244.452 0.02368
-0.01772 0.00451 0.10520 0.10678 0.49156 1.075 0.090 1244.482 0.02370
-0.01774 0.00452 0.10531 0.10689 0.49268 1.030 0.088 1244.511 0.02372
-0.01776 0.00452 0.10543 0.10701 0.49379 1.100 0.091 1244.541 0.02375
-0.01778 0.00453 0.10554 0.10712 0.49491 1.035 0.088 1244.571 0.02377
-0.01780 0.00453 0.10565 0.10723 0.49603 1.118 0.092 1244.601 0.02380
-0.01782 0.00454 0.10576 0.10734 0.49715 0.902 0.082 1244.631 0.02382
-0.01783 0.00454 0.10587 0.10746 0.49827 1.142 0.093 1244.661 0.02385
-0.01785 0.00454 0.10598 0.10757 0.49939 1.055 0.089 1244.691 0.02387
-0.01787 0.00455 0.10609 0.10768 0.50051 0.902 0.082 1244.721 0.02390
-0.01789 0.00455 0.10620 0.10780 0.50163 1.121 0.092 1244.750 0.02392
-0.01791 0.00456 0.10631 0.10791 0.50274 1.113 0.091 1244.780 0.02395
-0.01793 0.00456 0.10643 0.10802 0.50386 0.984 0.086 1244.810 0.02397
-0.01795 0.00457 0.10654 0.10813 0.50498 0.985 0.086 1244.840 0.02400
-0.01797 0.00457 0.10665 0.10825 0.50610 0.917 0.087 1244.870 0.02402
-0.01798 0.00458 0.10676 0.10836 0.50722 0.812 0.086 1244.900 0.02404
-0.01800 0.00458 0.10687 0.10847 0.50834 1.046 0.089 1244.930 0.02407
-0.01802 0.00459 0.10698 0.10858 0.50946 1.211 0.095 1244.960 0.02409
-0.01804 0.00459 0.10709 0.10870 0.51058 1.077 0.090 1244.989 0.02412
-0.01806 0.00460 0.10720 0.10881 0.51170 0.858 0.080 1245.019 0.02414
-0.01808 0.00460 0.10731 0.10892 0.51282 0.932 0.084 1245.049 0.02417
-0.01810 0.00461 0.10742 0.10904 0.51393 0.908 0.083 1245.079 0.02419
-0.01812 0.00461 0.10754 0.10915 0.51505 1.046 0.089 1245.109 0.02422
-0.01813 0.00462 0.10765 0.10926 0.51617 0.938 0.084 1245.139 0.02424
-0.01815 0.00462 0.10776 0.10937 0.51729 0.900 0.082 1245.169 0.02427
-0.01817 0.00463 0.10787 0.10949 0.51841 0.894 0.082 1245.199 0.02429
-0.01819 0.00463 0.10798 0.10960 0.51953 0.983 0.086 1245.229 0.02431
-0.01821 0.00464 0.10809 0.10971 0.52065 1.014 0.087 1245.258 0.02434
-0.01823 0.00464 0.10820 0.10983 0.52177 1.133 0.092 1245.288 0.02436
-0.01825 0.00464 0.10831 0.10994 0.52289 0.944 0.084 1245.318 0.02439
-0.01826 0.00465 0.10843 0.11005 0.52401 0.876 0.081 1245.348 0.02441
-0.01828 0.00465 0.10854 0.11016 0.52513 1.049 0.089 1245.378 0.02444
-0.01830 0.00466 0.10865 0.11028 0.52625 0.988 0.086 1245.408 0.02446
-0.01832 0.00466 0.10876 0.11039 0.52737 0.998 0.086 1245.438 0.02449
-0.01834 0.00467 0.10887 0.11050 0.52849 1.124 0.092 1245.468 0.02451
-0.01836 0.00467 0.10898 0.11061 0.52961 0.943 0.084 1245.497 0.02454
-0.01838 0.00468 0.10909 0.11073 0.53073 1.020 0.087 1245.527 0.02456
-0.01840 0.00468 0.10920 0.11084 0.53185 0.980 0.086 1245.557 0.02458
-0.01841 0.00469 0.10931 0.11095 0.53297 0.980 0.086 1245.587 0.02461
-0.01843 0.00469 0.10943 0.11107 0.53409 0.996 0.086 1245.617 0.02463
-0.01845 0.00470 0.10954 0.11118 0.53521 1.129 0.092 1245.647 0.02466
-0.01847 0.00470 0.10965 0.11129 0.53633 1.159 0.093 1245.677 0.02468
-0.01849 0.00471 0.10976 0.11140 0.53745 0.986 0.086 1245.707 0.02471
-0.01851 0.00471 0.10987 0.11152 0.53857 1.047 0.088 1245.736 0.02473
-0.01853 0.00472 0.10998 0.11163 0.53969 0.985 0.086 1245.766 0.02476
-0.01855 0.00472 0.11009 0.11174 0.54081 1.009 0.087 1245.796 0.02478
-0.01856 0.00473 0.11020 0.11186 0.54193 0.942 0.084 1245.826 0.02481
-0.01858 0.00473 0.11031 0.11197 0.54305 1.023 0.087 1245.856 0.02483
-0.01860 0.00474 0.11043 0.11208 0.54417 0.962 0.085 1245.886 0.02486
-0.01862 0.00474 0.11054 0.11219 0.54529 1.067 0.089 1245.916 0.02488
-0.01864 0.00474 0.11065 0.11231 0.54641 1.014 0.087 1245.946 0.02490
-0.01866 0.00475 0.11076 0.11242 0.54753 1.081 0.090 1245.975 0.02493
-0.01868 0.00475 0.11087 0.11253 0.54865 0.984 0.086 1246.005 0.02495
-0.01870 0.00476 0.11098 0.11265 0.54977 0.977 0.085 1246.035 0.02498
-0.01871 0.00476 0.11109 0.11276 0.55089 1.103 0.091 1246.065 0.02500
-0.01873 0.00477 0.11120 0.11287 0.55201 1.006 0.087 1246.095 0.02503
-0.01875 0.00477 0.11132 0.11299 0.55313 1.111 0.091 1246.125 0.02505
-0.01877 0.00478 0.11143 0.11310 0.55425 0.850 0.080 1246.155 0.02508
-0.01879 0.00478 0.11154 0.11321 0.55537 0.984 0.086 1246.185 0.02510
-0.01881 0.00479 0.11165 0.11332 0.55649 1.035 0.088 1246.215 0.02513
-0.01883 0.00479 0.11176 0.11344 0.55762 1.168 0.093 1246.244 0.02515
-0.01885 0.00480 0.11187 0.11355 0.55874 1.035 0.088 1246.274 0.02517
-0.01886 0.00480 0.11198 0.11366 0.55986 0.954 0.084 1246.304 0.02520
-0.01888 0.00481 0.11209 0.11378 0.56098 1.085 0.090 1246.334 0.02522
-0.01890 0.00481 0.11221 0.11389 0.56210 1.025 0.087 1246.364 0.02525
-0.01892 0.00482 0.11232 0.11400 0.56322 1.029 0.087 1246.394 0.02527
-0.01894 0.00482 0.11243 0.11411 0.56434 1.055 0.089 1246.424 0.02530
-0.01896 0.00483 0.11254 0.11423 0.56546 0.997 0.086 1246.454 0.02532
-0.01898 0.00483 0.11265 0.11434 0.56658 0.990 0.086 1246.483 0.02535
-0.01900 0.00484 0.11276 0.11445 0.56770 1.055 0.088 1246.513 0.02537
-0.01901 0.00484 0.11287 0.11457 0.56883 1.043 0.088 1246.543 0.02540
-0.01903 0.00485 0.11298 0.11468 0.56995 1.104 0.091 1246.573 0.02542
-0.01905 0.00485 0.11310 0.11479 0.57107 1.058 0.089 1246.603 0.02545
-0.01907 0.00485 0.11321 0.11490 0.57219 1.070 0.089 1246.633 0.02547
-0.01909 0.00486 0.11332 0.11502 0.57331 1.120 0.091 1246.663 0.02549
-0.01911 0.00486 0.11343 0.11513 0.57443 0.829 0.078 1246.693 0.02552
-0.01913 0.00487 0.11354 0.11524 0.57555 0.924 0.083 1246.722 0.02554
-0.01915 0.00487 0.11365 0.11536 0.57667 0.957 0.084 1246.752 0.02557
-0.01916 0.00488 0.11376 0.11547 0.57780 0.835 0.079 1246.782 0.02559
-0.01918 0.00488 0.11388 0.11558 0.57892 0.946 0.084 1246.812 0.02562
-0.01920 0.00489 0.11399 0.11570 0.58004 0.877 0.081 1246.842 0.02564
-0.01922 0.00489 0.11410 0.11581 0.58116 1.121 0.091 1246.872 0.02567
-0.01924 0.00490 0.11421 0.11592 0.58228 1.002 0.086 1246.902 0.02569
-0.01926 0.00490 0.11432 0.11603 0.58340 1.010 0.086 1246.932 0.02572
-0.01928 0.00491 0.11443 0.11615 0.58453 1.136 0.092 1246.961 0.02574
-0.01930 0.00491 0.11454 0.11626 0.58565 1.123 0.091 1246.991 0.02576
-0.01931 0.00492 0.11465 0.11637 0.58677 1.060 0.089 1247.021 0.02579
-0.01933 0.00492 0.11477 0.11649 0.58789 1.093 0.090 1247.051 0.02581
-0.01935 0.00493 0.11488 0.11660 0.58901 0.942 0.088 1247.081 0.02584
-0.01937 0.00493 0.11499 0.11671 0.59013 1.134 0.092 1247.111 0.02586
-0.01939 0.00494 0.11510 0.11683 0.59126 0.932 0.083 1247.141 0.02589
-0.01941 0.00494 0.11521 0.11694 0.59238 1.102 0.090 1247.171 0.02591
-0.01943 0.00495 0.11532 0.11705 0.59350 0.878 0.081 1247.201 0.02594
-0.01945 0.00495 0.11543 0.11717 0.59462 1.007 0.086 1247.230 0.02596
-0.01946 0.00495 0.11555 0.11728 0.59575 1.125 0.091 1247.260 0.02599
-0.01948 0.00496 0.11566 0.11739 0.59687 0.969 0.085 1247.290 0.02601
-0.01950 0.00496 0.11577 0.11750 0.59799 0.961 0.084 1247.320 0.02604
-0.01952 0.00497 0.11588 0.11762 0.59911 1.016 0.087 1247.350 0.02606
-0.01954 0.00497 0.11599 0.11773 0.60023 1.007 0.086 1247.380 0.02608
-0.01956 0.00498 0.11610 0.11784 0.60136 1.049 0.088 1247.410 0.02611
-0.01958 0.00498 0.11621 0.11796 0.60248 1.077 0.089 1247.440 0.02613
-0.01960 0.00499 0.11633 0.11807 0.60360 0.991 0.085 1247.469 0.02616
-0.01961 0.00499 0.11644 0.11818 0.60472 1.057 0.088 1247.499 0.02618
-0.01963 0.00500 0.11655 0.11830 0.60585 1.027 0.087 1247.529 0.02621
-0.01965 0.00500 0.11666 0.11841 0.60697 0.927 0.087 1247.559 0.02623
-0.01967 0.00501 0.11677 0.11852 0.60809 1.075 0.089 1247.589 0.02626
-0.01969 0.00501 0.11688 0.11864 0.60921 1.139 0.092 1247.619 0.02628
-0.01971 0.00502 0.11699 0.11875 0.61034 0.984 0.085 1247.649 0.02631
-0.01973 0.00502 0.11711 0.11886 0.61146 0.960 0.088 1247.679 0.02633
-0.01975 0.00503 0.11722 0.11897 0.61258 0.980 0.085 1247.708 0.02635
-0.01976 0.00503 0.11733 0.11909 0.61370 0.929 0.083 1247.738 0.02638
-0.01978 0.00504 0.11744 0.11920 0.61483 1.091 0.090 1247.768 0.02640
-0.01980 0.00504 0.11755 0.11931 0.61595 0.956 0.084 1247.798 0.02643
-0.01982 0.00505 0.11766 0.11943 0.61707 0.950 0.084 1247.828 0.02645
-0.01984 0.00505 0.11777 0.11954 0.61820 1.024 0.087 1247.858 0.02648
-0.01986 0.00506 0.11789 0.11965 0.61932 0.957 0.084 1247.888 0.02650
-0.01988 0.00506 0.11800 0.11977 0.62044 0.780 0.076 1247.918 0.02653
-0.01990 0.00506 0.11811 0.11988 0.62156 0.943 0.083 1247.947 0.02655
-0.01991 0.00507 0.11822 0.11999 0.62269 1.023 0.087 1247.977 0.02658
-0.01993 0.00507 0.11833 0.12011 0.62381 0.896 0.081 1248.007 0.02660
-0.01995 0.00508 0.11844 0.12022 0.62493 0.956 0.084 1248.037 0.02662
-0.01997 0.00508 0.11855 0.12033 0.62606 0.940 0.083 1248.067 0.02665
-0.01999 0.00509 0.11867 0.12045 0.62718 1.057 0.088 1248.097 0.02667
-0.02001 0.00509 0.11878 0.12056 0.62830 0.984 0.085 1248.127 0.02670
-0.02003 0.00510 0.11889 0.12067 0.62943 1.028 0.087 1248.157 0.02672
-0.02005 0.00510 0.11900 0.12078 0.63055 0.991 0.085 1248.187 0.02675
-0.02007 0.00511 0.11911 0.12090 0.63167 0.946 0.083 1248.216 0.02677
-0.02008 0.00511 0.11922 0.12101 0.63280 0.982 0.085 1248.246 0.02680
-0.02010 0.00512 0.11933 0.12112 0.63392 0.880 0.080 1248.276 0.02682
-0.02012 0.00512 0.11945 0.12124 0.63504 0.909 0.082 1248.306 0.02685
-0.02014 0.00513 0.11956 0.12135 0.63617 0.924 0.082 1248.336 0.02687
-0.02016 0.00513 0.11967 0.12146 0.63729 1.005 0.086 1248.366 0.02690
-0.02018 0.00514 0.11978 0.12158 0.63841 0.996 0.085 1248.396 0.02692
-0.02020 0.00514 0.11989 0.12169 0.63954 0.968 0.084 1248.426 0.02694
-0.02022 0.00515 0.12000 0.12180 0.64066 0.819 0.077 1248.455 0.02697
-0.02023 0.00515 0.12012 0.12192 0.64179 0.923 0.082 1248.485 0.02699
-0.02025 0.00516 0.12023 0.12203 0.64291 0.988 0.085 1248.515 0.02702
-0.02027 0.00516 0.12034 0.12214 0.64403 1.068 0.088 1248.545 0.02704
-0.02029 0.00517 0.12045 0.12226 0.64516 0.995 0.085 1248.575 0.02707
-0.02031 0.00517 0.12056 0.12237 0.64628 0.979 0.084 1248.605 0.02709
-0.02033 0.00517 0.12067 0.12248 0.64741 0.978 0.084 1248.635 0.02712
-0.02035 0.00518 0.12078 0.12260 0.64853 0.986 0.085 1248.665 0.02714
-0.02037 0.00518 0.12090 0.12271 0.64965 0.899 0.081 1248.694 0.02717
-0.02038 0.00519 0.12101 0.12282 0.65078 0.949 0.083 1248.724 0.02719
-0.02040 0.00519 0.12112 0.12294 0.65190 1.257 0.096 1248.754 0.02721
-0.02042 0.00520 0.12123 0.12305 0.65303 1.088 0.089 1248.784 0.02724
-0.02044 0.00520 0.12134 0.12316 0.65415 0.897 0.081 1248.814 0.02726
-0.02046 0.00521 0.12145 0.12328 0.65527 0.992 0.085 1248.844 0.02729
-0.02048 0.00521 0.12157 0.12339 0.65640 0.977 0.084 1248.874 0.02731
-0.02050 0.00522 0.12168 0.12350 0.65752 1.050 0.087 1248.904 0.02734
-0.02052 0.00522 0.12179 0.12362 0.65865 0.903 0.081 1248.933 0.02736
-0.02053 0.00523 0.12190 0.12373 0.65977 0.925 0.082 1248.963 0.02739
-0.02055 0.00523 0.12201 0.12384 0.66090 0.954 0.083 1248.993 0.02741
-0.02057 0.00524 0.12212 0.12396 0.66202 0.968 0.084 1249.023 0.02744
-0.02059 0.00524 0.12224 0.12407 0.66314 0.984 0.085 1249.053 0.02746
-0.02061 0.00525 0.12235 0.12418 0.66427 1.020 0.086 1249.083 0.02749
-0.02063 0.00525 0.12246 0.12430 0.66539 1.116 0.090 1249.113 0.02751
-0.02065 0.00526 0.12257 0.12441 0.66652 1.020 0.086 1249.143 0.02753
-0.02067 0.00526 0.12268 0.12452 0.66764 1.033 0.087 1249.173 0.02756
-0.02069 0.00527 0.12279 0.12464 0.66877 1.062 0.088 1249.202 0.02758
-0.02070 0.00527 0.12291 0.12475 0.66989 1.059 0.088 1249.232 0.02761
-0.02072 0.00528 0.12302 0.12486 0.67102 0.926 0.082 1249.262 0.02763
-0.02074 0.00528 0.12313 0.12498 0.67214 0.938 0.082 1249.292 0.02766
-0.02076 0.00528 0.12324 0.12509 0.67327 0.978 0.088 1249.322 0.02768
-0.02078 0.00529 0.12335 0.12520 0.67439 0.920 0.082 1249.352 0.02771
-0.02080 0.00529 0.12346 0.12532 0.67552 0.922 0.082 1249.382 0.02773
-0.02082 0.00530 0.12358 0.12543 0.67664 1.164 0.092 1249.412 0.02776
-0.02084 0.00530 0.12369 0.12554 0.67777 0.951 0.083 1249.441 0.02778
-0.02085 0.00531 0.12380 0.12566 0.67889 0.869 0.079 1249.471 0.02780
-0.02087 0.00531 0.12391 0.12577 0.68002 1.052 0.087 1249.501 0.02783
-0.02089 0.00532 0.12402 0.12588 0.68114 0.927 0.082 1249.531 0.02785
-0.02091 0.00532 0.12413 0.12600 0.68227 0.985 0.084 1249.561 0.02788
-0.02093 0.00533 0.12425 0.12611 0.68339 1.049 0.087 1249.591 0.02790
-0.02095 0.00533 0.12436 0.12622 0.68452 0.940 0.086 1249.621 0.02793
-0.02097 0.00534 0.12447 0.12634 0.68564 0.982 0.084 1249.651 0.02795
-0.02099 0.00534 0.12458 0.12645 0.68677 1.051 0.087 1249.680 0.02798
-0.02101 0.00535 0.12469 0.12656 0.68789 0.990 0.084 1249.710 0.02800
-0.02102 0.00535 0.12480 0.12668 0.68902 0.890 0.080 1249.740 0.02803
-0.02104 0.00536 0.12492 0.12679 0.69014 1.047 0.087 1249.770 0.02805
-0.02106 0.00536 0.12503 0.12690 0.69127 1.062 0.087 1249.800 0.02808
-0.02108 0.00537 0.12514 0.12702 0.69240 0.980 0.084 1249.830 0.02810
-0.02110 0.00537 0.12525 0.12713 0.69352 0.931 0.082 1249.860 0.02812
-0.02112 0.00538 0.12536 0.12724 0.69465 0.862 0.079 1249.890 0.02815
-0.02114 0.00538 0.12547 0.12736 0.69577 0.906 0.081 1249.919 0.02817
-0.02116 0.00539 0.12559 0.12747 0.69690 0.851 0.078 1249.949 0.02820
-0.02117 0.00539 0.12570 0.12758 0.69802 0.913 0.081 1249.979 0.02822
-0.02119 0.00540 0.12581 0.12770 0.69915 1.046 0.087 1250.009 0.02825
-0.02121 0.00540 0.12592 0.12781 0.70027 1.040 0.086 1250.039 0.02827
-0.02123 0.00540 0.12603 0.12792 0.70140 0.948 0.083 1250.069 0.02830
-0.02125 0.00541 0.12614 0.12804 0.70253 0.994 0.084 1250.099 0.02832
-0.02127 0.00541 0.12626 0.12815 0.70365 0.860 0.079 1250.129 0.02835
-0.02129 0.00542 0.12637 0.12826 0.70478 0.953 0.083 1250.158 0.02837
-0.02131 0.00542 0.12648 0.12838 0.70590 0.989 0.084 1250.188 0.02839
-0.02133 0.00543 0.12659 0.12849 0.70703 1.032 0.086 1250.218 0.02842
-0.02134 0.00543 0.12670 0.12860 0.70816 0.895 0.080 1250.248 0.02844
-0.02136 0.00544 0.12682 0.12872 0.70928 0.765 0.074 1250.278 0.02847
-0.02138 0.00544 0.12693 0.12883 0.71041 1.024 0.086 1250.308 0.02849
-0.02140 0.00545 0.12704 0.12894 0.71153 0.714 0.076 1250.338 0.02852
-0.02142 0.00545 0.12715 0.12906 0.71266 0.879 0.079 1250.368 0.02854
-0.02144 0.00546 0.12726 0.12917 0.71379 0.722 0.076 1250.398 0.02857
-0.02146 0.00546 0.12737 0.12928 0.71491 0.648 0.072 1250.427 0.02859
-0.02148 0.00547 0.12749 0.12940 0.71604 0.684 0.074 1250.457 0.02862
-0.02149 0.00547 0.12760 0.12951 0.71717 0.691 0.078 1250.487 0.02864
-0.02151 0.00548 0.12771 0.12962 0.71829 0.704 0.075 1250.517 0.02866
-0.02153 0.00548 0.12782 0.12974 0.71942 0.762 0.074 1250.547 0.02869
-0.02155 0.00549 0.12793 0.12985 0.72055 0.754 0.077 1250.577 0.02871
-0.02157 0.00549 0.12805 0.12997 0.72167 0.848 0.078 1250.607 0.02874
-0.02159 0.00550 0.12816 0.13008 0.72280 0.797 0.075 1250.637 0.02876
-0.02161 0.00550 0.12827 0.13019 0.72393 0.891 0.080 1250.666 0.02879
-0.02163 0.00551 0.12838 0.13031 0.72505 1.063 0.087 1250.696 0.02881
-0.02165 0.00551 0.12849 0.13042 0.72618 0.984 0.084 1250.726 0.02884
-0.02166 0.00551 0.12860 0.13053 0.72731 0.876 0.079 1250.756 0.02886
-0.02168 0.00552 0.12872 0.13065 0.72843 0.970 0.083 1250.786 0.02889
-0.02170 0.00552 0.12883 0.13076 0.72956 0.839 0.077 1250.816 0.02891
-0.02172 0.00553 0.12894 0.13087 0.73069 0.918 0.081 1250.846 0.02894
-0.02174 0.00553 0.12905 0.13099 0.73181 1.026 0.085 1250.876 0.02896
-0.02176 0.00554 0.12916 0.13110 0.73294 1.032 0.086 1250.905 0.02898
-0.02178 0.00554 0.12928 0.13121 0.73407 1.066 0.087 1250.935 0.02901
-0.02180 0.00555 0.12939 0.13133 0.73519 0.844 0.077 1250.965 0.02903
-0.02181 0.00555 0.12950 0.13144 0.73632 1.003 0.084 1250.995 0.02906
-0.02183 0.00556 0.12961 0.13155 0.73745 0.959 0.083 1251.025 0.02908
-0.02185 0.00556 0.12972 0.13167 0.73858 0.929 0.081 1251.055 0.02911
-0.02187 0.00557 0.12983 0.13178 0.73970 1.108 0.089 1251.085 0.02913
-0.02189 0.00557 0.12995 0.13190 0.74083 1.001 0.084 1251.115 0.02916
-0.02191 0.00558 0.13006 0.13201 0.74196 1.024 0.085 1251.144 0.02918
-0.02193 0.00558 0.13017 0.13212 0.74308 0.907 0.080 1251.174 0.02921
-0.02195 0.00559 0.13028 0.13224 0.74421 0.943 0.082 1251.204 0.02923
-0.02197 0.00559 0.13039 0.13235 0.74534 1.007 0.085 1251.234 0.02925
-0.02198 0.00560 0.13051 0.13246 0.74647 0.957 0.082 1251.264 0.02928
-0.02200 0.00560 0.13062 0.13258 0.74759 1.099 0.088 1251.294 0.02930
-0.02202 0.00561 0.13073 0.13269 0.74872 1.092 0.088 1251.324 0.02933
-0.02204 0.00561 0.13084 0.13280 0.74985 0.949 0.082 1251.354 0.02935
-0.02206 0.00562 0.13095 0.13292 0.75098 0.970 0.083 1251.384 0.02938
-0.02208 0.00562 0.13107 0.13303 0.75210 1.007 0.084 1251.413 0.02940
-0.02210 0.00563 0.13118 0.13315 0.75323 0.906 0.080 1251.443 0.02943
-0.02212 0.00563 0.13129 0.13326 0.75436 0.985 0.083 1251.473 0.02945
-0.02214 0.00563 0.13140 0.13337 0.75549 1.083 0.088 1251.503 0.02948
-0.02215 0.00564 0.13151 0.13349 0.75661 0.997 0.084 1251.533 0.02950
-0.02217 0.00564 0.13163 0.13360 0.75774 0.853 0.078 1251.563 0.02953
-0.02219 0.00565 0.13174 0.13371 0.75887 0.920 0.081 1251.593 0.02955
-0.02221 0.00565 0.13185 0.13383 0.76000 0.955 0.082 1251.623 0.02957
-0.02223 0.00566 0.13196 0.13394 0.76113 0.954 0.082 1251.652 0.02960
-0.02225 0.00566 0.13207 0.13405 0.76225 1.010 0.084 1251.682 0.02962
-0.02227 0.00567 0.13219 0.13417 0.76338 0.904 0.080 1251.712 0.02965
-0.02229 0.00567 0.13230 0.13428 0.76451 0.926 0.081 1251.742 0.02967
-0.02231 0.00568 0.13241 0.13439 0.76564 1.021 0.085 1251.772 0.02970
-0.02232 0.00568 0.13252 0.13451 0.76677 0.979 0.083 1251.802 0.02972
-0.02234 0.00569 0.13263 0.13462 0.76789 0.856 0.078 1251.832 0.02975
-0.02236 0.00569 0.13275 0.13474 0.76902 1.004 0.084 1251.862 0.02977
-0.02238 0.00570 0.13286 0.13485 0.77015 0.955 0.082 1251.891 0.02980
-0.02240 0.00570 0.13297 0.13496 0.77128 1.113 0.089 1251.921 0.02982
-0.02242 0.00571 0.13308 0.13508 0.77241 0.947 0.082 1251.951 0.02984
-0.02244 0.00571 0.13319 0.13519 0.77354 0.895 0.079 1251.981 0.02987
-0.02246 0.00572 0.13331 0.13530 0.77466 1.025 0.085 1252.011 0.02989
-0.02247 0.00572 0.13342 0.13542 0.77579 1.082 0.087 1252.041 0.02992
-0.02249 0.00573 0.13353 0.13553 0.77692 1.009 0.084 1252.071 0.02994
-0.02251 0.00573 0.13364 0.13565 0.77805 1.098 0.088 1252.101 0.02997
-0.02253 0.00574 0.13375 0.13576 0.77918 0.960 0.082 1252.130 0.02999
-0.02255 0.00574 0.13387 0.13587 0.78031 1.027 0.085 1252.160 0.03002
-0.02257 0.00575 0.13398 0.13599 0.78144 0.854 0.077 1252.190 0.03004
-0.02259 0.00575 0.13409 0.13610 0.78256 0.877 0.078 1252.220 0.03007
-0.02261 0.00575 0.13420 0.13621 0.78369 1.129 0.089 1252.250 0.03009
-0.02263 0.00576 0.13431 0.13633 0.78482 1.020 0.085 1252.280 0.03011
-0.02264 0.00576 0.13443 0.13644 0.78595 0.836 0.077 1252.310 0.03014
-0.02266 0.00577 0.13454 0.13656 0.78708 1.065 0.086 1252.340 0.03016
-0.02268 0.00577 0.13465 0.13667 0.78821 0.839 0.077 1252.370 0.03019
-0.02270 0.00578 0.13476 0.13678 0.78934 0.899 0.079 1252.399 0.03021
-0.02272 0.00578 0.13487 0.13690 0.79047 0.961 0.082 1252.429 0.03024
-0.02274 0.00579 0.13499 0.13701 0.79160 1.017 0.084 1252.459 0.03026
-0.02276 0.00579 0.13510 0.13712 0.79272 0.999 0.084 1252.489 0.03029
-0.02278 0.00580 0.13521 0.13724 0.79385 0.998 0.084 1252.519 0.03031
-0.02280 0.00580 0.13532 0.13735 0.79498 1.002 0.084 1252.549 0.03034
-0.02281 0.00581 0.13543 0.13747 0.79611 0.989 0.083 1252.579 0.03036
-0.02283 0.00581 0.13555 0.13758 0.79724 1.065 0.086 1252.609 0.03039
-0.02285 0.00582 0.13566 0.13769 0.79837 1.024 0.085 1252.638 0.03041
-0.02287 0.00582 0.13577 0.13781 0.79950 0.910 0.080 1252.668 0.03043
-0.02289 0.00583 0.13588 0.13792 0.80063 0.967 0.082 1252.698 0.03046
-0.02291 0.00583 0.13599 0.13803 0.80176 1.166 0.090 1252.728 0.03048
-0.02293 0.00584 0.13611 0.13815 0.80289 0.970 0.082 1252.758 0.03051
-0.02295 0.00584 0.13622 0.13826 0.80402 0.928 0.080 1252.788 0.03053
-0.02297 0.00585 0.13633 0.13838 0.80515 1.032 0.085 1252.818 0.03056
-0.02298 0.00585 0.13644 0.13849 0.80628 1.031 0.085 1252.848 0.03058
-0.02300 0.00586 0.13656 0.13860 0.80741 0.949 0.081 1252.877 0.03061
-0.02302 0.00586 0.13667 0.13872 0.80853 1.031 0.085 1252.907 0.03063
-0.02304 0.00587 0.13678 0.13883 0.80966 1.074 0.086 1252.937 0.03066
-0.02306 0.00587 0.13689 0.13894 0.81079 1.131 0.089 1252.967 0.03068
-0.02308 0.00588 0.13700 0.13906 0.81192 0.966 0.082 1252.997 0.03070
-0.02310 0.00588 0.13712 0.13917 0.81305 0.974 0.082 1253.027 0.03073
-0.02312 0.00588 0.13723 0.13929 0.81418 0.968 0.082 1253.057 0.03075
-0.02314 0.00589 0.13734 0.13940 0.81531 1.000 0.083 1253.087 0.03078
-0.02315 0.00589 0.13745 0.13951 0.81644 0.919 0.080 1253.116 0.03080
-0.02317 0.00590 0.13756 0.13963 0.81757 0.884 0.078 1253.146 0.03083
-0.02319 0.00590 0.13768 0.13974 0.81870 0.926 0.080 1253.176 0.03085
-0.02321 0.00591 0.13779 0.13986 0.81983 1.006 0.085 1253.206 0.03088
-0.02323 0.00591 0.13790 0.13997 0.82096 1.019 0.086 1253.236 0.03090
-0.02325 0.00592 0.13801 0.14008 0.82209 1.084 0.088 1253.266 0.03093
-0.02327 0.00592 0.13813 0.14020 0.82322 0.826 0.085 1253.296 0.03095
-0.02329 0.00593 0.13824 0.14031 0.82435 0.980 0.082 1253.326 0.03098
-0.02331 0.00593 0.13835 0.14042 0.82548 0.875 0.078 1253.356 0.03100
-0.02332 0.00594 0.13846 0.14054 0.82661 0.882 0.078 1253.385 0.03102
-0.02334 0.00594 0.13857 0.14065 0.82774 1.008 0.084 1253.415 0.03105
-0.02336 0.00595 0.13869 0.14077 0.82887 0.909 0.079 1253.445 0.03107
-0.02338 0.00595 0.13880 0.14088 0.83000 0.937 0.081 1253.475 0.03110
-0.02340 0.00596 0.13891 0.14099 0.83113 0.888 0.078 1253.505 0.03112
-0.02342 0.00596 0.13902 0.14111 0.83227 0.769 0.077 1253.535 0.03115
-0.02344 0.00597 0.13914 0.14122 0.83340 0.748 0.076 1253.565 0.03117
-0.02346 0.00597 0.13925 0.14134 0.83453 0.705 0.070 1253.595 0.03120
-0.02348 0.00598 0.13936 0.14145 0.83566 0.503 0.072 1253.624 0.03122
-0.02349 0.00598 0.13947 0.14156 0.83679 0.559 0.071 1253.654 0.03125
-0.02351 0.00599 0.13958 0.14168 0.83792 0.543 0.070 1253.684 0.03127
-0.02353 0.00599 0.13970 0.14179 0.83905 0.565 0.071 1253.714 0.03129
-0.02355 0.00600 0.13981 0.14190 0.84018 0.537 0.069 1253.744 0.03132
-0.02357 0.00600 0.13992 0.14202 0.84131 0.621 0.074 1253.774 0.03134
-0.02359 0.00601 0.14003 0.14213 0.84244 0.648 0.071 1253.804 0.03137
-0.02361 0.00601 0.14015 0.14225 0.84357 0.941 0.081 1253.834 0.03139
-0.02363 0.00601 0.14026 0.14236 0.84470 0.857 0.080 1253.863 0.03142
-0.02365 0.00602 0.14037 0.14247 0.84583 0.899 0.079 1253.893 0.03144
-0.02366 0.00602 0.14048 0.14259 0.84696 0.891 0.078 1253.923 0.03147
-0.02368 0.00603 0.14059 0.14270 0.84810 0.898 0.079 1253.953 0.03149
-0.02370 0.00603 0.14071 0.14282 0.84923 0.912 0.079 1253.983 0.03152
-0.02372 0.00604 0.14082 0.14293 0.85036 1.093 0.087 1254.013 0.03154
-0.02374 0.00604 0.14093 0.14304 0.85149 1.022 0.084 1254.043 0.03157
-0.02376 0.00605 0.14104 0.14316 0.85262 0.947 0.081 1254.073 0.03159
-0.02378 0.00605 0.14116 0.14327 0.85375 0.974 0.082 1254.102 0.03161
-0.02380 0.00606 0.14127 0.14339 0.85488 0.877 0.078 1254.132 0.03164
-0.02382 0.00606 0.14138 0.14350 0.85601 0.994 0.083 1254.162 0.03166
-0.02384 0.00607 0.14149 0.14361 0.85714 0.973 0.082 1254.192 0.03169
-0.02385 0.00607 0.14160 0.14373 0.85828 0.952 0.081 1254.222 0.03171
-0.02387 0.00608 0.14172 0.14384 0.85941 1.000 0.083 1254.252 0.03174
-0.02389 0.00608 0.14183 0.14396 0.86054 0.944 0.081 1254.282 0.03176
-0.02391 0.00609 0.14194 0.14407 0.86167 0.777 0.073 1254.312 0.03179
-0.02393 0.00609 0.14205 0.14418 0.86280 0.943 0.080 1254.342 0.03181
-0.02395 0.00610 0.14217 0.14430 0.86393 0.924 0.080 1254.371 0.03184
-0.02397 0.00610 0.14228 0.14441 0.86506 1.014 0.083 1254.401 0.03186
-0.02399 0.00611 0.14239 0.14453 0.86620 0.895 0.078 1254.431 0.03188
-0.02401 0.00611 0.14250 0.14464 0.86733 0.895 0.078 1254.461 0.03191
-0.02402 0.00612 0.14262 0.14475 0.86846 0.965 0.081 1254.491 0.03193
-0.02404 0.00612 0.14273 0.14487 0.86959 1.159 0.089 1254.521 0.03196
-0.02406 0.00613 0.14284 0.14498 0.87072 0.929 0.080 1254.551 0.03198
-0.02408 0.00613 0.14295 0.14510 0.87185 1.025 0.084 1254.581 0.03201
-0.02410 0.00614 0.14306 0.14521 0.87299 0.977 0.082 1254.610 0.03203
-0.02412 0.00614 0.14318 0.14532 0.87412 0.913 0.079 1254.640 0.03206
-0.02414 0.00614 0.14329 0.14544 0.87525 0.870 0.077 1254.670 0.03208
-0.02416 0.00615 0.14340 0.14555 0.87638 1.091 0.086 1254.700 0.03211
-0.02418 0.00615 0.14351 0.14567 0.87751 1.010 0.083 1254.730 0.03213
-0.02419 0.00616 0.14363 0.14578 0.87865 0.906 0.079 1254.760 0.03215
-0.02421 0.00616 0.14374 0.14589 0.87978 1.000 0.083 1254.790 0.03218
-0.02423 0.00617 0.14385 0.14601 0.88091 0.806 0.074 1254.820 0.03220
-0.02425 0.00617 0.14396 0.14612 0.88204 0.914 0.079 1254.849 0.03223
-0.02427 0.00618 0.14408 0.14624 0.88317 1.008 0.083 1254.879 0.03225
-0.02429 0.00618 0.14419 0.14635 0.88431 0.980 0.082 1254.909 0.03228
-0.02431 0.00619 0.14430 0.14646 0.88544 1.036 0.084 1254.939 0.03230
-0.02433 0.00619 0.14441 0.14658 0.88657 0.998 0.083 1254.969 0.03233
-0.02435 0.00620 0.14453 0.14669 0.88770 0.868 0.077 1254.999 0.03235
-0.02437 0.00620 0.14464 0.14681 0.88884 1.141 0.088 1255.029 0.03238
-0.02438 0.00621 0.14475 0.14692 0.88997 0.902 0.078 1255.059 0.03240
-0.02440 0.00621 0.14486 0.14704 0.89110 0.922 0.079 1255.088 0.03243
-0.02442 0.00622 0.14498 0.14715 0.89223 1.105 0.087 1255.118 0.03245
-0.02444 0.00622 0.14509 0.14726 0.89337 1.120 0.087 1255.148 0.03247
-0.02446 0.00623 0.14520 0.14738 0.89450 1.045 0.084 1255.178 0.03250
-0.02448 0.00623 0.14531 0.14749 0.89563 1.027 0.084 1255.208 0.03252
-0.02450 0.00624 0.14543 0.14761 0.89676 1.033 0.084 1255.238 0.03255
-0.02452 0.00624 0.14554 0.14772 0.89790 1.020 0.083 1255.268 0.03257
-0.02454 0.00625 0.14565 0.14783 0.89903 1.019 0.083 1255.298 0.03260
-0.02455 0.00625 0.14576 0.14795 0.90016 1.097 0.086 1255.328 0.03262
-0.02457 0.00626 0.14587 0.14806 0.90129 1.054 0.085 1255.357 0.03265
-0.02459 0.00626 0.14599 0.14818 0.90243 0.924 0.079 1255.387 0.03267
-0.02461 0.00627 0.14610 0.14829 0.90356 1.049 0.084 1255.417 0.03270
-0.02463 0.00627 0.14621 0.14840 0.90469 1.072 0.085 1255.447 0.03272
-0.02465 0.00627 0.14632 0.14852 0.90583 1.022 0.083 1255.477 0.03274
-0.02467 0.00628 0.14644 0.14863 0.90696 1.131 0.088 1255.507 0.03277
-0.02469 0.00628 0.14655 0.14875 0.90809 0.961 0.081 1255.537 0.03279
-0.02471 0.00629 0.14666 0.14886 0.90923 0.901 0.078 1255.567 0.03282
-0.02473 0.00629 0.14677 0.14898 0.91036 0.839 0.075 1255.596 0.03284
-0.02474 0.00630 0.14689 0.14909 0.91149 1.013 0.083 1255.626 0.03287
-0.02476 0.00630 0.14700 0.14920 0.91263 0.915 0.079 1255.656 0.03289
-0.02478 0.00631 0.14711 0.14932 0.91376 1.094 0.086 1255.686 0.03292
-0.02480 0.00631 0.14722 0.14943 0.91489 1.080 0.086 1255.716 0.03294
-0.02482 0.00632 0.14734 0.14955 0.91603 1.002 0.082 1255.746 0.03297
-0.02484 0.00632 0.14745 0.14966 0.91716 1.019 0.083 1255.776 0.03299
-0.02486 0.00633 0.14756 0.14977 0.91829 0.993 0.082 1255.806 0.03302
-0.02488 0.00633 0.14767 0.14989 0.91943 0.920 0.079 1255.835 0.03304
-0.02490 0.00634 0.14779 0.15000 0.92056 1.078 0.085 1255.865 0.03306
-0.02491 0.00634 0.14790 0.15012 0.92169 1.053 0.084 1255.895 0.03309
-0.02493 0.00635 0.14801 0.15023 0.92283 0.806 0.074 1255.925 0.03311
-0.02495 0.00635 0.14812 0.15035 0.92396 1.062 0.085 1255.955 0.03314
-0.02497 0.00636 0.14824 0.15046 0.92509 0.830 0.075 1255.985 0.03316
-0.02499 0.00636 0.14835 0.15057 0.92623 0.860 0.076 1256.015 0.03319
-0.02501 0.00637 0.14846 0.15069 0.92736 1.010 0.083 1256.045 0.03321
-0.02503 0.00637 0.14857 0.15080 0.92849 1.031 0.083 1256.074 0.03324
-0.02505 0.00638 0.14869 0.15092 0.92963 1.031 0.083 1256.104 0.03326
-0.02507 0.00638 0.14880 0.15103 0.93076 0.935 0.079 1256.134 0.03329
-0.02509 0.00639 0.14891 0.15115 0.93190 1.085 0.086 1256.164 0.03331
-0.02510 0.00639 0.14902 0.15126 0.93303 1.064 0.085 1256.194 0.03333
-0.02512 0.00640 0.14914 0.15137 0.93416 0.974 0.081 1256.224 0.03336
-0.02514 0.00640 0.14925 0.15149 0.93530 0.872 0.077 1256.254 0.03338
-0.02516 0.00641 0.14936 0.15160 0.93643 1.042 0.084 1256.284 0.03341
-0.02518 0.00641 0.14948 0.15172 0.93757 0.810 0.078 1256.314 0.03343
-0.02520 0.00641 0.14959 0.15183 0.93870 1.103 0.086 1256.343 0.03346
-0.02522 0.00642 0.14970 0.15195 0.93983 0.965 0.081 1256.373 0.03348
-0.02524 0.00642 0.14981 0.15206 0.94097 0.958 0.080 1256.403 0.03351
-0.02526 0.00643 0.14993 0.15217 0.94210 1.041 0.084 1256.433 0.03353
-0.02527 0.00643 0.15004 0.15229 0.94324 1.007 0.082 1256.463 0.03356
-0.02529 0.00644 0.15015 0.15240 0.94437 0.931 0.079 1256.493 0.03358
-0.02531 0.00644 0.15026 0.15252 0.94551 0.951 0.080 1256.523 0.03361
-0.02533 0.00645 0.15038 0.15263 0.94664 0.999 0.082 1256.553 0.03363
-0.02535 0.00645 0.15049 0.15275 0.94777 0.944 0.080 1256.582 0.03365
-0.02537 0.00646 0.15060 0.15286 0.94891 1.060 0.084 1256.612 0.03368
-0.02539 0.00646 0.15071 0.15297 0.95004 0.944 0.080 1256.642 0.03370
-0.02541 0.00647 0.15083 0.15309 0.95118 0.911 0.078 1256.672 0.03373
-0.02543 0.00647 0.15094 0.15320 0.95231 1.034 0.083 1256.702 0.03375
-0.02545 0.00648 0.15105 0.15332 0.95345 0.889 0.077 1256.732 0.03378
-0.02546 0.00648 0.15116 0.15343 0.95458 1.053 0.084 1256.762 0.03380
-0.02548 0.00649 0.15128 0.15355 0.95572 1.120 0.087 1256.792 0.03383
-0.02550 0.00649 0.15139 0.15366 0.95685 0.888 0.077 1256.821 0.03385
-0.02552 0.00650 0.15150 0.15377 0.95799 0.943 0.080 1256.851 0.03388
-0.02554 0.00650 0.15161 0.15389 0.95912 0.984 0.081 1256.881 0.03390
-0.02556 0.00651 0.15173 0.15400 0.96026 1.107 0.086 1256.911 0.03392
-0.02558 0.00651 0.15184 0.15412 0.96139 1.092 0.086 1256.941 0.03395
-0.02560 0.00652 0.15195 0.15423 0.96253 1.052 0.084 1256.971 0.03397
-0.02562 0.00652 0.15207 0.15435 0.96366 0.956 0.080 1257.001 0.03400
-0.02564 0.00653 0.15218 0.15446 0.96480 1.133 0.087 1257.031 0.03402
-0.02565 0.00653 0.15229 0.15457 0.96593 1.106 0.086 1257.060 0.03405
-0.02567 0.00654 0.15240 0.15469 0.96707 0.969 0.081 1257.090 0.03407
-0.02569 0.00654 0.15252 0.15480 0.96820 0.949 0.080 1257.120 0.03410
-0.02571 0.00655 0.15263 0.15492 0.96934 1.058 0.084 1257.150 0.03412
-0.02573 0.00655 0.15274 0.15503 0.97047 0.943 0.079 1257.180 0.03415
-0.02575 0.00655 0.15285 0.15515 0.97161 0.995 0.082 1257.210 0.03417
-0.02577 0.00656 0.15297 0.15526 0.97274 1.003 0.082 1257.240 0.03419
-0.02579 0.00656 0.15308 0.15537 0.97388 0.886 0.077 1257.270 0.03422
-0.02581 0.00657 0.15319 0.15549 0.97501 0.960 0.080 1257.300 0.03424
-0.02583 0.00657 0.15330 0.15560 0.97615 0.968 0.080 1257.329 0.03427
-0.02584 0.00658 0.15342 0.15572 0.97728 0.845 0.075 1257.359 0.03429
-0.02586 0.00658 0.15353 0.15583 0.97842 0.981 0.081 1257.389 0.03432
-0.02588 0.00659 0.15364 0.15595 0.97955 0.845 0.075 1257.419 0.03434
-0.02590 0.00659 0.15376 0.15606 0.98069 1.014 0.082 1257.449 0.03437
-0.02592 0.00660 0.15387 0.15618 0.98183 0.905 0.078 1257.479 0.03439
-0.02594 0.00660 0.15398 0.15629 0.98296 0.878 0.077 1257.509 0.03442
-0.02596 0.00661 0.15409 0.15640 0.98410 1.047 0.084 1257.539 0.03444
-0.02598 0.00661 0.15421 0.15652 0.98523 0.878 0.077 1257.568 0.03447
-0.02600 0.00662 0.15432 0.15663 0.98637 0.878 0.077 1257.598 0.03449
-0.02601 0.00662 0.15443 0.15675 0.98750 1.063 0.084 1257.628 0.03451
-0.02603 0.00663 0.15454 0.15686 0.98864 0.888 0.077 1257.658 0.03454
-0.02605 0.00663 0.15466 0.15698 0.98978 0.912 0.078 1257.688 0.03456
-0.02607 0.00664 0.15477 0.15709 0.99091 1.011 0.082 1257.718 0.03459
-0.02609 0.00664 0.15488 0.15721 0.99205 0.941 0.079 1257.748 0.03461
-0.02611 0.00665 0.15500 0.15732 0.99318 0.961 0.080 1257.778 0.03464
-0.02613 0.00665 0.15511 0.15743 0.99432 0.815 0.074 1257.807 0.03466
-0.02615 0.00666 0.15522 0.15755 0.99546 0.859 0.076 1257.837 0.03469
-0.02617 0.00666 0.15533 0.15766 0.99659 0.885 0.077 1257.867 0.03471
-0.02619 0.00667 0.15545 0.15778 0.99773 0.951 0.080 1257.897 0.03474
-0.02620 0.00667 0.15556 0.15789 0.99886 0.875 0.076 1257.927 0.03476
-0.02622 0.00668 0.15567 0.15801 1.00000 0.984 0.081 1257.957 0.03478
