x y z dist_scaled dist_frac flux_norm sig_norm wavelength redshift
-0.00937 0.00289 0.05645 0.05730 0.00000 0.823 0.100 1231.257 0.01282
-0.00939 0.00289 0.05656 0.05741 0.00110 0.692 0.099 1231.287 0.01285
-0.00941 0.00290 0.05667 0.05752 0.00220 0.787 0.099 1231.316 0.01287
-0.00942 0.00290 0.05678 0.05763 0.00331 0.826 0.100 1231.346 0.01290
-0.00944 0.00291 0.05689 0.05774 0.00441 0.862 0.097 1231.376 0.01292
-0.00946 0.00292 0.05700 0.05785 0.00551 1.011 0.104 1231.406 0.01294
-0.00948 0.00292 0.05711 0.05797 0.00661 1.083 0.102 1231.436 0.01297
-0.00950 0.00293 0.05722 0.05808 0.00771 1.082 0.102 1231.466 0.01299
-0.00951 0.00293 0.05733 0.05819 0.00882 0.910 0.098 1231.496 0.01302
-0.00953 0.00294 0.05744 0.05830 0.00992 0.832 0.101 1231.526 0.01304
-0.00955 0.00294 0.05755 0.05841 0.01102 0.926 0.100 1231.556 0.01307
-0.00957 0.00295 0.05766 0.05852 0.01212 0.811 0.100 1231.585 0.01309
-0.00959 0.00296 0.05777 0.05863 0.01323 0.782 0.098 1231.615 0.01312
-0.00961 0.00296 0.05788 0.05874 0.01433 0.743 0.101 1231.645 0.01314
-0.00962 0.00297 0.05799 0.05885 0.01543 0.855 0.101 1231.675 0.01317
-0.00964 0.00297 0.05809 0.05896 0.01653 0.921 0.099 1231.705 0.01319
-0.00966 0.00298 0.05820 0.05908 0.01764 0.865 0.096 1231.735 0.01321
-0.00968 0.00298 0.05831 0.05919 0.01874 1.060 0.100 1231.765 0.01324
-0.00970 0.00299 0.05842 0.05930 0.01984 1.003 0.097 1231.795 0.01326
-0.00971 0.00299 0.05853 0.05941 0.02095 0.890 0.097 1231.825 0.01329
-0.00973 0.00300 0.05864 0.05952 0.02205 1.049 0.099 1231.855 0.01331
-0.00975 0.00301 0.05875 0.05963 0.02315 1.132 0.103 1231.884 0.01334
-0.00977 0.00301 0.05886 0.05974 0.02425 0.999 0.097 1231.914 0.01336
-0.00979 0.00302 0.05897 0.05985 0.02536 0.923 0.093 1231.944 0.01339
-0.00980 0.00302 0.05908 0.05996 0.02646 1.118 0.102 1231.974 0.01341
-0.00982 0.00303 0.05919 0.06007 0.02756 1.163 0.104 1232.004 0.01344
-0.00984 0.00303 0.05930 0.06019 0.02867 1.153 0.104 1232.034 0.01346
-0.00986 0.00304 0.05941 0.06030 0.02977 1.003 0.097 1232.064 0.01349
-0.00988 0.00304 0.05952 0.06041 0.03087 1.178 0.105 1232.094 0.01351
-0.00990 0.00305 0.05963 0.06052 0.03197 1.103 0.107 1232.124 0.01353
-0.00991 0.00306 0.05974 0.06063 0.03308 1.213 0.106 1232.153 0.01356
-0.00993 0.00306 0.05985 0.06074 0.03418 1.250 0.108 1232.183 0.01358
-0.00995 0.00307 0.05995 0.06085 0.03528 1.137 0.103 1232.213 0.01361
-0.00997 0.00307 0.06006 0.06096 0.03639 0.970 0.100 1232.243 0.01363
-0.00999 0.00308 0.06017 0.06107 0.03749 1.062 0.099 1232.273 0.01366
-0.01000 0.00308 0.06028 0.06119 0.03859 1.023 0.097 1232.303 0.01368
-0.01002 0.00309 0.06039 0.06130 0.03970 1.067 0.099 1232.333 0.01371
-0.01004 0.00309 0.06050 0.06141 0.04080 1.164 0.104 1232.363 0.01373
-0.01006 0.00310 0.06061 0.06152 0.04190 1.262 0.108 1232.393 0.01376
-0.01008 0.00311 0.06072 0.06163 0.04301 1.014 0.102 1232.422 0.01378
-0.01010 0.00311 0.06083 0.06174 0.04411 0.921 0.092 1232.452 0.01381
-0.01011 0.00312 0.06094 0.06185 0.04522 0.854 0.100 1232.482 0.01383
-0.01013 0.00312 0.06105 0.06196 0.04632 0.861 0.103 1232.512 0.01385
-0.01015 0.00313 0.06116 0.06207 0.04742 0.652 0.097 1232.542 0.01388
-0.01017 0.00313 0.06127 0.06219 0.04853 0.580 0.084 1232.572 0.01390
-0.01019 0.00314 0.06138 0.06230 0.04963 0.364 0.075 1232.602 0.01393
-0.01020 0.00315 0.06149 0.06241 0.05073 0.188 0.060 1232.632 0.01395
-0.01022 0.00315 0.06160 0.06252 0.05184 0.240 0.064 1232.662 0.01398
-0.01024 0.00316 0.06171 0.06263 0.05294 0.414 0.078 1232.691 0.01400
-0.01026 0.00316 0.06182 0.06274 0.05405 0.456 0.081 1232.721 0.01403
-0.01028 0.00317 0.06193 0.06285 0.05515 0.658 0.088 1232.751 0.01405
-0.01030 0.00317 0.06203 0.06296 0.05625 0.779 0.095 1232.781 0.01408
-0.01031 0.00318 0.06214 0.06307 0.05736 0.635 0.092 1232.811 0.01410
-0.01033 0.00318 0.06225 0.06319 0.05846 0.663 0.094 1232.841 0.01412
-0.01035 0.00319 0.06236 0.06330 0.05957 0.547 0.087 1232.871 0.01415
-0.01037 0.00320 0.06247 0.06341 0.06067 0.469 0.082 1232.901 0.01417
-0.01039 0.00320 0.06258 0.06352 0.06177 0.557 0.088 1232.931 0.01420
-0.01040 0.00321 0.06269 0.06363 0.06288 0.412 0.078 1232.961 0.01422
-0.01042 0.00321 0.06280 0.06374 0.06398 0.555 0.087 1232.990 0.01425
-0.01044 0.00322 0.06291 0.06385 0.06509 0.850 0.093 1233.020 0.01427
-0.01046 0.00322 0.06302 0.06396 0.06619 0.864 0.093 1233.050 0.01430
-0.01048 0.00323 0.06313 0.06407 0.06730 0.782 0.095 1233.080 0.01432
-0.01050 0.00324 0.06324 0.06419 0.06840 1.003 0.095 1233.110 0.01435
-0.01051 0.00324 0.06335 0.06430 0.06951 0.782 0.095 1233.140 0.01437
-0.01053 0.00325 0.06346 0.06441 0.07061 0.834 0.098 1233.170 0.01440
-0.01055 0.00325 0.06357 0.06452 0.07171 0.777 0.095 1233.200 0.01442
-0.01057 0.00326 0.06368 0.06463 0.07282 0.788 0.090 1233.230 0.01444
-0.01059 0.00326 0.06379 0.06474 0.07392 0.575 0.088 1233.259 0.01447
-0.01060 0.00327 0.06390 0.06485 0.07503 0.633 0.092 1233.289 0.01449
-0.01062 0.00327 0.06401 0.06496 0.07613 0.521 0.085 1233.319 0.01452
-0.01064 0.00328 0.06412 0.06508 0.07724 0.785 0.095 1233.349 0.01454
-0.01066 0.00329 0.06423 0.06519 0.07834 0.748 0.093 1233.379 0.01457
-0.01068 0.00329 0.06434 0.06530 0.07945 0.870 0.093 1233.409 0.01459
-0.01070 0.00330 0.06445 0.06541 0.08055 0.969 0.098 1233.439 0.01462
-0.01071 0.00330 0.06455 0.06552 0.08166 0.863 0.093 1233.469 0.01464
-0.01073 0.00331 0.06466 0.06563 0.08276 0.854 0.092 1233.499 0.01467
-0.01075 0.00331 0.06477 0.06574 0.08387 1.039 0.101 1233.528 0.01469
-0.01077 0.00332 0.06488 0.06585 0.08497 0.791 0.089 1233.558 0.01471
-0.01079 0.00332 0.06499 0.06597 0.08608 0.959 0.097 1233.588 0.01474
-0.01080 0.00333 0.06510 0.06608 0.08718 0.852 0.092 1233.618 0.01476
-0.01082 0.00334 0.06521 0.06619 0.08829 0.958 0.097 1233.648 0.01479
-0.01084 0.00334 0.06532 0.06630 0.08939 0.903 0.089 1233.678 0.01481
-0.01086 0.00335 0.06543 0.06641 0.09050 1.149 0.101 1233.708 0.01484
-0.01088 0.00335 0.06554 0.06652 0.09160 0.999 0.094 1233.738 0.01486
-0.01090 0.00336 0.06565 0.06663 0.09271 1.245 0.105 1233.768 0.01489
-0.01091 0.00336 0.06576 0.06674 0.09381 1.032 0.095 1233.798 0.01491
-0.01093 0.00337 0.06587 0.06686 0.09492 0.963 0.092 1233.827 0.01494
-0.01095 0.00338 0.06598 0.06697 0.09603 0.979 0.093 1233.857 0.01496
-0.01097 0.00338 0.06609 0.06708 0.09713 1.030 0.100 1233.887 0.01499
-0.01099 0.00339 0.06620 0.06719 0.09824 0.899 0.089 1233.917 0.01501
-0.01100 0.00339 0.06631 0.06730 0.09934 1.074 0.097 1233.947 0.01503
-0.01102 0.00340 0.06642 0.06741 0.10045 1.143 0.100 1233.977 0.01506
-0.01104 0.00340 0.06653 0.06752 0.10155 1.010 0.094 1234.007 0.01508
-0.01106 0.00341 0.06664 0.06764 0.10266 0.818 0.090 1234.037 0.01511
-0.01108 0.00341 0.06675 0.06775 0.10376 0.992 0.093 1234.067 0.01513
-0.01110 0.00342 0.06686 0.06786 0.10487 0.792 0.088 1234.096 0.01516
-0.01111 0.00343 0.06697 0.06797 0.10598 0.871 0.097 1234.126 0.01518
-0.01113 0.00343 0.06708 0.06808 0.10708 0.852 0.086 1234.156 0.01521
-0.01115 0.00344 0.06719 0.06819 0.10819 0.600 0.082 1234.186 0.01523
-0.01117 0.00344 0.06730 0.06830 0.10929 0.277 0.065 1234.216 0.01526
-0.01119 0.00345 0.06741 0.06841 0.11040 0.277 0.065 1234.246 0.01528
-0.01121 0.00345 0.06752 0.06853 0.11151 0.277 0.065 1234.276 0.01530
-0.01122 0.00346 0.06763 0.06864 0.11261 0.173 0.055 1234.306 0.01533
-0.01124 0.00346 0.06774 0.06875 0.11372 0.294 0.067 1234.336 0.01535
-0.01126 0.00347 0.06784 0.06886 0.11482 0.433 0.077 1234.365 0.01538
-0.01128 0.00348 0.06795 0.06897 0.11593 0.786 0.093 1234.395 0.01540
-0.01130 0.00348 0.06806 0.06908 0.11704 0.630 0.084 1234.425 0.01543
-0.01131 0.00349 0.06817 0.06919 0.11814 0.846 0.090 1234.455 0.01545
-0.01133 0.00349 0.06828 0.06931 0.11925 0.819 0.094 1234.485 0.01548
-0.01135 0.00350 0.06839 0.06942 0.12036 0.776 0.087 1234.515 0.01550
-0.01137 0.00350 0.06850 0.06953 0.12146 1.025 0.094 1234.545 0.01553
-0.01139 0.00351 0.06861 0.06964 0.12257 1.170 0.101 1234.575 0.01555
-0.01141 0.00352 0.06872 0.06975 0.12367 0.919 0.089 1234.605 0.01558
-0.01142 0.00352 0.06883 0.06986 0.12478 0.962 0.091 1234.634 0.01560
-0.01144 0.00353 0.06894 0.06997 0.12589 0.995 0.093 1234.664 0.01562
-0.01146 0.00353 0.06905 0.07009 0.12699 1.038 0.095 1234.694 0.01565
-0.01148 0.00354 0.06916 0.07020 0.12810 0.934 0.094 1234.724 0.01567
-0.01150 0.00354 0.06927 0.07031 0.12921 0.908 0.093 1234.754 0.01570
-0.01151 0.00355 0.06938 0.07042 0.13031 1.079 0.096 1234.784 0.01572
-0.01153 0.00355 0.06949 0.07053 0.13142 0.872 0.092 1234.814 0.01575
-0.01155 0.00356 0.06960 0.07064 0.13253 0.854 0.086 1234.844 0.01577
-0.01157 0.00357 0.06971 0.07075 0.13363 0.898 0.088 1234.874 0.01580
-0.01159 0.00357 0.06982 0.07087 0.13474 0.769 0.092 1234.904 0.01582
-0.01161 0.00358 0.06993 0.07098 0.13585 0.716 0.089 1234.933 0.01585
-0.01162 0.00358 0.07004 0.07109 0.13696 0.801 0.093 1234.963 0.01587
-0.01164 0.00359 0.07015 0.07120 0.13806 0.947 0.090 1234.993 0.01590
-0.01166 0.00359 0.07026 0.07131 0.13917 0.946 0.095 1235.023 0.01592
-0.01168 0.00360 0.07037 0.07142 0.14028 0.860 0.091 1235.053 0.01594
-0.01170 0.00361 0.07048 0.07153 0.14138 0.902 0.088 1235.083 0.01597
-0.01172 0.00361 0.07059 0.07165 0.14249 0.969 0.096 1235.113 0.01599
-0.01173 0.00362 0.07070 0.07176 0.14360 0.918 0.089 1235.143 0.01602
-0.01175 0.00362 0.07081 0.07187 0.14471 0.697 0.093 1235.173 0.01604
-0.01177 0.00363 0.07092 0.07198 0.14581 0.891 0.092 1235.202 0.01607
-0.01179 0.00363 0.07103 0.07209 0.14692 0.984 0.092 1235.232 0.01609
-0.01181 0.00364 0.07114 0.07220 0.14803 0.704 0.088 1235.262 0.01612
-0.01182 0.00364 0.07125 0.07231 0.14913 0.898 0.087 1235.292 0.01614
-0.01184 0.00365 0.07136 0.07243 0.15024 0.873 0.086 1235.322 0.01617
-0.01186 0.00366 0.07147 0.07254 0.15135 0.940 0.089 1235.352 0.01619
-0.01188 0.00366 0.07158 0.07265 0.15246 0.931 0.089 1235.382 0.01621
-0.01190 0.00367 0.07169 0.07276 0.15356 0.880 0.091 1235.412 0.01624
-0.01192 0.00367 0.07180 0.07287 0.15467 0.880 0.091 1235.442 0.01626
-0.01193 0.00368 0.07191 0.07298 0.15578 0.862 0.091 1235.471 0.01629
-0.01195 0.00368 0.07202 0.07310 0.15689 0.992 0.092 1235.501 0.01631
-0.01197 0.00369 0.07213 0.07321 0.15800 0.825 0.089 1235.531 0.01634
-0.01199 0.00370 0.07224 0.07332 0.15910 0.832 0.089 1235.561 0.01636
-0.01201 0.00370 0.07235 0.07343 0.16021 0.964 0.095 1235.591 0.01639
-0.01203 0.00371 0.07246 0.07354 0.16132 0.995 0.092 1235.621 0.01641
-0.01204 0.00371 0.07257 0.07365 0.16243 0.861 0.085 1235.651 0.01644
-0.01206 0.00372 0.07268 0.07376 0.16353 0.863 0.090 1235.681 0.01646
-0.01208 0.00372 0.07279 0.07388 0.16464 0.988 0.091 1235.711 0.01649
-0.01210 0.00373 0.07290 0.07399 0.16575 0.972 0.091 1235.741 0.01651
-0.01212 0.00373 0.07301 0.07410 0.16686 1.028 0.093 1235.770 0.01653
-0.01213 0.00374 0.07312 0.07421 0.16797 0.870 0.086 1235.800 0.01656
-0.01215 0.00375 0.07323 0.07432 0.16907 1.141 0.098 1235.830 0.01658
-0.01217 0.00375 0.07334 0.07443 0.17018 0.964 0.090 1235.860 0.01661
-0.01219 0.00376 0.07345 0.07455 0.17129 0.863 0.090 1235.890 0.01663
-0.01221 0.00376 0.07356 0.07466 0.17240 0.978 0.091 1235.920 0.01666
-0.01223 0.00377 0.07367 0.07477 0.17351 1.194 0.100 1235.950 0.01668
-0.01224 0.00377 0.07378 0.07488 0.17462 0.980 0.095 1235.980 0.01671
-0.01226 0.00378 0.07389 0.07499 0.17572 0.871 0.090 1236.010 0.01673
-0.01228 0.00379 0.07400 0.07510 0.17683 0.947 0.089 1236.039 0.01676
-0.01230 0.00379 0.07411 0.07522 0.17794 0.946 0.089 1236.069 0.01678
-0.01232 0.00380 0.07422 0.07533 0.17905 0.988 0.091 1236.099 0.01680
-0.01234 0.00380 0.07433 0.07544 0.18016 1.255 0.103 1236.129 0.01683
-0.01235 0.00381 0.07444 0.07555 0.18127 1.138 0.098 1236.159 0.01685
-0.01237 0.00381 0.07455 0.07566 0.18238 1.145 0.098 1236.189 0.01688
-0.01239 0.00382 0.07466 0.07577 0.18348 1.019 0.092 1236.219 0.01690
-0.01241 0.00382 0.07477 0.07588 0.18459 0.993 0.091 1236.249 0.01693
-0.01243 0.00383 0.07488 0.07600 0.18570 1.102 0.096 1236.279 0.01695
-0.01244 0.00384 0.07499 0.07611 0.18681 1.125 0.097 1236.308 0.01698
-0.01246 0.00384 0.07510 0.07622 0.18792 0.957 0.089 1236.338 0.01700
-0.01248 0.00385 0.07521 0.07633 0.18903 1.141 0.098 1236.368 0.01703
-0.01250 0.00385 0.07532 0.07644 0.19014 0.898 0.087 1236.398 0.01705
-0.01252 0.00386 0.07543 0.07655 0.19125 1.073 0.095 1236.428 0.01708
-0.01254 0.00386 0.07554 0.07667 0.19235 1.081 0.095 1236.458 0.01710
-0.01255 0.00387 0.07565 0.07678 0.19346 1.014 0.092 1236.488 0.01712
-0.01257 0.00388 0.07576 0.07689 0.19457 1.096 0.096 1236.518 0.01715
-0.01259 0.00388 0.07587 0.07700 0.19568 0.888 0.091 1236.548 0.01717
-0.01261 0.00389 0.07598 0.07711 0.19679 1.038 0.093 1236.577 0.01720
-0.01263 0.00389 0.07609 0.07722 0.19790 1.062 0.094 1236.607 0.01722
-0.01265 0.00390 0.07620 0.07734 0.19901 1.112 0.096 1236.637 0.01725
-0.01266 0.00390 0.07631 0.07745 0.20012 1.037 0.093 1236.667 0.01727
-0.01268 0.00391 0.07642 0.07756 0.20123 1.153 0.098 1236.697 0.01730
-0.01270 0.00391 0.07653 0.07767 0.20234 1.119 0.097 1236.727 0.01732
-0.01272 0.00392 0.07664 0.07778 0.20345 1.186 0.099 1236.757 0.01735
-0.01274 0.00393 0.07675 0.07789 0.20456 0.895 0.091 1236.787 0.01737
-0.01276 0.00393 0.07686 0.07801 0.20566 1.040 0.093 1236.817 0.01740
-0.01277 0.00394 0.07697 0.07812 0.20677 0.975 0.090 1236.847 0.01742
-0.01279 0.00394 0.07708 0.07823 0.20788 1.010 0.092 1236.876 0.01744
-0.01281 0.00395 0.07719 0.07834 0.20899 1.008 0.091 1236.906 0.01747
-0.01283 0.00395 0.07730 0.07845 0.21010 1.146 0.098 1236.936 0.01749
-0.01285 0.00396 0.07741 0.07856 0.21121 0.991 0.091 1236.966 0.01752
-0.01286 0.00397 0.07752 0.07868 0.21232 0.878 0.090 1236.996 0.01754
-0.01288 0.00397 0.07763 0.07879 0.21343 1.001 0.091 1237.026 0.01757
-0.01290 0.00398 0.07774 0.07890 0.21454 1.020 0.092 1237.056 0.01759
-0.01292 0.00398 0.07785 0.07901 0.21565 0.879 0.085 1237.086 0.01762
-0.01294 0.00399 0.07796 0.07912 0.21676 1.047 0.093 1237.116 0.01764
-0.01296 0.00399 0.07807 0.07924 0.21787 0.903 0.086 1237.145 0.01767
-0.01297 0.00400 0.07818 0.07935 0.21898 0.942 0.088 1237.175 0.01769
-0.01299 0.00400 0.07829 0.07946 0.22009 1.089 0.095 1237.205 0.01771
-0.01301 0.00401 0.07840 0.07957 0.22120 0.949 0.089 1237.235 0.01774
-0.01303 0.00402 0.07851 0.07968 0.22231 0.763 0.084 1237.265 0.01776
-0.01305 0.00402 0.07862 0.07979 0.22342 0.985 0.090 1237.295 0.01779
-0.01307 0.00403 0.07873 0.07991 0.22453 1.051 0.093 1237.325 0.01781
-0.01308 0.00403 0.07884 0.08002 0.22564 1.040 0.093 1237.355 0.01784
-0.01310 0.00404 0.07895 0.08013 0.22675 1.014 0.096 1237.385 0.01786
-0.01312 0.00404 0.07906 0.08024 0.22786 1.046 0.093 1237.414 0.01789
-0.01314 0.00405 0.07917 0.08035 0.22897 0.980 0.094 1237.444 0.01791
-0.01316 0.00406 0.07928 0.08046 0.23008 0.979 0.090 1237.474 0.01794
-0.01318 0.00406 0.07939 0.08058 0.23119 0.781 0.085 1237.504 0.01796
-0.01319 0.00407 0.07950 0.08069 0.23230 0.964 0.089 1237.534 0.01799
-0.01321 0.00407 0.07961 0.08080 0.23341 1.018 0.092 1237.564 0.01801
-0.01323 0.00408 0.07972 0.08091 0.23452 1.008 0.091 1237.594 0.01803
-0.01325 0.00408 0.07983 0.08102 0.23563 0.923 0.092 1237.624 0.01806
-0.01327 0.00409 0.07994 0.08114 0.23675 0.844 0.083 1237.654 0.01808
-0.01329 0.00409 0.08005 0.08125 0.23786 0.807 0.091 1237.684 0.01811
-0.01330 0.00410 0.08016 0.08136 0.23897 0.958 0.089 1237.713 0.01813
-0.01332 0.00411 0.08027 0.08147 0.24008 1.058 0.093 1237.743 0.01816
-0.01334 0.00411 0.08038 0.08158 0.24119 0.856 0.089 1237.773 0.01818
-0.01336 0.00412 0.08049 0.08169 0.24230 0.833 0.087 1237.803 0.01821
-0.01338 0.00412 0.08060 0.08181 0.24341 1.098 0.095 1237.833 0.01823
-0.01339 0.00413 0.08071 0.08192 0.24452 1.003 0.091 1237.863 0.01826
-0.01341 0.00413 0.08082 0.08203 0.24563 0.909 0.086 1237.893 0.01828
-0.01343 0.00414 0.08093 0.08214 0.24674 1.053 0.093 1237.923 0.01830
-0.01345 0.00415 0.08104 0.08225 0.24785 0.886 0.085 1237.953 0.01833
-0.01347 0.00415 0.08115 0.08237 0.24896 0.822 0.092 1237.982 0.01835
-0.01349 0.00416 0.08126 0.08248 0.25008 1.023 0.092 1238.012 0.01838
-0.01350 0.00416 0.08137 0.08259 0.25119 0.969 0.094 1238.042 0.01840
-0.01352 0.00417 0.08148 0.08270 0.25230 0.894 0.086 1238.072 0.01843
-0.01354 0.00417 0.08159 0.08281 0.25341 0.989 0.090 1238.102 0.01845
-0.01356 0.00418 0.08170 0.08293 0.25452 0.750 0.078 1238.132 0.01848
-0.01358 0.00419 0.08181 0.08304 0.25563 0.873 0.085 1238.162 0.01850
-0.01360 0.00419 0.08192 0.08315 0.25674 0.939 0.088 1238.192 0.01853
-0.01361 0.00420 0.08203 0.08326 0.25785 1.029 0.092 1238.222 0.01855
-0.01363 0.00420 0.08214 0.08337 0.25897 0.981 0.090 1238.251 0.01858
-0.01365 0.00421 0.08225 0.08348 0.26008 1.071 0.094 1238.281 0.01860
-0.01367 0.00421 0.08236 0.08360 0.26119 0.965 0.089 1238.311 0.01862
-0.01369 0.00422 0.08247 0.08371 0.26230 0.915 0.087 1238.341 0.01865
-0.01371 0.00422 0.08258 0.08382 0.26341 0.949 0.088 1238.371 0.01867
-0.01372 0.00423 0.08269 0.08393 0.26452 1.134 0.096 1238.401 0.01870
-0.01374 0.00424 0.08280 0.08404 0.26563 0.856 0.084 1238.431 0.01872
-0.01376 0.00424 0.08292 0.08416 0.26675 0.895 0.086 1238.461 0.01875
-0.01378 0.00425 0.08303 0.08427 0.26786 0.945 0.088 1238.491 0.01877
-0.01380 0.00425 0.08314 0.08438 0.26897 1.019 0.091 1238.521 0.01880
-0.01382 0.00426 0.08325 0.08449 0.27008 0.574 0.084 1238.550 0.01882
-0.01383 0.00426 0.08336 0.08460 0.27119 0.771 0.084 1238.580 0.01885
-0.01385 0.00427 0.08347 0.08472 0.27230 0.678 0.090 1238.610 0.01887
-0.01387 0.00428 0.08358 0.08483 0.27342 0.704 0.085 1238.640 0.01889
-0.01389 0.00428 0.08369 0.08494 0.27453 0.731 0.087 1238.670 0.01892
-0.01391 0.00429 0.08380 0.08505 0.27564 0.862 0.084 1238.700 0.01894
-0.01393 0.00429 0.08391 0.08516 0.27675 0.725 0.082 1238.730 0.01897
-0.01394 0.00430 0.08402 0.08528 0.27786 0.732 0.087 1238.760 0.01899
-0.01396 0.00430 0.08413 0.08539 0.27898 0.752 0.083 1238.790 0.01902
-0.01398 0.00431 0.08424 0.08550 0.28009 0.836 0.087 1238.819 0.01904
-0.01400 0.00431 0.08435 0.08561 0.28120 0.655 0.083 1238.849 0.01907
-0.01402 0.00432 0.08446 0.08572 0.28231 1.039 0.092 1238.879 0.01909
-0.01404 0.00433 0.08457 0.08584 0.28343 0.988 0.090 1238.909 0.01912
-0.01405 0.00433 0.08468 0.08595 0.28454 0.946 0.092 1238.939 0.01914
-0.01407 0.00434 0.08479 0.08606 0.28565 1.060 0.093 1238.969 0.01917
-0.01409 0.00434 0.08490 0.08617 0.28676 0.961 0.089 1238.999 0.01919
-0.01411 0.00435 0.08501 0.08628 0.28787 1.084 0.094 1239.029 0.01921
-0.01413 0.00435 0.08512 0.08640 0.28899 0.921 0.087 1239.059 0.01924
-0.01415 0.00436 0.08523 0.08651 0.29010 0.953 0.088 1239.088 0.01926
-0.01416 0.00437 0.08534 0.08662 0.29121 0.945 0.088 1239.118 0.01929
-0.01418 0.00437 0.08545 0.08673 0.29232 1.043 0.092 1239.148 0.01931
-0.01420 0.00438 0.08556 0.08684 0.29344 1.072 0.093 1239.178 0.01934
-0.01422 0.00438 0.08567 0.08696 0.29455 0.988 0.090 1239.208 0.01936
-0.01424 0.00439 0.08578 0.08707 0.29566 0.945 0.088 1239.238 0.01939
-0.01426 0.00439 0.08589 0.08718 0.29678 1.087 0.094 1239.268 0.01941
-0.01427 0.00440 0.08600 0.08729 0.29789 0.842 0.083 1239.298 0.01944
-0.01429 0.00441 0.08611 0.08740 0.29900 0.953 0.088 1239.328 0.01946
-0.01431 0.00441 0.08623 0.08752 0.30011 0.968 0.089 1239.357 0.01949
-0.01433 0.00442 0.08634 0.08763 0.30123 1.014 0.091 1239.387 0.01951
-0.01435 0.00442 0.08645 0.08774 0.30234 0.995 0.090 1239.417 0.01953
-0.01437 0.00443 0.08656 0.08785 0.30345 1.101 0.095 1239.447 0.01956
-0.01438 0.00443 0.08667 0.08796 0.30457 1.003 0.090 1239.477 0.01958
-0.01440 0.00444 0.08678 0.08808 0.30568 0.869 0.084 1239.507 0.01961
-0.01442 0.00444 0.08689 0.08819 0.30679 0.980 0.094 1239.537 0.01963
-0.01444 0.00445 0.08700 0.08830 0.30790 0.956 0.093 1239.567 0.01966
-0.01446 0.00446 0.08711 0.08841 0.30902 0.954 0.088 1239.597 0.01968
-0.01448 0.00446 0.08722 0.08852 0.31013 0.921 0.087 1239.627 0.01971
-0.01449 0.00447 0.08733 0.08864 0.31124 0.980 0.089 1239.656 0.01973
-0.01451 0.00447 0.08744 0.08875 0.31236 0.891 0.090 1239.686 0.01976
-0.01453 0.00448 0.08755 0.08886 0.31347 0.860 0.084 1239.716 0.01978
-0.01455 0.00448 0.08766 0.08897 0.31458 0.870 0.084 1239.746 0.01980
-0.01457 0.00449 0.08777 0.08908 0.31570 0.975 0.089 1239.776 0.01983
-0.01459 0.00450 0.08788 0.08920 0.31681 0.917 0.091 1239.806 0.01985
-0.01460 0.00450 0.08799 0.08931 0.31792 1.022 0.091 1239.836 0.01988
-0.01462 0.00451 0.08810 0.08942 0.31904 1.185 0.098 1239.866 0.01990
-0.01464 0.00451 0.08821 0.08953 0.32015 1.014 0.091 1239.896 0.01993
-0.01466 0.00452 0.08832 0.08965 0.32126 0.900 0.086 1239.925 0.01995
-0.01468 0.00452 0.08843 0.08976 0.32238 0.965 0.089 1239.955 0.01998
-0.01470 0.00453 0.08854 0.08987 0.32349 1.079 0.094 1239.985 0.02000
-0.01471 0.00454 0.08865 0.08998 0.32461 0.786 0.085 1240.015 0.02003
-0.01473 0.00454 0.08877 0.09009 0.32572 1.006 0.090 1240.045 0.02005
-0.01475 0.00455 0.08888 0.09021 0.32683 1.028 0.091 1240.075 0.02008
-0.01477 0.00455 0.08899 0.09032 0.32795 1.183 0.098 1240.105 0.02010
-0.01479 0.00456 0.08910 0.09043 0.32906 0.980 0.094 1240.135 0.02012
-0.01481 0.00456 0.08921 0.09054 0.33018 1.142 0.096 1240.165 0.02015
-0.01482 0.00457 0.08932 0.09065 0.33129 0.906 0.086 1240.194 0.02017
-0.01484 0.00457 0.08943 0.09077 0.33240 0.972 0.089 1240.224 0.02020
-0.01486 0.00458 0.08954 0.09088 0.33352 1.046 0.092 1240.254 0.02022
-0.01488 0.00459 0.08965 0.09099 0.33463 1.054 0.093 1240.284 0.02025
-0.01490 0.00459 0.08976 0.09110 0.33575 1.078 0.094 1240.314 0.02027
-0.01492 0.00460 0.08987 0.09122 0.33686 0.949 0.088 1240.344 0.02030
-0.01493 0.00460 0.08998 0.09133 0.33797 0.957 0.088 1240.374 0.02032
-0.01495 0.00461 0.09009 0.09144 0.33909 1.096 0.094 1240.404 0.02035
-0.01497 0.00461 0.09020 0.09155 0.34020 1.031 0.092 1240.434 0.02037
-0.01499 0.00462 0.09031 0.09166 0.34132 0.965 0.089 1240.464 0.02039
-0.01501 0.00463 0.09042 0.09178 0.34243 1.055 0.093 1240.493 0.02042
-0.01503 0.00463 0.09053 0.09189 0.34355 1.046 0.092 1240.523 0.02044
-0.01504 0.00464 0.09064 0.09200 0.34466 1.120 0.095 1240.553 0.02047
-0.01506 0.00464 0.09075 0.09211 0.34577 1.055 0.093 1240.583 0.02049
-0.01508 0.00465 0.09087 0.09223 0.34689 0.926 0.087 1240.613 0.02052
-0.01510 0.00465 0.09098 0.09234 0.34800 0.942 0.087 1240.643 0.02054
-0.01512 0.00466 0.09109 0.09245 0.34912 1.030 0.091 1240.673 0.02057
-0.01514 0.00467 0.09120 0.09256 0.35023 1.006 0.090 1240.703 0.02059
-0.01515 0.00467 0.09131 0.09267 0.35135 1.096 0.094 1240.733 0.02062
-0.01517 0.00468 0.09142 0.09279 0.35246 1.047 0.092 1240.762 0.02064
-0.01519 0.00468 0.09153 0.09290 0.35358 1.103 0.095 1240.792 0.02067
-0.01521 0.00469 0.09164 0.09301 0.35469 1.291 0.102 1240.822 0.02069
-0.01523 0.00469 0.09175 0.09312 0.35581 0.916 0.091 1240.852 0.02071
-0.01525 0.00470 0.09186 0.09324 0.35692 0.929 0.087 1240.882 0.02074
-0.01526 0.00470 0.09197 0.09335 0.35804 0.827 0.087 1240.912 0.02076
-0.01528 0.00471 0.09208 0.09346 0.35915 1.146 0.096 1240.942 0.02079
-0.01530 0.00472 0.09219 0.09357 0.36027 0.874 0.084 1240.972 0.02081
-0.01532 0.00472 0.09230 0.09368 0.36138 1.014 0.091 1241.002 0.02084
-0.01534 0.00473 0.09241 0.09380 0.36250 0.966 0.089 1241.031 0.02086
-0.01536 0.00473 0.09252 0.09391 0.36361 0.995 0.090 1241.061 0.02089
-0.01537 0.00474 0.09263 0.09402 0.36473 0.999 0.090 1241.091 0.02091
-0.01539 0.00474 0.09275 0.09413 0.36584 0.938 0.087 1241.121 0.02094
-0.01541 0.00475 0.09286 0.09425 0.36696 1.012 0.091 1241.151 0.02096
-0.01543 0.00476 0.09297 0.09436 0.36807 1.132 0.096 1241.181 0.02099
-0.01545 0.00476 0.09308 0.09447 0.36919 0.948 0.093 1241.211 0.02101
-0.01547 0.00477 0.09319 0.09458 0.37030 0.909 0.086 1241.241 0.02103
-0.01548 0.00477 0.09330 0.09469 0.37142 0.975 0.089 1241.271 0.02106
-0.01550 0.00478 0.09341 0.09481 0.37253 1.046 0.092 1241.300 0.02108
-0.01552 0.00478 0.09352 0.09492 0.37365 0.729 0.082 1241.330 0.02111
-0.01554 0.00479 0.09363 0.09503 0.37476 0.835 0.082 1241.360 0.02113
-0.01556 0.00480 0.09374 0.09514 0.37588 0.818 0.086 1241.390 0.02116
-0.01558 0.00480 0.09385 0.09526 0.37700 0.877 0.084 1241.420 0.02118
-0.01559 0.00481 0.09396 0.09537 0.37811 0.844 0.088 1241.450 0.02121
-0.01561 0.00481 0.09407 0.09548 0.37923 0.769 0.084 1241.480 0.02123
-0.01563 0.00482 0.09418 0.09559 0.38034 0.732 0.086 1241.510 0.02126
-0.01565 0.00482 0.09429 0.09571 0.38146 0.558 0.083 1241.540 0.02128
-0.01567 0.00483 0.09441 0.09582 0.38257 0.823 0.087 1241.570 0.02130
-0.01569 0.00483 0.09452 0.09593 0.38369 0.701 0.086 1241.599 0.02133
-0.01570 0.00484 0.09463 0.09604 0.38481 0.874 0.089 1241.629 0.02135
-0.01572 0.00485 0.09474 0.09616 0.38592 0.976 0.089 1241.659 0.02138
-0.01574 0.00485 0.09485 0.09627 0.38704 0.812 0.086 1241.689 0.02140
-0.01576 0.00486 0.09496 0.09638 0.38815 0.903 0.086 1241.719 0.02143
-0.01578 0.00486 0.09507 0.09649 0.38927 0.822 0.082 1241.749 0.02145
-0.01580 0.00487 0.09518 0.09660 0.39039 0.958 0.088 1241.779 0.02148
-0.01581 0.00487 0.09529 0.09672 0.39150 0.970 0.089 1241.809 0.02150
-0.01583 0.00488 0.09540 0.09683 0.39262 0.986 0.090 1241.839 0.02153
-0.01585 0.00489 0.09551 0.09694 0.39373 0.980 0.089 1241.868 0.02155
-0.01587 0.00489 0.09562 0.09705 0.39485 0.859 0.084 1241.898 0.02158
-0.01589 0.00490 0.09573 0.09717 0.39597 0.895 0.085 1241.928 0.02160
-0.01591 0.00490 0.09584 0.09728 0.39708 0.894 0.085 1241.958 0.02162
-0.01592 0.00491 0.09596 0.09739 0.39820 0.951 0.088 1241.988 0.02165
-0.01594 0.00491 0.09607 0.09750 0.39932 0.942 0.088 1242.018 0.02167
-0.01596 0.00492 0.09618 0.09762 0.40043 0.959 0.088 1242.048 0.02170
-0.01598 0.00493 0.09629 0.09773 0.40155 0.853 0.083 1242.078 0.02172
-0.01600 0.00493 0.09640 0.09784 0.40267 1.081 0.094 1242.108 0.02175
-0.01602 0.00494 0.09651 0.09795 0.40378 1.015 0.091 1242.137 0.02177
-0.01604 0.00494 0.09662 0.09807 0.40490 0.917 0.086 1242.167 0.02180
-0.01605 0.00495 0.09673 0.09818 0.40602 1.065 0.093 1242.197 0.02182
-0.01607 0.00495 0.09684 0.09829 0.40713 0.918 0.086 1242.227 0.02185
-0.01609 0.00496 0.09695 0.09840 0.40825 1.164 0.097 1242.257 0.02187
-0.01611 0.00497 0.09706 0.09852 0.40937 0.862 0.088 1242.287 0.02189
-0.01613 0.00497 0.09717 0.09863 0.41048 1.139 0.096 1242.317 0.02192
-0.01615 0.00498 0.09728 0.09874 0.41160 0.968 0.089 1242.347 0.02194
-0.01616 0.00498 0.09740 0.09885 0.41272 0.878 0.085 1242.377 0.02197
-0.01618 0.00499 0.09751 0.09897 0.41383 1.026 0.091 1242.407 0.02199
-0.01620 0.00499 0.09762 0.09908 0.41495 0.936 0.087 1242.436 0.02202
-0.01622 0.00500 0.09773 0.09919 0.41607 0.789 0.080 1242.466 0.02204
-0.01624 0.00500 0.09784 0.09930 0.41718 0.969 0.093 1242.496 0.02207
-0.01626 0.00501 0.09795 0.09942 0.41830 0.854 0.088 1242.526 0.02209
-0.01627 0.00502 0.09806 0.09953 0.41942 0.836 0.083 1242.556 0.02212
-0.01629 0.00502 0.09817 0.09964 0.42054 0.715 0.081 1242.586 0.02214
-0.01631 0.00503 0.09828 0.09975 0.42165 0.846 0.083 1242.616 0.02217
-0.01633 0.00503 0.09839 0.09987 0.42277 0.839 0.092 1242.646 0.02219
-0.01635 0.00504 0.09850 0.09998 0.42389 0.724 0.082 1242.676 0.02221
-0.01637 0.00504 0.09861 0.10009 0.42500 0.920 0.091 1242.705 0.02224
-0.01638 0.00505 0.09872 0.10020 0.42612 0.977 0.089 1242.735 0.02226
-0.01640 0.00506 0.09884 0.10032 0.42724 0.797 0.085 1242.765 0.02229
-0.01642 0.00506 0.09895 0.10043 0.42836 0.830 0.082 1242.795 0.02231
-0.01644 0.00507 0.09906 0.10054 0.42947 1.002 0.090 1242.825 0.02234
-0.01646 0.00507 0.09917 0.10065 0.43059 1.108 0.095 1242.855 0.02236
-0.01648 0.00508 0.09928 0.10077 0.43171 0.987 0.090 1242.885 0.02239
-0.01650 0.00508 0.09939 0.10088 0.43283 0.905 0.086 1242.915 0.02241
-0.01651 0.00509 0.09950 0.10099 0.43394 0.971 0.089 1242.945 0.02244
-0.01653 0.00510 0.09961 0.10110 0.43506 1.018 0.091 1242.974 0.02246
-0.01655 0.00510 0.09972 0.10122 0.43618 0.798 0.085 1243.004 0.02249
-0.01657 0.00511 0.09983 0.10133 0.43730 0.807 0.091 1243.034 0.02251
-0.01659 0.00511 0.09994 0.10144 0.43841 1.109 0.095 1243.064 0.02253
-0.01661 0.00512 0.10006 0.10155 0.43953 1.043 0.092 1243.094 0.02256
-0.01662 0.00512 0.10017 0.10167 0.44065 0.823 0.082 1243.124 0.02258
-0.01664 0.00513 0.10028 0.10178 0.44177 0.758 0.084 1243.154 0.02261
-0.01666 0.00514 0.10039 0.10189 0.44289 0.930 0.087 1243.184 0.02263
-0.01668 0.00514 0.10050 0.10200 0.44400 0.832 0.092 1243.214 0.02266
-0.01670 0.00515 0.10061 0.10212 0.44512 0.988 0.090 1243.243 0.02268
-0.01672 0.00515 0.10072 0.10223 0.44624 0.874 0.089 1243.273 0.02271
-0.01673 0.00516 0.10083 0.10234 0.44736 0.759 0.089 1243.303 0.02273
-0.01675 0.00516 0.10094 0.10245 0.44848 0.824 0.087 1243.333 0.02276
-0.01677 0.00517 0.10105 0.10257 0.44959 0.864 0.089 1243.363 0.02278
-0.01679 0.00518 0.10116 0.10268 0.45071 0.842 0.083 1243.393 0.02280
-0.01681 0.00518 0.10128 0.10279 0.45183 0.801 0.086 1243.423 0.02283
-0.01683 0.00519 0.10139 0.10290 0.45295 0.867 0.084 1243.453 0.02285
-0.01684 0.00519 0.10150 0.10302 0.45407 0.718 0.081 1243.483 0.02288
-0.01686 0.00520 0.10161 0.10313 0.45519 0.941 0.088 1243.513 0.02290
-0.01688 0.00520 0.10172 0.10324 0.45630 0.999 0.090 1243.542 0.02293
-0.01690 0.00521 0.10183 0.10335 0.45742 1.089 0.094 1243.572 0.02295
-0.01692 0.00521 0.10194 0.10347 0.45854 0.794 0.081 1243.602 0.02298
-0.01694 0.00522 0.10205 0.10358 0.45966 0.984 0.090 1243.632 0.02300
-0.01696 0.00523 0.10216 0.10369 0.46078 0.885 0.090 1243.662 0.02303
-0.01697 0.00523 0.10227 0.10380 0.46190 0.795 0.085 1243.692 0.02305
-0.01699 0.00524 0.10238 0.10392 0.46302 0.786 0.085 1243.722 0.02308
-0.01701 0.00524 0.10250 0.10403 0.46413 1.033 0.092 1243.752 0.02310
-0.01703 0.00525 0.10261 0.10414 0.46525 0.917 0.091 1243.782 0.02312
-0.01705 0.00525 0.10272 0.10426 0.46637 0.944 0.088 1243.811 0.02315
-0.01707 0.00526 0.10283 0.10437 0.46749 0.958 0.089 1243.841 0.02317
-0.01708 0.00527 0.10294 0.10448 0.46861 0.910 0.086 1243.871 0.02320
-0.01710 0.00527 0.10305 0.10459 0.46973 0.755 0.084 1243.901 0.02322
-0.01712 0.00528 0.10316 0.10471 0.47085 0.885 0.090 1243.931 0.02325
-0.01714 0.00528 0.10327 0.10482 0.47197 1.035 0.092 1243.961 0.02327
-0.01716 0.00529 0.10338 0.10493 0.47309 1.030 0.092 1243.991 0.02330
-0.01718 0.00529 0.10349 0.10504 0.47421 0.756 0.089 1244.021 0.02332
-0.01719 0.00530 0.10361 0.10516 0.47532 0.848 0.093 1244.051 0.02335
-0.01721 0.00531 0.10372 0.10527 0.47644 0.807 0.081 1244.080 0.02337
-0.01723 0.00531 0.10383 0.10538 0.47756 0.752 0.084 1244.110 0.02339
-0.01725 0.00532 0.10394 0.10549 0.47868 0.724 0.088 1244.140 0.02342
-0.01727 0.00532 0.10405 0.10561 0.47980 0.703 0.086 1244.170 0.02344
-0.01729 0.00533 0.10416 0.10572 0.48092 0.870 0.084 1244.200 0.02347
-0.01731 0.00533 0.10427 0.10583 0.48204 0.877 0.090 1244.230 0.02349
-0.01732 0.00534 0.10438 0.10595 0.48316 0.769 0.085 1244.260 0.02352
-0.01734 0.00535 0.10449 0.10606 0.48428 0.845 0.083 1244.290 0.02354
-0.01736 0.00535 0.10461 0.10617 0.48540 0.871 0.085 1244.320 0.02357
-0.01738 0.00536 0.10472 0.10628 0.48652 0.722 0.093 1244.350 0.02359
-0.01740 0.00536 0.10483 0.10640 0.48764 0.761 0.084 1244.379 0.02362
-0.01742 0.00537 0.10494 0.10651 0.48876 0.825 0.087 1244.409 0.02364
-0.01743 0.00537 0.10505 0.10662 0.48988 0.724 0.087 1244.439 0.02367
-0.01745 0.00538 0.10516 0.10673 0.49100 0.931 0.087 1244.469 0.02369
-0.01747 0.00539 0.10527 0.10685 0.49212 0.956 0.089 1244.499 0.02371
-0.01749 0.00539 0.10538 0.10696 0.49324 1.088 0.095 1244.529 0.02374
-0.01751 0.00540 0.10549 0.10707 0.49435 1.014 0.091 1244.559 0.02376
-0.01753 0.00540 0.10560 0.10719 0.49547 0.891 0.086 1244.589 0.02379
-0.01754 0.00541 0.10572 0.10730 0.49659 0.900 0.091 1244.619 0.02381
-0.01756 0.00541 0.10583 0.10741 0.49771 0.925 0.087 1244.648 0.02384
-0.01758 0.00542 0.10594 0.10752 0.49883 0.850 0.088 1244.678 0.02386
-0.01760 0.00542 0.10605 0.10764 0.49995 0.876 0.090 1244.708 0.02389
-0.01762 0.00543 0.10616 0.10775 0.50107 0.817 0.087 1244.738 0.02391
-0.01764 0.00544 0.10627 0.10786 0.50219 1.000 0.095 1244.768 0.02394
-0.01766 0.00544 0.10638 0.10797 0.50331 1.034 0.092 1244.798 0.02396
-0.01767 0.00545 0.10649 0.10809 0.50443 1.084 0.094 1244.828 0.02398
-0.01769 0.00545 0.10660 0.10820 0.50555 0.868 0.085 1244.858 0.02401
-0.01771 0.00546 0.10672 0.10831 0.50668 1.099 0.095 1244.888 0.02403
-0.01773 0.00546 0.10683 0.10843 0.50780 1.240 0.101 1244.917 0.02406
-0.01775 0.00547 0.10694 0.10854 0.50892 0.802 0.086 1244.947 0.02408
-0.01777 0.00548 0.10705 0.10865 0.51004 0.968 0.089 1244.977 0.02411
-0.01778 0.00548 0.10716 0.10876 0.51116 1.068 0.094 1245.007 0.02413
-0.01780 0.00549 0.10727 0.10888 0.51228 0.984 0.090 1245.037 0.02416
-0.01782 0.00549 0.10738 0.10899 0.51340 0.886 0.090 1245.067 0.02418
-0.01784 0.00550 0.10749 0.10910 0.51452 1.068 0.094 1245.097 0.02421
-0.01786 0.00550 0.10760 0.10922 0.51564 0.944 0.088 1245.127 0.02423
-0.01788 0.00551 0.10772 0.10933 0.51676 1.008 0.091 1245.157 0.02426
-0.01790 0.00552 0.10783 0.10944 0.51788 1.040 0.093 1245.186 0.02428
-0.01791 0.00552 0.10794 0.10955 0.51900 1.014 0.092 1245.216 0.02430
-0.01793 0.00553 0.10805 0.10967 0.52012 0.884 0.085 1245.246 0.02433
-0.01795 0.00553 0.10816 0.10978 0.52124 0.860 0.084 1245.276 0.02435
-0.01797 0.00554 0.10827 0.10989 0.52236 0.987 0.090 1245.306 0.02438
-0.01799 0.00554 0.10838 0.11001 0.52348 0.976 0.090 1245.336 0.02440
-0.01801 0.00555 0.10849 0.11012 0.52460 0.921 0.087 1245.366 0.02443
-0.01802 0.00556 0.10861 0.11023 0.52572 0.985 0.090 1245.396 0.02445
-0.01804 0.00556 0.10872 0.11034 0.52685 0.913 0.087 1245.426 0.02448
-0.01806 0.00557 0.10883 0.11046 0.52797 1.093 0.095 1245.456 0.02450
-0.01808 0.00557 0.10894 0.11057 0.52909 1.061 0.094 1245.485 0.02453
-0.01810 0.00558 0.10905 0.11068 0.53021 0.988 0.090 1245.515 0.02455
-0.01812 0.00558 0.10916 0.11080 0.53133 0.900 0.091 1245.545 0.02458
-0.01814 0.00559 0.10927 0.11091 0.53245 1.067 0.098 1245.575 0.02460
-0.01815 0.00560 0.10938 0.11102 0.53357 0.952 0.089 1245.605 0.02462
-0.01817 0.00560 0.10950 0.11113 0.53469 1.011 0.091 1245.635 0.02465
-0.01819 0.00561 0.10961 0.11125 0.53581 0.934 0.088 1245.665 0.02467
-0.01821 0.00561 0.10972 0.11136 0.53694 1.223 0.101 1245.695 0.02470
-0.01823 0.00562 0.10983 0.11147 0.53806 0.948 0.089 1245.725 0.02472
-0.01825 0.00562 0.10994 0.11159 0.53918 0.898 0.086 1245.754 0.02475
-0.01826 0.00563 0.11005 0.11170 0.54030 1.049 0.093 1245.784 0.02477
-0.01828 0.00564 0.11016 0.11181 0.54142 1.007 0.091 1245.814 0.02480
-0.01830 0.00564 0.11027 0.11192 0.54254 1.017 0.092 1245.844 0.02482
-0.01832 0.00565 0.11039 0.11204 0.54366 0.933 0.088 1245.874 0.02485
-0.01834 0.00565 0.11050 0.11215 0.54479 1.026 0.096 1245.904 0.02487
-0.01836 0.00566 0.11061 0.11226 0.54591 1.109 0.096 1245.934 0.02489
-0.01838 0.00566 0.11072 0.11238 0.54703 0.983 0.090 1245.964 0.02492
-0.01839 0.00567 0.11083 0.11249 0.54815 0.841 0.088 1245.994 0.02494
-0.01841 0.00568 0.11094 0.11260 0.54927 0.883 0.090 1246.023 0.02497
-0.01843 0.00568 0.11105 0.11271 0.55039 1.018 0.092 1246.053 0.02499
-0.01845 0.00569 0.11116 0.11283 0.55152 1.061 0.094 1246.083 0.02502
-0.01847 0.00569 0.11128 0.11294 0.55264 1.064 0.094 1246.113 0.02504
-0.01849 0.00570 0.11139 0.11305 0.55376 0.837 0.093 1246.143 0.02507
-0.01850 0.00570 0.11150 0.11317 0.55488 0.927 0.088 1246.173 0.02509
-0.01852 0.00571 0.11161 0.11328 0.55600 1.165 0.098 1246.203 0.02512
-0.01854 0.00572 0.11172 0.11339 0.55713 0.965 0.090 1246.233 0.02514
-0.01856 0.00572 0.11183 0.11351 0.55825 0.922 0.088 1246.263 0.02517
-0.01858 0.00573 0.11194 0.11362 0.55937 0.842 0.088 1246.293 0.02519
-0.01860 0.00573 0.11205 0.11373 0.56049 0.917 0.087 1246.322 0.02521
-0.01862 0.00574 0.11217 0.11384 0.56161 1.020 0.092 1246.352 0.02524
-0.01863 0.00574 0.11228 0.11396 0.56274 1.326 0.105 1246.382 0.02526
-0.01865 0.00575 0.11239 0.11407 0.56386 1.032 0.093 1246.412 0.02529
-0.01867 0.00575 0.11250 0.11418 0.56498 1.134 0.097 1246.442 0.02531
-0.01869 0.00576 0.11261 0.11430 0.56610 0.980 0.090 1246.472 0.02534
-0.01871 0.00577 0.11272 0.11441 0.56723 0.970 0.090 1246.502 0.02536
-0.01873 0.00577 0.11283 0.11452 0.56835 0.878 0.090 1246.532 0.02539
-0.01874 0.00578 0.11294 0.11464 0.56947 1.113 0.096 1246.562 0.02541
-0.01876 0.00578 0.11306 0.11475 0.57059 0.886 0.086 1246.591 0.02544
-0.01878 0.00579 0.11317 0.11486 0.57172 0.978 0.090 1246.621 0.02546
-0.01880 0.00579 0.11328 0.11497 0.57284 1.112 0.096 1246.651 0.02548
-0.01882 0.00580 0.11339 0.11509 0.57396 0.870 0.090 1246.681 0.02551
-0.01884 0.00581 0.11350 0.11520 0.57508 0.955 0.089 1246.711 0.02553
-0.01886 0.00581 0.11361 0.11531 0.57621 1.008 0.092 1246.741 0.02556
-0.01887 0.00582 0.11372 0.11543 0.57733 0.836 0.084 1246.771 0.02558
-0.01889 0.00582 0.11384 0.11554 0.57845 1.115 0.096 1246.801 0.02561
-0.01891 0.00583 0.11395 0.11565 0.57957 1.091 0.095 1246.831 0.02563
-0.01893 0.00583 0.11406 0.11577 0.58070 1.169 0.099 1246.860 0.02566
-0.01895 0.00584 0.11417 0.11588 0.58182 1.034 0.098 1246.890 0.02568
-0.01897 0.00585 0.11428 0.11599 0.58294 0.933 0.088 1246.920 0.02571
-0.01898 0.00585 0.11439 0.11611 0.58407 1.052 0.094 1246.950 0.02573
-0.01900 0.00586 0.11450 0.11622 0.58519 0.838 0.084 1246.980 0.02576
-0.01902 0.00586 0.11462 0.11633 0.58631 1.036 0.093 1247.010 0.02578
-0.01904 0.00587 0.11473 0.11644 0.58744 1.074 0.095 1247.040 0.02580
-0.01906 0.00587 0.11484 0.11656 0.58856 1.033 0.098 1247.070 0.02583
-0.01908 0.00588 0.11495 0.11667 0.58968 0.723 0.088 1247.100 0.02585
-0.01910 0.00589 0.11506 0.11678 0.59080 0.884 0.091 1247.129 0.02588
-0.01911 0.00589 0.11517 0.11690 0.59193 0.942 0.089 1247.159 0.02590
-0.01913 0.00590 0.11528 0.11701 0.59305 1.040 0.093 1247.189 0.02593
-0.01915 0.00590 0.11540 0.11712 0.59417 0.804 0.087 1247.219 0.02595
-0.01917 0.00591 0.11551 0.11724 0.59530 0.968 0.090 1247.249 0.02598
-0.01919 0.00591 0.11562 0.11735 0.59642 0.946 0.094 1247.279 0.02600
-0.01921 0.00592 0.11573 0.11746 0.59754 1.043 0.093 1247.309 0.02603
-0.01923 0.00593 0.11584 0.11758 0.59867 1.111 0.096 1247.339 0.02605
-0.01924 0.00593 0.11595 0.11769 0.59979 1.035 0.093 1247.369 0.02608
-0.01926 0.00594 0.11606 0.11780 0.60092 0.960 0.090 1247.399 0.02610
-0.01928 0.00594 0.11618 0.11791 0.60204 0.951 0.089 1247.428 0.02612
-0.01930 0.00595 0.11629 0.11803 0.60316 0.976 0.090 1247.458 0.02615
-0.01932 0.00595 0.11640 0.11814 0.60429 1.120 0.097 1247.488 0.02617
-0.01934 0.00596 0.11651 0.11825 0.60541 0.891 0.086 1247.518 0.02620
-0.01935 0.00597 0.11662 0.11837 0.60653 0.850 0.084 1247.548 0.02622
-0.01937 0.00597 0.11673 0.11848 0.60766 1.095 0.096 1247.578 0.02625
-0.01939 0.00598 0.11684 0.11859 0.60878 1.105 0.096 1247.608 0.02627
-0.01941 0.00598 0.11696 0.11871 0.60990 0.995 0.091 1247.638 0.02630
-0.01943 0.00599 0.11707 0.11882 0.61103 1.054 0.099 1247.668 0.02632
-0.01945 0.00599 0.11718 0.11893 0.61215 1.000 0.092 1247.697 0.02635
-0.01947 0.00600 0.11729 0.11905 0.61328 1.006 0.092 1247.727 0.02637
-0.01948 0.00601 0.11740 0.11916 0.61440 1.052 0.094 1247.757 0.02639
-0.01950 0.00601 0.11751 0.11927 0.61552 1.089 0.096 1247.787 0.02642
-0.01952 0.00602 0.11762 0.11939 0.61665 1.091 0.096 1247.817 0.02644
-0.01954 0.00602 0.11774 0.11950 0.61777 1.016 0.092 1247.847 0.02647
-0.01956 0.00603 0.11785 0.11961 0.61890 0.821 0.088 1247.877 0.02649
-0.01958 0.00603 0.11796 0.11973 0.62002 1.286 0.104 1247.907 0.02652
-0.01960 0.00604 0.11807 0.11984 0.62115 1.144 0.098 1247.937 0.02654
-0.01961 0.00605 0.11818 0.11995 0.62227 1.025 0.093 1247.966 0.02657
-0.01963 0.00605 0.11829 0.12006 0.62339 1.177 0.099 1247.996 0.02659
-0.01965 0.00606 0.11841 0.12018 0.62452 0.916 0.093 1248.026 0.02662
-0.01967 0.00606 0.11852 0.12029 0.62564 1.075 0.095 1248.056 0.02664
-0.01969 0.00607 0.11863 0.12040 0.62677 1.084 0.095 1248.086 0.02667
-0.01971 0.00607 0.11874 0.12052 0.62789 1.001 0.092 1248.116 0.02669
-0.01972 0.00608 0.11885 0.12063 0.62902 0.940 0.089 1248.146 0.02671
-0.01974 0.00609 0.11896 0.12074 0.63014 0.897 0.087 1248.176 0.02674
-0.01976 0.00609 0.11907 0.12086 0.63127 0.956 0.090 1248.206 0.02676
-0.01978 0.00610 0.11919 0.12097 0.63239 1.032 0.093 1248.236 0.02679
-0.01980 0.00610 0.11930 0.12108 0.63352 1.007 0.097 1248.265 0.02681
-0.01982 0.00611 0.11941 0.12120 0.63464 0.812 0.083 1248.295 0.02684
-0.01984 0.00611 0.11952 0.12131 0.63576 0.974 0.091 1248.325 0.02686
-0.01985 0.00612 0.11963 0.12142 0.63689 0.922 0.088 1248.355 0.02689
-0.01987 0.00613 0.11974 0.12154 0.63801 1.075 0.095 1248.385 0.02691
-0.01989 0.00613 0.11986 0.12165 0.63914 0.890 0.087 1248.415 0.02694
-0.01991 0.00614 0.11997 0.12176 0.64026 1.035 0.093 1248.445 0.02696
-0.01993 0.00614 0.12008 0.12188 0.64139 0.890 0.091 1248.475 0.02698
-0.01995 0.00615 0.12019 0.12199 0.64251 0.864 0.090 1248.505 0.02701
-0.01997 0.00615 0.12030 0.12210 0.64364 0.985 0.091 1248.534 0.02703
-0.01998 0.00616 0.12041 0.12222 0.64476 0.924 0.088 1248.564 0.02706
-0.02000 0.00617 0.12053 0.12233 0.64589 0.960 0.090 1248.594 0.02708
-0.02002 0.00617 0.12064 0.12244 0.64701 0.984 0.091 1248.624 0.02711
-0.02004 0.00618 0.12075 0.12256 0.64814 0.882 0.086 1248.654 0.02713
-0.02006 0.00618 0.12086 0.12267 0.64927 0.968 0.090 1248.684 0.02716
-0.02008 0.00619 0.12097 0.12278 0.65039 0.797 0.087 1248.714 0.02718
-0.02010 0.00619 0.12108 0.12290 0.65152 0.867 0.091 1248.744 0.02721
-0.02011 0.00620 0.12120 0.12301 0.65264 0.901 0.087 1248.774 0.02723
-0.02013 0.00621 0.12131 0.12312 0.65377 1.003 0.092 1248.803 0.02726
-0.02015 0.00621 0.12142 0.12324 0.65489 0.833 0.089 1248.833 0.02728
-0.02017 0.00622 0.12153 0.12335 0.65602 0.988 0.096 1248.863 0.02730
-0.02019 0.00622 0.12164 0.12346 0.65714 0.962 0.090 1248.893 0.02733
-0.02021 0.00623 0.12175 0.12358 0.65827 0.955 0.090 1248.923 0.02735
-0.02023 0.00623 0.12187 0.12369 0.65939 1.031 0.093 1248.953 0.02738
-0.02024 0.00624 0.12198 0.12380 0.66052 0.844 0.090 1248.983 0.02740
-0.02026 0.00625 0.12209 0.12392 0.66165 1.084 0.096 1249.013 0.02743
-0.02028 0.00625 0.12220 0.12403 0.66277 0.760 0.085 1249.043 0.02745
-0.02030 0.00626 0.12231 0.12414 0.66390 0.940 0.089 1249.072 0.02748
-0.02032 0.00626 0.12242 0.12426 0.66502 1.051 0.094 1249.102 0.02750
-0.02034 0.00627 0.12254 0.12437 0.66615 0.974 0.091 1249.132 0.02753
-0.02035 0.00627 0.12265 0.12448 0.66727 0.846 0.085 1249.162 0.02755
-0.02037 0.00628 0.12276 0.12460 0.66840 0.873 0.086 1249.192 0.02757
-0.02039 0.00629 0.12287 0.12471 0.66953 0.907 0.092 1249.222 0.02760
-0.02041 0.00629 0.12298 0.12482 0.67065 0.864 0.086 1249.252 0.02762
-0.02043 0.00630 0.12309 0.12494 0.67178 0.813 0.083 1249.282 0.02765
-0.02045 0.00630 0.12321 0.12505 0.67290 0.760 0.085 1249.312 0.02767
-0.02047 0.00631 0.12332 0.12516 0.67403 0.977 0.091 1249.342 0.02770
-0.02048 0.00631 0.12343 0.12528 0.67516 0.970 0.091 1249.371 0.02772
-0.02050 0.00632 0.12354 0.12539 0.67628 1.036 0.098 1249.401 0.02775
-0.02052 0.00633 0.12365 0.12550 0.67741 0.969 0.091 1249.431 0.02777
-0.02054 0.00633 0.12376 0.12562 0.67854 0.934 0.089 1249.461 0.02780
-0.02056 0.00634 0.12388 0.12573 0.67966 1.129 0.098 1249.491 0.02782
-0.02058 0.00634 0.12399 0.12584 0.68079 1.125 0.098 1249.521 0.02785
-0.02060 0.00635 0.12410 0.12596 0.68192 1.075 0.095 1249.551 0.02787
-0.02061 0.00635 0.12421 0.12607 0.68304 1.103 0.097 1249.581 0.02789
-0.02063 0.00636 0.12432 0.12618 0.68417 1.095 0.096 1249.611 0.02792
-0.02065 0.00637 0.12443 0.12630 0.68529 0.924 0.089 1249.640 0.02794
-0.02067 0.00637 0.12455 0.12641 0.68642 1.012 0.093 1249.670 0.02797
-0.02069 0.00638 0.12466 0.12652 0.68755 1.088 0.096 1249.700 0.02799
-0.02071 0.00638 0.12477 0.12664 0.68867 1.088 0.096 1249.730 0.02802
-0.02073 0.00639 0.12488 0.12675 0.68980 0.960 0.095 1249.760 0.02804
-0.02074 0.00639 0.12499 0.12686 0.69093 1.059 0.095 1249.790 0.02807
-0.02076 0.00640 0.12511 0.12698 0.69205 1.048 0.094 1249.820 0.02809
-0.02078 0.00641 0.12522 0.12709 0.69318 0.946 0.090 1249.850 0.02812
-0.02080 0.00641 0.12533 0.12720 0.69431 1.075 0.096 1249.880 0.02814
-0.02082 0.00642 0.12544 0.12732 0.69543 1.018 0.093 1249.909 0.02817
-0.02084 0.00642 0.12555 0.12743 0.69656 1.027 0.093 1249.939 0.02819
-0.02086 0.00643 0.12566 0.12754 0.69769 1.082 0.096 1249.969 0.02821
-0.02087 0.00643 0.12578 0.12766 0.69882 1.162 0.099 1249.999 0.02824
-0.02089 0.00644 0.12589 0.12777 0.69994 1.081 0.096 1250.029 0.02826
-0.02091 0.00645 0.12600 0.12789 0.70107 0.972 0.091 1250.059 0.02829
-0.02093 0.00645 0.12611 0.12800 0.70220 0.999 0.092 1250.089 0.02831
-0.02095 0.00646 0.12622 0.12811 0.70332 1.065 0.095 1250.119 0.02834
-0.02097 0.00646 0.12633 0.12823 0.70445 1.087 0.096 1250.149 0.02836
-0.02099 0.00647 0.12645 0.12834 0.70558 1.164 0.099 1250.179 0.02839
-0.02100 0.00647 0.12656 0.12845 0.70671 1.030 0.094 1250.208 0.02841
-0.02102 0.00648 0.12667 0.12857 0.70783 0.999 0.092 1250.238 0.02844
-0.02104 0.00649 0.12678 0.12868 0.70896 0.811 0.088 1250.268 0.02846
-0.02106 0.00649 0.12689 0.12879 0.71009 1.034 0.094 1250.298 0.02848
-0.02108 0.00650 0.12701 0.12891 0.71122 0.876 0.086 1250.328 0.02851
-0.02110 0.00650 0.12712 0.12902 0.71234 0.899 0.092 1250.358 0.02853
-0.02112 0.00651 0.12723 0.12913 0.71347 0.745 0.091 1250.388 0.02856
-0.02113 0.00651 0.12734 0.12925 0.71460 0.806 0.088 1250.418 0.02858
-0.02115 0.00652 0.12745 0.12936 0.71573 0.788 0.087 1250.448 0.02861
-0.02117 0.00653 0.12757 0.12947 0.71685 0.574 0.085 1250.477 0.02863
-0.02119 0.00653 0.12768 0.12959 0.71798 0.617 0.082 1250.507 0.02866
-0.02121 0.00654 0.12779 0.12970 0.71911 0.755 0.085 1250.537 0.02868
-0.02123 0.00654 0.12790 0.12982 0.72024 0.850 0.090 1250.567 0.02871
-0.02125 0.00655 0.12801 0.12993 0.72136 0.791 0.088 1250.597 0.02873
-0.02126 0.00655 0.12812 0.13004 0.72249 0.817 0.083 1250.627 0.02876
-0.02128 0.00656 0.12824 0.13016 0.72362 0.851 0.090 1250.657 0.02878
-0.02130 0.00657 0.12835 0.13027 0.72475 0.944 0.095 1250.687 0.02880
-0.02132 0.00657 0.12846 0.13038 0.72588 0.919 0.088 1250.717 0.02883
-0.02134 0.00658 0.12857 0.13050 0.72700 1.056 0.095 1250.746 0.02885
-0.02136 0.00658 0.12868 0.13061 0.72813 1.108 0.097 1250.776 0.02888
-0.02138 0.00659 0.12880 0.13072 0.72926 0.834 0.090 1250.806 0.02890
-0.02139 0.00659 0.12891 0.13084 0.73039 0.851 0.085 1250.836 0.02893
-0.02141 0.00660 0.12902 0.13095 0.73152 0.764 0.092 1250.866 0.02895
-0.02143 0.00661 0.12913 0.13106 0.73264 0.747 0.085 1250.896 0.02898
-0.02145 0.00661 0.12924 0.13118 0.73377 0.592 0.081 1250.926 0.02900
-0.02147 0.00662 0.12936 0.13129 0.73490 0.626 0.083 1250.956 0.02903
-0.02149 0.00662 0.12947 0.13141 0.73603 0.300 0.066 1250.986 0.02905
-0.02151 0.00663 0.12958 0.13152 0.73716 0.196 0.056 1251.015 0.02907
-0.02152 0.00663 0.12969 0.13163 0.73829 0.154 0.052 1251.045 0.02910
-0.02154 0.00664 0.12980 0.13175 0.73941 0.119 0.048 1251.075 0.02912
-0.02156 0.00665 0.12992 0.13186 0.74054 0.042 0.036 1251.105 0.02915
-0.02158 0.00665 0.13003 0.13197 0.74167 0.059 0.038 1251.135 0.02917
-0.02160 0.00666 0.13014 0.13209 0.74280 0.102 0.045 1251.165 0.02920
-0.02162 0.00666 0.13025 0.13220 0.74393 0.094 0.044 1251.195 0.02922
-0.02164 0.00667 0.13036 0.13231 0.74506 0.215 0.058 1251.225 0.02925
-0.02165 0.00667 0.13047 0.13243 0.74619 0.283 0.064 1251.255 0.02927
-0.02167 0.00668 0.13059 0.13254 0.74731 0.352 0.070 1251.285 0.02930
-0.02169 0.00669 0.13070 0.13266 0.74844 0.369 0.071 1251.314 0.02932
-0.02171 0.00669 0.13081 0.13277 0.74957 0.387 0.073 1251.344 0.02935
-0.02173 0.00670 0.13092 0.13288 0.75070 0.611 0.089 1251.374 0.02937
-0.02175 0.00670 0.13103 0.13300 0.75183 0.620 0.089 1251.404 0.02939
-0.02177 0.00671 0.13115 0.13311 0.75296 0.741 0.091 1251.434 0.02942
-0.02178 0.00671 0.13126 0.13322 0.75409 0.707 0.089 1251.464 0.02944
-0.02180 0.00672 0.13137 0.13334 0.75522 0.810 0.088 1251.494 0.02947
-0.02182 0.00673 0.13148 0.13345 0.75635 0.845 0.085 1251.524 0.02949
-0.02184 0.00673 0.13159 0.13356 0.75747 0.775 0.087 1251.554 0.02952
-0.02186 0.00674 0.13171 0.13368 0.75860 0.792 0.087 1251.583 0.02954
-0.02188 0.00674 0.13182 0.13379 0.75973 0.939 0.094 1251.613 0.02957
-0.02190 0.00675 0.13193 0.13391 0.76086 0.835 0.090 1251.643 0.02959
-0.02191 0.00675 0.13204 0.13402 0.76199 0.862 0.086 1251.673 0.02962
-0.02193 0.00676 0.13215 0.13413 0.76312 0.811 0.094 1251.703 0.02964
-0.02195 0.00677 0.13227 0.13425 0.76425 0.897 0.093 1251.733 0.02967
-0.02197 0.00677 0.13238 0.13436 0.76538 1.217 0.102 1251.763 0.02969
-0.02199 0.00678 0.13249 0.13447 0.76651 1.078 0.096 1251.793 0.02971
-0.02201 0.00678 0.13260 0.13459 0.76764 1.096 0.097 1251.823 0.02974
-0.02203 0.00679 0.13271 0.13470 0.76877 0.965 0.091 1251.852 0.02976
-0.02204 0.00679 0.13283 0.13482 0.76990 0.949 0.090 1251.882 0.02979
-0.02206 0.00680 0.13294 0.13493 0.77103 1.027 0.094 1251.912 0.02981
-0.02208 0.00681 0.13305 0.13504 0.77216 1.000 0.097 1251.942 0.02984
-0.02210 0.00681 0.13316 0.13516 0.77329 0.975 0.091 1251.972 0.02986
-0.02212 0.00682 0.13328 0.13527 0.77441 0.905 0.088 1252.002 0.02989
-0.02214 0.00682 0.13339 0.13538 0.77554 1.016 0.098 1252.032 0.02991
-0.02216 0.00683 0.13350 0.13550 0.77667 0.956 0.090 1252.062 0.02994
-0.02217 0.00683 0.13361 0.13561 0.77780 1.104 0.102 1252.092 0.02996
-0.02219 0.00684 0.13372 0.13572 0.77893 1.008 0.098 1252.122 0.02998
-0.02221 0.00685 0.13384 0.13584 0.78006 1.171 0.100 1252.151 0.03001
-0.02223 0.00685 0.13395 0.13595 0.78119 0.878 0.092 1252.181 0.03003
-0.02225 0.00686 0.13406 0.13607 0.78232 0.973 0.091 1252.211 0.03006
-0.02227 0.00686 0.13417 0.13618 0.78345 1.060 0.095 1252.241 0.03008
-0.02229 0.00687 0.13428 0.13629 0.78458 1.025 0.099 1252.271 0.03011
-0.02230 0.00687 0.13440 0.13641 0.78571 0.921 0.094 1252.301 0.03013
-0.02232 0.00688 0.13451 0.13652 0.78684 0.909 0.093 1252.331 0.03016
-0.02234 0.00689 0.13462 0.13664 0.78797 0.836 0.090 1252.361 0.03018
-0.02236 0.00689 0.13473 0.13675 0.78910 1.002 0.092 1252.391 0.03021
-0.02238 0.00690 0.13484 0.13686 0.79023 1.020 0.093 1252.420 0.03023
-0.02240 0.00690 0.13496 0.13698 0.79136 1.000 0.092 1252.450 0.03026
-0.02242 0.00691 0.13507 0.13709 0.79249 1.152 0.099 1252.480 0.03028
-0.02243 0.00692 0.13518 0.13720 0.79363 1.237 0.103 1252.510 0.03030
-0.02245 0.00692 0.13529 0.13732 0.79476 1.156 0.099 1252.540 0.03033
-0.02247 0.00693 0.13540 0.13743 0.79589 0.928 0.089 1252.570 0.03035
-0.02249 0.00693 0.13552 0.13755 0.79702 0.836 0.094 1252.600 0.03038
-0.02251 0.00694 0.13563 0.13766 0.79815 1.037 0.094 1252.630 0.03040
-0.02253 0.00694 0.13574 0.13777 0.79928 0.870 0.096 1252.660 0.03043
-0.02255 0.00695 0.13585 0.13789 0.80041 0.814 0.089 1252.689 0.03045
-0.02257 0.00696 0.13597 0.13800 0.80154 1.002 0.092 1252.719 0.03048
-0.02258 0.00696 0.13608 0.13811 0.80267 0.747 0.085 1252.749 0.03050
-0.02260 0.00697 0.13619 0.13823 0.80380 0.677 0.087 1252.779 0.03053
-0.02262 0.00697 0.13630 0.13834 0.80493 0.379 0.072 1252.809 0.03055
-0.02264 0.00698 0.13641 0.13846 0.80606 0.129 0.048 1252.839 0.03057
-0.02266 0.00698 0.13653 0.13857 0.80719 0.173 0.054 1252.869 0.03060
-0.02268 0.00699 0.13664 0.13868 0.80832 0.173 0.054 1252.899 0.03062
-0.02270 0.00700 0.13675 0.13880 0.80945 0.268 0.064 1252.929 0.03065
-0.02271 0.00700 0.13686 0.13891 0.81058 0.423 0.077 1252.958 0.03067
-0.02273 0.00701 0.13698 0.13903 0.81172 0.613 0.083 1252.988 0.03070
-0.02275 0.00701 0.13709 0.13914 0.81285 0.751 0.085 1253.018 0.03072
-0.02277 0.00702 0.13720 0.13925 0.81398 0.820 0.094 1253.048 0.03075
-0.02279 0.00702 0.13731 0.13937 0.81511 0.864 0.086 1253.078 0.03077
-0.02281 0.00703 0.13742 0.13948 0.81624 0.658 0.091 1253.108 0.03080
-0.02283 0.00704 0.13754 0.13959 0.81737 0.736 0.089 1253.138 0.03082
-0.02284 0.00704 0.13765 0.13971 0.81850 0.597 0.088 1253.168 0.03085
-0.02286 0.00705 0.13776 0.13982 0.81963 0.597 0.088 1253.198 0.03087
-0.02288 0.00705 0.13787 0.13994 0.82076 0.587 0.087 1253.228 0.03089
-0.02290 0.00706 0.13799 0.14005 0.82190 0.485 0.081 1253.257 0.03092
-0.02292 0.00706 0.13810 0.14016 0.82303 0.503 0.082 1253.287 0.03094
-0.02294 0.00707 0.13821 0.14028 0.82416 0.537 0.084 1253.317 0.03097
-0.02296 0.00708 0.13832 0.14039 0.82529 0.510 0.082 1253.347 0.03099
-0.02297 0.00708 0.13843 0.14051 0.82642 0.502 0.082 1253.377 0.03102
-0.02299 0.00709 0.13855 0.14062 0.82755 0.614 0.082 1253.407 0.03104
-0.02301 0.00709 0.13866 0.14073 0.82868 0.580 0.086 1253.437 0.03107
-0.02303 0.00710 0.13877 0.14085 0.82982 0.424 0.077 1253.467 0.03109
-0.02305 0.00710 0.13888 0.14096 0.83095 0.492 0.081 1253.497 0.03112
-0.02307 0.00711 0.13900 0.14108 0.83208 0.570 0.086 1253.526 0.03114
-0.02309 0.00712 0.13911 0.14119 0.83321 0.484 0.081 1253.556 0.03116
-0.02311 0.00712 0.13922 0.14130 0.83434 0.381 0.074 1253.586 0.03119
-0.02312 0.00713 0.13933 0.14142 0.83547 0.476 0.080 1253.616 0.03121
-0.02314 0.00713 0.13944 0.14153 0.83661 0.389 0.074 1253.646 0.03124
-0.02316 0.00714 0.13956 0.14165 0.83774 0.283 0.065 1253.676 0.03126
-0.02318 0.00714 0.13967 0.14176 0.83887 0.367 0.072 1253.706 0.03129
-0.02320 0.00715 0.13978 0.14187 0.84000 0.341 0.070 1253.736 0.03131
-0.02322 0.00716 0.13989 0.14199 0.84113 0.438 0.077 1253.766 0.03134
-0.02324 0.00716 0.14001 0.14210 0.84227 0.599 0.087 1253.795 0.03136
-0.02325 0.00717 0.14012 0.14222 0.84340 0.630 0.089 1253.825 0.03139
-0.02327 0.00717 0.14023 0.14233 0.84453 0.723 0.089 1253.855 0.03141
-0.02329 0.00718 0.14034 0.14244 0.84566 0.595 0.087 1253.885 0.03144
-0.02331 0.00718 0.14046 0.14256 0.84679 0.675 0.086 1253.915 0.03146
-0.02333 0.00719 0.14057 0.14267 0.84793 0.669 0.091 1253.945 0.03148
-0.02335 0.00720 0.14068 0.14279 0.84906 0.808 0.088 1253.975 0.03151
-0.02337 0.00720 0.14079 0.14290 0.85019 0.850 0.090 1254.005 0.03153
-0.02338 0.00721 0.14090 0.14301 0.85132 0.906 0.088 1254.035 0.03156
-0.02340 0.00721 0.14102 0.14313 0.85246 1.114 0.097 1254.065 0.03158
-0.02342 0.00722 0.14113 0.14324 0.85359 0.895 0.092 1254.094 0.03161
-0.02344 0.00723 0.14124 0.14336 0.85472 0.920 0.088 1254.124 0.03163
-0.02346 0.00723 0.14135 0.14347 0.85585 1.091 0.096 1254.154 0.03166
-0.02348 0.00724 0.14147 0.14358 0.85699 1.015 0.098 1254.184 0.03168
-0.02350 0.00724 0.14158 0.14370 0.85812 1.024 0.093 1254.214 0.03171
-0.02352 0.00725 0.14169 0.14381 0.85925 0.921 0.088 1254.244 0.03173
-0.02353 0.00725 0.14180 0.14393 0.86038 1.040 0.099 1254.274 0.03176
-0.02355 0.00726 0.14192 0.14404 0.86152 0.894 0.087 1254.304 0.03178
-0.02357 0.00727 0.14203 0.14415 0.86265 0.927 0.089 1254.334 0.03180
-0.02359 0.00727 0.14214 0.14427 0.86378 0.936 0.089 1254.363 0.03183
-0.02361 0.00728 0.14225 0.14438 0.86491 0.865 0.090 1254.393 0.03185
-0.02363 0.00728 0.14236 0.14450 0.86605 1.091 0.096 1254.423 0.03188
-0.02365 0.00729 0.14248 0.14461 0.86718 0.937 0.094 1254.453 0.03190
-0.02366 0.00729 0.14259 0.14472 0.86831 0.853 0.090 1254.483 0.03193
-0.02368 0.00730 0.14270 0.14484 0.86945 0.945 0.089 1254.513 0.03195
-0.02370 0.00731 0.14281 0.14495 0.87058 1.175 0.100 1254.543 0.03198
-0.02372 0.00731 0.14293 0.14507 0.87171 0.931 0.089 1254.573 0.03200
-0.02374 0.00732 0.14304 0.14518 0.87285 1.215 0.101 1254.603 0.03203
-0.02376 0.00732 0.14315 0.14529 0.87398 1.099 0.096 1254.632 0.03205
-0.02378 0.00733 0.14326 0.14541 0.87511 1.165 0.099 1254.662 0.03207
-0.02380 0.00733 0.14338 0.14552 0.87625 1.134 0.098 1254.692 0.03210
-0.02381 0.00734 0.14349 0.14564 0.87738 0.873 0.091 1254.722 0.03212
-0.02383 0.00735 0.14360 0.14575 0.87851 1.072 0.095 1254.752 0.03215
-0.02385 0.00735 0.14371 0.14586 0.87964 0.885 0.087 1254.782 0.03217
-0.02387 0.00736 0.14383 0.14598 0.88078 0.954 0.090 1254.812 0.03220
-0.02389 0.00736 0.14394 0.14609 0.88191 0.867 0.086 1254.842 0.03222
-0.02391 0.00737 0.14405 0.14621 0.88305 0.927 0.089 1254.872 0.03225
-0.02393 0.00737 0.14416 0.14632 0.88418 0.795 0.087 1254.901 0.03227
-0.02394 0.00738 0.14428 0.14644 0.88531 0.762 0.091 1254.931 0.03230
-0.02396 0.00739 0.14439 0.14655 0.88645 0.779 0.091 1254.961 0.03232
-0.02398 0.00739 0.14450 0.14666 0.88758 0.744 0.090 1254.991 0.03235
-0.02400 0.00740 0.14461 0.14678 0.88871 0.983 0.091 1255.021 0.03237
-0.02402 0.00740 0.14473 0.14689 0.88985 0.931 0.089 1255.051 0.03239
-0.02404 0.00741 0.14484 0.14701 0.89098 0.931 0.094 1255.081 0.03242
-0.02406 0.00741 0.14495 0.14712 0.89211 0.897 0.092 1255.111 0.03244
-0.02408 0.00742 0.14506 0.14723 0.89325 1.084 0.096 1255.141 0.03247
-0.02409 0.00743 0.14518 0.14735 0.89438 0.886 0.086 1255.171 0.03249
-0.02411 0.00743 0.14529 0.14746 0.89552 0.825 0.089 1255.200 0.03252
-0.02413 0.00744 0.14540 0.14758 0.89665 0.996 0.092 1255.230 0.03254
-0.02415 0.00744 0.14551 0.14769 0.89778 0.965 0.090 1255.260 0.03257
-0.02417 0.00745 0.14563 0.14781 0.89892 1.083 0.095 1255.290 0.03259
-0.02419 0.00746 0.14574 0.14792 0.90005 0.902 0.092 1255.320 0.03262
-0.02421 0.00746 0.14585 0.14803 0.90119 0.971 0.090 1255.350 0.03264
-0.02422 0.00747 0.14596 0.14815 0.90232 0.984 0.091 1255.380 0.03266
-0.02424 0.00747 0.14608 0.14826 0.90345 1.105 0.096 1255.410 0.03269
-0.02426 0.00748 0.14619 0.14838 0.90459 1.026 0.093 1255.440 0.03271
-0.02428 0.00748 0.14630 0.14849 0.90572 0.996 0.091 1255.469 0.03274
-0.02430 0.00749 0.14641 0.14860 0.90686 1.125 0.097 1255.499 0.03276
-0.02432 0.00750 0.14653 0.14872 0.90799 0.966 0.090 1255.529 0.03279
-0.02434 0.00750 0.14664 0.14883 0.90913 1.035 0.093 1255.559 0.03281
-0.02436 0.00751 0.14675 0.14895 0.91026 1.152 0.098 1255.589 0.03284
-0.02437 0.00751 0.14686 0.14906 0.91139 1.031 0.093 1255.619 0.03286
-0.02439 0.00752 0.14698 0.14918 0.91253 1.085 0.095 1255.649 0.03289
-0.02441 0.00752 0.14709 0.14929 0.91366 0.993 0.091 1255.679 0.03291
-0.02443 0.00753 0.14720 0.14940 0.91480 0.916 0.088 1255.709 0.03294
-0.02445 0.00754 0.14731 0.14952 0.91593 1.085 0.106 1255.738 0.03296
-0.02447 0.00754 0.14743 0.14963 0.91707 0.831 0.089 1255.768 0.03298
-0.02449 0.00755 0.14754 0.14975 0.91820 0.940 0.089 1255.798 0.03301
-0.02450 0.00755 0.14765 0.14986 0.91934 1.017 0.092 1255.828 0.03303
-0.02452 0.00756 0.14776 0.14998 0.92047 0.991 0.091 1255.858 0.03306
-0.02454 0.00756 0.14788 0.15009 0.92161 1.000 0.091 1255.888 0.03308
-0.02456 0.00757 0.14799 0.15020 0.92274 0.966 0.090 1255.918 0.03311
-0.02458 0.00758 0.14810 0.15032 0.92388 1.083 0.095 1255.948 0.03313
-0.02460 0.00758 0.14821 0.15043 0.92501 0.905 0.092 1255.978 0.03316
-0.02462 0.00759 0.14833 0.15055 0.92614 0.875 0.086 1256.008 0.03318
-0.02464 0.00759 0.14844 0.15066 0.92728 1.014 0.092 1256.037 0.03321
-0.02465 0.00760 0.14855 0.15078 0.92841 0.886 0.098 1256.067 0.03323
-0.02467 0.00760 0.14866 0.15089 0.92955 0.916 0.092 1256.097 0.03326
-0.02469 0.00761 0.14878 0.15100 0.93069 1.062 0.094 1256.127 0.03328
-0.02471 0.00762 0.14889 0.15112 0.93182 1.099 0.096 1256.157 0.03330
-0.02473 0.00762 0.14900 0.15123 0.93296 1.012 0.092 1256.187 0.03333
-0.02475 0.00763 0.14911 0.15135 0.93409 0.945 0.089 1256.217 0.03335
-0.02477 0.00763 0.14923 0.15146 0.93523 0.850 0.089 1256.247 0.03338
-0.02478 0.00764 0.14934 0.15158 0.93636 1.073 0.095 1256.277 0.03340
-0.02480 0.00765 0.14945 0.15169 0.93750 1.011 0.092 1256.306 0.03343
-0.02482 0.00765 0.14957 0.15180 0.93863 0.992 0.091 1256.336 0.03345
-0.02484 0.00766 0.14968 0.15192 0.93977 0.999 0.095 1256.366 0.03348
-0.02486 0.00766 0.14979 0.15203 0.94090 1.036 0.093 1256.396 0.03350
-0.02488 0.00767 0.14990 0.15215 0.94204 0.945 0.093 1256.426 0.03353
-0.02490 0.00767 0.15002 0.15226 0.94317 1.002 0.091 1256.456 0.03355
-0.02492 0.00768 0.15013 0.15238 0.94431 0.966 0.090 1256.486 0.03357
-0.02493 0.00769 0.15024 0.15249 0.94544 0.878 0.085 1256.516 0.03360
-0.02495 0.00769 0.15035 0.15260 0.94658 1.030 0.092 1256.546 0.03362
-0.02497 0.00770 0.15047 0.15272 0.94772 1.087 0.099 1256.575 0.03365
-0.02499 0.00770 0.15058 0.15283 0.94885 1.011 0.092 1256.605 0.03367
-0.02501 0.00771 0.15069 0.15295 0.94999 1.027 0.092 1256.635 0.03370
-0.02503 0.00771 0.15080 0.15306 0.95112 0.824 0.083 1256.665 0.03372
-0.02505 0.00772 0.15092 0.15318 0.95226 0.984 0.090 1256.695 0.03375
-0.02507 0.00773 0.15103 0.15329 0.95340 0.941 0.088 1256.725 0.03377
-0.02508 0.00773 0.15114 0.15340 0.95453 1.041 0.093 1256.755 0.03380
-0.02510 0.00774 0.15125 0.15352 0.95567 0.998 0.091 1256.785 0.03382
-0.02512 0.00774 0.15137 0.15363 0.95680 1.073 0.094 1256.815 0.03385
-0.02514 0.00775 0.15148 0.15375 0.95794 1.031 0.092 1256.844 0.03387
-0.02516 0.00775 0.15159 0.15386 0.95908 0.972 0.090 1256.874 0.03389
-0.02518 0.00776 0.15171 0.15398 0.96021 1.030 0.092 1256.904 0.03392
-0.02520 0.00777 0.15182 0.15409 0.96135 0.988 0.090 1256.934 0.03394
-0.02521 0.00777 0.15193 0.15421 0.96248 0.963 0.089 1256.964 0.03397
-0.02523 0.00778 0.15204 0.15432 0.96362 1.030 0.092 1256.994 0.03399
-0.02525 0.00778 0.15216 0.15443 0.96476 0.971 0.089 1257.024 0.03402
-0.02527 0.00779 0.15227 0.15455 0.96589 1.138 0.097 1257.054 0.03404
-0.02529 0.00780 0.15238 0.15466 0.96703 0.911 0.091 1257.084 0.03407
-0.02531 0.00780 0.15249 0.15478 0.96817 0.885 0.090 1257.114 0.03409
-0.02533 0.00781 0.15261 0.15489 0.96930 0.784 0.085 1257.143 0.03412
-0.02535 0.00781 0.15272 0.15501 0.97044 1.001 0.091 1257.173 0.03414
-0.02536 0.00782 0.15283 0.15512 0.97157 0.941 0.088 1257.203 0.03416
-0.02538 0.00782 0.15295 0.15524 0.97271 0.791 0.091 1257.233 0.03419
-0.02540 0.00783 0.15306 0.15535 0.97385 0.975 0.089 1257.263 0.03421
-0.02542 0.00784 0.15317 0.15546 0.97498 0.816 0.086 1257.293 0.03424
-0.02544 0.00784 0.15328 0.15558 0.97612 0.656 0.089 1257.323 0.03426
-0.02546 0.00785 0.15340 0.15569 0.97726 0.640 0.088 1257.353 0.03429
-0.02548 0.00785 0.15351 0.15581 0.97839 0.457 0.077 1257.383 0.03431
-0.02550 0.00786 0.15362 0.15592 0.97953 0.656 0.084 1257.412 0.03434
-0.02551 0.00786 0.15374 0.15604 0.98067 0.415 0.074 1257.442 0.03436
-0.02553 0.00787 0.15385 0.15615 0.98180 0.498 0.079 1257.472 0.03439
-0.02555 0.00788 0.15396 0.15627 0.98294 0.473 0.078 1257.502 0.03441
-0.02557 0.00788 0.15407 0.15638 0.98408 0.497 0.079 1257.532 0.03444
-0.02559 0.00789 0.15419 0.15649 0.98522 0.472 0.078 1257.562 0.03446
-0.02561 0.00789 0.15430 0.15661 0.98635 0.438 0.076 1257.592 0.03448
-0.02563 0.00790 0.15441 0.15672 0.98749 0.476 0.078 1257.622 0.03451
-0.02565 0.00790 0.15452 0.15684 0.98863 0.476 0.078 1257.652 0.03453
-0.02566 0.00791 0.15464 0.15695 0.98976 0.497 0.079 1257.681 0.03456
-0.02568 0.00792 0.15475 0.15707 0.99090 0.382 0.072 1257.711 0.03458
-0.02570 0.00792 0.15486 0.15718 0.99204 0.576 0.083 1257.741 0.03461
-0.02572 0.00793 0.15498 0.15730 0.99318 0.615 0.085 1257.771 0.03463
-0.02574 0.00793 0.15509 0.15741 0.99431 0.669 0.084 1257.801 0.03466
-0.02576 0.00794 0.15520 0.15752 0.99545 0.687 0.089 1257.831 0.03468
-0.02578 0.00795 0.15531 0.15764 0.99659 0.806 0.081 1257.861 0.03471
-0.02580 0.00795 0.15543 0.15775 0.99773 0.723 0.086 1257.891 0.03473
-0.02581 0.00796 0.15554 0.15787 0.99886 0.992 0.090 1257.921 0.03476
-0.02583 0.00796 0.15565 0.15798 1.00000 0.979 0.089 1257.951 0.03478
