x y z dist_scaled dist_frac flux_norm sig_norm wavelength redshift
0.02760 -0.01241 0.04861 0.05726 0.00000 1.164 0.285 1231.245 0.01281
0.02765 -0.01243 0.04870 0.05737 0.00110 0.896 0.256 1231.275 0.01284
0.02771 -0.01246 0.04879 0.05748 0.00220 1.355 0.301 1231.305 0.01286
0.02776 -0.01248 0.04889 0.05759 0.00330 0.859 0.257 1231.335 0.01289
0.02781 -0.01251 0.04898 0.05770 0.00440 1.049 0.268 1231.365 0.01291
0.02787 -0.01253 0.04908 0.05781 0.00550 0.743 0.237 1231.395 0.01293
0.02792 -0.01256 0.04917 0.05792 0.00661 1.013 0.272 1231.425 0.01296
0.02798 -0.01258 0.04926 0.05803 0.00771 0.670 0.241 1231.454 0.01298
0.02803 -0.01260 0.04936 0.05814 0.00881 0.746 0.249 1231.484 0.01301
0.02808 -0.01263 0.04945 0.05826 0.00991 0.708 0.241 1231.514 0.01303
0.02814 -0.01265 0.04955 0.05837 0.01101 1.282 0.298 1231.544 0.01306
0.02819 -0.01268 0.04964 0.05848 0.01211 0.710 0.245 1231.574 0.01308
0.02824 -0.01270 0.04974 0.05859 0.01321 0.980 0.272 1231.604 0.01311
0.02830 -0.01272 0.04983 0.05870 0.01431 0.864 0.260 1231.634 0.01313
0.02835 -0.01275 0.04992 0.05881 0.01541 1.361 0.305 1231.664 0.01316
0.02840 -0.01277 0.05002 0.05892 0.01652 0.979 0.272 1231.693 0.01318
0.02846 -0.01280 0.05011 0.05903 0.01762 1.400 0.308 1231.723 0.01321
0.02851 -0.01282 0.05021 0.05914 0.01872 0.636 0.237 1231.753 0.01323
0.02856 -0.01284 0.05030 0.05925 0.01982 0.751 0.250 1231.783 0.01325
0.02862 -0.01287 0.05040 0.05936 0.02092 1.403 0.308 1231.813 0.01328
0.02867 -0.01289 0.05049 0.05948 0.02202 1.211 0.293 1231.843 0.01330
0.02872 -0.01292 0.05058 0.05959 0.02312 0.903 0.265 1231.873 0.01333
0.02878 -0.01294 0.05068 0.05970 0.02423 0.939 0.263 1231.903 0.01335
0.02883 -0.01296 0.05077 0.05981 0.02533 0.592 0.219 1231.932 0.01338
0.02888 -0.01299 0.05087 0.05992 0.02643 0.973 0.262 1231.962 0.01340
0.02894 -0.01301 0.05096 0.06003 0.02753 1.125 0.276 1231.992 0.01343
0.02899 -0.01304 0.05105 0.06014 0.02863 0.780 0.241 1232.022 0.01345
0.02905 -0.01306 0.05115 0.06025 0.02973 1.086 0.272 1232.052 0.01348
0.02910 -0.01308 0.05124 0.06036 0.03084 1.199 0.323 1232.082 0.01350
0.02915 -0.01311 0.05134 0.06047 0.03194 0.968 0.262 1232.112 0.01352
0.02921 -0.01313 0.05143 0.06059 0.03304 0.778 0.242 1232.142 0.01355
0.02926 -0.01316 0.05153 0.06070 0.03414 0.957 0.290 1232.171 0.01357
0.02931 -0.01318 0.05162 0.06081 0.03524 1.085 0.273 1232.201 0.01360
0.02937 -0.01320 0.05171 0.06092 0.03635 0.952 0.282 1232.231 0.01362
0.02942 -0.01323 0.05181 0.06103 0.03745 1.007 0.266 1232.261 0.01365
0.02947 -0.01325 0.05190 0.06114 0.03855 1.199 0.283 1232.291 0.01367
0.02953 -0.01328 0.05200 0.06125 0.03965 0.966 0.262 1232.321 0.01370
0.02958 -0.01330 0.05209 0.06136 0.04075 0.964 0.262 1232.351 0.01372
0.02963 -0.01332 0.05219 0.06147 0.04186 1.038 0.269 1232.381 0.01375
0.02969 -0.01335 0.05228 0.06159 0.04296 0.653 0.229 1232.411 0.01377
0.02974 -0.01337 0.05237 0.06170 0.04406 0.883 0.254 1232.440 0.01380
0.02979 -0.01340 0.05247 0.06181 0.04516 1.191 0.284 1232.470 0.01382
0.02985 -0.01342 0.05256 0.06192 0.04627 1.233 0.287 1232.500 0.01384
0.02990 -0.01345 0.05266 0.06203 0.04737 0.864 0.258 1232.530 0.01387
0.02996 -0.01347 0.05275 0.06214 0.04847 1.179 0.287 1232.560 0.01389
0.03001 -0.01349 0.05285 0.06225 0.04957 0.805 0.249 1232.590 0.01392
0.03006 -0.01352 0.05294 0.06236 0.05068 1.302 0.297 1232.620 0.01394
0.03012 -0.01354 0.05303 0.06247 0.05178 1.200 0.287 1232.650 0.01397
0.03017 -0.01357 0.05313 0.06258 0.05288 1.071 0.277 1232.679 0.01399
0.03022 -0.01359 0.05322 0.06270 0.05398 0.890 0.259 1232.709 0.01402
0.03028 -0.01361 0.05332 0.06281 0.05509 1.221 0.290 1232.739 0.01404
0.03033 -0.01364 0.05341 0.06292 0.05619 1.098 0.277 1232.769 0.01407
0.03038 -0.01366 0.05351 0.06303 0.05729 1.133 0.279 1232.799 0.01409
0.03044 -0.01369 0.05360 0.06314 0.05840 0.826 0.255 1232.829 0.01411
0.03049 -0.01371 0.05369 0.06325 0.05950 1.401 0.306 1232.859 0.01414
0.03054 -0.01373 0.05379 0.06336 0.06060 1.635 0.321 1232.889 0.01416
0.03060 -0.01376 0.05388 0.06347 0.06170 1.149 0.283 1232.918 0.01419
0.03065 -0.01378 0.05398 0.06358 0.06281 1.175 0.287 1232.948 0.01421
0.03071 -0.01381 0.05407 0.06370 0.06391 1.354 0.300 1232.978 0.01424
0.03076 -0.01383 0.05417 0.06381 0.06501 0.629 0.234 1233.008 0.01426
0.03081 -0.01385 0.05426 0.06392 0.06612 1.316 0.298 1233.038 0.01429
0.03087 -0.01388 0.05435 0.06403 0.06722 0.790 0.251 1233.068 0.01431
0.03092 -0.01390 0.05445 0.06414 0.06832 0.973 0.263 1233.098 0.01434
0.03097 -0.01393 0.05454 0.06425 0.06943 0.972 0.263 1233.128 0.01436
0.03103 -0.01395 0.05464 0.06436 0.07053 1.280 0.291 1233.157 0.01439
0.03108 -0.01398 0.05473 0.06447 0.07163 1.202 0.284 1233.187 0.01441
0.03113 -0.01400 0.05483 0.06459 0.07274 0.775 0.243 1233.217 0.01443
0.03119 -0.01402 0.05492 0.06470 0.07384 1.125 0.277 1233.247 0.01446
0.03124 -0.01405 0.05502 0.06481 0.07494 0.972 0.262 1233.277 0.01448
0.03129 -0.01407 0.05511 0.06492 0.07605 1.167 0.281 1233.307 0.01451
0.03135 -0.01410 0.05520 0.06503 0.07715 1.090 0.274 1233.337 0.01453
0.03140 -0.01412 0.05530 0.06514 0.07825 1.208 0.284 1233.367 0.01456
0.03146 -0.01414 0.05539 0.06525 0.07936 0.939 0.259 1233.397 0.01458
0.03151 -0.01417 0.05549 0.06536 0.08046 0.902 0.255 1233.426 0.01461
0.03156 -0.01419 0.05558 0.06547 0.08156 1.136 0.281 1233.456 0.01463
0.03162 -0.01422 0.05568 0.06559 0.08267 1.212 0.284 1233.486 0.01466
0.03167 -0.01424 0.05577 0.06570 0.08377 0.904 0.259 1233.516 0.01468
0.03172 -0.01426 0.05586 0.06581 0.08488 1.019 0.267 1233.546 0.01470
0.03178 -0.01429 0.05596 0.06592 0.08598 0.980 0.263 1233.576 0.01473
0.03183 -0.01431 0.05605 0.06603 0.08708 1.211 0.284 1233.606 0.01475
0.03188 -0.01434 0.05615 0.06614 0.08819 0.946 0.270 1233.636 0.01478
0.03194 -0.01436 0.05624 0.06625 0.08929 1.101 0.285 1233.665 0.01480
0.03199 -0.01438 0.05634 0.06636 0.09040 0.871 0.263 1233.695 0.01483
0.03204 -0.01441 0.05643 0.06648 0.09150 0.875 0.263 1233.725 0.01485
0.03210 -0.01443 0.05653 0.06659 0.09260 1.222 0.295 1233.755 0.01488
0.03215 -0.01446 0.05662 0.06670 0.09371 0.874 0.263 1233.785 0.01490
0.03221 -0.01448 0.05671 0.06681 0.09481 1.107 0.284 1233.815 0.01493
0.03226 -0.01451 0.05681 0.06692 0.09592 1.185 0.292 1233.845 0.01495
0.03231 -0.01453 0.05690 0.06703 0.09702 1.066 0.280 1233.875 0.01497
0.03237 -0.01455 0.05700 0.06714 0.09813 0.911 0.267 1233.904 0.01500
0.03242 -0.01458 0.05709 0.06725 0.09923 0.872 0.263 1233.934 0.01502
0.03247 -0.01460 0.05719 0.06737 0.10033 0.796 0.254 1233.964 0.01505
0.03253 -0.01463 0.05728 0.06748 0.10144 1.219 0.295 1233.994 0.01507
0.03258 -0.01465 0.05738 0.06759 0.10254 0.752 0.248 1234.024 0.01510
0.03263 -0.01467 0.05747 0.06770 0.10365 1.177 0.284 1234.054 0.01512
0.03269 -0.01470 0.05756 0.06781 0.10475 0.948 0.271 1234.084 0.01515
0.03274 -0.01472 0.05766 0.06792 0.10586 0.600 0.235 1234.114 0.01517
0.03280 -0.01475 0.05775 0.06803 0.10696 0.989 0.274 1234.143 0.01520
0.03285 -0.01477 0.05785 0.06814 0.10807 0.871 0.263 1234.173 0.01522
0.03290 -0.01479 0.05794 0.06826 0.10917 1.181 0.292 1234.203 0.01525
0.03296 -0.01482 0.05804 0.06837 0.11028 1.299 0.302 1234.233 0.01527
0.03301 -0.01484 0.05813 0.06848 0.11138 1.185 0.291 1234.263 0.01529
0.03306 -0.01487 0.05823 0.06859 0.11248 1.067 0.282 1234.293 0.01532
0.03312 -0.01489 0.05832 0.06870 0.11359 0.720 0.248 1234.323 0.01534
0.03317 -0.01492 0.05842 0.06881 0.11469 1.263 0.298 1234.353 0.01537
0.03323 -0.01494 0.05851 0.06892 0.11580 0.800 0.254 1234.383 0.01539
0.03328 -0.01496 0.05860 0.06904 0.11690 1.187 0.292 1234.412 0.01542
0.03333 -0.01499 0.05870 0.06915 0.11801 0.722 0.248 1234.442 0.01544
0.03339 -0.01501 0.05879 0.06926 0.11911 1.147 0.289 1234.472 0.01547
0.03344 -0.01504 0.05889 0.06937 0.12022 1.030 0.278 1234.502 0.01549
0.03349 -0.01506 0.05898 0.06948 0.12132 1.379 0.307 1234.532 0.01552
0.03355 -0.01508 0.05908 0.06959 0.12243 1.341 0.304 1234.562 0.01554
0.03360 -0.01511 0.05917 0.06970 0.12354 1.068 0.282 1234.592 0.01556
0.03365 -0.01513 0.05927 0.06981 0.12464 0.835 0.260 1234.622 0.01559
0.03371 -0.01516 0.05936 0.06993 0.12575 0.989 0.274 1234.651 0.01561
0.03376 -0.01518 0.05945 0.07004 0.12685 0.950 0.271 1234.681 0.01564
0.03382 -0.01521 0.05955 0.07015 0.12796 0.988 0.274 1234.711 0.01566
0.03387 -0.01523 0.05964 0.07026 0.12906 1.067 0.282 1234.741 0.01569
0.03392 -0.01525 0.05974 0.07037 0.13017 0.912 0.267 1234.771 0.01571
0.03398 -0.01528 0.05983 0.07048 0.13127 0.833 0.260 1234.801 0.01574
0.03403 -0.01530 0.05993 0.07059 0.13238 1.181 0.292 1234.831 0.01576
0.03408 -0.01533 0.06002 0.07071 0.13348 0.795 0.251 1234.861 0.01579
0.03414 -0.01535 0.06012 0.07082 0.13459 0.794 0.255 1234.890 0.01581
0.03419 -0.01537 0.06021 0.07093 0.13570 1.220 0.295 1234.920 0.01584
0.03425 -0.01540 0.06031 0.07104 0.13680 0.833 0.260 1234.950 0.01586
0.03430 -0.01542 0.06040 0.07115 0.13791 1.026 0.279 1234.980 0.01588
0.03435 -0.01545 0.06050 0.07126 0.13901 0.987 0.271 1235.010 0.01591
0.03441 -0.01547 0.06059 0.07137 0.14012 0.757 0.252 1235.040 0.01593
0.03446 -0.01549 0.06068 0.07149 0.14122 1.302 0.302 1235.070 0.01596
0.03451 -0.01552 0.06078 0.07160 0.14233 0.836 0.260 1235.100 0.01598
0.03457 -0.01554 0.06087 0.07171 0.14344 1.262 0.299 1235.129 0.01601
0.03462 -0.01557 0.06097 0.07182 0.14454 1.224 0.295 1235.159 0.01603
0.03467 -0.01559 0.06106 0.07193 0.14565 0.951 0.272 1235.189 0.01606
0.03473 -0.01562 0.06116 0.07204 0.14675 0.759 0.250 1235.219 0.01608
0.03478 -0.01564 0.06125 0.07215 0.14786 1.028 0.279 1235.249 0.01611
0.03484 -0.01566 0.06135 0.07227 0.14897 0.640 0.240 1235.279 0.01613
0.03489 -0.01569 0.06144 0.07238 0.15007 0.874 0.264 1235.309 0.01615
0.03494 -0.01571 0.06154 0.07249 0.15118 0.874 0.264 1235.339 0.01618
0.03500 -0.01574 0.06163 0.07260 0.15228 0.717 0.248 1235.369 0.01620
0.03505 -0.01576 0.06172 0.07271 0.15339 0.988 0.275 1235.398 0.01623
0.03510 -0.01578 0.06182 0.07282 0.15450 1.103 0.286 1235.428 0.01625
0.03516 -0.01581 0.06191 0.07293 0.15560 0.794 0.251 1235.458 0.01628
0.03521 -0.01583 0.06201 0.07305 0.15671 0.562 0.226 1235.488 0.01630
0.03527 -0.01586 0.06210 0.07316 0.15782 0.991 0.275 1235.518 0.01633
0.03532 -0.01588 0.06220 0.07327 0.15892 1.106 0.285 1235.548 0.01635
0.03537 -0.01591 0.06229 0.07338 0.16003 1.071 0.282 1235.578 0.01638
0.03543 -0.01593 0.06239 0.07349 0.16114 0.813 0.257 1235.608 0.01640
0.03548 -0.01595 0.06248 0.07360 0.16224 1.030 0.275 1235.637 0.01643
0.03553 -0.01598 0.06258 0.07371 0.16335 0.790 0.253 1235.667 0.01645
0.03559 -0.01600 0.06267 0.07383 0.16446 1.207 0.292 1235.697 0.01647
0.03564 -0.01603 0.06277 0.07394 0.16556 0.960 0.268 1235.727 0.01650
0.03570 -0.01605 0.06286 0.07405 0.16667 1.425 0.307 1235.757 0.01652
0.03575 -0.01607 0.06296 0.07416 0.16778 1.322 0.299 1235.787 0.01655
0.03580 -0.01610 0.06305 0.07427 0.16888 1.103 0.281 1235.817 0.01657
0.03586 -0.01612 0.06314 0.07438 0.16999 0.957 0.268 1235.847 0.01660
0.03591 -0.01615 0.06324 0.07450 0.17110 1.016 0.271 1235.876 0.01662
0.03596 -0.01617 0.06333 0.07461 0.17220 1.260 0.294 1235.906 0.01665
0.03602 -0.01620 0.06343 0.07472 0.17331 1.428 0.309 1235.936 0.01667
0.03607 -0.01622 0.06352 0.07483 0.17442 0.719 0.244 1235.966 0.01670
0.03613 -0.01624 0.06362 0.07494 0.17553 1.162 0.285 1235.996 0.01672
0.03618 -0.01627 0.06371 0.07505 0.17663 1.148 0.286 1236.026 0.01674
0.03623 -0.01629 0.06381 0.07516 0.17774 0.708 0.241 1236.056 0.01677
0.03629 -0.01632 0.06390 0.07528 0.17885 1.074 0.279 1236.086 0.01679
0.03634 -0.01634 0.06400 0.07539 0.17995 0.729 0.248 1236.115 0.01682
0.03639 -0.01636 0.06409 0.07550 0.18106 0.799 0.256 1236.145 0.01684
0.03645 -0.01639 0.06419 0.07561 0.18217 1.383 0.309 1236.175 0.01687
0.03650 -0.01641 0.06428 0.07572 0.18328 1.072 0.281 1236.205 0.01689
0.03656 -0.01644 0.06438 0.07583 0.18438 1.578 0.324 1236.235 0.01692
0.03661 -0.01646 0.06447 0.07595 0.18549 0.879 0.264 1236.265 0.01694
0.03666 -0.01649 0.06456 0.07606 0.18660 1.112 0.286 1236.295 0.01697
0.03672 -0.01651 0.06466 0.07617 0.18771 0.957 0.272 1236.325 0.01699
0.03677 -0.01653 0.06475 0.07628 0.18881 0.839 0.260 1236.355 0.01701
0.03683 -0.01656 0.06485 0.07639 0.18992 0.880 0.264 1236.384 0.01704
0.03688 -0.01658 0.06494 0.07650 0.19103 1.270 0.299 1236.414 0.01706
0.03693 -0.01661 0.06504 0.07661 0.19214 0.882 0.265 1236.444 0.01709
0.03699 -0.01663 0.06513 0.07673 0.19324 1.075 0.283 1236.474 0.01711
0.03704 -0.01666 0.06523 0.07684 0.19435 0.996 0.276 1236.504 0.01714
0.03709 -0.01668 0.06532 0.07695 0.19546 1.421 0.312 1236.534 0.01716
0.03715 -0.01670 0.06542 0.07706 0.19657 1.229 0.296 1236.564 0.01719
0.03720 -0.01673 0.06551 0.07717 0.19768 1.075 0.282 1236.594 0.01721
0.03726 -0.01675 0.06561 0.07728 0.19878 1.271 0.299 1236.623 0.01724
0.03731 -0.01678 0.06570 0.07740 0.19989 0.842 0.259 1236.653 0.01726
0.03736 -0.01680 0.06580 0.07751 0.20100 1.387 0.309 1236.683 0.01729
0.03742 -0.01682 0.06589 0.07762 0.20211 0.841 0.259 1236.713 0.01731
0.03747 -0.01685 0.06599 0.07773 0.20322 0.531 0.226 1236.743 0.01733
0.03752 -0.01687 0.06608 0.07784 0.20432 1.076 0.282 1236.773 0.01736
0.03758 -0.01690 0.06618 0.07795 0.20543 0.884 0.264 1236.803 0.01738
0.03763 -0.01692 0.06627 0.07807 0.20654 0.376 0.207 1236.833 0.01741
0.03769 -0.01695 0.06637 0.07818 0.20765 0.221 0.183 1236.862 0.01743
0.03774 -0.01697 0.06646 0.07829 0.20876 0.337 0.201 1236.892 0.01746
0.03779 -0.01699 0.06655 0.07840 0.20987 0.495 0.221 1236.922 0.01748
0.03785 -0.01702 0.06665 0.07851 0.21097 0.921 0.268 1236.952 0.01751
0.03790 -0.01704 0.06674 0.07862 0.21208 0.765 0.253 1236.982 0.01753
0.03796 -0.01707 0.06684 0.07874 0.21319 0.999 0.275 1237.012 0.01756
0.03801 -0.01709 0.06693 0.07885 0.21430 0.610 0.236 1237.042 0.01758
0.03806 -0.01711 0.06703 0.07896 0.21541 0.646 0.239 1237.072 0.01760
0.03812 -0.01714 0.06712 0.07907 0.21652 0.919 0.268 1237.101 0.01763
0.03817 -0.01716 0.06722 0.07918 0.21762 0.492 0.222 1237.131 0.01765
0.03822 -0.01719 0.06731 0.07929 0.21873 0.687 0.243 1237.161 0.01768
0.03828 -0.01721 0.06741 0.07941 0.21984 0.528 0.226 1237.191 0.01770
0.03833 -0.01724 0.06750 0.07952 0.22095 0.294 0.195 1237.221 0.01773
0.03839 -0.01726 0.06760 0.07963 0.22206 0.449 0.216 1237.251 0.01775
0.03844 -0.01728 0.06769 0.07974 0.22317 0.176 0.176 1237.281 0.01778
0.03849 -0.01731 0.06779 0.07985 0.22428 0.096 0.153 1237.311 0.01780
0.03855 -0.01733 0.06788 0.07996 0.22539 0.253 0.181 1237.341 0.01783
0.03860 -0.01736 0.06798 0.08008 0.22650 0.095 0.143 1237.370 0.01785
0.03866 -0.01738 0.06807 0.08019 0.22760 0.290 0.189 1237.400 0.01788
0.03871 -0.01741 0.06817 0.08030 0.22871 0.055 0.134 1237.430 0.01790
0.03876 -0.01743 0.06826 0.08041 0.22982 0.368 0.200 1237.460 0.01792
0.03882 -0.01745 0.06836 0.08052 0.23093 0.563 0.226 1237.490 0.01795
0.03887 -0.01748 0.06845 0.08064 0.23204 0.682 0.244 1237.520 0.01797
0.03892 -0.01750 0.06855 0.08075 0.23315 0.606 0.236 1237.550 0.01800
0.03898 -0.01753 0.06864 0.08086 0.23426 0.918 0.268 1237.580 0.01802
0.03903 -0.01755 0.06874 0.08097 0.23537 1.189 0.292 1237.609 0.01805
0.03909 -0.01758 0.06883 0.08108 0.23648 0.836 0.261 1237.639 0.01807
0.03914 -0.01760 0.06893 0.08119 0.23759 0.799 0.257 1237.669 0.01810
0.03919 -0.01762 0.06902 0.08131 0.23870 0.877 0.264 1237.699 0.01812
0.03925 -0.01765 0.06912 0.08142 0.23981 1.227 0.296 1237.729 0.01815
0.03930 -0.01767 0.06921 0.08153 0.24092 0.952 0.271 1237.759 0.01817
0.03936 -0.01770 0.06931 0.08164 0.24202 0.874 0.264 1237.789 0.01819
0.03941 -0.01772 0.06940 0.08175 0.24313 1.144 0.289 1237.819 0.01822
0.03946 -0.01774 0.06950 0.08186 0.24424 0.640 0.240 1237.848 0.01824
0.03952 -0.01777 0.06959 0.08198 0.24535 1.223 0.296 1237.878 0.01827
0.03957 -0.01779 0.06968 0.08209 0.24646 1.261 0.299 1237.908 0.01829
0.03962 -0.01782 0.06978 0.08220 0.24757 1.182 0.293 1237.938 0.01832
0.03968 -0.01784 0.06987 0.08231 0.24868 0.560 0.217 1237.968 0.01834
0.03973 -0.01787 0.06997 0.08242 0.24979 1.184 0.292 1237.998 0.01837
0.03979 -0.01789 0.07006 0.08254 0.25090 1.378 0.309 1238.028 0.01839
0.03984 -0.01791 0.07016 0.08265 0.25201 0.987 0.272 1238.058 0.01842
0.03989 -0.01794 0.07025 0.08276 0.25312 0.909 0.262 1238.087 0.01844
0.03995 -0.01796 0.07035 0.08287 0.25423 1.103 0.282 1238.117 0.01847
0.04000 -0.01799 0.07044 0.08298 0.25534 1.257 0.296 1238.147 0.01849
0.04006 -0.01801 0.07054 0.08309 0.25645 0.871 0.260 1238.177 0.01851
0.04011 -0.01804 0.07063 0.08321 0.25756 0.794 0.251 1238.207 0.01854
0.04016 -0.01806 0.07073 0.08332 0.25867 0.753 0.244 1238.237 0.01856
0.04022 -0.01808 0.07082 0.08343 0.25978 0.444 0.203 1238.267 0.01859
0.04027 -0.01811 0.07092 0.08354 0.26089 0.599 0.229 1238.297 0.01861
0.04033 -0.01813 0.07101 0.08365 0.26200 0.444 0.210 1238.327 0.01864
0.04038 -0.01816 0.07111 0.08377 0.26311 0.329 0.189 1238.356 0.01866
0.04043 -0.01818 0.07120 0.08388 0.26422 0.058 0.134 1238.386 0.01869
0.04049 -0.01821 0.07130 0.08399 0.26533 0.060 0.153 1238.416 0.01871
0.04054 -0.01823 0.07139 0.08410 0.26644 0.216 0.183 1238.446 0.01874
0.04060 -0.01825 0.07149 0.08421 0.26755 0.372 0.205 1238.476 0.01876
0.04065 -0.01828 0.07158 0.08432 0.26866 0.100 0.162 1238.506 0.01878
0.04070 -0.01830 0.07168 0.08444 0.26978 0.062 0.153 1238.536 0.01881
0.04076 -0.01833 0.07177 0.08455 0.27089 0.061 0.153 1238.566 0.01883
0.04081 -0.01835 0.07187 0.08466 0.27200 0.100 0.158 1238.595 0.01886
0.04087 -0.01837 0.07196 0.08477 0.27311 0.335 0.201 1238.625 0.01888
0.04092 -0.01840 0.07206 0.08488 0.27422 0.450 0.216 1238.655 0.01891
0.04097 -0.01842 0.07215 0.08500 0.27533 0.708 0.243 1238.685 0.01893
0.04103 -0.01845 0.07225 0.08511 0.27644 0.612 0.235 1238.715 0.01896
0.04108 -0.01847 0.07234 0.08522 0.27755 0.667 0.239 1238.745 0.01898
0.04113 -0.01850 0.07244 0.08533 0.27866 0.473 0.211 1238.775 0.01901
0.04119 -0.01852 0.07253 0.08544 0.27977 0.648 0.235 1238.805 0.01903
0.04124 -0.01854 0.07263 0.08556 0.28088 0.976 0.271 1238.834 0.01905
0.04130 -0.01857 0.07272 0.08567 0.28199 0.991 0.270 1238.864 0.01908
0.04135 -0.01859 0.07282 0.08578 0.28310 0.943 0.267 1238.894 0.01910
0.04140 -0.01862 0.07291 0.08589 0.28422 0.676 0.240 1238.924 0.01913
0.04146 -0.01864 0.07301 0.08600 0.28533 1.006 0.271 1238.954 0.01915
0.04151 -0.01867 0.07310 0.08612 0.28644 0.927 0.260 1238.984 0.01918
0.04157 -0.01869 0.07320 0.08623 0.28755 0.933 0.264 1239.014 0.01920
0.04162 -0.01871 0.07329 0.08634 0.28866 0.963 0.267 1239.044 0.01923
0.04167 -0.01874 0.07339 0.08645 0.28977 1.046 0.275 1239.073 0.01925
0.04173 -0.01876 0.07348 0.08656 0.29088 0.827 0.256 1239.103 0.01928
0.04178 -0.01879 0.07358 0.08668 0.29199 0.885 0.263 1239.133 0.01930
0.04184 -0.01881 0.07367 0.08679 0.29310 0.808 0.256 1239.163 0.01933
0.04189 -0.01884 0.07377 0.08690 0.29422 0.767 0.251 1239.193 0.01935
0.04194 -0.01886 0.07386 0.08701 0.29533 1.274 0.298 1239.223 0.01937
0.04200 -0.01888 0.07396 0.08712 0.29644 1.002 0.275 1239.253 0.01940
0.04205 -0.01891 0.07405 0.08724 0.29755 1.079 0.281 1239.283 0.01942
0.04211 -0.01893 0.07415 0.08735 0.29866 0.769 0.251 1239.313 0.01945
0.04216 -0.01896 0.07424 0.08746 0.29977 1.116 0.285 1239.342 0.01947
0.04221 -0.01898 0.07434 0.08757 0.30089 1.116 0.285 1239.372 0.01950
0.04227 -0.01901 0.07443 0.08768 0.30200 0.609 0.235 1239.402 0.01952
0.04232 -0.01903 0.07453 0.08780 0.30311 1.347 0.304 1239.432 0.01955
0.04238 -0.01905 0.07462 0.08791 0.30422 0.800 0.256 1239.462 0.01957
0.04243 -0.01908 0.07472 0.08802 0.30533 1.071 0.281 1239.492 0.01960
0.04248 -0.01910 0.07481 0.08813 0.30644 0.836 0.260 1239.522 0.01962
0.04254 -0.01913 0.07491 0.08824 0.30756 0.953 0.271 1239.552 0.01964
0.04259 -0.01915 0.07501 0.08836 0.30867 1.185 0.292 1239.581 0.01967
0.04265 -0.01918 0.07510 0.08847 0.30978 1.419 0.310 1239.611 0.01969
0.04270 -0.01920 0.07520 0.08858 0.31089 1.379 0.307 1239.641 0.01972
0.04275 -0.01922 0.07529 0.08869 0.31200 1.028 0.278 1239.671 0.01974
0.04281 -0.01925 0.07539 0.08880 0.31312 0.760 0.251 1239.701 0.01977
0.04286 -0.01927 0.07548 0.08892 0.31423 1.186 0.292 1239.731 0.01979
0.04292 -0.01930 0.07558 0.08903 0.31534 1.148 0.288 1239.761 0.01982
0.04297 -0.01932 0.07567 0.08914 0.31645 1.381 0.307 1239.791 0.01984
0.04302 -0.01935 0.07577 0.08925 0.31756 0.837 0.260 1239.820 0.01987
0.04308 -0.01937 0.07586 0.08936 0.31868 0.877 0.263 1239.850 0.01989
0.04313 -0.01939 0.07596 0.08948 0.31979 0.917 0.266 1239.880 0.01992
0.04319 -0.01942 0.07605 0.08959 0.32090 0.839 0.259 1239.910 0.01994
0.04324 -0.01944 0.07615 0.08970 0.32201 0.642 0.239 1239.940 0.01996
0.04329 -0.01947 0.07624 0.08981 0.32313 0.991 0.273 1239.970 0.01999
0.04335 -0.01949 0.07634 0.08992 0.32424 0.758 0.251 1240.000 0.02001
0.04340 -0.01952 0.07643 0.09004 0.32535 0.954 0.270 1240.030 0.02004
0.04346 -0.01954 0.07653 0.09015 0.32646 1.498 0.316 1240.059 0.02006
0.04351 -0.01956 0.07662 0.09026 0.32758 0.718 0.247 1240.089 0.02009
0.04356 -0.01959 0.07672 0.09037 0.32869 0.913 0.266 1240.119 0.02011
0.04362 -0.01961 0.07681 0.09048 0.32980 1.029 0.278 1240.149 0.02014
0.04367 -0.01964 0.07691 0.09060 0.33091 0.953 0.269 1240.179 0.02016
0.04373 -0.01966 0.07700 0.09071 0.33203 1.030 0.278 1240.209 0.02019
0.04378 -0.01969 0.07710 0.09082 0.33314 0.798 0.255 1240.239 0.02021
0.04383 -0.01971 0.07719 0.09093 0.33425 1.418 0.310 1240.269 0.02023
0.04389 -0.01973 0.07729 0.09105 0.33537 1.299 0.298 1240.299 0.02026
0.04394 -0.01976 0.07738 0.09116 0.33648 0.875 0.262 1240.328 0.02028
0.04400 -0.01978 0.07748 0.09127 0.33759 0.683 0.242 1240.358 0.02031
0.04405 -0.01981 0.07757 0.09138 0.33870 0.916 0.266 1240.388 0.02033
0.04411 -0.01983 0.07767 0.09149 0.33982 1.419 0.309 1240.418 0.02036
0.04416 -0.01986 0.07776 0.09161 0.34093 0.758 0.251 1240.448 0.02038
0.04421 -0.01988 0.07786 0.09172 0.34204 0.490 0.220 1240.478 0.02041
0.04427 -0.01990 0.07795 0.09183 0.34316 1.190 0.291 1240.508 0.02043
0.04432 -0.01993 0.07805 0.09194 0.34427 0.761 0.251 1240.538 0.02046
0.04438 -0.01995 0.07815 0.09205 0.34538 0.840 0.259 1240.567 0.02048
0.04443 -0.01998 0.07824 0.09217 0.34650 1.226 0.293 1240.597 0.02050
0.04448 -0.02000 0.07834 0.09228 0.34761 0.954 0.269 1240.627 0.02053
0.04454 -0.02003 0.07843 0.09239 0.34872 0.723 0.246 1240.657 0.02055
0.04459 -0.02005 0.07853 0.09250 0.34984 1.228 0.293 1240.687 0.02058
0.04465 -0.02007 0.07862 0.09262 0.35095 1.265 0.297 1240.717 0.02060
0.04470 -0.02010 0.07872 0.09273 0.35206 1.227 0.294 1240.747 0.02063
0.04475 -0.02012 0.07881 0.09284 0.35318 1.071 0.280 1240.777 0.02065
0.04481 -0.02015 0.07891 0.09295 0.35429 1.111 0.283 1240.806 0.02068
0.04486 -0.02017 0.07900 0.09306 0.35540 1.109 0.284 1240.836 0.02070
0.04492 -0.02020 0.07910 0.09318 0.35652 1.146 0.287 1240.866 0.02073
0.04497 -0.02022 0.07919 0.09329 0.35763 1.028 0.276 1240.896 0.02075
0.04502 -0.02025 0.07929 0.09340 0.35874 1.337 0.303 1240.926 0.02078
0.04508 -0.02027 0.07938 0.09351 0.35986 0.951 0.269 1240.956 0.02080
0.04513 -0.02029 0.07948 0.09362 0.36097 0.988 0.273 1240.986 0.02082
0.04519 -0.02032 0.07957 0.09374 0.36209 0.952 0.266 1241.016 0.02085
0.04524 -0.02034 0.07967 0.09385 0.36320 0.898 0.262 1241.045 0.02087
0.04529 -0.02037 0.07976 0.09396 0.36431 1.494 0.312 1241.075 0.02090
0.04535 -0.02039 0.07986 0.09407 0.36543 1.272 0.290 1241.105 0.02092
0.04540 -0.02042 0.07995 0.09419 0.36654 1.250 0.290 1241.135 0.02095
0.04546 -0.02044 0.08005 0.09430 0.36766 1.061 0.274 1241.165 0.02097
0.04551 -0.02046 0.08015 0.09441 0.36877 0.789 0.250 1241.195 0.02100
0.04557 -0.02049 0.08024 0.09452 0.36988 0.838 0.254 1241.225 0.02102
0.04562 -0.02051 0.08034 0.09463 0.37100 0.962 0.265 1241.255 0.02105
0.04567 -0.02054 0.08043 0.09475 0.37211 0.958 0.266 1241.285 0.02107
0.04573 -0.02056 0.08053 0.09486 0.37323 1.486 0.309 1241.314 0.02109
0.04578 -0.02059 0.08062 0.09497 0.37434 1.188 0.283 1241.344 0.02112
0.04584 -0.02061 0.08072 0.09508 0.37545 1.496 0.311 1241.374 0.02114
0.04589 -0.02063 0.08081 0.09520 0.37657 1.119 0.279 1241.404 0.02117
0.04594 -0.02066 0.08091 0.09531 0.37768 0.903 0.262 1241.434 0.02119
0.04600 -0.02068 0.08100 0.09542 0.37880 0.956 0.269 1241.464 0.02122
0.04605 -0.02071 0.08110 0.09553 0.37991 1.179 0.290 1241.494 0.02124
0.04611 -0.02073 0.08119 0.09565 0.38103 1.179 0.289 1241.524 0.02127
0.04616 -0.02076 0.08129 0.09576 0.38214 0.949 0.268 1241.553 0.02129
0.04621 -0.02078 0.08138 0.09587 0.38326 1.335 0.302 1241.583 0.02132
0.04627 -0.02080 0.08148 0.09598 0.38437 1.103 0.283 1241.613 0.02134
0.04632 -0.02083 0.08158 0.09609 0.38549 0.675 0.241 1241.643 0.02137
0.04638 -0.02085 0.08167 0.09621 0.38660 1.098 0.283 1241.673 0.02139
0.04643 -0.02088 0.08177 0.09632 0.38771 0.905 0.264 1241.703 0.02141
0.04649 -0.02090 0.08186 0.09643 0.38883 0.868 0.261 1241.733 0.02144
0.04654 -0.02093 0.08196 0.09654 0.38994 0.906 0.265 1241.763 0.02146
0.04659 -0.02095 0.08205 0.09666 0.39106 1.251 0.295 1241.792 0.02149
0.04665 -0.02098 0.08215 0.09677 0.39217 1.562 0.320 1241.822 0.02151
0.04670 -0.02100 0.08224 0.09688 0.39329 0.714 0.246 1241.852 0.02154
0.04676 -0.02102 0.08234 0.09699 0.39440 1.100 0.283 1241.882 0.02156
0.04681 -0.02105 0.08243 0.09711 0.39552 1.371 0.304 1241.912 0.02159
0.04686 -0.02107 0.08253 0.09722 0.39663 1.255 0.295 1241.942 0.02161
0.04692 -0.02110 0.08262 0.09733 0.39775 1.024 0.275 1241.972 0.02164
0.04697 -0.02112 0.08272 0.09744 0.39886 1.253 0.295 1242.002 0.02166
0.04703 -0.02115 0.08281 0.09755 0.39998 1.098 0.282 1242.031 0.02168
0.04708 -0.02117 0.08291 0.09767 0.40109 1.445 0.311 1242.061 0.02171
0.04714 -0.02119 0.08301 0.09778 0.40221 0.905 0.265 1242.091 0.02173
0.04719 -0.02122 0.08310 0.09789 0.40332 0.906 0.264 1242.121 0.02176
0.04724 -0.02124 0.08320 0.09800 0.40444 1.293 0.298 1242.151 0.02178
0.04730 -0.02127 0.08329 0.09812 0.40556 1.138 0.285 1242.181 0.02181
0.04735 -0.02129 0.08339 0.09823 0.40667 0.943 0.268 1242.211 0.02183
0.04741 -0.02132 0.08348 0.09834 0.40779 1.287 0.297 1242.241 0.02186
0.04746 -0.02134 0.08358 0.09845 0.40890 1.209 0.292 1242.271 0.02188
0.04751 -0.02136 0.08367 0.09857 0.41002 0.900 0.264 1242.300 0.02191
0.04757 -0.02139 0.08377 0.09868 0.41113 1.055 0.278 1242.330 0.02193
0.04762 -0.02141 0.08386 0.09879 0.41225 1.092 0.282 1242.360 0.02196
0.04768 -0.02144 0.08396 0.09890 0.41336 1.015 0.275 1242.390 0.02198
0.04773 -0.02146 0.08405 0.09902 0.41448 0.784 0.253 1242.420 0.02200
0.04779 -0.02149 0.08415 0.09913 0.41560 0.667 0.236 1242.450 0.02203
0.04784 -0.02151 0.08425 0.09924 0.41671 0.706 0.245 1242.480 0.02205
0.04789 -0.02154 0.08434 0.09935 0.41783 0.318 0.180 1242.510 0.02208
0.04795 -0.02156 0.08444 0.09947 0.41894 0.550 0.213 1242.539 0.02210
0.04800 -0.02158 0.08453 0.09958 0.42006 0.511 0.213 1242.569 0.02213
0.04806 -0.02161 0.08463 0.09969 0.42117 0.510 0.208 1242.599 0.02215
0.04811 -0.02163 0.08472 0.09980 0.42229 0.742 0.244 1242.629 0.02218
0.04816 -0.02166 0.08482 0.09992 0.42341 0.859 0.260 1242.659 0.02220
0.04822 -0.02168 0.08491 0.10003 0.42452 0.629 0.230 1242.689 0.02223
0.04827 -0.02171 0.08501 0.10014 0.42564 0.821 0.251 1242.719 0.02225
0.04833 -0.02173 0.08510 0.10025 0.42675 0.705 0.239 1242.749 0.02227
0.04838 -0.02175 0.08520 0.10036 0.42787 0.706 0.244 1242.778 0.02230
0.04844 -0.02178 0.08530 0.10048 0.42899 0.401 0.201 1242.808 0.02232
0.04849 -0.02180 0.08539 0.10059 0.43010 0.670 0.240 1242.838 0.02235
0.04854 -0.02183 0.08549 0.10070 0.43122 0.670 0.240 1242.868 0.02237
0.04860 -0.02185 0.08558 0.10081 0.43234 0.133 0.142 1242.898 0.02240
0.04865 -0.02188 0.08568 0.10093 0.43345 0.479 0.218 1242.928 0.02242
0.04871 -0.02190 0.08577 0.10104 0.43457 0.248 0.184 1242.958 0.02245
0.04876 -0.02193 0.08587 0.10115 0.43569 0.132 0.149 1242.988 0.02247
0.04882 -0.02195 0.08596 0.10126 0.43680 0.170 0.172 1243.017 0.02250
0.04887 -0.02197 0.08606 0.10138 0.43792 0.402 0.207 1243.047 0.02252
0.04892 -0.02200 0.08616 0.10149 0.43903 0.519 0.222 1243.077 0.02254
0.04898 -0.02202 0.08625 0.10160 0.44015 0.251 0.186 1243.107 0.02257
0.04903 -0.02205 0.08635 0.10171 0.44127 0.480 0.217 1243.137 0.02259
0.04909 -0.02207 0.08644 0.10183 0.44238 0.557 0.225 1243.167 0.02262
0.04914 -0.02210 0.08654 0.10194 0.44350 0.520 0.222 1243.197 0.02264
0.04919 -0.02212 0.08663 0.10205 0.44462 0.946 0.266 1243.227 0.02267
0.04925 -0.02214 0.08673 0.10216 0.44574 1.177 0.286 1243.257 0.02269
0.04930 -0.02217 0.08682 0.10228 0.44685 1.217 0.290 1243.286 0.02272
0.04936 -0.02219 0.08692 0.10239 0.44797 0.832 0.255 1243.316 0.02274
0.04941 -0.02222 0.08701 0.10250 0.44909 0.944 0.266 1243.346 0.02277
0.04947 -0.02224 0.08711 0.10261 0.45020 1.404 0.305 1243.376 0.02279
0.04952 -0.02227 0.08721 0.10273 0.45132 0.751 0.246 1243.406 0.02282
0.04957 -0.02229 0.08730 0.10284 0.45244 0.943 0.266 1243.436 0.02284
0.04963 -0.02232 0.08740 0.10295 0.45355 0.905 0.263 1243.466 0.02286
0.04968 -0.02234 0.08749 0.10307 0.45467 1.060 0.277 1243.496 0.02289
0.04974 -0.02236 0.08759 0.10318 0.45579 0.908 0.261 1243.525 0.02291
0.04979 -0.02239 0.08768 0.10329 0.45691 0.868 0.258 1243.555 0.02294
0.04985 -0.02241 0.08778 0.10340 0.45802 0.983 0.269 1243.585 0.02296
0.04990 -0.02244 0.08787 0.10352 0.45914 0.831 0.253 1243.615 0.02299
0.04995 -0.02246 0.08797 0.10363 0.46026 0.563 0.225 1243.645 0.02301
0.05001 -0.02249 0.08807 0.10374 0.46137 0.754 0.247 1243.675 0.02304
0.05006 -0.02251 0.08816 0.10385 0.46249 0.906 0.261 1243.705 0.02306
0.05012 -0.02254 0.08826 0.10397 0.46361 0.677 0.239 1243.735 0.02309
0.05017 -0.02256 0.08835 0.10408 0.46473 0.790 0.250 1243.764 0.02311
0.05023 -0.02258 0.08845 0.10419 0.46584 0.980 0.269 1243.794 0.02313
0.05028 -0.02261 0.08854 0.10430 0.46696 0.789 0.250 1243.824 0.02316
0.05033 -0.02263 0.08864 0.10442 0.46808 0.750 0.246 1243.854 0.02318
0.05039 -0.02266 0.08873 0.10453 0.46920 0.826 0.254 1243.884 0.02321
0.05044 -0.02268 0.08883 0.10464 0.47031 0.939 0.264 1243.914 0.02323
0.05050 -0.02271 0.08893 0.10475 0.47143 0.865 0.257 1243.944 0.02326
0.05055 -0.02273 0.08902 0.10487 0.47255 1.132 0.282 1243.974 0.02328
0.05061 -0.02275 0.08912 0.10498 0.47367 0.827 0.253 1244.003 0.02331
0.05066 -0.02278 0.08921 0.10509 0.47479 0.864 0.258 1244.033 0.02333
0.05071 -0.02280 0.08931 0.10520 0.47590 1.246 0.292 1244.063 0.02336
0.05077 -0.02283 0.08940 0.10532 0.47702 1.249 0.289 1244.093 0.02338
0.05082 -0.02285 0.08950 0.10543 0.47814 1.041 0.268 1244.123 0.02341
0.05088 -0.02288 0.08960 0.10554 0.47926 1.088 0.270 1244.153 0.02343
0.05093 -0.02290 0.08969 0.10565 0.48038 0.978 0.265 1244.183 0.02345
0.05099 -0.02293 0.08979 0.10577 0.48149 0.896 0.257 1244.213 0.02348
0.05104 -0.02295 0.08988 0.10588 0.48261 1.250 0.291 1244.243 0.02350
0.05109 -0.02297 0.08998 0.10599 0.48373 1.069 0.275 1244.272 0.02353
0.05115 -0.02300 0.09007 0.10611 0.48485 0.660 0.234 1244.302 0.02355
0.05120 -0.02302 0.09017 0.10622 0.48597 0.750 0.242 1244.332 0.02358
0.05126 -0.02305 0.09026 0.10633 0.48708 1.237 0.287 1244.362 0.02360
0.05131 -0.02307 0.09036 0.10644 0.48820 0.788 0.246 1244.392 0.02363
0.05137 -0.02310 0.09046 0.10656 0.48932 1.233 0.284 1244.422 0.02365
0.05142 -0.02312 0.09055 0.10667 0.49044 1.005 0.268 1244.452 0.02368
0.05147 -0.02315 0.09065 0.10678 0.49156 1.464 0.306 1244.482 0.02370
0.05153 -0.02317 0.09074 0.10689 0.49268 1.096 0.278 1244.511 0.02372
0.05158 -0.02319 0.09084 0.10701 0.49379 1.160 0.284 1244.541 0.02375
0.05164 -0.02322 0.09093 0.10712 0.49491 0.703 0.241 1244.571 0.02377
0.05169 -0.02324 0.09103 0.10723 0.49603 1.235 0.290 1244.601 0.02380
0.05175 -0.02327 0.09113 0.10734 0.49715 1.121 0.281 1244.631 0.02382
0.05180 -0.02329 0.09122 0.10746 0.49827 0.854 0.256 1244.661 0.02385
0.05185 -0.02332 0.09132 0.10757 0.49939 1.234 0.290 1244.691 0.02387
0.05191 -0.02334 0.09141 0.10768 0.50051 1.082 0.276 1244.721 0.02390
0.05196 -0.02337 0.09151 0.10780 0.50163 0.932 0.262 1244.750 0.02392
0.05202 -0.02339 0.09160 0.10791 0.50274 0.893 0.260 1244.780 0.02395
0.05207 -0.02341 0.09170 0.10802 0.50386 1.160 0.283 1244.810 0.02397
0.05213 -0.02344 0.09180 0.10813 0.50498 0.932 0.263 1244.840 0.02400
0.05218 -0.02346 0.09189 0.10825 0.50610 1.161 0.283 1244.870 0.02402
0.05224 -0.02349 0.09199 0.10836 0.50722 1.084 0.276 1244.900 0.02404
0.05229 -0.02351 0.09208 0.10847 0.50834 1.007 0.270 1244.930 0.02407
0.05234 -0.02354 0.09218 0.10858 0.50946 1.159 0.283 1244.960 0.02409
0.05240 -0.02356 0.09227 0.10870 0.51058 1.121 0.280 1244.989 0.02412
0.05245 -0.02359 0.09237 0.10881 0.51170 1.046 0.273 1245.019 0.02414
0.05251 -0.02361 0.09247 0.10892 0.51282 0.858 0.256 1245.049 0.02417
0.05256 -0.02363 0.09256 0.10904 0.51393 0.931 0.263 1245.079 0.02419
0.05262 -0.02366 0.09266 0.10915 0.51505 1.195 0.286 1245.109 0.02422
0.05267 -0.02368 0.09275 0.10926 0.51617 0.856 0.256 1245.139 0.02424
0.05272 -0.02371 0.09285 0.10937 0.51729 1.009 0.269 1245.169 0.02427
0.05278 -0.02373 0.09294 0.10949 0.51841 1.162 0.282 1245.199 0.02429
0.05283 -0.02376 0.09304 0.10960 0.51953 1.161 0.283 1245.229 0.02431
0.05289 -0.02378 0.09314 0.10971 0.52065 1.311 0.295 1245.258 0.02434
0.05294 -0.02381 0.09323 0.10983 0.52177 0.854 0.255 1245.288 0.02436
0.05300 -0.02383 0.09333 0.10994 0.52289 0.893 0.259 1245.318 0.02439
0.05305 -0.02385 0.09342 0.11005 0.52401 1.005 0.269 1245.348 0.02441
0.05311 -0.02388 0.09352 0.11016 0.52513 1.043 0.272 1245.378 0.02444
0.05316 -0.02390 0.09361 0.11028 0.52625 1.234 0.289 1245.408 0.02446
0.05321 -0.02393 0.09371 0.11039 0.52737 0.820 0.251 1245.438 0.02449
0.05327 -0.02395 0.09381 0.11050 0.52849 1.310 0.295 1245.468 0.02451
0.05332 -0.02398 0.09390 0.11061 0.52961 0.894 0.258 1245.497 0.02454
0.05338 -0.02400 0.09400 0.11073 0.53073 1.048 0.272 1245.527 0.02456
0.05343 -0.02403 0.09409 0.11084 0.53185 1.049 0.272 1245.557 0.02458
0.05349 -0.02405 0.09419 0.11095 0.53297 1.202 0.285 1245.587 0.02461
0.05354 -0.02407 0.09428 0.11107 0.53409 0.863 0.255 1245.617 0.02463
0.05359 -0.02410 0.09438 0.11118 0.53521 0.786 0.247 1245.647 0.02466
0.05365 -0.02412 0.09448 0.11129 0.53633 1.239 0.288 1245.677 0.02468
0.05370 -0.02415 0.09457 0.11140 0.53745 0.900 0.258 1245.707 0.02471
0.05376 -0.02417 0.09467 0.11152 0.53857 0.900 0.257 1245.736 0.02473
0.05381 -0.02420 0.09476 0.11163 0.53969 0.820 0.249 1245.766 0.02476
0.05387 -0.02422 0.09486 0.11174 0.54081 1.045 0.272 1245.796 0.02478
0.05392 -0.02425 0.09496 0.11186 0.54193 1.196 0.284 1245.826 0.02481
0.05398 -0.02427 0.09505 0.11197 0.54305 1.156 0.281 1245.856 0.02483
0.05403 -0.02429 0.09515 0.11208 0.54417 1.572 0.314 1245.886 0.02486
0.05408 -0.02432 0.09524 0.11219 0.54529 0.629 0.230 1245.916 0.02488
0.05414 -0.02434 0.09534 0.11231 0.54641 0.929 0.261 1245.946 0.02490
0.05419 -0.02437 0.09543 0.11242 0.54753 0.854 0.254 1245.975 0.02493
0.05425 -0.02439 0.09553 0.11253 0.54865 0.740 0.242 1246.005 0.02495
0.05430 -0.02442 0.09563 0.11265 0.54977 0.925 0.261 1246.035 0.02498
0.05436 -0.02444 0.09572 0.11276 0.55089 0.812 0.250 1246.065 0.02500
0.05441 -0.02447 0.09582 0.11287 0.55201 0.588 0.224 1246.095 0.02503
0.05447 -0.02449 0.09591 0.11299 0.55313 0.624 0.230 1246.125 0.02505
0.05452 -0.02451 0.09601 0.11310 0.55425 1.224 0.287 1246.155 0.02508
0.05457 -0.02454 0.09611 0.11321 0.55537 1.336 0.296 1246.185 0.02510
0.05463 -0.02456 0.09620 0.11332 0.55649 0.809 0.250 1246.215 0.02513
0.05468 -0.02459 0.09630 0.11344 0.55762 1.186 0.283 1246.244 0.02515
0.05474 -0.02461 0.09639 0.11355 0.55874 0.962 0.264 1246.274 0.02517
0.05479 -0.02464 0.09649 0.11366 0.55986 1.150 0.279 1246.304 0.02520
0.05485 -0.02466 0.09658 0.11378 0.56098 1.338 0.295 1246.334 0.02522
0.05490 -0.02469 0.09668 0.11389 0.56210 0.621 0.229 1246.364 0.02525
0.05496 -0.02471 0.09678 0.11400 0.56322 0.920 0.259 1246.394 0.02527
0.05501 -0.02473 0.09687 0.11411 0.56434 0.958 0.264 1246.424 0.02530
0.05506 -0.02476 0.09697 0.11423 0.56546 1.258 0.289 1246.454 0.02532
0.05512 -0.02478 0.09706 0.11434 0.56658 1.033 0.270 1246.483 0.02535
0.05517 -0.02481 0.09716 0.11445 0.56770 1.107 0.276 1246.513 0.02537
0.05523 -0.02483 0.09726 0.11457 0.56883 0.994 0.266 1246.543 0.02540
0.05528 -0.02486 0.09735 0.11468 0.56995 1.181 0.282 1246.573 0.02542
0.05534 -0.02488 0.09745 0.11479 0.57107 1.254 0.288 1246.603 0.02545
0.05539 -0.02491 0.09754 0.11490 0.57219 0.992 0.265 1246.633 0.02547
0.05545 -0.02493 0.09764 0.11502 0.57331 0.691 0.237 1246.663 0.02549
0.05550 -0.02496 0.09774 0.11513 0.57443 0.990 0.266 1246.693 0.02552
0.05555 -0.02498 0.09783 0.11524 0.57555 1.175 0.282 1246.722 0.02554
0.05561 -0.02500 0.09793 0.11536 0.57667 0.989 0.266 1246.752 0.02557
0.05566 -0.02503 0.09802 0.11547 0.57780 0.916 0.259 1246.782 0.02559
0.05572 -0.02505 0.09812 0.11558 0.57892 1.140 0.279 1246.812 0.02562
0.05577 -0.02508 0.09821 0.11570 0.58004 1.065 0.273 1246.842 0.02564
0.05583 -0.02510 0.09831 0.11581 0.58116 1.177 0.282 1246.872 0.02567
0.05588 -0.02513 0.09841 0.11592 0.58228 0.841 0.252 1246.902 0.02569
0.05594 -0.02515 0.09850 0.11603 0.58340 0.916 0.258 1246.932 0.02572
0.05599 -0.02518 0.09860 0.11615 0.58453 1.103 0.274 1246.961 0.02574
0.05604 -0.02520 0.09869 0.11626 0.58565 1.031 0.269 1246.991 0.02576
0.05610 -0.02522 0.09879 0.11637 0.58677 1.230 0.284 1247.021 0.02579
0.05615 -0.02525 0.09889 0.11649 0.58789 0.999 0.262 1247.051 0.02581
0.05621 -0.02527 0.09898 0.11660 0.58901 1.027 0.265 1247.081 0.02584
0.05626 -0.02530 0.09908 0.11671 0.59013 0.892 0.251 1247.111 0.02586
0.05632 -0.02532 0.09917 0.11683 0.59126 1.022 0.264 1247.141 0.02589
0.05637 -0.02535 0.09927 0.11694 0.59238 0.697 0.232 1247.171 0.02591
0.05643 -0.02537 0.09937 0.11705 0.59350 1.139 0.271 1247.201 0.02594
0.05648 -0.02540 0.09946 0.11717 0.59462 1.183 0.281 1247.230 0.02596
0.05653 -0.02542 0.09956 0.11728 0.59575 0.669 0.231 1247.260 0.02599
0.05659 -0.02545 0.09965 0.11739 0.59687 1.094 0.271 1247.290 0.02601
0.05664 -0.02547 0.09975 0.11750 0.59799 0.804 0.240 1247.320 0.02604
0.05670 -0.02549 0.09985 0.11762 0.59911 1.049 0.267 1247.350 0.02606
0.05675 -0.02552 0.09994 0.11773 0.60023 1.272 0.286 1247.380 0.02608
0.05681 -0.02554 0.10004 0.11784 0.60136 0.985 0.260 1247.410 0.02611
0.05686 -0.02557 0.10013 0.11796 0.60248 1.442 0.300 1247.440 0.02613
0.05692 -0.02559 0.10023 0.11807 0.60360 1.137 0.274 1247.469 0.02616
0.05697 -0.02562 0.10033 0.11818 0.60472 1.466 0.301 1247.499 0.02618
0.05703 -0.02564 0.10042 0.11830 0.60585 0.689 0.235 1247.529 0.02621
0.05708 -0.02567 0.10052 0.11841 0.60697 1.097 0.274 1247.559 0.02623
0.05713 -0.02569 0.10061 0.11852 0.60809 0.983 0.263 1247.589 0.02626
0.05719 -0.02571 0.10071 0.11864 0.60921 0.722 0.238 1247.619 0.02628
0.05724 -0.02574 0.10081 0.11875 0.61034 1.093 0.273 1247.649 0.02631
0.05730 -0.02576 0.10090 0.11886 0.61146 1.241 0.286 1247.679 0.02633
0.05735 -0.02579 0.10100 0.11897 0.61258 1.315 0.291 1247.708 0.02635
0.05741 -0.02581 0.10109 0.11909 0.61370 0.758 0.242 1247.738 0.02638
0.05746 -0.02584 0.10119 0.11920 0.61483 1.499 0.306 1247.768 0.02640
0.05752 -0.02586 0.10129 0.11931 0.61595 1.090 0.273 1247.798 0.02643
0.05757 -0.02589 0.10138 0.11943 0.61707 0.942 0.260 1247.828 0.02645
0.05763 -0.02591 0.10148 0.11954 0.61820 1.089 0.273 1247.858 0.02648
0.05768 -0.02594 0.10157 0.11965 0.61932 1.088 0.273 1247.888 0.02650
0.05773 -0.02596 0.10167 0.11977 0.62044 0.867 0.252 1247.918 0.02653
0.05779 -0.02598 0.10177 0.11988 0.62156 1.309 0.291 1247.947 0.02655
0.05784 -0.02601 0.10186 0.11999 0.62269 1.235 0.285 1247.977 0.02658
0.05790 -0.02603 0.10196 0.12011 0.62381 0.864 0.253 1248.007 0.02660
0.05795 -0.02606 0.10205 0.12022 0.62493 1.270 0.287 1248.037 0.02662
0.05801 -0.02608 0.10215 0.12033 0.62606 0.863 0.251 1248.067 0.02665
0.05806 -0.02611 0.10225 0.12045 0.62718 1.012 0.266 1248.097 0.02667
0.05812 -0.02613 0.10234 0.12056 0.62830 1.084 0.272 1248.127 0.02670
0.05817 -0.02616 0.10244 0.12067 0.62943 1.047 0.268 1248.157 0.02672
0.05823 -0.02618 0.10253 0.12078 0.63055 1.010 0.265 1248.187 0.02675
0.05828 -0.02621 0.10263 0.12090 0.63167 1.196 0.280 1248.216 0.02677
0.05833 -0.02623 0.10273 0.12101 0.63280 1.083 0.272 1248.246 0.02680
0.05839 -0.02625 0.10282 0.12112 0.63392 1.048 0.268 1248.276 0.02682
0.05844 -0.02628 0.10292 0.12124 0.63504 1.304 0.290 1248.306 0.02685
0.05850 -0.02630 0.10302 0.12135 0.63617 1.156 0.277 1248.336 0.02687
0.05855 -0.02633 0.10311 0.12146 0.63729 1.044 0.268 1248.366 0.02690
0.05861 -0.02635 0.10321 0.12158 0.63841 1.156 0.278 1248.396 0.02692
0.05866 -0.02638 0.10330 0.12169 0.63954 1.413 0.298 1248.426 0.02694
0.05872 -0.02640 0.10340 0.12180 0.64066 1.157 0.277 1248.455 0.02697
0.05877 -0.02643 0.10350 0.12192 0.64179 0.863 0.251 1248.485 0.02699
0.05883 -0.02645 0.10359 0.12203 0.64291 1.120 0.274 1248.515 0.02702
0.05888 -0.02648 0.10369 0.12214 0.64403 0.752 0.240 1248.545 0.02704
0.05893 -0.02650 0.10378 0.12226 0.64516 1.010 0.264 1248.575 0.02707
0.05899 -0.02652 0.10388 0.12237 0.64628 0.899 0.253 1248.605 0.02709
0.05904 -0.02655 0.10398 0.12248 0.64741 1.342 0.291 1248.635 0.02712
0.05910 -0.02657 0.10407 0.12260 0.64853 0.938 0.258 1248.665 0.02714
0.05915 -0.02660 0.10417 0.12271 0.64965 0.974 0.261 1248.694 0.02717
0.05921 -0.02662 0.10426 0.12282 0.65078 0.974 0.261 1248.724 0.02719
0.05926 -0.02665 0.10436 0.12294 0.65190 0.720 0.236 1248.754 0.02721
0.05932 -0.02667 0.10446 0.12305 0.65303 0.977 0.260 1248.784 0.02724
0.05937 -0.02670 0.10455 0.12316 0.65415 0.977 0.260 1248.814 0.02726
0.05943 -0.02672 0.10465 0.12328 0.65527 0.867 0.250 1248.844 0.02729
0.05948 -0.02675 0.10475 0.12339 0.65640 1.161 0.276 1248.874 0.02731
0.05954 -0.02677 0.10484 0.12350 0.65752 1.161 0.276 1248.904 0.02734
0.05959 -0.02679 0.10494 0.12362 0.65865 1.160 0.276 1248.933 0.02736
0.05964 -0.02682 0.10503 0.12373 0.65977 1.271 0.284 1248.963 0.02739
0.05970 -0.02684 0.10513 0.12384 0.66090 0.685 0.231 1248.993 0.02741
0.05975 -0.02687 0.10523 0.12396 0.66202 1.051 0.266 1249.023 0.02744
0.05981 -0.02689 0.10532 0.12407 0.66314 1.013 0.263 1249.053 0.02746
0.05986 -0.02692 0.10542 0.12418 0.66427 1.046 0.266 1249.083 0.02749
0.05992 -0.02694 0.10551 0.12430 0.66539 1.194 0.279 1249.113 0.02751
0.05997 -0.02697 0.10561 0.12441 0.66652 0.828 0.245 1249.143 0.02753
0.06003 -0.02699 0.10571 0.12452 0.66764 1.231 0.281 1249.173 0.02756
0.06008 -0.02702 0.10580 0.12464 0.66877 1.265 0.284 1249.202 0.02758
0.06014 -0.02704 0.10590 0.12475 0.66989 0.972 0.259 1249.232 0.02761
0.06019 -0.02706 0.10600 0.12486 0.67102 0.935 0.255 1249.262 0.02763
0.06025 -0.02709 0.10609 0.12498 0.67214 1.046 0.265 1249.292 0.02766
0.06030 -0.02711 0.10619 0.12509 0.67327 1.193 0.278 1249.322 0.02768
0.06035 -0.02714 0.10628 0.12520 0.67439 0.869 0.248 1249.352 0.02771
0.06041 -0.02716 0.10638 0.12532 0.67552 1.118 0.269 1249.382 0.02773
0.06046 -0.02719 0.10648 0.12543 0.67664 1.479 0.297 1249.412 0.02776
0.06052 -0.02721 0.10657 0.12554 0.67777 1.003 0.259 1249.441 0.02778
0.06057 -0.02724 0.10667 0.12566 0.67889 1.330 0.285 1249.471 0.02780
0.06063 -0.02726 0.10677 0.12577 0.68002 1.163 0.274 1249.501 0.02783
0.06068 -0.02729 0.10686 0.12588 0.68114 1.011 0.256 1249.531 0.02785
0.06074 -0.02731 0.10696 0.12600 0.68227 1.076 0.264 1249.561 0.02788
0.06079 -0.02733 0.10705 0.12611 0.68339 1.328 0.286 1249.591 0.02790
0.06085 -0.02736 0.10715 0.12622 0.68452 0.992 0.257 1249.621 0.02793
0.06090 -0.02738 0.10725 0.12634 0.68564 1.015 0.258 1249.651 0.02795
0.06096 -0.02741 0.10734 0.12645 0.68677 1.195 0.277 1249.680 0.02798
0.06101 -0.02743 0.10744 0.12656 0.68789 1.085 0.267 1249.710 0.02800
0.06106 -0.02746 0.10754 0.12668 0.68902 0.793 0.237 1249.740 0.02803
0.06112 -0.02748 0.10763 0.12679 0.69014 0.988 0.254 1249.770 0.02805
0.06117 -0.02751 0.10773 0.12690 0.69127 0.863 0.244 1249.800 0.02808
0.06123 -0.02753 0.10782 0.12702 0.69240 1.458 0.296 1249.830 0.02810
0.06128 -0.02756 0.10792 0.12713 0.69352 0.936 0.254 1249.860 0.02812
0.06134 -0.02758 0.10802 0.12724 0.69465 1.042 0.263 1249.890 0.02815
0.06139 -0.02761 0.10811 0.12736 0.69577 0.931 0.253 1249.919 0.02817
0.06145 -0.02763 0.10821 0.12747 0.69690 0.785 0.240 1249.949 0.02820
0.06150 -0.02765 0.10831 0.12758 0.69802 0.930 0.253 1249.979 0.02822
0.06156 -0.02768 0.10840 0.12770 0.69915 1.402 0.293 1250.009 0.02825
0.06161 -0.02770 0.10850 0.12781 0.70027 1.292 0.283 1250.039 0.02827
0.06167 -0.02773 0.10859 0.12792 0.70140 0.896 0.250 1250.069 0.02830
0.06172 -0.02775 0.10869 0.12804 0.70253 0.969 0.256 1250.099 0.02832
0.06178 -0.02778 0.10879 0.12815 0.70365 1.040 0.262 1250.129 0.02835
0.06183 -0.02780 0.10888 0.12826 0.70478 0.896 0.250 1250.158 0.02837
0.06188 -0.02783 0.10898 0.12838 0.70590 1.078 0.266 1250.188 0.02839
0.06194 -0.02785 0.10908 0.12849 0.70703 1.295 0.283 1250.218 0.02842
0.06199 -0.02788 0.10917 0.12860 0.70816 1.076 0.266 1250.248 0.02844
0.06205 -0.02790 0.10927 0.12872 0.70928 0.965 0.256 1250.278 0.02847
0.06210 -0.02792 0.10936 0.12883 0.71041 1.143 0.272 1250.308 0.02849
0.06216 -0.02795 0.10946 0.12894 0.71153 0.891 0.249 1250.338 0.02852
0.06221 -0.02797 0.10956 0.12906 0.71266 0.779 0.238 1250.368 0.02854
0.06227 -0.02800 0.10965 0.12917 0.71379 1.032 0.262 1250.398 0.02857
0.06232 -0.02802 0.10975 0.12928 0.71491 0.886 0.249 1250.427 0.02859
0.06238 -0.02805 0.10985 0.12940 0.71604 0.958 0.255 1250.457 0.02862
0.06243 -0.02807 0.10994 0.12951 0.71717 1.173 0.273 1250.487 0.02864
0.06249 -0.02810 0.11004 0.12962 0.71829 1.064 0.265 1250.517 0.02866
0.06254 -0.02812 0.11014 0.12974 0.71942 0.776 0.239 1250.547 0.02869
0.06260 -0.02815 0.11023 0.12985 0.72055 0.848 0.245 1250.577 0.02871
0.06265 -0.02817 0.11033 0.12997 0.72167 0.666 0.227 1250.607 0.02874
0.06271 -0.02820 0.11042 0.13008 0.72280 0.595 0.217 1250.637 0.02876
0.06276 -0.02822 0.11052 0.13019 0.72393 0.413 0.196 1250.666 0.02879
0.06281 -0.02824 0.11062 0.13031 0.72505 0.414 0.198 1250.696 0.02881
0.06287 -0.02827 0.11071 0.13042 0.72618 0.271 0.177 1250.726 0.02884
0.06292 -0.02829 0.11081 0.13053 0.72731 0.340 0.188 1250.756 0.02886
0.06298 -0.02832 0.11091 0.13065 0.72843 0.484 0.206 1250.786 0.02889
0.06303 -0.02834 0.11100 0.13076 0.72956 0.412 0.197 1250.816 0.02891
0.06309 -0.02837 0.11110 0.13087 0.73069 0.303 0.183 1250.846 0.02894
0.06314 -0.02839 0.11120 0.13099 0.73181 0.554 0.214 1250.876 0.02896
0.06320 -0.02842 0.11129 0.13110 0.73294 0.770 0.237 1250.905 0.02898
0.06325 -0.02844 0.11139 0.13121 0.73407 0.411 0.197 1250.935 0.02901
0.06331 -0.02847 0.11148 0.13133 0.73519 0.732 0.233 1250.965 0.02903
0.06336 -0.02849 0.11158 0.13144 0.73632 0.944 0.253 1250.995 0.02906
0.06342 -0.02852 0.11168 0.13155 0.73745 0.728 0.234 1251.025 0.02908
0.06347 -0.02854 0.11177 0.13167 0.73858 1.085 0.266 1251.055 0.02911
0.06353 -0.02856 0.11187 0.13178 0.73970 0.977 0.257 1251.085 0.02913
0.06358 -0.02859 0.11197 0.13190 0.74083 1.155 0.272 1251.115 0.02916
0.06364 -0.02861 0.11206 0.13201 0.74196 1.045 0.263 1251.144 0.02918
0.06369 -0.02864 0.11216 0.13212 0.74308 0.723 0.228 1251.174 0.02921
0.06375 -0.02866 0.11226 0.13224 0.74421 0.759 0.233 1251.204 0.02923
0.06380 -0.02869 0.11235 0.13235 0.74534 0.723 0.233 1251.234 0.02925
0.06385 -0.02871 0.11245 0.13246 0.74647 1.012 0.259 1251.264 0.02928
0.06391 -0.02874 0.11255 0.13258 0.74759 1.191 0.274 1251.294 0.02930
0.06396 -0.02876 0.11264 0.13269 0.74872 1.191 0.273 1251.324 0.02933
0.06402 -0.02879 0.11274 0.13280 0.74985 0.799 0.238 1251.354 0.02935
0.06407 -0.02881 0.11283 0.13292 0.75098 1.049 0.262 1251.384 0.02938
0.06413 -0.02884 0.11293 0.13303 0.75210 0.515 0.209 1251.413 0.02940
0.06418 -0.02886 0.11303 0.13315 0.75323 1.083 0.265 1251.443 0.02943
0.06424 -0.02888 0.11312 0.13326 0.75436 1.009 0.258 1251.473 0.02945
0.06429 -0.02891 0.11322 0.13337 0.75549 1.011 0.259 1251.503 0.02948
0.06435 -0.02893 0.11332 0.13349 0.75661 1.295 0.282 1251.533 0.02950
0.06440 -0.02896 0.11341 0.13360 0.75774 0.938 0.252 1251.563 0.02953
0.06446 -0.02898 0.11351 0.13371 0.75887 0.798 0.239 1251.593 0.02955
0.06451 -0.02901 0.11361 0.13383 0.76000 0.832 0.242 1251.623 0.02957
0.06457 -0.02903 0.11370 0.13394 0.76113 0.905 0.247 1251.652 0.02960
0.06462 -0.02906 0.11380 0.13405 0.76225 1.047 0.261 1251.682 0.02962
0.06468 -0.02908 0.11390 0.13417 0.76338 1.081 0.263 1251.712 0.02965
0.06473 -0.02911 0.11399 0.13428 0.76451 1.186 0.273 1251.742 0.02967
0.06479 -0.02913 0.11409 0.13439 0.76564 1.080 0.264 1251.772 0.02970
0.06484 -0.02916 0.11419 0.13451 0.76677 0.617 0.220 1251.802 0.02972
0.06490 -0.02918 0.11428 0.13462 0.76789 1.151 0.269 1251.832 0.02975
0.06495 -0.02920 0.11438 0.13474 0.76902 0.901 0.248 1251.862 0.02977
0.06501 -0.02923 0.11447 0.13485 0.77015 1.041 0.260 1251.891 0.02980
0.06506 -0.02925 0.11457 0.13496 0.77128 1.077 0.263 1251.921 0.02982
0.06511 -0.02928 0.11467 0.13508 0.77241 1.113 0.266 1251.951 0.02984
0.06517 -0.02930 0.11476 0.13519 0.77354 0.617 0.219 1251.981 0.02987
0.06522 -0.02933 0.11486 0.13530 0.77466 1.007 0.257 1252.011 0.02989
0.06528 -0.02935 0.11496 0.13542 0.77579 1.113 0.266 1252.041 0.02992
0.06533 -0.02938 0.11505 0.13553 0.77692 1.079 0.263 1252.071 0.02994
0.06539 -0.02940 0.11515 0.13565 0.77805 1.114 0.266 1252.101 0.02997
0.06544 -0.02943 0.11525 0.13576 0.77918 0.903 0.245 1252.130 0.02999
0.06550 -0.02945 0.11534 0.13587 0.78031 1.328 0.282 1252.160 0.03002
0.06555 -0.02948 0.11544 0.13599 0.78144 0.760 0.232 1252.190 0.03004
0.06561 -0.02950 0.11554 0.13610 0.78256 1.076 0.261 1252.220 0.03007
0.06566 -0.02953 0.11563 0.13621 0.78369 1.637 0.305 1252.250 0.03009
0.06572 -0.02955 0.11573 0.13633 0.78482 0.827 0.232 1252.280 0.03011
0.06577 -0.02957 0.11583 0.13644 0.78595 0.897 0.246 1252.310 0.03014
0.06583 -0.02960 0.11592 0.13656 0.78708 0.684 0.225 1252.340 0.03016
0.06588 -0.02962 0.11602 0.13667 0.78821 0.891 0.246 1252.370 0.03019
0.06594 -0.02965 0.11612 0.13678 0.78934 0.893 0.246 1252.399 0.03021
0.06599 -0.02967 0.11621 0.13690 0.79047 0.775 0.232 1252.429 0.03024
0.06605 -0.02970 0.11631 0.13701 0.79160 0.917 0.243 1252.459 0.03026
0.06610 -0.02972 0.11641 0.13712 0.79272 0.790 0.232 1252.489 0.03029
0.06616 -0.02975 0.11650 0.13724 0.79385 0.646 0.214 1252.519 0.03031
0.06621 -0.02977 0.11660 0.13735 0.79498 0.386 0.182 1252.549 0.03034
0.06627 -0.02980 0.11669 0.13747 0.79611 0.398 0.188 1252.579 0.03036
0.06632 -0.02982 0.11679 0.13758 0.79724 0.404 0.188 1252.609 0.03039
0.06638 -0.02985 0.11689 0.13769 0.79837 0.157 0.150 1252.638 0.03041
0.06643 -0.02987 0.11698 0.13781 0.79950 0.198 0.157 1252.668 0.03043
0.06649 -0.02990 0.11708 0.13792 0.80063 0.236 0.162 1252.698 0.03046
0.06654 -0.02992 0.11718 0.13803 0.80176 0.462 0.196 1252.728 0.03048
0.06659 -0.02994 0.11727 0.13815 0.80289 0.672 0.221 1252.758 0.03051
0.06665 -0.02997 0.11737 0.13826 0.80402 0.390 0.188 1252.788 0.03053
0.06670 -0.02999 0.11747 0.13838 0.80515 0.888 0.241 1252.818 0.03056
0.06676 -0.03002 0.11756 0.13849 0.80628 0.702 0.220 1252.848 0.03058
0.06681 -0.03004 0.11766 0.13860 0.80741 0.627 0.217 1252.877 0.03061
0.06687 -0.03007 0.11776 0.13872 0.80853 0.609 0.217 1252.907 0.03063
0.06692 -0.03009 0.11785 0.13883 0.80966 0.364 0.188 1252.937 0.03066
0.06698 -0.03012 0.11795 0.13894 0.81079 0.366 0.187 1252.967 0.03068
0.06703 -0.03014 0.11805 0.13906 0.81192 0.228 0.168 1252.997 0.03070
0.06709 -0.03017 0.11814 0.13917 0.81305 0.052 0.137 1253.027 0.03073
0.06714 -0.03019 0.11824 0.13929 0.81418 0.085 0.143 1253.057 0.03075
0.06720 -0.03022 0.11834 0.13940 0.81531 0.156 0.148 1253.087 0.03078
0.06725 -0.03024 0.11843 0.13951 0.81644 0.085 0.128 1253.116 0.03080
0.06731 -0.03027 0.11853 0.13963 0.81757 0.013 0.119 1253.146 0.03083
0.06736 -0.03029 0.11863 0.13974 0.81870 0.014 0.109 1253.176 0.03085
0.06742 -0.03031 0.11872 0.13986 0.81983 0.190 0.160 1253.206 0.03088
0.06747 -0.03034 0.11882 0.13997 0.82096 0.331 0.182 1253.236 0.03090
0.06753 -0.03036 0.11892 0.14008 0.82209 0.538 0.207 1253.266 0.03093
0.06758 -0.03039 0.11901 0.14020 0.82322 0.710 0.225 1253.296 0.03095
0.06764 -0.03041 0.11911 0.14031 0.82435 1.060 0.258 1253.326 0.03098
0.06769 -0.03044 0.11921 0.14042 0.82548 0.886 0.243 1253.356 0.03100
0.06775 -0.03046 0.11930 0.14054 0.82661 0.679 0.223 1253.385 0.03102
0.06780 -0.03049 0.11940 0.14065 0.82774 0.469 0.200 1253.415 0.03105
0.06786 -0.03051 0.11950 0.14077 0.82887 0.817 0.236 1253.445 0.03107
0.06791 -0.03054 0.11959 0.14088 0.83000 0.852 0.239 1253.475 0.03110
0.06797 -0.03056 0.11969 0.14099 0.83113 1.163 0.266 1253.505 0.03112
0.06802 -0.03059 0.11979 0.14111 0.83227 1.129 0.263 1253.535 0.03115
0.06808 -0.03061 0.11988 0.14122 0.83340 1.059 0.257 1253.565 0.03117
0.06813 -0.03064 0.11998 0.14134 0.83453 1.092 0.260 1253.595 0.03120
0.06819 -0.03066 0.12008 0.14145 0.83566 0.745 0.229 1253.624 0.03122
0.06824 -0.03068 0.12017 0.14156 0.83679 0.641 0.218 1253.654 0.03125
0.06830 -0.03071 0.12027 0.14168 0.83792 0.883 0.242 1253.684 0.03127
0.06835 -0.03073 0.12037 0.14179 0.83905 1.229 0.271 1253.714 0.03129
0.06841 -0.03076 0.12046 0.14190 0.84018 0.952 0.248 1253.744 0.03132
0.06846 -0.03078 0.12056 0.14202 0.84131 0.673 0.221 1253.774 0.03134
0.06852 -0.03081 0.12066 0.14213 0.84244 0.881 0.241 1253.804 0.03137
0.06857 -0.03083 0.12075 0.14225 0.84357 0.603 0.214 1253.834 0.03139
0.06863 -0.03086 0.12085 0.14236 0.84470 0.257 0.171 1253.863 0.03142
0.06868 -0.03088 0.12095 0.14247 0.84583 0.189 0.150 1253.893 0.03144
0.06874 -0.03091 0.12104 0.14259 0.84696 0.152 0.139 1253.923 0.03147
0.06879 -0.03093 0.12114 0.14270 0.84810 0.565 0.205 1253.953 0.03149
0.06885 -0.03096 0.12124 0.14282 0.84923 0.286 0.168 1253.983 0.03152
0.06890 -0.03098 0.12133 0.14293 0.85036 0.216 0.152 1254.013 0.03154
0.06896 -0.03101 0.12143 0.14304 0.85149 0.664 0.216 1254.043 0.03157
0.06901 -0.03103 0.12153 0.14316 0.85262 0.423 0.183 1254.073 0.03159
0.06907 -0.03106 0.12162 0.14327 0.85375 0.629 0.213 1254.102 0.03161
0.06912 -0.03108 0.12172 0.14339 0.85488 0.527 0.206 1254.132 0.03164
0.06918 -0.03110 0.12182 0.14350 0.85601 0.805 0.234 1254.162 0.03166
0.06923 -0.03113 0.12191 0.14361 0.85714 0.977 0.249 1254.192 0.03169
0.06929 -0.03115 0.12201 0.14373 0.85828 0.804 0.233 1254.222 0.03171
0.06934 -0.03118 0.12211 0.14384 0.85941 1.251 0.271 1254.252 0.03174
0.06939 -0.03120 0.12221 0.14396 0.86054 0.906 0.243 1254.282 0.03176
0.06945 -0.03123 0.12230 0.14407 0.86167 1.111 0.260 1254.312 0.03179
0.06950 -0.03125 0.12240 0.14418 0.86280 0.873 0.240 1254.342 0.03181
0.06956 -0.03128 0.12250 0.14430 0.86393 0.735 0.226 1254.371 0.03184
0.06961 -0.03130 0.12259 0.14441 0.86506 0.941 0.245 1254.401 0.03186
0.06967 -0.03133 0.12269 0.14453 0.86620 1.355 0.278 1254.431 0.03188
0.06972 -0.03135 0.12279 0.14464 0.86733 0.874 0.239 1254.461 0.03191
0.06978 -0.03138 0.12288 0.14475 0.86846 1.010 0.251 1254.491 0.03193
0.06983 -0.03140 0.12298 0.14487 0.86959 0.871 0.239 1254.521 0.03196
0.06989 -0.03143 0.12308 0.14498 0.87072 1.076 0.257 1254.551 0.03198
0.06994 -0.03145 0.12317 0.14510 0.87185 1.214 0.268 1254.581 0.03201
0.07000 -0.03148 0.12327 0.14521 0.87299 0.973 0.247 1254.610 0.03203
0.07005 -0.03150 0.12337 0.14532 0.87412 0.937 0.244 1254.640 0.03206
0.07011 -0.03152 0.12346 0.14544 0.87525 0.936 0.244 1254.670 0.03208
0.07016 -0.03155 0.12356 0.14555 0.87638 0.867 0.238 1254.700 0.03211
0.07022 -0.03157 0.12366 0.14567 0.87751 0.695 0.222 1254.730 0.03213
0.07027 -0.03160 0.12375 0.14578 0.87865 1.037 0.253 1254.760 0.03215
0.07033 -0.03162 0.12385 0.14589 0.87978 1.004 0.250 1254.790 0.03218
0.07038 -0.03165 0.12395 0.14601 0.88091 1.071 0.256 1254.820 0.03220
0.07044 -0.03167 0.12404 0.14612 0.88204 0.732 0.225 1254.849 0.03223
0.07049 -0.03170 0.12414 0.14624 0.88317 0.969 0.246 1254.879 0.03225
0.07055 -0.03172 0.12424 0.14635 0.88431 1.310 0.274 1254.909 0.03228
0.07060 -0.03175 0.12433 0.14646 0.88544 1.106 0.258 1254.939 0.03230
0.07066 -0.03177 0.12443 0.14658 0.88657 0.801 0.230 1254.969 0.03233
0.07071 -0.03180 0.12453 0.14669 0.88770 1.142 0.260 1254.999 0.03235
0.07077 -0.03182 0.12463 0.14681 0.88884 1.143 0.261 1255.029 0.03238
0.07082 -0.03185 0.12472 0.14692 0.88997 0.836 0.234 1255.059 0.03240
0.07088 -0.03187 0.12482 0.14704 0.89110 1.005 0.249 1255.088 0.03243
0.07093 -0.03190 0.12492 0.14715 0.89223 0.802 0.231 1255.118 0.03245
0.07099 -0.03192 0.12501 0.14726 0.89337 1.142 0.260 1255.148 0.03247
0.07104 -0.03194 0.12511 0.14738 0.89450 0.868 0.236 1255.178 0.03250
0.07110 -0.03197 0.12521 0.14749 0.89563 0.732 0.224 1255.208 0.03252
0.07115 -0.03199 0.12530 0.14761 0.89676 1.309 0.273 1255.238 0.03255
0.07121 -0.03202 0.12540 0.14772 0.89790 1.105 0.257 1255.268 0.03257
0.07126 -0.03204 0.12550 0.14783 0.89903 0.970 0.245 1255.298 0.03260
0.07132 -0.03207 0.12559 0.14795 0.90016 1.173 0.262 1255.328 0.03262
0.07137 -0.03209 0.12569 0.14806 0.90129 0.869 0.236 1255.357 0.03265
0.07143 -0.03212 0.12579 0.14818 0.90243 1.003 0.248 1255.387 0.03267
0.07148 -0.03214 0.12588 0.14829 0.90356 0.874 0.235 1255.417 0.03270
0.07154 -0.03217 0.12598 0.14840 0.90469 0.776 0.226 1255.447 0.03272
0.07159 -0.03219 0.12608 0.14852 0.90583 1.048 0.250 1255.477 0.03274
0.07165 -0.03222 0.12618 0.14863 0.90696 0.714 0.219 1255.507 0.03277
0.07170 -0.03224 0.12627 0.14875 0.90809 0.889 0.233 1255.537 0.03279
0.07176 -0.03227 0.12637 0.14886 0.90923 0.979 0.244 1255.567 0.03282
0.07181 -0.03229 0.12647 0.14898 0.91036 0.828 0.229 1255.596 0.03284
0.07187 -0.03232 0.12656 0.14909 0.91149 1.032 0.249 1255.626 0.03287
0.07192 -0.03234 0.12666 0.14920 0.91263 0.890 0.235 1255.656 0.03289
0.07198 -0.03237 0.12676 0.14932 0.91376 0.869 0.231 1255.686 0.03292
0.07203 -0.03239 0.12685 0.14943 0.91489 1.261 0.268 1255.716 0.03294
0.07209 -0.03242 0.12695 0.14955 0.91603 1.180 0.258 1255.746 0.03297
0.07214 -0.03244 0.12705 0.14966 0.91716 0.910 0.235 1255.776 0.03299
0.07220 -0.03246 0.12714 0.14977 0.91829 0.871 0.233 1255.806 0.03302
0.07225 -0.03249 0.12724 0.14989 0.91943 0.829 0.231 1255.835 0.03304
0.07231 -0.03251 0.12734 0.15000 0.92056 0.994 0.243 1255.865 0.03306
0.07237 -0.03254 0.12744 0.15012 0.92169 0.770 0.224 1255.895 0.03309
0.07242 -0.03256 0.12753 0.15023 0.92283 1.138 0.257 1255.925 0.03311
0.07248 -0.03259 0.12763 0.15035 0.92396 1.330 0.272 1255.955 0.03314
0.07253 -0.03261 0.12773 0.15046 0.92509 0.558 0.204 1255.985 0.03316
0.07259 -0.03264 0.12782 0.15057 0.92623 0.791 0.227 1256.015 0.03319
0.07264 -0.03266 0.12792 0.15069 0.92736 1.025 0.248 1256.045 0.03321
0.07270 -0.03269 0.12802 0.15080 0.92849 0.891 0.237 1256.074 0.03324
0.07275 -0.03271 0.12811 0.15092 0.92963 1.092 0.254 1256.104 0.03326
0.07281 -0.03274 0.12821 0.15103 0.93076 0.757 0.224 1256.134 0.03329
0.07286 -0.03276 0.12831 0.15115 0.93190 0.722 0.221 1256.164 0.03331
0.07292 -0.03279 0.12840 0.15126 0.93303 1.089 0.253 1256.194 0.03333
0.07297 -0.03281 0.12850 0.15137 0.93416 0.887 0.235 1256.224 0.03336
0.07303 -0.03284 0.12860 0.15149 0.93530 1.088 0.253 1256.254 0.03338
0.07308 -0.03286 0.12870 0.15160 0.93643 1.020 0.247 1256.284 0.03341
0.07314 -0.03289 0.12879 0.15172 0.93757 1.017 0.247 1256.314 0.03343
0.07319 -0.03291 0.12889 0.15183 0.93870 0.949 0.241 1256.343 0.03346
0.07325 -0.03293 0.12899 0.15195 0.93983 1.050 0.250 1256.373 0.03348
0.07330 -0.03296 0.12908 0.15206 0.94097 0.784 0.226 1256.403 0.03351
0.07336 -0.03298 0.12918 0.15217 0.94210 1.050 0.250 1256.433 0.03353
0.07341 -0.03301 0.12928 0.15229 0.94324 0.750 0.223 1256.463 0.03356
0.07347 -0.03303 0.12937 0.15240 0.94437 1.015 0.247 1256.493 0.03358
0.07352 -0.03306 0.12947 0.15252 0.94551 1.180 0.260 1256.523 0.03361
0.07358 -0.03308 0.12957 0.15263 0.94664 1.315 0.270 1256.553 0.03363
0.07363 -0.03311 0.12967 0.15275 0.94777 0.751 0.222 1256.582 0.03365
0.07369 -0.03313 0.12976 0.15286 0.94891 1.149 0.257 1256.612 0.03368
0.07374 -0.03316 0.12986 0.15297 0.95004 0.848 0.232 1256.642 0.03370
0.07380 -0.03318 0.12996 0.15309 0.95118 0.849 0.231 1256.672 0.03373
0.07385 -0.03321 0.13005 0.15320 0.95231 1.015 0.246 1256.702 0.03375
0.07391 -0.03323 0.13015 0.15332 0.95345 1.247 0.264 1256.732 0.03378
0.07396 -0.03326 0.13025 0.15343 0.95458 1.081 0.251 1256.762 0.03380
0.07402 -0.03328 0.13035 0.15355 0.95572 1.147 0.256 1256.792 0.03383
0.07407 -0.03331 0.13044 0.15366 0.95685 1.081 0.251 1256.821 0.03385
0.07413 -0.03333 0.13054 0.15377 0.95799 0.913 0.237 1256.851 0.03388
0.07418 -0.03336 0.13064 0.15389 0.95912 0.515 0.197 1256.881 0.03390
0.07424 -0.03338 0.13073 0.15400 0.96026 0.712 0.218 1256.911 0.03392
0.07429 -0.03341 0.13083 0.15412 0.96139 0.910 0.236 1256.941 0.03395
0.07435 -0.03343 0.13093 0.15423 0.96253 0.844 0.230 1256.971 0.03397
0.07440 -0.03346 0.13102 0.15435 0.96366 0.811 0.227 1257.001 0.03400
0.07446 -0.03348 0.13112 0.15446 0.96480 1.337 0.270 1257.031 0.03402
0.07451 -0.03350 0.13122 0.15457 0.96593 1.338 0.270 1257.060 0.03405
0.07457 -0.03353 0.13132 0.15469 0.96707 1.073 0.250 1257.090 0.03407
0.07462 -0.03355 0.13141 0.15480 0.96820 1.699 0.295 1257.120 0.03410
0.07468 -0.03358 0.13151 0.15492 0.96934 1.302 0.267 1257.150 0.03412
0.07473 -0.03360 0.13161 0.15503 0.97047 1.040 0.246 1257.180 0.03415
0.07479 -0.03363 0.13170 0.15515 0.97161 0.909 0.235 1257.210 0.03417
0.07484 -0.03365 0.13180 0.15526 0.97274 0.777 0.223 1257.240 0.03419
0.07490 -0.03368 0.13190 0.15537 0.97388 0.778 0.223 1257.270 0.03422
0.07495 -0.03370 0.13200 0.15549 0.97501 0.613 0.207 1257.300 0.03424
0.07501 -0.03373 0.13209 0.15560 0.97615 0.907 0.234 1257.329 0.03427
0.07506 -0.03375 0.13219 0.15572 0.97728 1.069 0.248 1257.359 0.03429
0.07512 -0.03378 0.13229 0.15583 0.97842 0.971 0.240 1257.389 0.03432
0.07518 -0.03380 0.13238 0.15595 0.97955 1.791 0.300 1257.419 0.03434
0.07523 -0.03383 0.13248 0.15606 0.98069 1.398 0.273 1257.449 0.03437
0.07529 -0.03385 0.13258 0.15618 0.98183 1.232 0.261 1257.479 0.03439
0.07534 -0.03388 0.13268 0.15629 0.98296 1.297 0.266 1257.509 0.03442
0.07540 -0.03390 0.13277 0.15640 0.98410 1.067 0.248 1257.539 0.03444
0.07545 -0.03393 0.13287 0.15652 0.98523 0.935 0.237 1257.568 0.03447
0.07551 -0.03395 0.13297 0.15663 0.98637 0.737 0.219 1257.598 0.03449
0.07556 -0.03398 0.13306 0.15675 0.98750 0.770 0.221 1257.628 0.03451
0.07562 -0.03400 0.13316 0.15686 0.98864 0.707 0.216 1257.658 0.03454
0.07567 -0.03403 0.13326 0.15698 0.98978 0.282 0.166 1257.688 0.03456
0.07573 -0.03405 0.13336 0.15709 0.99091 0.607 0.206 1257.718 0.03459
0.07578 -0.03408 0.13345 0.15721 0.99205 0.943 0.236 1257.748 0.03461
0.07584 -0.03410 0.13355 0.15732 0.99318 1.243 0.258 1257.778 0.03464
0.07589 -0.03412 0.13365 0.15743 0.99432 1.726 0.295 1257.807 0.03466
0.07595 -0.03415 0.13374 0.15755 0.99546 1.654 0.289 1257.837 0.03469
0.07600 -0.03417 0.13384 0.15766 0.99659 1.798 0.298 1257.867 0.03471
0.07606 -0.03420 0.13394 0.15778 0.99773 2.039 0.291 1257.897 0.03474
0.07611 -0.03422 0.13404 0.15789 0.99886 1.487 0.276 1257.927 0.03476
0.07617 -0.03425 0.13413 0.15801 1.00000 1.652 0.289 1257.957 0.03478
