x y z dist_scaled dist_frac flux_norm sig_norm wavelength redshift
0.02248 -0.01177 0.05133 0.05726 0.00000 0.940 0.091 1231.245 0.01281
0.02252 -0.01179 0.05143 0.05737 0.00110 1.193 0.102 1231.275 0.01284
0.02256 -0.01181 0.05153 0.05748 0.00220 1.168 0.101 1231.305 0.01286
0.02261 -0.01184 0.05163 0.05759 0.00330 1.055 0.096 1231.335 0.01289
0.02265 -0.01186 0.05173 0.05770 0.00440 1.135 0.100 1231.365 0.01291
0.02269 -0.01188 0.05183 0.05781 0.00550 1.127 0.099 1231.395 0.01293
0.02274 -0.01190 0.05193 0.05792 0.00661 1.047 0.096 1231.425 0.01296
0.02278 -0.01193 0.05202 0.05803 0.00771 1.037 0.095 1231.454 0.01298
0.02283 -0.01195 0.05212 0.05814 0.00881 0.871 0.093 1231.484 0.01301
0.02287 -0.01197 0.05222 0.05826 0.00991 1.126 0.099 1231.514 0.01303
0.02291 -0.01200 0.05232 0.05837 0.01101 0.861 0.097 1231.544 0.01306
0.02296 -0.01202 0.05242 0.05848 0.01211 0.845 0.092 1231.574 0.01308
0.02300 -0.01204 0.05252 0.05859 0.01321 0.976 0.098 1231.604 0.01311
0.02304 -0.01206 0.05262 0.05870 0.01431 0.914 0.095 1231.634 0.01313
0.02309 -0.01209 0.05272 0.05881 0.01541 1.132 0.100 1231.664 0.01316
0.02313 -0.01211 0.05282 0.05892 0.01652 1.139 0.100 1231.693 0.01318
0.02317 -0.01213 0.05292 0.05903 0.01762 0.941 0.091 1231.723 0.01321
0.02322 -0.01216 0.05302 0.05914 0.01872 0.898 0.094 1231.753 0.01323
0.02326 -0.01218 0.05312 0.05925 0.01982 0.994 0.093 1231.783 0.01325
0.02330 -0.01220 0.05322 0.05936 0.02092 0.791 0.094 1231.813 0.01328
0.02335 -0.01222 0.05332 0.05948 0.02202 0.966 0.092 1231.843 0.01330
0.02339 -0.01225 0.05342 0.05959 0.02312 0.853 0.092 1231.873 0.01333
0.02344 -0.01227 0.05352 0.05970 0.02423 1.003 0.094 1231.903 0.01335
0.02348 -0.01229 0.05362 0.05981 0.02533 1.020 0.095 1231.932 0.01338
0.02352 -0.01232 0.05372 0.05992 0.02643 0.905 0.089 1231.962 0.01340
0.02357 -0.01234 0.05382 0.06003 0.02753 0.801 0.095 1231.992 0.01343
0.02361 -0.01236 0.05392 0.06014 0.02863 0.870 0.098 1232.022 0.01345
0.02365 -0.01238 0.05401 0.06025 0.02973 0.985 0.093 1232.052 0.01348
0.02370 -0.01241 0.05411 0.06036 0.03084 1.124 0.099 1232.082 0.01350
0.02374 -0.01243 0.05421 0.06047 0.03194 0.905 0.089 1232.112 0.01352
0.02378 -0.01245 0.05431 0.06059 0.03304 0.941 0.101 1232.142 0.01355
0.02383 -0.01247 0.05441 0.06070 0.03414 0.926 0.095 1232.171 0.01357
0.02387 -0.01250 0.05451 0.06081 0.03524 1.040 0.095 1232.201 0.01360
0.02391 -0.01252 0.05461 0.06092 0.03635 0.899 0.094 1232.231 0.01362
0.02396 -0.01254 0.05471 0.06103 0.03745 0.996 0.093 1232.261 0.01365
0.02400 -0.01257 0.05481 0.06114 0.03855 0.958 0.092 1232.291 0.01367
0.02405 -0.01259 0.05491 0.06125 0.03965 0.880 0.088 1232.321 0.01370
0.02409 -0.01261 0.05501 0.06136 0.04075 1.003 0.099 1232.351 0.01372
0.02413 -0.01263 0.05511 0.06147 0.04186 0.854 0.092 1232.381 0.01375
0.02418 -0.01266 0.05521 0.06159 0.04296 0.986 0.093 1232.411 0.01377
0.02422 -0.01268 0.05531 0.06170 0.04406 0.942 0.096 1232.440 0.01380
0.02426 -0.01270 0.05541 0.06181 0.04516 1.074 0.097 1232.470 0.01382
0.02431 -0.01273 0.05551 0.06192 0.04627 0.863 0.087 1232.500 0.01384
0.02435 -0.01275 0.05561 0.06203 0.04737 0.969 0.092 1232.530 0.01387
0.02439 -0.01277 0.05571 0.06214 0.04847 1.224 0.104 1232.560 0.01389
0.02444 -0.01279 0.05581 0.06225 0.04957 0.900 0.089 1232.590 0.01392
0.02448 -0.01282 0.05591 0.06236 0.05068 1.015 0.099 1232.620 0.01394
0.02452 -0.01284 0.05601 0.06247 0.05178 0.777 0.093 1232.650 0.01397
0.02457 -0.01286 0.05611 0.06258 0.05288 0.874 0.093 1232.679 0.01399
0.02461 -0.01289 0.05620 0.06270 0.05398 1.041 0.095 1232.709 0.01402
0.02466 -0.01291 0.05630 0.06281 0.05509 0.989 0.093 1232.739 0.01404
0.02470 -0.01293 0.05640 0.06292 0.05619 1.093 0.098 1232.769 0.01407
0.02474 -0.01295 0.05650 0.06303 0.05729 0.935 0.090 1232.799 0.01409
0.02479 -0.01298 0.05660 0.06314 0.05840 0.882 0.093 1232.829 0.01411
0.02483 -0.01300 0.05670 0.06325 0.05950 0.856 0.092 1232.859 0.01414
0.02487 -0.01302 0.05680 0.06336 0.06060 1.067 0.097 1232.889 0.01416
0.02492 -0.01305 0.05690 0.06347 0.06170 1.092 0.098 1232.918 0.01419
0.02496 -0.01307 0.05700 0.06358 0.06281 1.030 0.095 1232.948 0.01421
0.02500 -0.01309 0.05710 0.06370 0.06391 0.939 0.091 1232.978 0.01424
0.02505 -0.01311 0.05720 0.06381 0.06501 0.966 0.092 1233.008 0.01426
0.02509 -0.01314 0.05730 0.06392 0.06612 0.940 0.091 1233.038 0.01429
0.02514 -0.01316 0.05740 0.06403 0.06722 1.214 0.103 1233.068 0.01431
0.02518 -0.01318 0.05750 0.06414 0.06832 0.947 0.091 1233.098 0.01434
0.02522 -0.01321 0.05760 0.06425 0.06943 1.035 0.095 1233.128 0.01436
0.02527 -0.01323 0.05770 0.06436 0.07053 1.135 0.100 1233.157 0.01439
0.02531 -0.01325 0.05780 0.06447 0.07163 1.071 0.097 1233.187 0.01441
0.02535 -0.01327 0.05790 0.06459 0.07274 0.913 0.095 1233.217 0.01443
0.02540 -0.01330 0.05800 0.06470 0.07384 1.112 0.099 1233.247 0.01446
0.02544 -0.01332 0.05810 0.06481 0.07494 1.034 0.095 1233.277 0.01448
0.02548 -0.01334 0.05820 0.06492 0.07605 1.009 0.094 1233.307 0.01451
0.02553 -0.01337 0.05830 0.06503 0.07715 0.997 0.093 1233.337 0.01453
0.02557 -0.01339 0.05840 0.06514 0.07825 0.938 0.095 1233.367 0.01456
0.02562 -0.01341 0.05850 0.06525 0.07936 0.875 0.087 1233.397 0.01458
0.02566 -0.01343 0.05860 0.06536 0.08046 1.021 0.094 1233.426 0.01461
0.02570 -0.01346 0.05870 0.06547 0.08156 0.815 0.090 1233.456 0.01463
0.02575 -0.01348 0.05880 0.06559 0.08267 0.993 0.093 1233.486 0.01466
0.02579 -0.01350 0.05890 0.06570 0.08377 1.001 0.094 1233.516 0.01468
0.02583 -0.01353 0.05899 0.06581 0.08488 0.956 0.097 1233.546 0.01470
0.02588 -0.01355 0.05909 0.06592 0.08598 1.219 0.103 1233.576 0.01473
0.02592 -0.01357 0.05919 0.06603 0.08708 1.063 0.096 1233.606 0.01475
0.02596 -0.01359 0.05929 0.06614 0.08819 1.238 0.104 1233.636 0.01478
0.02601 -0.01362 0.05939 0.06625 0.08929 0.965 0.092 1233.665 0.01480
0.02605 -0.01364 0.05949 0.06636 0.09040 0.983 0.093 1233.695 0.01483
0.02610 -0.01366 0.05959 0.06648 0.09150 1.053 0.096 1233.725 0.01485
0.02614 -0.01369 0.05969 0.06659 0.09260 1.062 0.096 1233.755 0.01488
0.02618 -0.01371 0.05979 0.06670 0.09371 0.992 0.093 1233.785 0.01490
0.02623 -0.01373 0.05989 0.06681 0.09481 1.001 0.098 1233.815 0.01493
0.02627 -0.01375 0.05999 0.06692 0.09592 1.018 0.094 1233.845 0.01495
0.02631 -0.01378 0.06009 0.06703 0.09702 0.915 0.094 1233.875 0.01497
0.02636 -0.01380 0.06019 0.06714 0.09813 0.951 0.091 1233.904 0.01500
0.02640 -0.01382 0.06029 0.06725 0.09923 1.083 0.097 1233.934 0.01502
0.02645 -0.01385 0.06039 0.06737 0.10033 0.977 0.092 1233.964 0.01505
0.02649 -0.01387 0.06049 0.06748 0.10144 1.031 0.095 1233.994 0.01507
0.02653 -0.01389 0.06059 0.06759 0.10254 1.082 0.097 1234.024 0.01510
0.02658 -0.01391 0.06069 0.06770 0.10365 0.916 0.094 1234.054 0.01512
0.02662 -0.01394 0.06079 0.06781 0.10475 1.126 0.099 1234.084 0.01515
0.02666 -0.01396 0.06089 0.06792 0.10586 1.064 0.096 1234.114 0.01517
0.02671 -0.01398 0.06099 0.06803 0.10696 0.933 0.090 1234.143 0.01520
0.02675 -0.01401 0.06109 0.06814 0.10807 1.075 0.097 1234.173 0.01522
0.02679 -0.01403 0.06119 0.06826 0.10917 0.925 0.090 1234.203 0.01525
0.02684 -0.01405 0.06129 0.06837 0.11028 0.960 0.092 1234.233 0.01527
0.02688 -0.01407 0.06139 0.06848 0.11138 1.056 0.096 1234.263 0.01529
0.02693 -0.01410 0.06149 0.06859 0.11248 0.878 0.093 1234.293 0.01532
0.02697 -0.01412 0.06159 0.06870 0.11359 0.966 0.097 1234.323 0.01534
0.02701 -0.01414 0.06169 0.06881 0.11469 0.984 0.093 1234.353 0.01537
0.02706 -0.01417 0.06179 0.06892 0.11580 0.869 0.092 1234.383 0.01539
0.02710 -0.01419 0.06189 0.06904 0.11690 1.212 0.103 1234.412 0.01542
0.02714 -0.01421 0.06199 0.06915 0.11801 1.195 0.102 1234.442 0.01544
0.02719 -0.01423 0.06209 0.06926 0.11911 0.948 0.091 1234.472 0.01547
0.02723 -0.01426 0.06219 0.06937 0.12022 0.886 0.093 1234.502 0.01549
0.02728 -0.01428 0.06229 0.06948 0.12132 0.976 0.097 1234.532 0.01552
0.02732 -0.01430 0.06239 0.06959 0.12243 0.975 0.092 1234.562 0.01554
0.02736 -0.01433 0.06249 0.06970 0.12354 1.178 0.101 1234.592 0.01556
0.02741 -0.01435 0.06259 0.06981 0.12464 0.801 0.094 1234.622 0.01559
0.02745 -0.01437 0.06269 0.06993 0.12575 1.030 0.095 1234.651 0.01561
0.02749 -0.01439 0.06279 0.07004 0.12685 0.941 0.091 1234.681 0.01564
0.02754 -0.01442 0.06289 0.07015 0.12796 0.890 0.093 1234.711 0.01566
0.02758 -0.01444 0.06299 0.07026 0.12906 0.837 0.091 1234.741 0.01569
0.02763 -0.01446 0.06309 0.07037 0.13017 1.039 0.095 1234.771 0.01571
0.02767 -0.01449 0.06319 0.07048 0.13127 1.039 0.095 1234.801 0.01574
0.02771 -0.01451 0.06329 0.07059 0.13238 1.039 0.095 1234.831 0.01576
0.02776 -0.01453 0.06339 0.07071 0.13348 0.757 0.087 1234.861 0.01579
0.02780 -0.01455 0.06348 0.07082 0.13459 1.010 0.099 1234.890 0.01581
0.02784 -0.01458 0.06358 0.07093 0.13570 0.976 0.092 1234.920 0.01584
0.02789 -0.01460 0.06368 0.07104 0.13680 1.055 0.096 1234.950 0.01586
0.02793 -0.01462 0.06378 0.07115 0.13791 0.915 0.089 1234.980 0.01588
0.02798 -0.01465 0.06388 0.07126 0.13901 0.983 0.093 1235.010 0.01591
0.02802 -0.01467 0.06398 0.07137 0.14012 0.836 0.090 1235.040 0.01593
0.02806 -0.01469 0.06408 0.07149 0.14122 0.924 0.090 1235.070 0.01596
0.02811 -0.01472 0.06418 0.07160 0.14233 0.863 0.087 1235.100 0.01598
0.02815 -0.01474 0.06428 0.07171 0.14344 0.941 0.090 1235.129 0.01601
0.02819 -0.01476 0.06438 0.07182 0.14454 1.010 0.094 1235.159 0.01603
0.02824 -0.01478 0.06448 0.07193 0.14565 0.914 0.089 1235.189 0.01606
0.02828 -0.01481 0.06458 0.07204 0.14675 0.878 0.092 1235.219 0.01608
0.02833 -0.01483 0.06468 0.07215 0.14786 0.872 0.092 1235.249 0.01611
0.02837 -0.01485 0.06478 0.07227 0.14897 0.759 0.092 1235.279 0.01613
0.02841 -0.01488 0.06488 0.07238 0.15007 0.881 0.092 1235.309 0.01615
0.02846 -0.01490 0.06498 0.07249 0.15118 0.978 0.092 1235.339 0.01618
0.02850 -0.01492 0.06508 0.07260 0.15228 0.951 0.091 1235.369 0.01620
0.02854 -0.01494 0.06518 0.07271 0.15339 0.943 0.091 1235.398 0.01623
0.02859 -0.01497 0.06528 0.07282 0.15450 1.083 0.097 1235.428 0.01625
0.02863 -0.01499 0.06538 0.07293 0.15560 0.900 0.088 1235.458 0.01628
0.02868 -0.01501 0.06548 0.07305 0.15671 1.154 0.100 1235.488 0.01630
0.02872 -0.01504 0.06558 0.07316 0.15782 1.145 0.100 1235.518 0.01633
0.02876 -0.01506 0.06568 0.07327 0.15892 1.083 0.097 1235.548 0.01635
0.02881 -0.01508 0.06578 0.07338 0.16003 0.968 0.096 1235.578 0.01638
0.02885 -0.01510 0.06588 0.07349 0.16114 0.958 0.091 1235.608 0.01640
0.02889 -0.01513 0.06598 0.07360 0.16224 1.001 0.093 1235.637 0.01643
0.02894 -0.01515 0.06608 0.07371 0.16335 1.203 0.102 1235.667 0.01645
0.02898 -0.01517 0.06618 0.07383 0.16446 1.149 0.100 1235.697 0.01647
0.02903 -0.01520 0.06628 0.07394 0.16556 1.080 0.097 1235.727 0.01650
0.02907 -0.01522 0.06638 0.07405 0.16667 1.026 0.094 1235.757 0.01652
0.02911 -0.01524 0.06648 0.07416 0.16778 0.859 0.086 1235.787 0.01655
0.02916 -0.01526 0.06658 0.07427 0.16888 0.981 0.092 1235.817 0.01657
0.02920 -0.01529 0.06668 0.07438 0.16999 1.007 0.098 1235.847 0.01660
0.02924 -0.01531 0.06678 0.07450 0.17110 1.069 0.096 1235.876 0.01662
0.02929 -0.01533 0.06688 0.07461 0.17220 1.072 0.096 1235.906 0.01665
0.02933 -0.01536 0.06698 0.07472 0.17331 0.958 0.091 1235.936 0.01667
0.02938 -0.01538 0.06708 0.07483 0.17442 0.919 0.089 1235.966 0.01670
0.02942 -0.01540 0.06718 0.07494 0.17553 1.285 0.106 1235.996 0.01672
0.02946 -0.01543 0.06728 0.07505 0.17663 1.108 0.098 1236.026 0.01674
0.02951 -0.01545 0.06738 0.07516 0.17774 1.105 0.098 1236.056 0.01677
0.02955 -0.01547 0.06748 0.07528 0.17885 0.950 0.091 1236.086 0.01679
0.02959 -0.01549 0.06758 0.07539 0.17995 1.091 0.097 1236.115 0.01682
0.02964 -0.01552 0.06768 0.07550 0.18106 1.074 0.097 1236.145 0.01684
0.02968 -0.01554 0.06778 0.07561 0.18217 0.878 0.092 1236.175 0.01687
0.02973 -0.01556 0.06788 0.07572 0.18328 0.890 0.093 1236.205 0.01689
0.02977 -0.01559 0.06798 0.07583 0.18438 0.858 0.092 1236.235 0.01692
0.02981 -0.01561 0.06808 0.07595 0.18549 0.929 0.095 1236.265 0.01694
0.02986 -0.01563 0.06818 0.07606 0.18660 1.054 0.096 1236.295 0.01697
0.02990 -0.01565 0.06828 0.07617 0.18771 0.876 0.093 1236.325 0.01699
0.02994 -0.01568 0.06838 0.07628 0.18881 1.055 0.096 1236.355 0.01701
0.02999 -0.01570 0.06848 0.07639 0.18992 0.949 0.091 1236.384 0.01704
0.03003 -0.01572 0.06858 0.07650 0.19103 1.087 0.097 1236.414 0.01706
0.03008 -0.01575 0.06868 0.07661 0.19214 0.922 0.089 1236.444 0.01709
0.03012 -0.01577 0.06878 0.07673 0.19324 0.998 0.098 1236.474 0.01711
0.03016 -0.01579 0.06888 0.07684 0.19435 0.924 0.090 1236.504 0.01714
0.03021 -0.01582 0.06898 0.07695 0.19546 0.739 0.091 1236.534 0.01716
0.03025 -0.01584 0.06908 0.07706 0.19657 0.975 0.097 1236.564 0.01719
0.03030 -0.01586 0.06918 0.07717 0.19768 0.808 0.089 1236.594 0.01721
0.03034 -0.01588 0.06928 0.07728 0.19878 1.023 0.094 1236.623 0.01724
0.03038 -0.01591 0.06938 0.07740 0.19989 0.858 0.091 1236.653 0.01726
0.03043 -0.01593 0.06948 0.07751 0.20100 0.994 0.093 1236.683 0.01729
0.03047 -0.01595 0.06958 0.07762 0.20211 0.999 0.098 1236.713 0.01731
0.03051 -0.01598 0.06968 0.07773 0.20322 0.950 0.091 1236.743 0.01733
0.03056 -0.01600 0.06978 0.07784 0.20432 0.914 0.099 1236.773 0.01736
0.03060 -0.01602 0.06988 0.07795 0.20543 1.097 0.097 1236.803 0.01738
0.03065 -0.01604 0.06998 0.07807 0.20654 0.940 0.095 1236.833 0.01741
0.03069 -0.01607 0.07008 0.07818 0.20765 0.869 0.087 1236.862 0.01743
0.03073 -0.01609 0.07018 0.07829 0.20876 0.896 0.088 1236.892 0.01746
0.03078 -0.01611 0.07028 0.07840 0.20987 0.921 0.089 1236.922 0.01748
0.03082 -0.01614 0.07038 0.07851 0.21097 1.009 0.093 1236.952 0.01751
0.03087 -0.01616 0.07048 0.07862 0.21208 0.905 0.094 1236.982 0.01753
0.03091 -0.01618 0.07058 0.07874 0.21319 0.977 0.092 1237.012 0.01756
0.03095 -0.01621 0.07068 0.07885 0.21430 0.949 0.091 1237.042 0.01758
0.03100 -0.01623 0.07078 0.07896 0.21541 0.933 0.090 1237.072 0.01760
0.03104 -0.01625 0.07088 0.07907 0.21652 1.010 0.094 1237.101 0.01763
0.03108 -0.01627 0.07098 0.07918 0.21762 0.976 0.092 1237.131 0.01765
0.03113 -0.01630 0.07108 0.07929 0.21873 0.966 0.096 1237.161 0.01768
0.03117 -0.01632 0.07118 0.07941 0.21984 0.862 0.086 1237.191 0.01770
0.03122 -0.01634 0.07129 0.07952 0.22095 0.966 0.091 1237.221 0.01773
0.03126 -0.01637 0.07139 0.07963 0.22206 0.782 0.088 1237.251 0.01775
0.03130 -0.01639 0.07149 0.07974 0.22317 1.105 0.098 1237.281 0.01778
0.03135 -0.01641 0.07159 0.07985 0.22428 0.809 0.089 1237.311 0.01780
0.03139 -0.01643 0.07169 0.07996 0.22539 0.695 0.088 1237.341 0.01783
0.03144 -0.01646 0.07179 0.08008 0.22650 0.931 0.090 1237.370 0.01785
0.03148 -0.01648 0.07189 0.08019 0.22760 0.817 0.095 1237.400 0.01788
0.03152 -0.01650 0.07199 0.08030 0.22871 1.073 0.096 1237.430 0.01790
0.03157 -0.01653 0.07209 0.08041 0.22982 0.783 0.093 1237.460 0.01792
0.03161 -0.01655 0.07219 0.08052 0.23093 0.774 0.092 1237.490 0.01795
0.03165 -0.01657 0.07229 0.08064 0.23204 0.819 0.089 1237.520 0.01797
0.03170 -0.01660 0.07239 0.08075 0.23315 0.845 0.096 1237.550 0.01800
0.03174 -0.01662 0.07249 0.08086 0.23426 0.801 0.088 1237.580 0.01802
0.03179 -0.01664 0.07259 0.08097 0.23537 1.081 0.097 1237.609 0.01805
0.03183 -0.01666 0.07269 0.08108 0.23648 1.097 0.097 1237.639 0.01807
0.03187 -0.01669 0.07279 0.08119 0.23759 0.921 0.089 1237.669 0.01810
0.03192 -0.01671 0.07289 0.08131 0.23870 0.851 0.091 1237.699 0.01812
0.03196 -0.01673 0.07299 0.08142 0.23981 0.868 0.087 1237.729 0.01815
0.03201 -0.01676 0.07309 0.08153 0.24092 1.097 0.097 1237.759 0.01817
0.03205 -0.01678 0.07319 0.08164 0.24202 0.772 0.087 1237.789 0.01819
0.03209 -0.01680 0.07329 0.08175 0.24313 0.966 0.091 1237.819 0.01822
0.03214 -0.01683 0.07339 0.08186 0.24424 1.000 0.093 1237.848 0.01824
0.03218 -0.01685 0.07349 0.08198 0.24535 1.044 0.095 1237.878 0.01827
0.03222 -0.01687 0.07359 0.08209 0.24646 1.009 0.093 1237.908 0.01829
0.03227 -0.01689 0.07369 0.08220 0.24757 1.036 0.095 1237.938 0.01832
0.03231 -0.01692 0.07379 0.08231 0.24868 0.983 0.092 1237.968 0.01834
0.03236 -0.01694 0.07389 0.08242 0.24979 1.177 0.101 1237.998 0.01837
0.03240 -0.01696 0.07399 0.08254 0.25090 0.949 0.095 1238.028 0.01839
0.03244 -0.01699 0.07409 0.08265 0.25201 0.914 0.094 1238.058 0.01842
0.03249 -0.01701 0.07419 0.08276 0.25312 1.141 0.099 1238.087 0.01844
0.03253 -0.01703 0.07429 0.08287 0.25423 1.168 0.100 1238.117 0.01847
0.03258 -0.01706 0.07439 0.08298 0.25534 0.976 0.092 1238.147 0.01849
0.03262 -0.01708 0.07449 0.08309 0.25645 1.028 0.094 1238.177 0.01851
0.03266 -0.01710 0.07459 0.08321 0.25756 0.887 0.093 1238.207 0.01854
0.03271 -0.01712 0.07469 0.08332 0.25867 0.939 0.090 1238.237 0.01856
0.03275 -0.01715 0.07479 0.08343 0.25978 0.860 0.096 1238.267 0.01859
0.03280 -0.01717 0.07489 0.08354 0.26089 0.869 0.087 1238.297 0.01861
0.03284 -0.01719 0.07499 0.08365 0.26200 1.150 0.100 1238.327 0.01864
0.03288 -0.01722 0.07509 0.08377 0.26311 1.184 0.101 1238.356 0.01866
0.03293 -0.01724 0.07519 0.08388 0.26422 1.106 0.098 1238.386 0.01869
0.03297 -0.01726 0.07529 0.08399 0.26533 0.956 0.096 1238.416 0.01871
0.03302 -0.01729 0.07539 0.08410 0.26644 1.000 0.093 1238.446 0.01874
0.03306 -0.01731 0.07549 0.08421 0.26755 0.946 0.090 1238.476 0.01876
0.03310 -0.01733 0.07559 0.08432 0.26866 1.043 0.095 1238.506 0.01878
0.03315 -0.01735 0.07569 0.08444 0.26978 0.887 0.093 1238.536 0.01881
0.03319 -0.01738 0.07580 0.08455 0.27089 0.930 0.090 1238.566 0.01883
0.03323 -0.01740 0.07590 0.08466 0.27200 0.939 0.090 1238.595 0.01886
0.03328 -0.01742 0.07600 0.08477 0.27311 1.026 0.094 1238.625 0.01888
0.03332 -0.01745 0.07610 0.08488 0.27422 1.034 0.094 1238.655 0.01891
0.03337 -0.01747 0.07620 0.08500 0.27533 0.904 0.093 1238.685 0.01893
0.03341 -0.01749 0.07630 0.08511 0.27644 0.946 0.090 1238.715 0.01896
0.03345 -0.01752 0.07640 0.08522 0.27755 0.937 0.095 1238.745 0.01898
0.03350 -0.01754 0.07650 0.08533 0.27866 0.780 0.087 1238.775 0.01901
0.03354 -0.01756 0.07660 0.08544 0.27977 0.937 0.090 1238.805 0.01903
0.03359 -0.01758 0.07670 0.08556 0.28088 0.823 0.089 1238.834 0.01905
0.03363 -0.01761 0.07680 0.08567 0.28199 0.876 0.087 1238.864 0.01908
0.03367 -0.01763 0.07690 0.08578 0.28310 0.849 0.086 1238.894 0.01910
0.03372 -0.01765 0.07700 0.08589 0.28422 0.781 0.093 1238.924 0.01913
0.03376 -0.01768 0.07710 0.08600 0.28533 0.852 0.091 1238.954 0.01915
0.03381 -0.01770 0.07720 0.08612 0.28644 1.052 0.095 1238.984 0.01918
0.03385 -0.01772 0.07730 0.08623 0.28755 0.938 0.090 1239.014 0.01920
0.03389 -0.01775 0.07740 0.08634 0.28866 0.859 0.091 1239.044 0.01923
0.03394 -0.01777 0.07750 0.08645 0.28977 0.917 0.089 1239.073 0.01925
0.03398 -0.01779 0.07760 0.08656 0.29088 1.025 0.094 1239.103 0.01928
0.03403 -0.01781 0.07770 0.08668 0.29199 1.171 0.100 1239.133 0.01930
0.03407 -0.01784 0.07780 0.08679 0.29310 1.095 0.097 1239.163 0.01933
0.03411 -0.01786 0.07790 0.08690 0.29422 1.071 0.096 1239.193 0.01935
0.03416 -0.01788 0.07800 0.08701 0.29533 1.005 0.093 1239.223 0.01937
0.03420 -0.01791 0.07810 0.08712 0.29644 1.091 0.097 1239.253 0.01940
0.03425 -0.01793 0.07820 0.08724 0.29755 0.944 0.090 1239.283 0.01942
0.03429 -0.01795 0.07830 0.08735 0.29866 1.013 0.093 1239.313 0.01945
0.03433 -0.01798 0.07840 0.08746 0.29977 0.748 0.091 1239.342 0.01947
0.03438 -0.01800 0.07850 0.08757 0.30089 0.977 0.097 1239.372 0.01950
0.03442 -0.01802 0.07860 0.08768 0.30200 0.933 0.090 1239.402 0.01952
0.03447 -0.01804 0.07871 0.08780 0.30311 1.016 0.098 1239.432 0.01955
0.03451 -0.01807 0.07881 0.08791 0.30422 0.923 0.094 1239.462 0.01957
0.03455 -0.01809 0.07891 0.08802 0.30533 0.799 0.088 1239.492 0.01960
0.03460 -0.01811 0.07901 0.08813 0.30644 1.141 0.099 1239.522 0.01962
0.03464 -0.01814 0.07911 0.08824 0.30756 0.993 0.097 1239.552 0.01964
0.03469 -0.01816 0.07921 0.08836 0.30867 0.896 0.093 1239.581 0.01967
0.03473 -0.01818 0.07931 0.08847 0.30978 0.869 0.086 1239.611 0.01969
0.03477 -0.01821 0.07941 0.08858 0.31089 0.991 0.092 1239.641 0.01972
0.03482 -0.01823 0.07951 0.08869 0.31200 1.009 0.093 1239.671 0.01974
0.03486 -0.01825 0.07961 0.08880 0.31312 0.886 0.092 1239.701 0.01977
0.03491 -0.01827 0.07971 0.08892 0.31423 0.913 0.094 1239.731 0.01979
0.03495 -0.01830 0.07981 0.08903 0.31534 0.869 0.092 1239.761 0.01982
0.03499 -0.01832 0.07991 0.08914 0.31645 1.035 0.144 1239.791 0.01984
0.03504 -0.01834 0.08001 0.08925 0.31756 0.948 0.095 1239.820 0.01987
0.03508 -0.01837 0.08011 0.08936 0.31868 0.809 0.093 1239.850 0.01989
0.03513 -0.01839 0.08021 0.08948 0.31979 1.029 0.094 1239.880 0.01992
0.03517 -0.01841 0.08031 0.08959 0.32090 0.967 0.091 1239.910 0.01994
0.03521 -0.01844 0.08041 0.08970 0.32201 1.100 0.097 1239.940 0.01996
0.03526 -0.01846 0.08051 0.08981 0.32313 0.958 0.091 1239.970 0.01999
0.03530 -0.01848 0.08061 0.08992 0.32424 0.958 0.091 1240.000 0.02001
0.03534 -0.01850 0.08071 0.09004 0.32535 0.861 0.091 1240.030 0.02004
0.03539 -0.01853 0.08081 0.09015 0.32646 0.895 0.092 1240.059 0.02006
0.03543 -0.01855 0.08092 0.09026 0.32758 1.078 0.096 1240.089 0.02009
0.03548 -0.01857 0.08102 0.09037 0.32869 1.043 0.095 1240.119 0.02011
0.03552 -0.01860 0.08112 0.09048 0.32980 0.991 0.092 1240.149 0.02014
0.03557 -0.01862 0.08122 0.09060 0.33091 0.903 0.093 1240.179 0.02016
0.03561 -0.01864 0.08132 0.09071 0.33203 1.139 0.099 1240.209 0.02019
0.03565 -0.01867 0.08142 0.09082 0.33314 0.902 0.088 1240.239 0.02021
0.03570 -0.01869 0.08152 0.09093 0.33425 0.991 0.092 1240.269 0.02023
0.03574 -0.01871 0.08162 0.09105 0.33537 0.747 0.091 1240.299 0.02026
0.03579 -0.01874 0.08172 0.09116 0.33648 0.984 0.092 1240.328 0.02028
0.03583 -0.01876 0.08182 0.09127 0.33759 0.966 0.091 1240.358 0.02031
0.03587 -0.01878 0.08192 0.09138 0.33870 1.036 0.094 1240.388 0.02033
0.03592 -0.01880 0.08202 0.09149 0.33982 0.957 0.091 1240.418 0.02036
0.03596 -0.01883 0.08212 0.09161 0.34093 0.930 0.089 1240.448 0.02038
0.03601 -0.01885 0.08222 0.09172 0.34204 1.157 0.100 1240.478 0.02041
0.03605 -0.01887 0.08232 0.09183 0.34316 0.869 0.091 1240.508 0.02043
0.03609 -0.01890 0.08242 0.09194 0.34427 0.957 0.091 1240.538 0.02046
0.03614 -0.01892 0.08252 0.09205 0.34538 0.991 0.092 1240.567 0.02048
0.03618 -0.01894 0.08262 0.09217 0.34650 1.016 0.093 1240.597 0.02050
0.03623 -0.01897 0.08272 0.09228 0.34761 0.920 0.089 1240.627 0.02053
0.03627 -0.01899 0.08283 0.09239 0.34872 0.920 0.089 1240.657 0.02055
0.03631 -0.01901 0.08293 0.09250 0.34984 0.798 0.093 1240.687 0.02058
0.03636 -0.01903 0.08303 0.09262 0.35095 0.903 0.093 1240.717 0.02060
0.03640 -0.01906 0.08313 0.09273 0.35206 0.964 0.091 1240.747 0.02063
0.03645 -0.01908 0.08323 0.09284 0.35318 0.860 0.091 1240.777 0.02065
0.03649 -0.01910 0.08333 0.09295 0.35429 1.236 0.103 1240.806 0.02068
0.03653 -0.01913 0.08343 0.09306 0.35540 1.044 0.095 1240.836 0.02070
0.03658 -0.01915 0.08353 0.09318 0.35652 0.920 0.089 1240.866 0.02073
0.03662 -0.01917 0.08363 0.09329 0.35763 0.991 0.092 1240.896 0.02075
0.03667 -0.01920 0.08373 0.09340 0.35874 1.218 0.102 1240.926 0.02078
0.03671 -0.01922 0.08383 0.09351 0.35986 0.980 0.092 1240.956 0.02080
0.03675 -0.01924 0.08393 0.09362 0.36097 1.041 0.094 1240.986 0.02082
0.03680 -0.01927 0.08403 0.09374 0.36209 1.015 0.093 1241.016 0.02085
0.03684 -0.01929 0.08413 0.09385 0.36320 0.902 0.088 1241.045 0.02087
0.03689 -0.01931 0.08423 0.09396 0.36431 0.885 0.087 1241.075 0.02090
0.03693 -0.01933 0.08433 0.09407 0.36543 0.981 0.092 1241.105 0.02092
0.03697 -0.01936 0.08443 0.09419 0.36654 1.060 0.095 1241.135 0.02095
0.03702 -0.01938 0.08454 0.09430 0.36766 1.095 0.097 1241.165 0.02097
0.03706 -0.01940 0.08464 0.09441 0.36877 0.903 0.093 1241.195 0.02100
0.03711 -0.01943 0.08474 0.09452 0.36988 0.920 0.089 1241.225 0.02102
0.03715 -0.01945 0.08484 0.09463 0.37100 1.052 0.095 1241.255 0.02105
0.03719 -0.01947 0.08494 0.09475 0.37211 1.008 0.093 1241.285 0.02107
0.03724 -0.01950 0.08504 0.09486 0.37323 1.078 0.096 1241.314 0.02109
0.03728 -0.01952 0.08514 0.09497 0.37434 0.963 0.091 1241.344 0.02112
0.03733 -0.01954 0.08524 0.09508 0.37545 0.954 0.090 1241.374 0.02114
0.03737 -0.01957 0.08534 0.09520 0.37657 0.901 0.088 1241.404 0.02117
0.03741 -0.01959 0.08544 0.09531 0.37768 0.902 0.088 1241.434 0.02119
0.03746 -0.01961 0.08554 0.09542 0.37880 0.960 0.091 1241.464 0.02122
0.03750 -0.01963 0.08564 0.09553 0.37991 0.888 0.092 1241.494 0.02124
0.03755 -0.01966 0.08574 0.09565 0.38103 0.931 0.089 1241.524 0.02127
0.03759 -0.01968 0.08584 0.09576 0.38214 0.806 0.088 1241.553 0.02129
0.03764 -0.01970 0.08594 0.09587 0.38326 0.766 0.092 1241.583 0.02132
0.03768 -0.01973 0.08604 0.09598 0.38437 0.862 0.091 1241.613 0.02134
0.03772 -0.01975 0.08615 0.09609 0.38549 0.788 0.087 1241.643 0.02137
0.03777 -0.01977 0.08625 0.09621 0.38660 0.770 0.091 1241.673 0.02139
0.03781 -0.01980 0.08635 0.09632 0.38771 0.588 0.087 1241.703 0.02141
0.03786 -0.01982 0.08645 0.09643 0.38883 0.685 0.087 1241.733 0.02144
0.03790 -0.01984 0.08655 0.09654 0.38994 0.750 0.090 1241.763 0.02146
0.03794 -0.01987 0.08665 0.09666 0.39106 0.777 0.087 1241.792 0.02149
0.03799 -0.01989 0.08675 0.09677 0.39217 0.746 0.091 1241.822 0.02151
0.03803 -0.01991 0.08685 0.09688 0.39329 0.900 0.093 1241.852 0.02154
0.03808 -0.01993 0.08695 0.09699 0.39440 0.770 0.091 1241.882 0.02156
0.03812 -0.01996 0.08705 0.09711 0.39552 0.944 0.090 1241.912 0.02159
0.03816 -0.01998 0.08715 0.09722 0.39663 0.718 0.083 1241.942 0.02161
0.03821 -0.02000 0.08725 0.09733 0.39775 0.884 0.092 1241.972 0.02164
0.03825 -0.02003 0.08735 0.09744 0.39886 0.831 0.089 1242.002 0.02166
0.03830 -0.02005 0.08745 0.09755 0.39998 0.771 0.086 1242.031 0.02168
0.03834 -0.02007 0.08756 0.09767 0.40109 0.858 0.095 1242.061 0.02171
0.03838 -0.02010 0.08766 0.09778 0.40221 0.883 0.091 1242.091 0.02173
0.03843 -0.02012 0.08776 0.09789 0.40332 0.797 0.088 1242.121 0.02176
0.03847 -0.02014 0.08786 0.09800 0.40444 1.022 0.093 1242.151 0.02178
0.03852 -0.02017 0.08796 0.09812 0.40556 0.769 0.091 1242.181 0.02181
0.03856 -0.02019 0.08806 0.09823 0.40667 0.996 0.092 1242.211 0.02183
0.03861 -0.02021 0.08816 0.09834 0.40779 0.742 0.095 1242.241 0.02186
0.03865 -0.02023 0.08826 0.09845 0.40890 0.724 0.094 1242.271 0.02188
0.03869 -0.02026 0.08836 0.09857 0.41002 0.872 0.086 1242.300 0.02191
0.03874 -0.02028 0.08846 0.09868 0.41113 0.881 0.087 1242.330 0.02193
0.03878 -0.02030 0.08856 0.09879 0.41225 1.107 0.097 1242.360 0.02196
0.03883 -0.02033 0.08866 0.09890 0.41336 0.890 0.092 1242.390 0.02198
0.03887 -0.02035 0.08876 0.09902 0.41448 0.978 0.091 1242.420 0.02200
0.03891 -0.02037 0.08887 0.09913 0.41560 1.135 0.098 1242.450 0.02203
0.03896 -0.02040 0.08897 0.09924 0.41671 0.978 0.091 1242.480 0.02205
0.03900 -0.02042 0.08907 0.09935 0.41783 0.865 0.086 1242.510 0.02208
0.03905 -0.02044 0.08917 0.09947 0.41894 1.030 0.094 1242.539 0.02210
0.03909 -0.02047 0.08927 0.09958 0.42006 1.056 0.095 1242.569 0.02213
0.03913 -0.02049 0.08937 0.09969 0.42117 0.907 0.093 1242.599 0.02215
0.03918 -0.02051 0.08947 0.09980 0.42229 0.942 0.090 1242.629 0.02218
0.03922 -0.02054 0.08957 0.09992 0.42341 0.794 0.093 1242.659 0.02220
0.03927 -0.02056 0.08967 0.10003 0.42452 0.977 0.091 1242.689 0.02223
0.03931 -0.02058 0.08977 0.10014 0.42564 1.091 0.096 1242.719 0.02225
0.03936 -0.02060 0.08987 0.10025 0.42675 1.084 0.096 1242.749 0.02227
0.03940 -0.02063 0.08997 0.10036 0.42787 0.987 0.092 1242.778 0.02230
0.03944 -0.02065 0.09007 0.10048 0.42899 0.812 0.088 1242.808 0.02232
0.03949 -0.02067 0.09018 0.10059 0.43010 0.839 0.094 1242.838 0.02235
0.03953 -0.02070 0.09028 0.10070 0.43122 0.855 0.090 1242.868 0.02237
0.03958 -0.02072 0.09038 0.10081 0.43234 0.897 0.087 1242.898 0.02240
0.03962 -0.02074 0.09048 0.10093 0.43345 0.818 0.088 1242.928 0.02242
0.03966 -0.02077 0.09058 0.10104 0.43457 0.949 0.090 1242.958 0.02245
0.03971 -0.02079 0.09068 0.10115 0.43569 0.854 0.085 1242.988 0.02247
0.03975 -0.02081 0.09078 0.10126 0.43680 0.846 0.089 1243.017 0.02250
0.03980 -0.02084 0.09088 0.10138 0.43792 1.091 0.096 1243.047 0.02252
0.03984 -0.02086 0.09098 0.10149 0.43903 1.082 0.096 1243.077 0.02254
0.03989 -0.02088 0.09108 0.10160 0.44015 0.977 0.091 1243.107 0.02257
0.03993 -0.02091 0.09118 0.10171 0.44127 0.811 0.083 1243.137 0.02259
0.03997 -0.02093 0.09128 0.10183 0.44238 0.802 0.087 1243.167 0.02262
0.04002 -0.02095 0.09139 0.10194 0.44350 0.967 0.091 1243.197 0.02264
0.04006 -0.02097 0.09149 0.10205 0.44462 0.924 0.089 1243.227 0.02267
0.04011 -0.02100 0.09159 0.10216 0.44574 1.055 0.099 1243.257 0.02269
0.04015 -0.02102 0.09169 0.10228 0.44685 0.871 0.086 1243.286 0.02272
0.04019 -0.02104 0.09179 0.10239 0.44797 0.974 0.091 1243.316 0.02274
0.04024 -0.02107 0.09189 0.10250 0.44909 0.965 0.091 1243.346 0.02277
0.04028 -0.02109 0.09199 0.10261 0.45020 0.964 0.091 1243.376 0.02279
0.04033 -0.02111 0.09209 0.10273 0.45132 0.869 0.086 1243.406 0.02282
0.04037 -0.02114 0.09219 0.10284 0.45244 1.016 0.093 1243.436 0.02284
0.04042 -0.02116 0.09229 0.10295 0.45355 0.869 0.091 1243.466 0.02286
0.04046 -0.02118 0.09239 0.10307 0.45467 0.869 0.091 1243.496 0.02289
0.04050 -0.02121 0.09250 0.10318 0.45579 0.939 0.094 1243.525 0.02291
0.04055 -0.02123 0.09260 0.10329 0.45691 1.077 0.096 1243.555 0.02294
0.04059 -0.02125 0.09270 0.10340 0.45802 1.111 0.097 1243.585 0.02296
0.04064 -0.02128 0.09280 0.10352 0.45914 1.207 0.101 1243.615 0.02299
0.04068 -0.02130 0.09290 0.10363 0.46026 1.007 0.093 1243.645 0.02301
0.04072 -0.02132 0.09300 0.10374 0.46137 0.965 0.095 1243.675 0.02304
0.04077 -0.02134 0.09310 0.10385 0.46249 1.038 0.094 1243.705 0.02306
0.04081 -0.02137 0.09320 0.10397 0.46361 0.916 0.088 1243.735 0.02309
0.04086 -0.02139 0.09330 0.10408 0.46473 0.985 0.092 1243.764 0.02311
0.04090 -0.02141 0.09340 0.10419 0.46584 1.037 0.094 1243.794 0.02313
0.04095 -0.02144 0.09350 0.10430 0.46696 1.037 0.094 1243.824 0.02316
0.04099 -0.02146 0.09361 0.10442 0.46808 1.175 0.100 1243.854 0.02318
0.04103 -0.02148 0.09371 0.10453 0.46920 0.767 0.086 1243.884 0.02321
0.04108 -0.02151 0.09381 0.10464 0.47031 0.959 0.090 1243.914 0.02323
0.04112 -0.02153 0.09391 0.10475 0.47143 1.002 0.092 1243.944 0.02326
0.04117 -0.02155 0.09401 0.10487 0.47255 1.045 0.094 1243.974 0.02328
0.04121 -0.02158 0.09411 0.10498 0.47367 1.141 0.098 1244.003 0.02331
0.04126 -0.02160 0.09421 0.10509 0.47479 1.037 0.094 1244.033 0.02333
0.04130 -0.02162 0.09431 0.10520 0.47590 1.018 0.093 1244.063 0.02336
0.04134 -0.02165 0.09441 0.10532 0.47702 1.102 0.097 1244.093 0.02338
0.04139 -0.02167 0.09451 0.10543 0.47814 1.068 0.095 1244.123 0.02341
0.04143 -0.02169 0.09461 0.10554 0.47926 1.015 0.093 1244.153 0.02343
0.04148 -0.02171 0.09472 0.10565 0.48038 1.111 0.097 1244.183 0.02345
0.04152 -0.02174 0.09482 0.10577 0.48149 0.963 0.090 1244.213 0.02348
0.04156 -0.02176 0.09492 0.10588 0.48261 0.991 0.092 1244.243 0.02350
0.04161 -0.02178 0.09502 0.10599 0.48373 1.058 0.095 1244.272 0.02353
0.04165 -0.02181 0.09512 0.10611 0.48485 0.953 0.090 1244.302 0.02355
0.04170 -0.02183 0.09522 0.10622 0.48597 1.051 0.099 1244.332 0.02358
0.04174 -0.02185 0.09532 0.10633 0.48708 0.914 0.088 1244.362 0.02360
0.04179 -0.02188 0.09542 0.10644 0.48820 1.021 0.093 1244.392 0.02363
0.04183 -0.02190 0.09552 0.10656 0.48932 1.063 0.095 1244.422 0.02365
0.04187 -0.02192 0.09562 0.10667 0.49044 1.042 0.094 1244.452 0.02368
0.04192 -0.02195 0.09573 0.10678 0.49156 0.972 0.091 1244.482 0.02370
0.04196 -0.02197 0.09583 0.10689 0.49268 0.971 0.091 1244.511 0.02372
0.04201 -0.02199 0.09593 0.10701 0.49379 0.851 0.090 1244.541 0.02375
0.04205 -0.02202 0.09603 0.10712 0.49491 1.041 0.099 1244.571 0.02377
0.04210 -0.02204 0.09613 0.10723 0.49603 1.009 0.092 1244.601 0.02380
0.04214 -0.02206 0.09623 0.10734 0.49715 0.967 0.091 1244.631 0.02382
0.04218 -0.02209 0.09633 0.10746 0.49827 0.951 0.090 1244.661 0.02385
0.04223 -0.02211 0.09643 0.10757 0.49939 0.993 0.092 1244.691 0.02387
0.04227 -0.02213 0.09653 0.10768 0.50051 0.987 0.091 1244.721 0.02390
0.04232 -0.02215 0.09664 0.10780 0.50163 1.084 0.096 1244.750 0.02392
0.04236 -0.02218 0.09674 0.10791 0.50274 0.938 0.089 1244.780 0.02395
0.04241 -0.02220 0.09684 0.10802 0.50386 0.953 0.090 1244.810 0.02397
0.04245 -0.02222 0.09694 0.10813 0.50498 1.068 0.095 1244.840 0.02400
0.04249 -0.02225 0.09704 0.10825 0.50610 0.931 0.089 1244.870 0.02402
0.04254 -0.02227 0.09714 0.10836 0.50722 0.998 0.092 1244.900 0.02404
0.04258 -0.02229 0.09724 0.10847 0.50834 1.081 0.096 1244.930 0.02407
0.04263 -0.02232 0.09734 0.10858 0.50946 1.010 0.092 1244.960 0.02409
0.04267 -0.02234 0.09744 0.10870 0.51058 1.173 0.100 1244.989 0.02412
0.04272 -0.02236 0.09754 0.10881 0.51170 1.063 0.095 1245.019 0.02414
0.04276 -0.02239 0.09765 0.10892 0.51282 0.869 0.086 1245.049 0.02417
0.04280 -0.02241 0.09775 0.10904 0.51393 0.931 0.094 1245.079 0.02419
0.04285 -0.02243 0.09785 0.10915 0.51505 1.078 0.096 1245.109 0.02422
0.04289 -0.02246 0.09795 0.10926 0.51617 0.943 0.089 1245.139 0.02424
0.04294 -0.02248 0.09805 0.10937 0.51729 0.857 0.085 1245.169 0.02427
0.04298 -0.02250 0.09815 0.10949 0.51841 1.004 0.092 1245.199 0.02429
0.04302 -0.02253 0.09825 0.10960 0.51953 0.935 0.093 1245.229 0.02431
0.04307 -0.02255 0.09835 0.10971 0.52065 0.839 0.084 1245.258 0.02434
0.04311 -0.02257 0.09845 0.10983 0.52177 0.891 0.092 1245.288 0.02436
0.04316 -0.02260 0.09856 0.10994 0.52289 1.038 0.094 1245.318 0.02439
0.04320 -0.02262 0.09866 0.11005 0.52401 1.116 0.097 1245.348 0.02441
0.04325 -0.02264 0.09876 0.11016 0.52513 1.029 0.093 1245.378 0.02444
0.04329 -0.02266 0.09886 0.11028 0.52625 0.961 0.090 1245.408 0.02446
0.04333 -0.02269 0.09896 0.11039 0.52737 1.013 0.093 1245.438 0.02449
0.04338 -0.02271 0.09906 0.11050 0.52849 0.978 0.091 1245.468 0.02451
0.04342 -0.02273 0.09916 0.11061 0.52961 0.961 0.095 1245.497 0.02454
0.04347 -0.02276 0.09926 0.11073 0.53073 0.892 0.087 1245.527 0.02456
0.04351 -0.02278 0.09936 0.11084 0.53185 0.891 0.091 1245.557 0.02458
0.04356 -0.02280 0.09947 0.11095 0.53297 0.857 0.090 1245.587 0.02461
0.04360 -0.02283 0.09957 0.11107 0.53409 1.037 0.094 1245.617 0.02463
0.04364 -0.02285 0.09967 0.11118 0.53521 0.882 0.086 1245.647 0.02466
0.04369 -0.02287 0.09977 0.11129 0.53633 0.797 0.087 1245.677 0.02468
0.04373 -0.02290 0.09987 0.11140 0.53745 0.866 0.090 1245.707 0.02471
0.04378 -0.02292 0.09997 0.11152 0.53857 0.760 0.090 1245.736 0.02473
0.04382 -0.02294 0.10007 0.11163 0.53969 0.897 0.087 1245.766 0.02476
0.04387 -0.02297 0.10017 0.11174 0.54081 0.879 0.091 1245.796 0.02478
0.04391 -0.02299 0.10028 0.11186 0.54193 0.888 0.087 1245.826 0.02481
0.04396 -0.02301 0.10038 0.11197 0.54305 1.034 0.093 1245.856 0.02483
0.04400 -0.02304 0.10048 0.11208 0.54417 0.957 0.090 1245.886 0.02486
0.04404 -0.02306 0.10058 0.11219 0.54529 0.785 0.091 1245.916 0.02488
0.04409 -0.02308 0.10068 0.11231 0.54641 1.086 0.096 1245.946 0.02490
0.04413 -0.02311 0.10078 0.11242 0.54753 1.095 0.096 1245.975 0.02493
0.04418 -0.02313 0.10088 0.11253 0.54865 0.853 0.090 1246.005 0.02495
0.04422 -0.02315 0.10098 0.11265 0.54977 0.983 0.091 1246.035 0.02498
0.04427 -0.02318 0.10108 0.11276 0.55089 1.026 0.093 1246.065 0.02500
0.04431 -0.02320 0.10119 0.11287 0.55201 0.871 0.086 1246.095 0.02503
0.04435 -0.02322 0.10129 0.11299 0.55313 1.008 0.092 1246.125 0.02505
0.04440 -0.02324 0.10139 0.11310 0.55425 1.103 0.096 1246.155 0.02508
0.04444 -0.02327 0.10149 0.11321 0.55537 0.870 0.090 1246.185 0.02510
0.04449 -0.02329 0.10159 0.11332 0.55649 0.922 0.088 1246.215 0.02513
0.04453 -0.02331 0.10169 0.11344 0.55762 1.127 0.097 1246.244 0.02515
0.04458 -0.02334 0.10179 0.11355 0.55874 0.930 0.093 1246.274 0.02517
0.04462 -0.02336 0.10189 0.11366 0.55986 1.007 0.092 1246.304 0.02520
0.04466 -0.02338 0.10200 0.11378 0.56098 0.836 0.089 1246.334 0.02522
0.04471 -0.02341 0.10210 0.11389 0.56210 0.870 0.091 1246.364 0.02525
0.04475 -0.02343 0.10220 0.11400 0.56322 0.948 0.089 1246.394 0.02527
0.04480 -0.02345 0.10230 0.11411 0.56434 0.741 0.089 1246.424 0.02530
0.04484 -0.02348 0.10240 0.11423 0.56546 0.973 0.090 1246.454 0.02532
0.04489 -0.02350 0.10250 0.11434 0.56658 0.861 0.090 1246.483 0.02535
0.04493 -0.02352 0.10260 0.11445 0.56770 0.938 0.089 1246.513 0.02537
0.04497 -0.02355 0.10270 0.11457 0.56883 0.955 0.090 1246.543 0.02540
0.04502 -0.02357 0.10281 0.11468 0.56995 1.023 0.097 1246.573 0.02542
0.04506 -0.02359 0.10291 0.11479 0.57107 0.981 0.091 1246.603 0.02545
0.04511 -0.02362 0.10301 0.11490 0.57219 0.946 0.094 1246.633 0.02547
0.04515 -0.02364 0.10311 0.11502 0.57331 0.955 0.090 1246.663 0.02549
0.04520 -0.02366 0.10321 0.11513 0.57443 1.023 0.093 1246.693 0.02552
0.04524 -0.02369 0.10331 0.11524 0.57555 0.989 0.091 1246.722 0.02554
0.04529 -0.02371 0.10341 0.11536 0.57667 1.049 0.094 1246.752 0.02557
0.04533 -0.02373 0.10351 0.11547 0.57780 0.963 0.090 1246.782 0.02559
0.04537 -0.02376 0.10362 0.11558 0.57892 1.083 0.095 1246.812 0.02562
0.04542 -0.02378 0.10372 0.11570 0.58004 0.955 0.090 1246.842 0.02564
0.04546 -0.02380 0.10382 0.11581 0.58116 1.066 0.095 1246.872 0.02567
0.04551 -0.02383 0.10392 0.11592 0.58228 1.075 0.095 1246.902 0.02569
0.04555 -0.02385 0.10402 0.11603 0.58340 1.015 0.092 1246.932 0.02572
0.04560 -0.02387 0.10412 0.11615 0.58453 0.886 0.086 1246.961 0.02574
0.04564 -0.02389 0.10422 0.11626 0.58565 0.946 0.089 1246.991 0.02576
0.04568 -0.02392 0.10433 0.11637 0.58677 0.740 0.089 1247.021 0.02579
0.04573 -0.02394 0.10443 0.11649 0.58789 0.920 0.088 1247.051 0.02581
0.04577 -0.02396 0.10453 0.11660 0.58901 0.817 0.083 1247.081 0.02584
0.04582 -0.02399 0.10463 0.11671 0.59013 1.056 0.094 1247.111 0.02586
0.04586 -0.02401 0.10473 0.11683 0.59126 1.014 0.092 1247.141 0.02589
0.04591 -0.02403 0.10483 0.11694 0.59238 0.988 0.091 1247.171 0.02591
0.04595 -0.02406 0.10493 0.11705 0.59350 0.996 0.091 1247.201 0.02594
0.04599 -0.02408 0.10503 0.11717 0.59462 0.868 0.085 1247.230 0.02596
0.04604 -0.02410 0.10514 0.11728 0.59575 0.842 0.084 1247.260 0.02599
0.04608 -0.02413 0.10524 0.11739 0.59687 0.816 0.083 1247.290 0.02601
0.04613 -0.02415 0.10534 0.11750 0.59799 1.031 0.093 1247.320 0.02604
0.04617 -0.02417 0.10544 0.11762 0.59911 1.067 0.095 1247.350 0.02606
0.04622 -0.02420 0.10554 0.11773 0.60023 0.835 0.088 1247.380 0.02608
0.04626 -0.02422 0.10564 0.11784 0.60136 1.122 0.097 1247.410 0.02611
0.04631 -0.02424 0.10574 0.11796 0.60248 1.007 0.092 1247.440 0.02613
0.04635 -0.02427 0.10585 0.11807 0.60360 0.988 0.091 1247.469 0.02616
0.04639 -0.02429 0.10595 0.11818 0.60472 0.827 0.088 1247.499 0.02618
0.04644 -0.02431 0.10605 0.11830 0.60585 1.056 0.094 1247.529 0.02621
0.04648 -0.02434 0.10615 0.11841 0.60697 1.051 0.094 1247.559 0.02623
0.04653 -0.02436 0.10625 0.11852 0.60809 0.911 0.092 1247.589 0.02626
0.04657 -0.02438 0.10635 0.11864 0.60921 1.039 0.093 1247.619 0.02628
0.04662 -0.02441 0.10645 0.11875 0.61034 0.960 0.090 1247.649 0.02631
0.04666 -0.02443 0.10656 0.11886 0.61146 0.905 0.087 1247.679 0.02633
0.04671 -0.02445 0.10666 0.11897 0.61258 0.967 0.090 1247.708 0.02635
0.04675 -0.02448 0.10676 0.11909 0.61370 0.882 0.086 1247.738 0.02638
0.04679 -0.02450 0.10686 0.11920 0.61483 1.094 0.096 1247.768 0.02640
0.04684 -0.02452 0.10696 0.11931 0.61595 1.001 0.096 1247.798 0.02643
0.04688 -0.02455 0.10706 0.11943 0.61707 0.951 0.089 1247.828 0.02645
0.04693 -0.02457 0.10716 0.11954 0.61820 0.790 0.086 1247.858 0.02648
0.04697 -0.02459 0.10727 0.11965 0.61932 1.007 0.092 1247.888 0.02650
0.04702 -0.02462 0.10737 0.11977 0.62044 0.994 0.091 1247.918 0.02653
0.04706 -0.02464 0.10747 0.11988 0.62156 0.925 0.088 1247.947 0.02655
0.04710 -0.02466 0.10757 0.11999 0.62269 0.968 0.090 1247.977 0.02658
0.04715 -0.02469 0.10767 0.12011 0.62381 1.028 0.093 1248.007 0.02660
0.04719 -0.02471 0.10777 0.12022 0.62493 1.021 0.092 1248.037 0.02662
0.04724 -0.02473 0.10787 0.12033 0.62606 0.986 0.091 1248.067 0.02665
0.04728 -0.02475 0.10798 0.12045 0.62718 0.978 0.090 1248.097 0.02667
0.04733 -0.02478 0.10808 0.12056 0.62830 0.926 0.088 1248.127 0.02670
0.04737 -0.02480 0.10818 0.12067 0.62943 0.884 0.086 1248.157 0.02672
0.04742 -0.02482 0.10828 0.12078 0.63055 1.037 0.093 1248.187 0.02675
0.04746 -0.02485 0.10838 0.12090 0.63167 0.900 0.087 1248.216 0.02677
0.04750 -0.02487 0.10848 0.12101 0.63280 0.967 0.090 1248.246 0.02680
0.04755 -0.02489 0.10858 0.12112 0.63392 0.993 0.091 1248.276 0.02682
0.04759 -0.02492 0.10869 0.12124 0.63504 1.131 0.097 1248.306 0.02685
0.04764 -0.02494 0.10879 0.12135 0.63617 1.105 0.096 1248.336 0.02687
0.04768 -0.02496 0.10889 0.12146 0.63729 1.063 0.094 1248.366 0.02690
0.04773 -0.02499 0.10899 0.12158 0.63841 1.131 0.097 1248.396 0.02692
0.04777 -0.02501 0.10909 0.12169 0.63954 1.027 0.093 1248.426 0.02694
0.04782 -0.02503 0.10919 0.12180 0.64066 1.035 0.093 1248.455 0.02697
0.04786 -0.02506 0.10929 0.12192 0.64179 0.950 0.089 1248.485 0.02699
0.04790 -0.02508 0.10940 0.12203 0.64291 1.044 0.093 1248.515 0.02702
0.04795 -0.02510 0.10950 0.12214 0.64403 1.027 0.093 1248.545 0.02704
0.04799 -0.02513 0.10960 0.12226 0.64516 1.009 0.092 1248.575 0.02707
0.04804 -0.02515 0.10970 0.12237 0.64628 1.000 0.091 1248.605 0.02709
0.04808 -0.02517 0.10980 0.12248 0.64741 1.060 0.094 1248.635 0.02712
0.04813 -0.02520 0.10990 0.12260 0.64853 1.153 0.098 1248.665 0.02714
0.04817 -0.02522 0.11000 0.12271 0.64965 1.068 0.094 1248.694 0.02717
0.04822 -0.02524 0.11011 0.12282 0.65078 0.863 0.085 1248.724 0.02719
0.04826 -0.02527 0.11021 0.12294 0.65190 1.096 0.096 1248.754 0.02721
0.04830 -0.02529 0.11031 0.12305 0.65303 0.959 0.089 1248.784 0.02724
0.04835 -0.02531 0.11041 0.12316 0.65415 1.096 0.096 1248.814 0.02726
0.04839 -0.02534 0.11051 0.12328 0.65527 0.985 0.091 1248.844 0.02729
0.04844 -0.02536 0.11061 0.12339 0.65640 1.079 0.095 1248.874 0.02731
0.04848 -0.02538 0.11072 0.12350 0.65752 0.908 0.091 1248.904 0.02734
0.04853 -0.02541 0.11082 0.12362 0.65865 0.883 0.090 1248.933 0.02736
0.04857 -0.02543 0.11092 0.12373 0.65977 0.925 0.088 1248.963 0.02739
0.04862 -0.02545 0.11102 0.12384 0.66090 0.933 0.088 1248.993 0.02741
0.04866 -0.02548 0.11112 0.12396 0.66202 1.027 0.092 1249.023 0.02744
0.04871 -0.02550 0.11122 0.12407 0.66314 0.881 0.091 1249.053 0.02746
0.04875 -0.02552 0.11132 0.12418 0.66427 0.968 0.090 1249.083 0.02749
0.04879 -0.02555 0.11143 0.12430 0.66539 1.139 0.097 1249.113 0.02751
0.04884 -0.02557 0.11153 0.12441 0.66652 0.959 0.089 1249.143 0.02753
0.04888 -0.02559 0.11163 0.12452 0.66764 0.925 0.088 1249.173 0.02756
0.04893 -0.02562 0.11173 0.12464 0.66877 0.951 0.094 1249.202 0.02758
0.04897 -0.02564 0.11183 0.12475 0.66989 0.839 0.083 1249.232 0.02761
0.04902 -0.02566 0.11193 0.12486 0.67102 0.862 0.089 1249.262 0.02763
0.04906 -0.02569 0.11204 0.12498 0.67214 0.998 0.091 1249.292 0.02766
0.04911 -0.02571 0.11214 0.12509 0.67327 1.245 0.102 1249.322 0.02768
0.04915 -0.02573 0.11224 0.12520 0.67439 0.905 0.087 1249.352 0.02771
0.04919 -0.02576 0.11234 0.12532 0.67552 1.194 0.100 1249.382 0.02773
0.04924 -0.02578 0.11244 0.12543 0.67664 1.007 0.096 1249.412 0.02776
0.04928 -0.02580 0.11254 0.12554 0.67777 1.032 0.093 1249.441 0.02778
0.04933 -0.02583 0.11265 0.12566 0.67889 0.964 0.089 1249.471 0.02780
0.04937 -0.02585 0.11275 0.12577 0.68002 1.235 0.101 1249.501 0.02783
0.04942 -0.02587 0.11285 0.12588 0.68114 1.056 0.094 1249.531 0.02785
0.04946 -0.02590 0.11295 0.12600 0.68227 0.939 0.088 1249.561 0.02788
0.04951 -0.02592 0.11305 0.12611 0.68339 1.212 0.100 1249.591 0.02790
0.04955 -0.02594 0.11315 0.12622 0.68452 1.126 0.097 1249.621 0.02793
0.04959 -0.02597 0.11326 0.12634 0.68564 0.973 0.090 1249.651 0.02795
0.04964 -0.02599 0.11336 0.12645 0.68677 1.008 0.091 1249.680 0.02798
0.04968 -0.02601 0.11346 0.12656 0.68789 0.981 0.090 1249.710 0.02800
0.04973 -0.02604 0.11356 0.12668 0.68902 0.947 0.089 1249.740 0.02803
0.04977 -0.02606 0.11366 0.12679 0.69014 1.019 0.092 1249.770 0.02805
0.04982 -0.02608 0.11376 0.12690 0.69127 1.193 0.099 1249.800 0.02808
0.04986 -0.02611 0.11387 0.12702 0.69240 0.924 0.087 1249.830 0.02810
0.04991 -0.02613 0.11397 0.12713 0.69352 1.179 0.099 1249.860 0.02812
0.04995 -0.02615 0.11407 0.12724 0.69465 0.850 0.084 1249.890 0.02815
0.05000 -0.02618 0.11417 0.12736 0.69577 1.263 0.102 1249.919 0.02817
0.05004 -0.02620 0.11427 0.12747 0.69690 0.872 0.085 1249.949 0.02820
0.05008 -0.02622 0.11437 0.12758 0.69802 1.002 0.091 1249.979 0.02822
0.05013 -0.02625 0.11448 0.12770 0.69915 1.119 0.096 1250.009 0.02825
0.05017 -0.02627 0.11458 0.12781 0.70027 0.985 0.090 1250.039 0.02827
0.05022 -0.02629 0.11468 0.12792 0.70140 1.127 0.097 1250.069 0.02830
0.05026 -0.02632 0.11478 0.12804 0.70253 0.991 0.091 1250.099 0.02832
0.05031 -0.02634 0.11488 0.12815 0.70365 1.010 0.091 1250.129 0.02835
0.05035 -0.02636 0.11498 0.12826 0.70478 1.020 0.092 1250.158 0.02837
0.05040 -0.02638 0.11509 0.12838 0.70590 1.075 0.094 1250.188 0.02839
0.05044 -0.02641 0.11519 0.12849 0.70703 1.107 0.096 1250.218 0.02842
0.05049 -0.02643 0.11529 0.12860 0.70816 1.072 0.098 1250.248 0.02844
0.05053 -0.02645 0.11539 0.12872 0.70928 0.841 0.088 1250.278 0.02847
0.05057 -0.02648 0.11549 0.12883 0.71041 0.908 0.087 1250.308 0.02849
0.05062 -0.02650 0.11559 0.12894 0.71153 0.822 0.082 1250.338 0.02852
0.05066 -0.02652 0.11570 0.12906 0.71266 0.933 0.088 1250.368 0.02854
0.05071 -0.02655 0.11580 0.12917 0.71379 0.780 0.085 1250.398 0.02857
0.05075 -0.02657 0.11590 0.12928 0.71491 0.763 0.089 1250.427 0.02859
0.05080 -0.02659 0.11600 0.12940 0.71604 0.636 0.087 1250.457 0.02862
0.05084 -0.02662 0.11610 0.12951 0.71717 0.484 0.078 1250.487 0.02864
0.05089 -0.02664 0.11620 0.12962 0.71829 0.365 0.070 1250.517 0.02866
0.05093 -0.02666 0.11631 0.12974 0.71942 0.407 0.073 1250.547 0.02869
0.05098 -0.02669 0.11641 0.12985 0.72055 0.450 0.076 1250.577 0.02871
0.05102 -0.02671 0.11651 0.12997 0.72167 0.711 0.086 1250.607 0.02874
0.05106 -0.02673 0.11661 0.13008 0.72280 0.822 0.087 1250.637 0.02876
0.05111 -0.02676 0.11671 0.13019 0.72393 0.922 0.087 1250.666 0.02879
0.05115 -0.02678 0.11681 0.13031 0.72505 0.912 0.087 1250.696 0.02881
0.05120 -0.02680 0.11692 0.13042 0.72618 0.929 0.087 1250.726 0.02884
0.05124 -0.02683 0.11702 0.13053 0.72731 1.064 0.094 1250.756 0.02886
0.05129 -0.02685 0.11712 0.13065 0.72843 0.827 0.087 1250.786 0.02889
0.05133 -0.02687 0.11722 0.13076 0.72956 1.047 0.093 1250.816 0.02891
0.05138 -0.02690 0.11732 0.13087 0.73069 0.853 0.084 1250.846 0.02894
0.05142 -0.02692 0.11743 0.13099 0.73181 0.979 0.090 1250.876 0.02896
0.05147 -0.02694 0.11753 0.13110 0.73294 0.819 0.091 1250.905 0.02898
0.05151 -0.02697 0.11763 0.13121 0.73407 0.962 0.089 1250.935 0.02901
0.05155 -0.02699 0.11773 0.13133 0.73519 0.929 0.087 1250.965 0.02903
0.05160 -0.02701 0.11783 0.13144 0.73632 1.014 0.091 1250.995 0.02906
0.05164 -0.02704 0.11793 0.13155 0.73745 0.954 0.089 1251.025 0.02908
0.05169 -0.02706 0.11804 0.13167 0.73858 1.274 0.102 1251.055 0.02911
0.05173 -0.02708 0.11814 0.13178 0.73970 0.861 0.084 1251.085 0.02913
0.05178 -0.02711 0.11824 0.13190 0.74083 1.023 0.092 1251.115 0.02916
0.05182 -0.02713 0.11834 0.13201 0.74196 0.954 0.089 1251.144 0.02918
0.05187 -0.02715 0.11844 0.13212 0.74308 1.048 0.093 1251.174 0.02921
0.05191 -0.02718 0.11855 0.13224 0.74421 1.039 0.092 1251.204 0.02923
0.05196 -0.02720 0.11865 0.13235 0.74534 0.996 0.090 1251.234 0.02925
0.05200 -0.02722 0.11875 0.13246 0.74647 0.890 0.090 1251.264 0.02928
0.05205 -0.02725 0.11885 0.13258 0.74759 0.948 0.088 1251.294 0.02930
0.05209 -0.02727 0.11895 0.13269 0.74872 1.024 0.092 1251.324 0.02933
0.05213 -0.02729 0.11905 0.13280 0.74985 1.066 0.094 1251.354 0.02935
0.05218 -0.02732 0.11916 0.13292 0.75098 0.948 0.093 1251.384 0.02938
0.05222 -0.02734 0.11926 0.13303 0.75210 0.820 0.082 1251.413 0.02940
0.05227 -0.02736 0.11936 0.13315 0.75323 1.057 0.093 1251.443 0.02943
0.05231 -0.02739 0.11946 0.13326 0.75436 0.913 0.086 1251.473 0.02945
0.05236 -0.02741 0.11956 0.13337 0.75549 0.970 0.089 1251.503 0.02948
0.05240 -0.02744 0.11967 0.13349 0.75661 1.013 0.091 1251.533 0.02950
0.05245 -0.02746 0.11977 0.13360 0.75774 1.079 0.094 1251.563 0.02953
0.05249 -0.02748 0.11987 0.13371 0.75887 0.945 0.093 1251.593 0.02955
0.05254 -0.02751 0.11997 0.13383 0.76000 1.055 0.093 1251.623 0.02957
0.05258 -0.02753 0.12007 0.13394 0.76113 0.852 0.089 1251.652 0.02960
0.05262 -0.02755 0.12017 0.13405 0.76225 1.054 0.093 1251.682 0.02962
0.05267 -0.02758 0.12028 0.13417 0.76338 1.011 0.091 1251.712 0.02965
0.05271 -0.02760 0.12038 0.13428 0.76451 0.902 0.086 1251.742 0.02967
0.05276 -0.02762 0.12048 0.13439 0.76564 1.112 0.095 1251.772 0.02970
0.05280 -0.02765 0.12058 0.13451 0.76677 1.070 0.094 1251.802 0.02972
0.05285 -0.02767 0.12068 0.13462 0.76789 1.072 0.094 1251.832 0.02975
0.05289 -0.02769 0.12079 0.13474 0.76902 1.071 0.094 1251.862 0.02977
0.05294 -0.02772 0.12089 0.13485 0.77015 0.886 0.085 1251.891 0.02980
0.05298 -0.02774 0.12099 0.13496 0.77128 1.003 0.091 1251.921 0.02982
0.05303 -0.02776 0.12109 0.13508 0.77241 1.046 0.092 1251.951 0.02984
0.05307 -0.02779 0.12119 0.13519 0.77354 1.045 0.092 1251.981 0.02987
0.05312 -0.02781 0.12130 0.13530 0.77466 1.013 0.091 1252.011 0.02989
0.05316 -0.02783 0.12140 0.13542 0.77579 0.969 0.089 1252.041 0.02992
0.05320 -0.02786 0.12150 0.13553 0.77692 0.960 0.088 1252.071 0.02994
0.05325 -0.02788 0.12160 0.13565 0.77805 1.092 0.094 1252.101 0.02997
0.05329 -0.02790 0.12170 0.13576 0.77918 1.042 0.092 1252.130 0.02999
0.05334 -0.02793 0.12181 0.13587 0.78031 1.083 0.094 1252.160 0.03002
0.05338 -0.02795 0.12191 0.13599 0.78144 1.303 0.103 1252.190 0.03004
0.05343 -0.02797 0.12201 0.13610 0.78256 0.816 0.082 1252.220 0.03007
0.05347 -0.02800 0.12211 0.13621 0.78369 1.143 0.097 1252.250 0.03009
0.05352 -0.02802 0.12221 0.13633 0.78482 0.999 0.095 1252.280 0.03011
0.05356 -0.02804 0.12232 0.13644 0.78595 1.025 0.096 1252.310 0.03014
0.05361 -0.02807 0.12242 0.13656 0.78708 0.966 0.089 1252.340 0.03016
0.05365 -0.02809 0.12252 0.13667 0.78821 0.998 0.090 1252.370 0.03019
0.05370 -0.02811 0.12262 0.13678 0.78934 0.796 0.090 1252.399 0.03021
0.05374 -0.02814 0.12272 0.13690 0.79047 0.931 0.092 1252.429 0.03024
0.05379 -0.02816 0.12282 0.13701 0.79160 0.888 0.085 1252.459 0.03026
0.05383 -0.02818 0.12293 0.13712 0.79272 1.021 0.091 1252.489 0.03029
0.05387 -0.02821 0.12303 0.13724 0.79385 0.989 0.090 1252.519 0.03031
0.05392 -0.02823 0.12313 0.13735 0.79498 0.754 0.088 1252.549 0.03034
0.05396 -0.02825 0.12323 0.13747 0.79611 0.932 0.091 1252.579 0.03036
0.05401 -0.02828 0.12333 0.13758 0.79724 1.130 0.096 1252.609 0.03039
0.05405 -0.02830 0.12344 0.13769 0.79837 1.006 0.090 1252.638 0.03041
0.05410 -0.02832 0.12354 0.13781 0.79950 0.913 0.091 1252.668 0.03043
0.05414 -0.02835 0.12364 0.13792 0.80063 1.012 0.091 1252.698 0.03046
0.05419 -0.02837 0.12374 0.13803 0.80176 0.921 0.086 1252.728 0.03048
0.05423 -0.02839 0.12384 0.13815 0.80289 0.920 0.086 1252.758 0.03051
0.05428 -0.02842 0.12395 0.13826 0.80402 1.144 0.096 1252.788 0.03053
0.05432 -0.02844 0.12405 0.13838 0.80515 0.912 0.086 1252.818 0.03056
0.05437 -0.02846 0.12415 0.13849 0.80628 1.096 0.094 1252.848 0.03058
0.05441 -0.02849 0.12425 0.13860 0.80741 1.105 0.095 1252.877 0.03061
0.05446 -0.02851 0.12435 0.13872 0.80853 0.993 0.090 1252.907 0.03063
0.05450 -0.02853 0.12446 0.13883 0.80966 0.989 0.090 1252.937 0.03066
0.05454 -0.02856 0.12456 0.13894 0.81079 0.876 0.084 1252.967 0.03068
0.05459 -0.02858 0.12466 0.13906 0.81192 0.990 0.090 1252.997 0.03070
0.05463 -0.02860 0.12476 0.13917 0.81305 1.065 0.093 1253.027 0.03073
0.05468 -0.02863 0.12487 0.13929 0.81418 1.148 0.096 1253.057 0.03075
0.05472 -0.02865 0.12497 0.13940 0.81531 0.847 0.083 1253.087 0.03078
0.05477 -0.02867 0.12507 0.13951 0.81644 1.221 0.099 1253.116 0.03080
0.05481 -0.02870 0.12517 0.13963 0.81757 1.178 0.098 1253.146 0.03083
0.05486 -0.02872 0.12527 0.13974 0.81870 0.910 0.086 1253.176 0.03085
0.05490 -0.02874 0.12538 0.13986 0.81983 1.090 0.094 1253.206 0.03088
0.05495 -0.02877 0.12548 0.13997 0.82096 0.919 0.086 1253.236 0.03090
0.05499 -0.02879 0.12558 0.14008 0.82209 1.136 0.096 1253.266 0.03093
0.05504 -0.02881 0.12568 0.14020 0.82322 0.953 0.088 1253.296 0.03095
0.05508 -0.02884 0.12578 0.14031 0.82435 0.910 0.086 1253.326 0.03098
0.05513 -0.02886 0.12589 0.14042 0.82548 1.002 0.090 1253.356 0.03100
0.05517 -0.02888 0.12599 0.14054 0.82661 0.946 0.087 1253.385 0.03102
0.05522 -0.02891 0.12609 0.14065 0.82774 1.052 0.092 1253.415 0.03105
0.05526 -0.02893 0.12619 0.14077 0.82887 1.021 0.091 1253.445 0.03107
0.05530 -0.02895 0.12629 0.14088 0.83000 0.923 0.086 1253.475 0.03110
0.05535 -0.02898 0.12640 0.14099 0.83113 0.943 0.087 1253.505 0.03112
0.05539 -0.02900 0.12650 0.14111 0.83227 0.719 0.081 1253.535 0.03115
0.05544 -0.02902 0.12660 0.14122 0.83340 0.736 0.082 1253.565 0.03117
0.05548 -0.02905 0.12670 0.14134 0.83453 0.718 0.081 1253.595 0.03120
0.05553 -0.02907 0.12680 0.14145 0.83566 0.852 0.088 1253.624 0.03122
0.05557 -0.02910 0.12691 0.14156 0.83679 0.577 0.083 1253.654 0.03125
0.05562 -0.02912 0.12701 0.14168 0.83792 0.401 0.072 1253.684 0.03127
0.05566 -0.02914 0.12711 0.14179 0.83905 0.285 0.063 1253.714 0.03129
0.05571 -0.02917 0.12721 0.14190 0.84018 0.292 0.064 1253.744 0.03132
0.05575 -0.02919 0.12732 0.14202 0.84131 0.226 0.058 1253.774 0.03134
0.05580 -0.02921 0.12742 0.14213 0.84244 0.435 0.074 1253.804 0.03137
0.05584 -0.02924 0.12752 0.14225 0.84357 0.609 0.085 1253.834 0.03139
0.05589 -0.02926 0.12762 0.14236 0.84470 0.949 0.092 1253.863 0.03142
0.05593 -0.02928 0.12772 0.14247 0.84583 0.883 0.089 1253.893 0.03144
0.05598 -0.02931 0.12783 0.14259 0.84696 0.883 0.084 1253.923 0.03147
0.05602 -0.02933 0.12793 0.14270 0.84810 0.908 0.090 1253.953 0.03149
0.05606 -0.02935 0.12803 0.14282 0.84923 1.035 0.091 1253.983 0.03152
0.05611 -0.02938 0.12813 0.14293 0.85036 1.017 0.090 1254.013 0.03154
0.05615 -0.02940 0.12823 0.14304 0.85149 1.067 0.093 1254.043 0.03157
0.05620 -0.02942 0.12834 0.14316 0.85262 0.950 0.087 1254.073 0.03159
0.05624 -0.02945 0.12844 0.14327 0.85375 1.007 0.090 1254.102 0.03161
0.05629 -0.02947 0.12854 0.14339 0.85488 1.048 0.092 1254.132 0.03164
0.05633 -0.02949 0.12864 0.14350 0.85601 1.080 0.093 1254.162 0.03166
0.05638 -0.02952 0.12875 0.14361 0.85714 1.024 0.091 1254.192 0.03169
0.05642 -0.02954 0.12885 0.14373 0.85828 0.990 0.089 1254.222 0.03171
0.05647 -0.02956 0.12895 0.14384 0.85941 1.016 0.090 1254.252 0.03174
0.05651 -0.02959 0.12905 0.14396 0.86054 1.063 0.092 1254.282 0.03176
0.05656 -0.02961 0.12915 0.14407 0.86167 1.016 0.090 1254.312 0.03179
0.05660 -0.02963 0.12926 0.14418 0.86280 0.808 0.090 1254.342 0.03181
0.05665 -0.02966 0.12936 0.14430 0.86393 0.866 0.088 1254.371 0.03184
0.05669 -0.02968 0.12946 0.14441 0.86506 1.022 0.091 1254.401 0.03186
0.05674 -0.02970 0.12956 0.14453 0.86620 1.031 0.091 1254.431 0.03188
0.05678 -0.02973 0.12966 0.14464 0.86733 0.931 0.086 1254.461 0.03191
0.05683 -0.02975 0.12977 0.14475 0.86846 1.038 0.091 1254.491 0.03193
0.05687 -0.02977 0.12987 0.14487 0.86959 0.873 0.084 1254.521 0.03196
0.05691 -0.02980 0.12997 0.14498 0.87072 0.972 0.088 1254.551 0.03198
0.05696 -0.02982 0.13007 0.14510 0.87185 0.948 0.087 1254.581 0.03201
0.05700 -0.02984 0.13018 0.14521 0.87299 0.990 0.094 1254.610 0.03203
0.05705 -0.02987 0.13028 0.14532 0.87412 0.798 0.085 1254.640 0.03206
0.05709 -0.02989 0.13038 0.14544 0.87525 0.897 0.090 1254.670 0.03208
0.05714 -0.02992 0.13048 0.14555 0.87638 0.963 0.088 1254.700 0.03211
0.05718 -0.02994 0.13059 0.14567 0.87751 1.012 0.090 1254.730 0.03213
0.05723 -0.02996 0.13069 0.14578 0.87865 0.998 0.094 1254.760 0.03215
0.05727 -0.02999 0.13079 0.14589 0.87978 1.003 0.090 1254.790 0.03218
0.05732 -0.03001 0.13089 0.14601 0.88091 0.937 0.087 1254.820 0.03220
0.05736 -0.03003 0.13099 0.14612 0.88204 0.886 0.084 1254.849 0.03223
0.05741 -0.03006 0.13110 0.14624 0.88317 0.873 0.088 1254.879 0.03225
0.05745 -0.03008 0.13120 0.14635 0.88431 0.921 0.086 1254.909 0.03228
0.05750 -0.03010 0.13130 0.14646 0.88544 1.201 0.098 1254.939 0.03230
0.05754 -0.03013 0.13140 0.14658 0.88657 1.012 0.090 1254.969 0.03233
0.05759 -0.03015 0.13151 0.14669 0.88770 1.120 0.095 1254.999 0.03235
0.05763 -0.03017 0.13161 0.14681 0.88884 0.996 0.089 1255.029 0.03238
0.05768 -0.03020 0.13171 0.14692 0.88997 0.872 0.088 1255.059 0.03240
0.05772 -0.03022 0.13181 0.14704 0.89110 0.897 0.089 1255.088 0.03243
0.05777 -0.03024 0.13191 0.14715 0.89223 1.006 0.090 1255.118 0.03245
0.05781 -0.03027 0.13202 0.14726 0.89337 0.797 0.084 1255.148 0.03247
0.05786 -0.03029 0.13212 0.14738 0.89450 0.863 0.088 1255.178 0.03250
0.05790 -0.03031 0.13222 0.14749 0.89563 0.905 0.085 1255.208 0.03252
0.05794 -0.03034 0.13232 0.14761 0.89676 0.906 0.089 1255.238 0.03255
0.05799 -0.03036 0.13243 0.14772 0.89790 0.962 0.087 1255.268 0.03257
0.05803 -0.03038 0.13253 0.14783 0.89903 0.855 0.082 1255.298 0.03260
0.05808 -0.03041 0.13263 0.14795 0.90016 0.814 0.080 1255.328 0.03262
0.05812 -0.03043 0.13273 0.14806 0.90129 1.001 0.089 1255.357 0.03265
0.05817 -0.03045 0.13284 0.14818 0.90243 0.872 0.083 1255.387 0.03267
0.05821 -0.03048 0.13294 0.14829 0.90356 0.853 0.087 1255.417 0.03270
0.05826 -0.03050 0.13304 0.14840 0.90469 1.072 0.103 1255.447 0.03272
0.05830 -0.03052 0.13314 0.14852 0.90583 1.011 0.115 1255.477 0.03274
0.05835 -0.03055 0.13324 0.14863 0.90696 0.984 0.088 1255.507 0.03277
0.05839 -0.03057 0.13335 0.14875 0.90809 1.010 0.090 1255.537 0.03279
0.05844 -0.03060 0.13345 0.14886 0.90923 0.993 0.089 1255.567 0.03282
0.05848 -0.03062 0.13355 0.14898 0.91036 0.952 0.087 1255.596 0.03284
0.05853 -0.03064 0.13365 0.14909 0.91149 1.035 0.091 1255.626 0.03287
0.05857 -0.03067 0.13376 0.14920 0.91263 0.936 0.086 1255.656 0.03289
0.05862 -0.03069 0.13386 0.14932 0.91376 0.803 0.080 1255.686 0.03292
0.05866 -0.03071 0.13396 0.14943 0.91489 0.895 0.084 1255.716 0.03294
0.05871 -0.03074 0.13406 0.14955 0.91603 0.768 0.083 1255.746 0.03297
0.05875 -0.03076 0.13417 0.14966 0.91716 1.001 0.089 1255.776 0.03299
0.05880 -0.03078 0.13427 0.14977 0.91829 0.870 0.083 1255.806 0.03302
0.05884 -0.03081 0.13437 0.14989 0.91943 0.718 0.085 1255.835 0.03304
0.05889 -0.03083 0.13447 0.15000 0.92056 0.814 0.085 1255.865 0.03306
0.05893 -0.03085 0.13458 0.15012 0.92169 0.754 0.077 1255.895 0.03309
0.05898 -0.03088 0.13468 0.15023 0.92283 0.726 0.081 1255.925 0.03311
0.05902 -0.03090 0.13478 0.15035 0.92396 0.729 0.086 1255.955 0.03314
0.05907 -0.03092 0.13488 0.15046 0.92509 0.897 0.084 1255.985 0.03316
0.05911 -0.03095 0.13498 0.15057 0.92623 1.033 0.090 1256.015 0.03319
0.05915 -0.03097 0.13509 0.15069 0.92736 0.996 0.089 1256.045 0.03321
0.05920 -0.03099 0.13519 0.15080 0.92849 0.857 0.082 1256.074 0.03324
0.05924 -0.03102 0.13529 0.15092 0.92963 1.000 0.089 1256.104 0.03326
0.05929 -0.03104 0.13539 0.15103 0.93076 0.993 0.089 1256.134 0.03329
0.05933 -0.03106 0.13550 0.15115 0.93190 0.809 0.084 1256.164 0.03331
0.05938 -0.03109 0.13560 0.15126 0.93303 0.926 0.090 1256.194 0.03333
0.05942 -0.03111 0.13570 0.15137 0.93416 0.982 0.088 1256.224 0.03336
0.05947 -0.03113 0.13580 0.15149 0.93530 0.843 0.086 1256.254 0.03338
0.05951 -0.03116 0.13591 0.15160 0.93643 1.071 0.092 1256.284 0.03341
0.05956 -0.03118 0.13601 0.15172 0.93757 1.041 0.091 1256.314 0.03343
0.05960 -0.03121 0.13611 0.15183 0.93870 0.873 0.083 1256.343 0.03346
0.05965 -0.03123 0.13621 0.15195 0.93983 0.988 0.088 1256.373 0.03348
0.05969 -0.03125 0.13632 0.15206 0.94097 0.948 0.086 1256.403 0.03351
0.05974 -0.03128 0.13642 0.15217 0.94210 0.947 0.086 1256.433 0.03353
0.05978 -0.03130 0.13652 0.15229 0.94324 0.857 0.087 1256.463 0.03356
0.05983 -0.03132 0.13662 0.15240 0.94437 0.823 0.080 1256.493 0.03358
0.05987 -0.03135 0.13673 0.15252 0.94551 1.119 0.094 1256.523 0.03361
0.05992 -0.03137 0.13683 0.15263 0.94664 1.069 0.092 1256.553 0.03363
0.05996 -0.03139 0.13693 0.15275 0.94777 0.946 0.086 1256.582 0.03365
0.06001 -0.03142 0.13703 0.15286 0.94891 0.970 0.087 1256.612 0.03368
0.06005 -0.03144 0.13714 0.15297 0.95004 1.018 0.089 1256.642 0.03370
0.06010 -0.03146 0.13724 0.15309 0.95118 1.027 0.090 1256.672 0.03373
0.06014 -0.03149 0.13734 0.15320 0.95231 1.012 0.089 1256.702 0.03375
0.06019 -0.03151 0.13744 0.15332 0.95345 0.880 0.083 1256.732 0.03378
0.06023 -0.03153 0.13755 0.15343 0.95458 0.731 0.085 1256.762 0.03380
0.06028 -0.03156 0.13765 0.15355 0.95572 0.750 0.086 1256.792 0.03383
0.06032 -0.03158 0.13775 0.15366 0.95685 0.848 0.082 1256.821 0.03385
0.06037 -0.03160 0.13785 0.15377 0.95799 0.968 0.087 1256.851 0.03388
0.06041 -0.03163 0.13796 0.15389 0.95912 1.049 0.091 1256.881 0.03390
0.06046 -0.03165 0.13806 0.15400 0.96026 1.049 0.091 1256.911 0.03392
0.06050 -0.03168 0.13816 0.15412 0.96139 0.959 0.087 1256.941 0.03395
0.06055 -0.03170 0.13826 0.15423 0.96253 1.081 0.092 1256.971 0.03397
0.06059 -0.03172 0.13837 0.15435 0.96366 1.007 0.089 1257.001 0.03400
0.06064 -0.03175 0.13847 0.15446 0.96480 0.975 0.087 1257.031 0.03402
0.06068 -0.03177 0.13857 0.15457 0.96593 0.878 0.083 1257.060 0.03405
0.06073 -0.03179 0.13867 0.15469 0.96707 0.966 0.087 1257.090 0.03407
0.06077 -0.03182 0.13878 0.15480 0.96820 0.877 0.083 1257.120 0.03410
0.06082 -0.03184 0.13888 0.15492 0.96934 1.040 0.090 1257.150 0.03412
0.06086 -0.03186 0.13898 0.15503 0.97047 0.878 0.083 1257.180 0.03415
0.06090 -0.03189 0.13908 0.15515 0.97161 1.015 0.089 1257.210 0.03417
0.06095 -0.03191 0.13919 0.15526 0.97274 0.958 0.086 1257.240 0.03419
0.06099 -0.03193 0.13929 0.15537 0.97388 0.982 0.088 1257.270 0.03422
0.06104 -0.03196 0.13939 0.15549 0.97501 1.087 0.092 1257.300 0.03424
0.06108 -0.03198 0.13949 0.15560 0.97615 0.999 0.088 1257.329 0.03427
0.06113 -0.03200 0.13960 0.15572 0.97728 0.973 0.087 1257.359 0.03429
0.06117 -0.03203 0.13970 0.15583 0.97842 1.040 0.090 1257.389 0.03432
0.06122 -0.03205 0.13980 0.15595 0.97955 0.956 0.086 1257.419 0.03434
0.06126 -0.03207 0.13990 0.15606 0.98069 0.997 0.088 1257.449 0.03437
0.06131 -0.03210 0.14001 0.15618 0.98183 1.086 0.092 1257.479 0.03439
0.06135 -0.03212 0.14011 0.15629 0.98296 0.962 0.087 1257.509 0.03442
0.06140 -0.03215 0.14021 0.15640 0.98410 1.029 0.090 1257.539 0.03444
0.06144 -0.03217 0.14031 0.15652 0.98523 0.997 0.088 1257.568 0.03447
0.06149 -0.03219 0.14042 0.15663 0.98637 0.906 0.084 1257.598 0.03449
0.06153 -0.03222 0.14052 0.15675 0.98750 0.840 0.081 1257.628 0.03451
0.06158 -0.03224 0.14062 0.15686 0.98864 1.157 0.095 1257.658 0.03454
0.06162 -0.03226 0.14072 0.15698 0.98978 0.904 0.088 1257.688 0.03456
0.06167 -0.03229 0.14083 0.15709 0.99091 0.815 0.080 1257.718 0.03459
0.06171 -0.03231 0.14093 0.15721 0.99205 0.897 0.088 1257.748 0.03461
0.06176 -0.03233 0.14103 0.15732 0.99318 0.830 0.080 1257.778 0.03464
0.06180 -0.03236 0.14113 0.15743 0.99432 1.023 0.089 1257.807 0.03466
0.06185 -0.03238 0.14124 0.15755 0.99546 1.016 0.089 1257.837 0.03469
0.06189 -0.03240 0.14134 0.15766 0.99659 0.927 0.085 1257.867 0.03471
0.06194 -0.03243 0.14144 0.15778 0.99773 1.218 0.097 1257.897 0.03474
0.06198 -0.03245 0.14155 0.15789 0.99886 0.897 0.083 1257.927 0.03476
0.06203 -0.03247 0.14165 0.15801 1.00000 0.889 0.083 1257.957 0.03478
