x y z dist_scaled dist_frac flux_norm sig_norm wavelength redshift
0.01299 -0.01348 0.05411 0.05726 0.00000 0.765 0.192 1231.245 0.01281
0.01301 -0.01351 0.05422 0.05737 0.00110 1.176 0.224 1231.275 0.01284
0.01304 -0.01353 0.05432 0.05748 0.00220 1.227 0.228 1231.305 0.01286
0.01306 -0.01356 0.05443 0.05759 0.00330 1.227 0.228 1231.335 0.01289
0.01309 -0.01358 0.05453 0.05770 0.00440 0.944 0.207 1231.365 0.01291
0.01311 -0.01361 0.05464 0.05781 0.00550 1.250 0.229 1231.395 0.01293
0.01314 -0.01364 0.05474 0.05792 0.00661 1.019 0.213 1231.425 0.01296
0.01316 -0.01366 0.05484 0.05803 0.00771 0.970 0.208 1231.454 0.01298
0.01319 -0.01369 0.05495 0.05814 0.00881 0.995 0.211 1231.484 0.01301
0.01321 -0.01372 0.05505 0.05826 0.00991 1.019 0.212 1231.514 0.01303
0.01324 -0.01374 0.05516 0.05837 0.01101 0.764 0.191 1231.544 0.01306
0.01326 -0.01377 0.05526 0.05848 0.01211 1.176 0.224 1231.574 0.01308
0.01329 -0.01379 0.05537 0.05859 0.01321 0.892 0.202 1231.604 0.01311
0.01331 -0.01382 0.05547 0.05870 0.01431 0.893 0.202 1231.634 0.01313
0.01334 -0.01385 0.05558 0.05881 0.01541 1.099 0.217 1231.664 0.01316
0.01336 -0.01387 0.05568 0.05892 0.01652 0.920 0.204 1231.693 0.01318
0.01339 -0.01390 0.05579 0.05903 0.01762 1.278 0.231 1231.723 0.01321
0.01341 -0.01392 0.05589 0.05914 0.01872 0.845 0.198 1231.753 0.01323
0.01344 -0.01395 0.05600 0.05925 0.01982 0.894 0.202 1231.783 0.01325
0.01346 -0.01398 0.05610 0.05936 0.02092 0.989 0.218 1231.813 0.01328
0.01349 -0.01400 0.05621 0.05948 0.02202 1.200 0.225 1231.843 0.01330
0.01351 -0.01403 0.05631 0.05959 0.02312 0.816 0.195 1231.873 0.01333
0.01354 -0.01405 0.05642 0.05970 0.02423 1.148 0.221 1231.903 0.01335
0.01357 -0.01408 0.05652 0.05981 0.02533 1.197 0.225 1231.932 0.01338
0.01359 -0.01411 0.05663 0.05992 0.02643 0.917 0.203 1231.962 0.01340
0.01362 -0.01413 0.05673 0.06003 0.02753 1.148 0.221 1231.992 0.01343
0.01364 -0.01416 0.05684 0.06014 0.02863 1.228 0.226 1232.022 0.01345
0.01367 -0.01419 0.05694 0.06025 0.02973 0.792 0.193 1232.052 0.01348
0.01369 -0.01421 0.05705 0.06036 0.03084 0.837 0.212 1232.082 0.01350
0.01372 -0.01424 0.05715 0.06047 0.03194 1.147 0.221 1232.112 0.01352
0.01374 -0.01426 0.05726 0.06059 0.03304 0.738 0.189 1232.142 0.01355
0.01377 -0.01429 0.05736 0.06070 0.03414 0.968 0.208 1232.171 0.01357
0.01379 -0.01432 0.05747 0.06081 0.03524 0.972 0.207 1232.201 0.01360
0.01382 -0.01434 0.05757 0.06092 0.03635 1.122 0.219 1232.231 0.01362
0.01384 -0.01437 0.05768 0.06103 0.03745 0.919 0.203 1232.261 0.01365
0.01387 -0.01439 0.05778 0.06114 0.03855 0.867 0.199 1232.291 0.01367
0.01389 -0.01442 0.05789 0.06125 0.03965 1.017 0.211 1232.321 0.01370
0.01392 -0.01445 0.05799 0.06136 0.04075 0.954 0.222 1232.351 0.01372
0.01394 -0.01447 0.05810 0.06147 0.04186 0.864 0.199 1232.381 0.01375
0.01397 -0.01450 0.05820 0.06159 0.04296 0.939 0.205 1232.411 0.01377
0.01399 -0.01453 0.05831 0.06170 0.04406 0.966 0.207 1232.440 0.01380
0.01402 -0.01455 0.05841 0.06181 0.04516 0.968 0.207 1232.470 0.01382
0.01404 -0.01458 0.05852 0.06192 0.04627 0.981 0.207 1232.500 0.01384
0.01407 -0.01460 0.05862 0.06203 0.04737 0.997 0.207 1232.530 0.01387
0.01409 -0.01463 0.05873 0.06214 0.04847 1.203 0.224 1232.560 0.01389
0.01412 -0.01466 0.05883 0.06225 0.04957 1.093 0.215 1232.590 0.01392
0.01414 -0.01468 0.05894 0.06236 0.05068 0.948 0.216 1232.620 0.01394
0.01417 -0.01471 0.05904 0.06247 0.05178 1.252 0.226 1232.650 0.01397
0.01419 -0.01473 0.05915 0.06258 0.05288 1.012 0.209 1232.679 0.01399
0.01422 -0.01476 0.05925 0.06270 0.05398 1.055 0.213 1232.709 0.01402
0.01425 -0.01479 0.05936 0.06281 0.05509 1.219 0.222 1232.739 0.01404
0.01427 -0.01481 0.05946 0.06292 0.05619 0.718 0.183 1232.769 0.01407
0.01430 -0.01484 0.05957 0.06303 0.05729 0.774 0.188 1232.799 0.01409
0.01432 -0.01487 0.05967 0.06314 0.05840 0.867 0.196 1232.829 0.01411
0.01435 -0.01489 0.05978 0.06325 0.05950 1.018 0.207 1232.859 0.01414
0.01437 -0.01492 0.05988 0.06336 0.06060 1.218 0.223 1232.889 0.01416
0.01440 -0.01494 0.05999 0.06347 0.06170 0.749 0.186 1232.918 0.01419
0.01442 -0.01497 0.06009 0.06358 0.06281 1.029 0.210 1232.948 0.01421
0.01445 -0.01500 0.06020 0.06370 0.06391 1.165 0.220 1232.978 0.01424
0.01447 -0.01502 0.06030 0.06381 0.06501 0.925 0.203 1233.008 0.01426
0.01450 -0.01505 0.06041 0.06392 0.06612 0.759 0.190 1233.038 0.01429
0.01452 -0.01507 0.06051 0.06403 0.06722 1.207 0.225 1233.068 0.01431
0.01455 -0.01510 0.06062 0.06414 0.06832 1.105 0.216 1233.098 0.01434
0.01457 -0.01513 0.06072 0.06425 0.06943 1.005 0.210 1233.128 0.01436
0.01460 -0.01515 0.06083 0.06436 0.07053 1.107 0.218 1233.157 0.01439
0.01462 -0.01518 0.06093 0.06447 0.07163 1.286 0.230 1233.187 0.01441
0.01465 -0.01521 0.06104 0.06459 0.07274 1.235 0.227 1233.217 0.01443
0.01467 -0.01523 0.06114 0.06470 0.07384 1.059 0.214 1233.247 0.01446
0.01470 -0.01526 0.06125 0.06481 0.07494 0.907 0.202 1233.277 0.01448
0.01472 -0.01528 0.06135 0.06492 0.07605 1.236 0.226 1233.307 0.01451
0.01475 -0.01531 0.06146 0.06503 0.07715 1.110 0.218 1233.337 0.01453
0.01477 -0.01534 0.06156 0.06514 0.07825 0.830 0.196 1233.367 0.01456
0.01480 -0.01536 0.06167 0.06525 0.07936 1.188 0.223 1233.397 0.01458
0.01482 -0.01539 0.06177 0.06536 0.08046 1.112 0.217 1233.426 0.01461
0.01485 -0.01541 0.06188 0.06547 0.08156 1.138 0.219 1233.456 0.01463
0.01488 -0.01544 0.06198 0.06559 0.08267 0.933 0.204 1233.486 0.01466
0.01490 -0.01547 0.06209 0.06570 0.08377 0.958 0.206 1233.516 0.01468
0.01493 -0.01549 0.06219 0.06581 0.08488 1.213 0.225 1233.546 0.01470
0.01495 -0.01552 0.06230 0.06592 0.08598 0.833 0.196 1233.576 0.01473
0.01498 -0.01555 0.06240 0.06603 0.08708 0.809 0.193 1233.606 0.01475
0.01500 -0.01557 0.06251 0.06614 0.08819 1.190 0.223 1233.636 0.01478
0.01503 -0.01560 0.06261 0.06625 0.08929 1.061 0.213 1233.665 0.01480
0.01505 -0.01562 0.06272 0.06636 0.09040 1.442 0.240 1233.695 0.01483
0.01508 -0.01565 0.06282 0.06648 0.09150 1.316 0.231 1233.725 0.01485
0.01510 -0.01568 0.06293 0.06659 0.09260 0.836 0.196 1233.755 0.01488
0.01513 -0.01570 0.06303 0.06670 0.09371 0.935 0.204 1233.785 0.01490
0.01515 -0.01573 0.06314 0.06681 0.09481 1.036 0.212 1233.815 0.01493
0.01518 -0.01576 0.06324 0.06692 0.09592 0.857 0.198 1233.845 0.01495
0.01520 -0.01578 0.06335 0.06703 0.09702 1.063 0.214 1233.875 0.01497
0.01523 -0.01581 0.06345 0.06714 0.09813 0.887 0.200 1233.904 0.01500
0.01525 -0.01583 0.06356 0.06725 0.09923 0.886 0.200 1233.934 0.01502
0.01528 -0.01586 0.06366 0.06737 0.10033 0.809 0.194 1233.964 0.01505
0.01530 -0.01589 0.06377 0.06748 0.10144 1.063 0.214 1233.994 0.01507
0.01533 -0.01591 0.06387 0.06759 0.10254 1.267 0.228 1234.024 0.01510
0.01535 -0.01594 0.06398 0.06770 0.10365 1.063 0.214 1234.054 0.01512
0.01538 -0.01596 0.06408 0.06781 0.10475 0.964 0.206 1234.084 0.01515
0.01541 -0.01599 0.06419 0.06792 0.10586 1.039 0.212 1234.114 0.01517
0.01543 -0.01602 0.06430 0.06803 0.10696 1.115 0.217 1234.143 0.01520
0.01546 -0.01604 0.06440 0.06814 0.10807 0.983 0.208 1234.173 0.01522
0.01548 -0.01607 0.06451 0.06826 0.10917 0.960 0.205 1234.203 0.01525
0.01551 -0.01610 0.06461 0.06837 0.11028 0.882 0.200 1234.233 0.01527
0.01553 -0.01612 0.06472 0.06848 0.11138 0.882 0.200 1234.263 0.01529
0.01556 -0.01615 0.06482 0.06859 0.11248 0.883 0.200 1234.293 0.01532
0.01558 -0.01617 0.06493 0.06870 0.11359 0.781 0.191 1234.323 0.01534
0.01561 -0.01620 0.06503 0.06881 0.11469 0.983 0.207 1234.353 0.01537
0.01563 -0.01623 0.06514 0.06892 0.11580 0.983 0.207 1234.383 0.01539
0.01566 -0.01625 0.06524 0.06904 0.11690 0.957 0.205 1234.412 0.01542
0.01568 -0.01628 0.06535 0.06915 0.11801 0.983 0.208 1234.442 0.01544
0.01571 -0.01631 0.06545 0.06926 0.11911 1.238 0.226 1234.472 0.01547
0.01573 -0.01633 0.06556 0.06937 0.12022 0.883 0.199 1234.502 0.01549
0.01576 -0.01636 0.06566 0.06948 0.12132 1.187 0.222 1234.532 0.01552
0.01578 -0.01638 0.06577 0.06959 0.12243 0.905 0.202 1234.562 0.01554
0.01581 -0.01641 0.06587 0.06970 0.12354 0.753 0.189 1234.592 0.01556
0.01583 -0.01644 0.06598 0.06981 0.12464 0.905 0.201 1234.622 0.01559
0.01586 -0.01646 0.06608 0.06993 0.12575 1.110 0.217 1234.651 0.01561
0.01588 -0.01649 0.06619 0.07004 0.12685 1.062 0.213 1234.681 0.01564
0.01591 -0.01652 0.06629 0.07015 0.12796 0.907 0.201 1234.711 0.01566
0.01594 -0.01654 0.06640 0.07026 0.12906 0.908 0.202 1234.741 0.01569
0.01596 -0.01657 0.06650 0.07037 0.13017 0.807 0.193 1234.771 0.01571
0.01599 -0.01659 0.06661 0.07048 0.13127 0.908 0.202 1234.801 0.01574
0.01601 -0.01662 0.06672 0.07059 0.13238 0.860 0.197 1234.831 0.01576
0.01604 -0.01665 0.06682 0.07071 0.13348 0.806 0.193 1234.861 0.01579
0.01606 -0.01667 0.06693 0.07082 0.13459 1.190 0.222 1234.890 0.01581
0.01609 -0.01670 0.06703 0.07093 0.13570 0.885 0.199 1234.920 0.01584
0.01611 -0.01673 0.06714 0.07104 0.13680 1.164 0.221 1234.950 0.01586
0.01614 -0.01675 0.06724 0.07115 0.13791 1.037 0.211 1234.980 0.01588
0.01616 -0.01678 0.06735 0.07126 0.13901 1.062 0.213 1235.010 0.01591
0.01619 -0.01680 0.06745 0.07137 0.14012 0.985 0.208 1235.040 0.01593
0.01621 -0.01683 0.06756 0.07149 0.14122 1.036 0.211 1235.070 0.01596
0.01624 -0.01686 0.06766 0.07160 0.14233 1.370 0.235 1235.100 0.01598
0.01626 -0.01688 0.06777 0.07171 0.14344 1.116 0.217 1235.129 0.01601
0.01629 -0.01691 0.06787 0.07182 0.14454 1.144 0.219 1235.159 0.01603
0.01631 -0.01693 0.06798 0.07193 0.14565 0.939 0.204 1235.189 0.01606
0.01634 -0.01696 0.06808 0.07204 0.14675 0.634 0.177 1235.219 0.01608
0.01636 -0.01699 0.06819 0.07215 0.14786 1.014 0.210 1235.249 0.01611
0.01639 -0.01701 0.06829 0.07227 0.14897 1.014 0.210 1235.279 0.01613
0.01642 -0.01704 0.06840 0.07238 0.15007 0.913 0.201 1235.309 0.01615
0.01644 -0.01707 0.06851 0.07249 0.15118 0.965 0.205 1235.339 0.01618
0.01647 -0.01709 0.06861 0.07260 0.15228 0.737 0.187 1235.369 0.01620
0.01649 -0.01712 0.06872 0.07271 0.15339 0.989 0.208 1235.398 0.01623
0.01652 -0.01714 0.06882 0.07282 0.15450 1.148 0.219 1235.428 0.01625
0.01654 -0.01717 0.06893 0.07293 0.15560 0.959 0.203 1235.458 0.01628
0.01657 -0.01720 0.06903 0.07305 0.15671 1.012 0.209 1235.488 0.01630
0.01659 -0.01722 0.06914 0.07316 0.15782 0.843 0.193 1235.518 0.01633
0.01662 -0.01725 0.06924 0.07327 0.15892 0.902 0.197 1235.548 0.01635
0.01664 -0.01728 0.06935 0.07338 0.16003 0.930 0.200 1235.578 0.01638
0.01667 -0.01730 0.06945 0.07349 0.16114 0.929 0.202 1235.608 0.01640
0.01669 -0.01733 0.06956 0.07360 0.16224 1.200 0.222 1235.637 0.01643
0.01672 -0.01735 0.06966 0.07371 0.16335 1.034 0.207 1235.667 0.01645
0.01674 -0.01738 0.06977 0.07383 0.16446 1.113 0.213 1235.697 0.01647
0.01677 -0.01741 0.06988 0.07394 0.16556 0.993 0.206 1235.727 0.01650
0.01679 -0.01743 0.06998 0.07405 0.16667 0.736 0.185 1235.757 0.01652
0.01682 -0.01746 0.07009 0.07416 0.16778 0.868 0.195 1235.787 0.01655
0.01685 -0.01749 0.07019 0.07427 0.16888 0.964 0.204 1235.817 0.01657
0.01687 -0.01751 0.07030 0.07438 0.16999 0.936 0.202 1235.847 0.01660
0.01690 -0.01754 0.07040 0.07450 0.17110 0.862 0.196 1235.876 0.01662
0.01692 -0.01756 0.07051 0.07461 0.17220 0.904 0.199 1235.906 0.01665
0.01695 -0.01759 0.07061 0.07472 0.17331 1.330 0.231 1235.936 0.01667
0.01697 -0.01762 0.07072 0.07483 0.17442 0.999 0.206 1235.966 0.01670
0.01700 -0.01764 0.07082 0.07494 0.17553 1.041 0.211 1235.996 0.01672
0.01702 -0.01767 0.07093 0.07505 0.17663 1.116 0.217 1236.026 0.01674
0.01705 -0.01770 0.07103 0.07516 0.17774 1.195 0.223 1236.056 0.01677
0.01707 -0.01772 0.07114 0.07528 0.17885 1.198 0.222 1236.086 0.01679
0.01710 -0.01775 0.07125 0.07539 0.17995 0.794 0.191 1236.115 0.01682
0.01712 -0.01777 0.07135 0.07550 0.18106 1.157 0.217 1236.145 0.01684
0.01715 -0.01780 0.07146 0.07561 0.18217 0.948 0.203 1236.175 0.01687
0.01717 -0.01783 0.07156 0.07572 0.18328 1.187 0.221 1236.205 0.01689
0.01720 -0.01785 0.07167 0.07583 0.18438 1.004 0.206 1236.235 0.01692
0.01722 -0.01788 0.07177 0.07595 0.18549 1.184 0.221 1236.265 0.01694
0.01725 -0.01791 0.07188 0.07606 0.18660 0.934 0.201 1236.295 0.01697
0.01728 -0.01793 0.07198 0.07617 0.18771 0.990 0.206 1236.325 0.01699
0.01730 -0.01796 0.07209 0.07628 0.18881 0.922 0.200 1236.355 0.01701
0.01733 -0.01799 0.07219 0.07639 0.18992 1.188 0.221 1236.384 0.01704
0.01735 -0.01801 0.07230 0.07650 0.19103 0.915 0.199 1236.414 0.01706
0.01738 -0.01804 0.07241 0.07661 0.19214 0.746 0.186 1236.444 0.01709
0.01740 -0.01806 0.07251 0.07673 0.19324 1.148 0.217 1236.474 0.01711
0.01743 -0.01809 0.07262 0.07684 0.19435 0.875 0.198 1236.504 0.01714
0.01745 -0.01812 0.07272 0.07695 0.19546 1.098 0.215 1236.534 0.01716
0.01748 -0.01814 0.07283 0.07706 0.19657 0.708 0.185 1236.564 0.01719
0.01750 -0.01817 0.07293 0.07717 0.19768 1.244 0.226 1236.594 0.01721
0.01753 -0.01820 0.07304 0.07728 0.19878 1.143 0.219 1236.623 0.01724
0.01755 -0.01822 0.07314 0.07740 0.19989 0.837 0.196 1236.653 0.01726
0.01758 -0.01825 0.07325 0.07751 0.20100 0.939 0.204 1236.683 0.01729
0.01760 -0.01827 0.07335 0.07762 0.20211 1.017 0.210 1236.713 0.01731
0.01763 -0.01830 0.07346 0.07773 0.20322 1.040 0.212 1236.743 0.01733
0.01766 -0.01833 0.07357 0.07784 0.20432 0.911 0.202 1236.773 0.01736
0.01768 -0.01835 0.07367 0.07795 0.20543 1.094 0.215 1236.803 0.01738
0.01771 -0.01838 0.07378 0.07807 0.20654 0.816 0.194 1236.833 0.01741
0.01773 -0.01841 0.07388 0.07818 0.20765 1.325 0.232 1236.862 0.01743
0.01776 -0.01843 0.07399 0.07829 0.20876 1.071 0.214 1236.892 0.01746
0.01778 -0.01846 0.07409 0.07840 0.20987 0.611 0.175 1236.922 0.01748
0.01781 -0.01848 0.07420 0.07851 0.21097 1.275 0.228 1236.952 0.01751
0.01783 -0.01851 0.07430 0.07862 0.21208 1.123 0.218 1236.982 0.01753
0.01786 -0.01854 0.07441 0.07874 0.21319 1.150 0.219 1237.012 0.01756
0.01788 -0.01856 0.07452 0.07885 0.21430 1.074 0.214 1237.042 0.01758
0.01791 -0.01859 0.07462 0.07896 0.21541 0.767 0.190 1237.072 0.01760
0.01793 -0.01862 0.07473 0.07907 0.21652 0.999 0.208 1237.101 0.01763
0.01796 -0.01864 0.07483 0.07918 0.21762 1.049 0.212 1237.131 0.01765
0.01798 -0.01867 0.07494 0.07929 0.21873 1.232 0.225 1237.161 0.01768
0.01801 -0.01869 0.07504 0.07941 0.21984 1.285 0.229 1237.191 0.01770
0.01804 -0.01872 0.07515 0.07952 0.22095 0.998 0.208 1237.221 0.01773
0.01806 -0.01875 0.07525 0.07963 0.22206 1.126 0.218 1237.251 0.01775
0.01809 -0.01877 0.07536 0.07974 0.22317 0.922 0.202 1237.281 0.01778
0.01811 -0.01880 0.07547 0.07985 0.22428 0.795 0.192 1237.311 0.01780
0.01814 -0.01883 0.07557 0.07996 0.22539 0.976 0.207 1237.341 0.01783
0.01816 -0.01885 0.07568 0.08008 0.22650 0.973 0.206 1237.370 0.01785
0.01819 -0.01888 0.07578 0.08019 0.22760 1.102 0.216 1237.400 0.01788
0.01821 -0.01891 0.07589 0.08030 0.22871 1.000 0.209 1237.430 0.01790
0.01824 -0.01893 0.07599 0.08041 0.22982 0.874 0.198 1237.460 0.01792
0.01826 -0.01896 0.07610 0.08052 0.23093 0.948 0.205 1237.490 0.01795
0.01829 -0.01898 0.07620 0.08064 0.23204 1.051 0.212 1237.520 0.01797
0.01831 -0.01901 0.07631 0.08075 0.23315 1.077 0.214 1237.550 0.01800
0.01834 -0.01904 0.07642 0.08086 0.23426 0.872 0.199 1237.580 0.01802
0.01836 -0.01906 0.07652 0.08097 0.23537 0.898 0.201 1237.609 0.01805
0.01839 -0.01909 0.07663 0.08108 0.23648 0.822 0.194 1237.639 0.01807
0.01842 -0.01912 0.07673 0.08119 0.23759 0.949 0.205 1237.669 0.01810
0.01844 -0.01914 0.07684 0.08131 0.23870 0.849 0.196 1237.699 0.01812
0.01847 -0.01917 0.07694 0.08142 0.23981 1.054 0.213 1237.729 0.01815
0.01849 -0.01919 0.07705 0.08153 0.24092 1.002 0.208 1237.759 0.01817
0.01852 -0.01922 0.07716 0.08164 0.24202 0.901 0.201 1237.789 0.01819
0.01854 -0.01925 0.07726 0.08175 0.24313 0.876 0.198 1237.819 0.01822
0.01857 -0.01927 0.07737 0.08186 0.24424 0.748 0.188 1237.848 0.01824
0.01859 -0.01930 0.07747 0.08198 0.24535 0.929 0.203 1237.878 0.01827
0.01862 -0.01933 0.07758 0.08209 0.24646 0.724 0.186 1237.908 0.01829
0.01864 -0.01935 0.07768 0.08220 0.24757 1.110 0.217 1237.938 0.01832
0.01867 -0.01938 0.07779 0.08231 0.24868 1.137 0.219 1237.968 0.01834
0.01869 -0.01941 0.07789 0.08242 0.24979 0.905 0.201 1237.998 0.01837
0.01872 -0.01943 0.07800 0.08254 0.25090 1.007 0.209 1238.028 0.01839
0.01874 -0.01946 0.07811 0.08265 0.25201 0.849 0.197 1238.058 0.01842
0.01877 -0.01948 0.07821 0.08276 0.25312 1.441 0.239 1238.087 0.01844
0.01880 -0.01951 0.07832 0.08287 0.25423 0.745 0.188 1238.117 0.01847
0.01882 -0.01954 0.07842 0.08298 0.25534 1.133 0.219 1238.147 0.01849
0.01885 -0.01956 0.07853 0.08309 0.25645 0.950 0.205 1238.177 0.01851
0.01887 -0.01959 0.07863 0.08321 0.25756 0.950 0.205 1238.207 0.01854
0.01890 -0.01962 0.07874 0.08332 0.25867 1.335 0.233 1238.237 0.01856
0.01892 -0.01964 0.07885 0.08343 0.25978 1.054 0.213 1238.267 0.01859
0.01895 -0.01967 0.07895 0.08354 0.26089 0.978 0.207 1238.297 0.01861
0.01897 -0.01969 0.07906 0.08365 0.26200 0.978 0.207 1238.327 0.01864
0.01900 -0.01972 0.07916 0.08377 0.26311 1.005 0.210 1238.356 0.01866
0.01902 -0.01975 0.07927 0.08388 0.26422 1.132 0.219 1238.386 0.01869
0.01905 -0.01977 0.07937 0.08399 0.26533 1.134 0.219 1238.416 0.01871
0.01907 -0.01980 0.07948 0.08410 0.26644 0.929 0.203 1238.446 0.01874
0.01910 -0.01983 0.07959 0.08421 0.26755 1.185 0.223 1238.476 0.01876
0.01913 -0.01985 0.07969 0.08432 0.26866 0.954 0.206 1238.506 0.01878
0.01915 -0.01988 0.07980 0.08444 0.26978 1.291 0.230 1238.536 0.01881
0.01918 -0.01991 0.07990 0.08455 0.27089 1.186 0.223 1238.566 0.01883
0.01920 -0.01993 0.08001 0.08466 0.27200 1.186 0.223 1238.595 0.01886
0.01923 -0.01996 0.08011 0.08477 0.27311 1.212 0.225 1238.625 0.01888
0.01925 -0.01998 0.08022 0.08488 0.27422 0.748 0.189 1238.655 0.01891
0.01928 -0.02001 0.08033 0.08500 0.27533 0.827 0.195 1238.685 0.01893
0.01930 -0.02004 0.08043 0.08511 0.27644 1.085 0.216 1238.715 0.01896
0.01933 -0.02006 0.08054 0.08522 0.27755 1.084 0.216 1238.745 0.01898
0.01935 -0.02009 0.08064 0.08533 0.27866 1.008 0.210 1238.775 0.01901
0.01938 -0.02012 0.08075 0.08544 0.27977 0.774 0.191 1238.805 0.01903
0.01940 -0.02014 0.08086 0.08556 0.28088 0.818 0.194 1238.834 0.01905
0.01943 -0.02017 0.08096 0.08567 0.28199 1.250 0.227 1238.864 0.01908
0.01946 -0.02020 0.08107 0.08578 0.28310 0.896 0.200 1238.894 0.01910
0.01948 -0.02022 0.08117 0.08589 0.28422 0.763 0.189 1238.924 0.01913
0.01951 -0.02025 0.08128 0.08600 0.28533 0.918 0.202 1238.954 0.01915
0.01953 -0.02027 0.08138 0.08612 0.28644 0.777 0.191 1238.984 0.01918
0.01956 -0.02030 0.08149 0.08623 0.28755 0.816 0.194 1239.014 0.01920
0.01958 -0.02033 0.08160 0.08634 0.28866 0.823 0.194 1239.044 0.01923
0.01961 -0.02035 0.08170 0.08645 0.28977 0.823 0.193 1239.073 0.01925
0.01963 -0.02038 0.08181 0.08656 0.29088 1.241 0.226 1239.103 0.01928
0.01966 -0.02041 0.08191 0.08668 0.29199 0.861 0.195 1239.133 0.01930
0.01968 -0.02043 0.08202 0.08679 0.29310 1.033 0.212 1239.163 0.01933
0.01971 -0.02046 0.08212 0.08690 0.29422 1.036 0.211 1239.193 0.01935
0.01973 -0.02049 0.08223 0.08701 0.29533 1.055 0.211 1239.223 0.01937
0.01976 -0.02051 0.08234 0.08712 0.29644 0.937 0.203 1239.253 0.01940
0.01979 -0.02054 0.08244 0.08724 0.29755 1.074 0.214 1239.283 0.01942
0.01981 -0.02056 0.08255 0.08735 0.29866 0.757 0.188 1239.313 0.01945
0.01984 -0.02059 0.08265 0.08746 0.29977 0.806 0.193 1239.342 0.01947
0.01986 -0.02062 0.08276 0.08757 0.30089 0.807 0.194 1239.372 0.01950
0.01989 -0.02064 0.08287 0.08768 0.30200 0.782 0.192 1239.402 0.01952
0.01991 -0.02067 0.08297 0.08780 0.30311 1.018 0.211 1239.432 0.01955
0.01994 -0.02070 0.08308 0.08791 0.30422 0.910 0.203 1239.462 0.01957
0.01996 -0.02072 0.08318 0.08802 0.30533 1.062 0.215 1239.492 0.01960
0.01999 -0.02075 0.08329 0.08813 0.30644 0.881 0.201 1239.522 0.01962
0.02001 -0.02078 0.08339 0.08824 0.30756 0.959 0.207 1239.552 0.01964
0.02004 -0.02080 0.08350 0.08836 0.30867 0.959 0.207 1239.581 0.01967
0.02006 -0.02083 0.08361 0.08847 0.30978 1.115 0.219 1239.611 0.01969
0.02009 -0.02085 0.08371 0.08858 0.31089 1.220 0.226 1239.641 0.01972
0.02012 -0.02088 0.08382 0.08869 0.31200 0.933 0.205 1239.671 0.01974
0.02014 -0.02091 0.08392 0.08880 0.31312 1.090 0.217 1239.701 0.01977
0.02017 -0.02093 0.08403 0.08892 0.31423 0.884 0.200 1239.731 0.01979
0.02019 -0.02096 0.08414 0.08903 0.31534 0.754 0.190 1239.761 0.01982
0.02022 -0.02099 0.08424 0.08914 0.31645 0.756 0.190 1239.791 0.01984
0.02024 -0.02101 0.08435 0.08925 0.31756 0.914 0.203 1239.820 0.01987
0.02027 -0.02104 0.08445 0.08936 0.31868 0.938 0.206 1239.850 0.01989
0.02029 -0.02107 0.08456 0.08948 0.31979 1.091 0.217 1239.880 0.01992
0.02032 -0.02109 0.08467 0.08959 0.32090 0.986 0.209 1239.910 0.01994
0.02034 -0.02112 0.08477 0.08970 0.32201 1.038 0.214 1239.940 0.01996
0.02037 -0.02114 0.08488 0.08981 0.32313 0.961 0.208 1239.970 0.01999
0.02040 -0.02117 0.08498 0.08992 0.32424 1.014 0.212 1240.000 0.02001
0.02042 -0.02120 0.08509 0.09004 0.32535 1.093 0.218 1240.030 0.02004
0.02045 -0.02122 0.08520 0.09015 0.32646 1.224 0.227 1240.059 0.02006
0.02047 -0.02125 0.08530 0.09026 0.32758 1.092 0.217 1240.089 0.02009
0.02050 -0.02128 0.08541 0.09037 0.32869 1.068 0.216 1240.119 0.02011
0.02052 -0.02130 0.08551 0.09048 0.32980 0.807 0.195 1240.149 0.02014
0.02055 -0.02133 0.08562 0.09060 0.33091 0.834 0.197 1240.179 0.02016
0.02057 -0.02136 0.08572 0.09071 0.33203 1.017 0.212 1240.209 0.02019
0.02060 -0.02138 0.08583 0.09082 0.33314 0.964 0.208 1240.239 0.02021
0.02062 -0.02141 0.08594 0.09093 0.33425 0.862 0.200 1240.269 0.02023
0.02065 -0.02143 0.08604 0.09105 0.33537 1.310 0.233 1240.299 0.02026
0.02068 -0.02146 0.08615 0.09116 0.33648 0.784 0.194 1240.328 0.02028
0.02070 -0.02149 0.08625 0.09127 0.33759 1.259 0.229 1240.358 0.02031
0.02073 -0.02151 0.08636 0.09138 0.33870 0.969 0.209 1240.388 0.02033
0.02075 -0.02154 0.08647 0.09149 0.33982 0.969 0.209 1240.418 0.02036
0.02078 -0.02157 0.08657 0.09161 0.34093 1.258 0.230 1240.448 0.02038
0.02080 -0.02159 0.08668 0.09172 0.34204 1.259 0.230 1240.478 0.02041
0.02083 -0.02162 0.08678 0.09183 0.34316 1.102 0.219 1240.508 0.02043
0.02085 -0.02165 0.08689 0.09194 0.34427 1.234 0.228 1240.538 0.02046
0.02088 -0.02167 0.08700 0.09205 0.34538 0.710 0.187 1240.567 0.02048
0.02090 -0.02170 0.08710 0.09217 0.34650 1.315 0.234 1240.597 0.02050
0.02093 -0.02173 0.08721 0.09228 0.34761 1.156 0.223 1240.627 0.02053
0.02095 -0.02175 0.08731 0.09239 0.34872 1.104 0.219 1240.657 0.02055
0.02098 -0.02178 0.08742 0.09250 0.34984 0.709 0.186 1240.687 0.02058
0.02101 -0.02180 0.08753 0.09262 0.35095 1.105 0.219 1240.717 0.02060
0.02103 -0.02183 0.08763 0.09273 0.35206 1.052 0.215 1240.747 0.02063
0.02106 -0.02186 0.08774 0.09284 0.35318 0.815 0.196 1240.777 0.02065
0.02108 -0.02188 0.08784 0.09295 0.35429 0.919 0.205 1240.806 0.02068
0.02111 -0.02191 0.08795 0.09306 0.35540 0.839 0.199 1240.836 0.02070
0.02113 -0.02194 0.08806 0.09318 0.35652 0.999 0.212 1240.866 0.02073
0.02116 -0.02196 0.08816 0.09329 0.35763 0.999 0.212 1240.896 0.02075
0.02118 -0.02199 0.08827 0.09340 0.35874 0.868 0.201 1240.926 0.02078
0.02121 -0.02202 0.08837 0.09351 0.35986 0.894 0.203 1240.956 0.02080
0.02123 -0.02204 0.08848 0.09362 0.36097 0.993 0.209 1240.986 0.02082
0.02126 -0.02207 0.08859 0.09374 0.36209 0.930 0.205 1241.016 0.02085
0.02129 -0.02210 0.08869 0.09385 0.36320 1.201 0.227 1241.045 0.02087
0.02131 -0.02212 0.08880 0.09396 0.36431 0.981 0.210 1241.075 0.02090
0.02134 -0.02215 0.08890 0.09407 0.36543 0.903 0.201 1241.105 0.02092
0.02136 -0.02217 0.08901 0.09419 0.36654 0.936 0.206 1241.135 0.02095
0.02139 -0.02220 0.08912 0.09430 0.36766 1.102 0.218 1241.165 0.02097
0.02141 -0.02223 0.08922 0.09441 0.36877 1.223 0.228 1241.195 0.02100
0.02144 -0.02225 0.08933 0.09452 0.36988 0.982 0.210 1241.225 0.02102
0.02146 -0.02228 0.08944 0.09463 0.37100 0.839 0.197 1241.255 0.02105
0.02149 -0.02231 0.08954 0.09475 0.37211 0.980 0.210 1241.285 0.02107
0.02151 -0.02233 0.08965 0.09486 0.37323 1.214 0.228 1241.314 0.02109
0.02154 -0.02236 0.08975 0.09497 0.37434 0.892 0.202 1241.344 0.02112
0.02157 -0.02239 0.08986 0.09508 0.37545 0.876 0.199 1241.374 0.02114
0.02159 -0.02241 0.08997 0.09520 0.37657 1.215 0.226 1241.404 0.02117
0.02162 -0.02244 0.09007 0.09531 0.37768 1.073 0.217 1241.434 0.02119
0.02164 -0.02247 0.09018 0.09542 0.37880 0.801 0.195 1241.464 0.02122
0.02167 -0.02249 0.09028 0.09553 0.37991 1.279 0.232 1241.494 0.02124
0.02169 -0.02252 0.09039 0.09565 0.38103 0.774 0.193 1241.524 0.02127
0.02172 -0.02254 0.09050 0.09576 0.38214 1.039 0.215 1241.553 0.02129
0.02174 -0.02257 0.09060 0.09587 0.38326 0.988 0.211 1241.583 0.02132
0.02177 -0.02260 0.09071 0.09598 0.38437 1.069 0.217 1241.613 0.02134
0.02179 -0.02262 0.09081 0.09609 0.38549 0.882 0.202 1241.643 0.02137
0.02182 -0.02265 0.09092 0.09621 0.38660 0.934 0.207 1241.673 0.02139
0.02185 -0.02268 0.09103 0.09632 0.38771 0.855 0.200 1241.703 0.02141
0.02187 -0.02270 0.09113 0.09643 0.38883 0.989 0.211 1241.733 0.02144
0.02190 -0.02273 0.09124 0.09654 0.38994 0.988 0.211 1241.763 0.02146
0.02192 -0.02276 0.09135 0.09666 0.39106 1.282 0.233 1241.792 0.02149
0.02195 -0.02278 0.09145 0.09677 0.39217 0.990 0.211 1241.822 0.02151
0.02197 -0.02281 0.09156 0.09688 0.39329 0.965 0.209 1241.852 0.02154
0.02200 -0.02284 0.09166 0.09699 0.39440 0.966 0.209 1241.882 0.02156
0.02202 -0.02286 0.09177 0.09711 0.39552 0.833 0.197 1241.912 0.02159
0.02205 -0.02289 0.09188 0.09722 0.39663 0.807 0.197 1241.942 0.02161
0.02208 -0.02291 0.09198 0.09733 0.39775 0.914 0.206 1241.972 0.02164
0.02210 -0.02294 0.09209 0.09744 0.39886 1.337 0.237 1242.002 0.02166
0.02213 -0.02297 0.09219 0.09755 0.39998 0.937 0.208 1242.031 0.02168
0.02215 -0.02299 0.09230 0.09767 0.40109 1.177 0.226 1242.061 0.02171
0.02218 -0.02302 0.09241 0.09778 0.40221 1.068 0.218 1242.091 0.02173
0.02220 -0.02305 0.09251 0.09789 0.40332 1.175 0.226 1242.121 0.02176
0.02223 -0.02307 0.09262 0.09800 0.40444 0.962 0.210 1242.151 0.02178
0.02225 -0.02310 0.09273 0.09812 0.40556 0.963 0.210 1242.181 0.02181
0.02228 -0.02313 0.09283 0.09823 0.40667 1.177 0.226 1242.211 0.02183
0.02230 -0.02315 0.09294 0.09834 0.40779 1.044 0.216 1242.241 0.02186
0.02233 -0.02318 0.09304 0.09845 0.40890 1.154 0.224 1242.271 0.02188
0.02236 -0.02321 0.09315 0.09857 0.41002 0.777 0.195 1242.300 0.02191
0.02238 -0.02323 0.09326 0.09868 0.41113 1.234 0.230 1242.330 0.02193
0.02241 -0.02326 0.09336 0.09879 0.41225 1.234 0.231 1242.360 0.02196
0.02243 -0.02329 0.09347 0.09890 0.41336 1.018 0.215 1242.390 0.02198
0.02246 -0.02331 0.09358 0.09902 0.41448 1.125 0.223 1242.420 0.02200
0.02248 -0.02334 0.09368 0.09913 0.41560 1.338 0.238 1242.450 0.02203
0.02251 -0.02336 0.09379 0.09924 0.41671 1.069 0.219 1242.480 0.02205
0.02253 -0.02339 0.09389 0.09935 0.41783 0.882 0.205 1242.510 0.02208
0.02256 -0.02342 0.09400 0.09947 0.41894 0.990 0.213 1242.539 0.02210
0.02258 -0.02344 0.09411 0.09958 0.42006 1.128 0.222 1242.569 0.02213
0.02261 -0.02347 0.09421 0.09969 0.42117 1.155 0.225 1242.599 0.02215
0.02264 -0.02350 0.09432 0.09980 0.42229 1.048 0.217 1242.629 0.02218
0.02266 -0.02352 0.09443 0.09992 0.42341 1.157 0.225 1242.659 0.02220
0.02269 -0.02355 0.09453 0.10003 0.42452 0.888 0.205 1242.689 0.02223
0.02271 -0.02358 0.09464 0.10014 0.42564 1.101 0.221 1242.719 0.02225
0.02274 -0.02360 0.09474 0.10025 0.42675 0.780 0.195 1242.749 0.02227
0.02276 -0.02363 0.09485 0.10036 0.42787 0.833 0.201 1242.778 0.02230
0.02279 -0.02366 0.09496 0.10048 0.42899 0.833 0.200 1242.808 0.02232
0.02281 -0.02368 0.09506 0.10059 0.43010 1.021 0.216 1242.838 0.02235
0.02284 -0.02371 0.09517 0.10070 0.43122 1.023 0.216 1242.868 0.02237
0.02287 -0.02374 0.09528 0.10081 0.43234 0.756 0.194 1242.898 0.02240
0.02289 -0.02376 0.09538 0.10093 0.43345 0.891 0.205 1242.928 0.02242
0.02292 -0.02379 0.09549 0.10104 0.43457 0.918 0.207 1242.958 0.02245
0.02294 -0.02381 0.09559 0.10115 0.43569 0.782 0.197 1242.988 0.02247
0.02297 -0.02384 0.09570 0.10126 0.43680 0.648 0.184 1243.017 0.02250
0.02299 -0.02387 0.09581 0.10138 0.43792 0.593 0.179 1243.047 0.02252
0.02302 -0.02389 0.09591 0.10149 0.43903 0.731 0.192 1243.077 0.02254
0.02304 -0.02392 0.09602 0.10160 0.44015 0.758 0.195 1243.107 0.02257
0.02307 -0.02395 0.09613 0.10171 0.44127 1.190 0.229 1243.137 0.02259
0.02310 -0.02397 0.09623 0.10183 0.44238 0.918 0.208 1243.167 0.02262
0.02312 -0.02400 0.09634 0.10194 0.44350 0.837 0.202 1243.197 0.02264
0.02315 -0.02403 0.09645 0.10205 0.44462 0.864 0.204 1243.227 0.02267
0.02317 -0.02405 0.09655 0.10216 0.44574 1.027 0.217 1243.257 0.02269
0.02320 -0.02408 0.09666 0.10228 0.44685 0.785 0.197 1243.286 0.02272
0.02322 -0.02411 0.09676 0.10239 0.44797 0.622 0.182 1243.316 0.02274
0.02325 -0.02413 0.09687 0.10250 0.44909 1.355 0.240 1243.346 0.02277
0.02327 -0.02416 0.09698 0.10261 0.45020 0.813 0.199 1243.376 0.02279
0.02330 -0.02419 0.09708 0.10273 0.45132 0.923 0.209 1243.406 0.02282
0.02332 -0.02421 0.09719 0.10284 0.45244 1.005 0.215 1243.436 0.02284
0.02335 -0.02424 0.09730 0.10295 0.45355 0.869 0.204 1243.466 0.02286
0.02338 -0.02426 0.09740 0.10307 0.45467 0.896 0.207 1243.496 0.02289
0.02340 -0.02429 0.09751 0.10318 0.45579 0.737 0.191 1243.525 0.02291
0.02343 -0.02432 0.09761 0.10329 0.45691 1.175 0.228 1243.555 0.02294
0.02345 -0.02434 0.09772 0.10340 0.45802 1.121 0.224 1243.585 0.02296
0.02348 -0.02437 0.09783 0.10352 0.45914 0.931 0.209 1243.615 0.02299
0.02350 -0.02440 0.09793 0.10363 0.46026 1.038 0.218 1243.645 0.02301
0.02353 -0.02442 0.09804 0.10374 0.46137 0.599 0.180 1243.675 0.02304
0.02355 -0.02445 0.09815 0.10385 0.46249 0.900 0.207 1243.705 0.02306
0.02358 -0.02448 0.09825 0.10397 0.46361 1.146 0.226 1243.735 0.02309
0.02361 -0.02450 0.09836 0.10408 0.46473 0.792 0.198 1243.764 0.02311
0.02363 -0.02453 0.09847 0.10419 0.46584 0.874 0.205 1243.794 0.02313
0.02366 -0.02456 0.09857 0.10430 0.46696 1.066 0.221 1243.824 0.02316
0.02368 -0.02458 0.09868 0.10442 0.46808 1.148 0.226 1243.854 0.02318
0.02371 -0.02461 0.09879 0.10453 0.46920 0.846 0.203 1243.884 0.02321
0.02373 -0.02464 0.09889 0.10464 0.47031 1.008 0.217 1243.914 0.02323
0.02376 -0.02466 0.09900 0.10475 0.47143 1.090 0.221 1243.944 0.02326
0.02378 -0.02469 0.09910 0.10487 0.47255 0.769 0.194 1243.974 0.02328
0.02381 -0.02472 0.09921 0.10498 0.47367 1.143 0.225 1244.003 0.02331
0.02384 -0.02474 0.09932 0.10509 0.47479 1.259 0.235 1244.033 0.02333
0.02386 -0.02477 0.09942 0.10520 0.47590 1.029 0.217 1244.063 0.02336
0.02389 -0.02480 0.09953 0.10532 0.47702 1.008 0.215 1244.093 0.02338
0.02391 -0.02482 0.09964 0.10543 0.47814 0.669 0.187 1244.123 0.02341
0.02394 -0.02485 0.09974 0.10554 0.47926 0.928 0.209 1244.153 0.02343
0.02396 -0.02487 0.09985 0.10565 0.48038 1.059 0.219 1244.183 0.02345
0.02399 -0.02490 0.09996 0.10577 0.48149 0.953 0.211 1244.213 0.02348
0.02401 -0.02493 0.10006 0.10588 0.48261 0.728 0.192 1244.243 0.02350
0.02404 -0.02495 0.10017 0.10599 0.48373 1.424 0.245 1244.272 0.02353
0.02407 -0.02498 0.10028 0.10611 0.48485 1.104 0.222 1244.302 0.02355
0.02409 -0.02501 0.10038 0.10622 0.48597 1.081 0.222 1244.332 0.02358
0.02412 -0.02503 0.10049 0.10633 0.48708 1.296 0.238 1244.362 0.02360
0.02414 -0.02506 0.10059 0.10644 0.48820 0.766 0.198 1244.392 0.02363
0.02417 -0.02509 0.10070 0.10656 0.48932 1.027 0.218 1244.422 0.02365
0.02419 -0.02511 0.10081 0.10667 0.49044 0.830 0.202 1244.452 0.02368
0.02422 -0.02514 0.10091 0.10678 0.49156 1.376 0.244 1244.482 0.02370
0.02424 -0.02517 0.10102 0.10689 0.49268 0.969 0.212 1244.511 0.02372
0.02427 -0.02519 0.10113 0.10701 0.49379 1.078 0.220 1244.541 0.02375
0.02430 -0.02522 0.10123 0.10712 0.49491 1.052 0.219 1244.571 0.02377
0.02432 -0.02525 0.10134 0.10723 0.49603 0.633 0.185 1244.601 0.02380
0.02435 -0.02527 0.10145 0.10734 0.49715 1.186 0.231 1244.631 0.02382
0.02437 -0.02530 0.10155 0.10746 0.49827 1.113 0.225 1244.661 0.02385
0.02440 -0.02533 0.10166 0.10757 0.49939 1.007 0.216 1244.691 0.02387
0.02442 -0.02535 0.10177 0.10768 0.50051 1.431 0.248 1244.721 0.02390
0.02445 -0.02538 0.10187 0.10780 0.50163 1.055 0.221 1244.750 0.02392
0.02447 -0.02541 0.10198 0.10791 0.50274 0.885 0.206 1244.780 0.02395
0.02450 -0.02543 0.10209 0.10802 0.50386 0.965 0.215 1244.810 0.02397
0.02453 -0.02546 0.10219 0.10813 0.50498 1.203 0.231 1244.840 0.02400
0.02455 -0.02548 0.10230 0.10825 0.50610 1.213 0.233 1244.870 0.02402
0.02458 -0.02551 0.10241 0.10836 0.50722 1.245 0.234 1244.900 0.02404
0.02460 -0.02554 0.10251 0.10847 0.50834 1.034 0.219 1244.930 0.02407
0.02463 -0.02556 0.10262 0.10858 0.50946 0.920 0.211 1244.960 0.02409
0.02465 -0.02559 0.10273 0.10870 0.51058 0.976 0.215 1244.989 0.02412
0.02468 -0.02562 0.10283 0.10881 0.51170 1.032 0.220 1245.019 0.02414
0.02470 -0.02564 0.10294 0.10892 0.51282 0.838 0.204 1245.049 0.02417
0.02473 -0.02567 0.10304 0.10904 0.51393 1.116 0.226 1245.079 0.02419
0.02476 -0.02570 0.10315 0.10915 0.51505 0.978 0.215 1245.109 0.02422
0.02478 -0.02572 0.10326 0.10926 0.51617 1.175 0.230 1245.139 0.02424
0.02481 -0.02575 0.10336 0.10937 0.51729 1.009 0.218 1245.169 0.02427
0.02483 -0.02578 0.10347 0.10949 0.51841 0.981 0.215 1245.199 0.02429
0.02486 -0.02580 0.10358 0.10960 0.51953 0.898 0.208 1245.229 0.02431
0.02488 -0.02583 0.10368 0.10971 0.52065 0.982 0.215 1245.258 0.02434
0.02491 -0.02586 0.10379 0.10983 0.52177 1.178 0.231 1245.288 0.02436
0.02493 -0.02588 0.10390 0.10994 0.52289 1.346 0.243 1245.318 0.02439
0.02496 -0.02591 0.10400 0.11005 0.52401 0.928 0.211 1245.348 0.02441
0.02499 -0.02594 0.10411 0.11016 0.52513 1.095 0.225 1245.378 0.02444
0.02501 -0.02596 0.10422 0.11028 0.52625 0.984 0.216 1245.408 0.02446
0.02504 -0.02599 0.10432 0.11039 0.52737 1.124 0.227 1245.438 0.02449
0.02506 -0.02602 0.10443 0.11050 0.52849 1.153 0.229 1245.468 0.02451
0.02509 -0.02604 0.10454 0.11061 0.52961 0.985 0.216 1245.497 0.02454
0.02511 -0.02607 0.10464 0.11073 0.53073 0.903 0.209 1245.527 0.02456
0.02514 -0.02610 0.10475 0.11084 0.53185 0.930 0.212 1245.557 0.02458
0.02517 -0.02612 0.10486 0.11095 0.53297 0.984 0.217 1245.587 0.02461
0.02519 -0.02615 0.10496 0.11107 0.53409 0.924 0.213 1245.617 0.02463
0.02522 -0.02618 0.10507 0.11118 0.53521 1.009 0.219 1245.647 0.02466
0.02524 -0.02620 0.10518 0.11129 0.53633 0.953 0.214 1245.677 0.02468
0.02527 -0.02623 0.10528 0.11140 0.53745 1.121 0.228 1245.707 0.02471
0.02529 -0.02625 0.10539 0.11152 0.53857 1.037 0.221 1245.736 0.02473
0.02532 -0.02628 0.10550 0.11163 0.53969 0.841 0.206 1245.766 0.02476
0.02534 -0.02631 0.10560 0.11174 0.54081 0.954 0.215 1245.796 0.02478
0.02537 -0.02633 0.10571 0.11186 0.54193 0.982 0.217 1245.826 0.02481
0.02540 -0.02636 0.10582 0.11197 0.54305 1.151 0.230 1245.856 0.02483
0.02542 -0.02639 0.10592 0.11208 0.54417 0.870 0.209 1245.886 0.02486
0.02545 -0.02641 0.10603 0.11219 0.54529 1.124 0.229 1245.916 0.02488
0.02547 -0.02644 0.10614 0.11231 0.54641 1.350 0.245 1245.946 0.02490
0.02550 -0.02647 0.10624 0.11242 0.54753 0.956 0.216 1245.975 0.02493
0.02552 -0.02649 0.10635 0.11253 0.54865 1.068 0.225 1246.005 0.02495
0.02555 -0.02652 0.10646 0.11265 0.54977 1.068 0.225 1246.035 0.02498
0.02557 -0.02655 0.10656 0.11276 0.55089 1.181 0.233 1246.065 0.02500
0.02560 -0.02657 0.10667 0.11287 0.55201 0.927 0.213 1246.095 0.02503
0.02563 -0.02660 0.10678 0.11299 0.55313 0.758 0.199 1246.125 0.02505
0.02565 -0.02663 0.10688 0.11310 0.55425 1.068 0.225 1246.155 0.02508
0.02568 -0.02665 0.10699 0.11321 0.55537 0.843 0.207 1246.185 0.02510
0.02570 -0.02668 0.10710 0.11332 0.55649 1.040 0.223 1246.215 0.02513
0.02573 -0.02671 0.10720 0.11344 0.55762 0.844 0.207 1246.244 0.02515
0.02575 -0.02673 0.10731 0.11355 0.55874 0.928 0.214 1246.274 0.02517
0.02578 -0.02676 0.10742 0.11366 0.55986 1.012 0.220 1246.304 0.02520
0.02581 -0.02679 0.10752 0.11378 0.56098 0.815 0.205 1246.334 0.02522
0.02583 -0.02681 0.10763 0.11389 0.56210 1.013 0.221 1246.364 0.02525
0.02586 -0.02684 0.10774 0.11400 0.56322 0.898 0.212 1246.394 0.02527
0.02588 -0.02687 0.10784 0.11411 0.56434 0.897 0.212 1246.424 0.02530
0.02591 -0.02689 0.10795 0.11423 0.56546 1.181 0.234 1246.454 0.02532
0.02593 -0.02692 0.10806 0.11434 0.56658 1.010 0.222 1246.483 0.02535
0.02596 -0.02695 0.10816 0.11445 0.56770 0.955 0.217 1246.513 0.02537
0.02598 -0.02697 0.10827 0.11457 0.56883 1.039 0.224 1246.543 0.02540
0.02601 -0.02700 0.10838 0.11468 0.56995 1.380 0.249 1246.573 0.02542
0.02604 -0.02703 0.10848 0.11479 0.57107 0.842 0.208 1246.603 0.02545
0.02606 -0.02705 0.10859 0.11490 0.57219 0.729 0.198 1246.633 0.02547
0.02609 -0.02708 0.10870 0.11502 0.57331 1.154 0.233 1246.663 0.02549
0.02611 -0.02711 0.10881 0.11513 0.57443 0.898 0.212 1246.693 0.02552
0.02614 -0.02713 0.10891 0.11524 0.57555 1.325 0.245 1246.722 0.02554
0.02616 -0.02716 0.10902 0.11536 0.57667 0.699 0.196 1246.752 0.02557
0.02619 -0.02719 0.10913 0.11547 0.57780 0.870 0.210 1246.782 0.02559
0.02621 -0.02721 0.10923 0.11558 0.57892 0.814 0.206 1246.812 0.02562
0.02624 -0.02724 0.10934 0.11570 0.58004 1.070 0.227 1246.842 0.02564
0.02627 -0.02727 0.10945 0.11581 0.58116 0.872 0.211 1246.872 0.02567
0.02629 -0.02729 0.10955 0.11592 0.58228 1.157 0.234 1246.902 0.02569
0.02632 -0.02732 0.10966 0.11603 0.58340 0.558 0.182 1246.932 0.02572
0.02634 -0.02735 0.10977 0.11615 0.58453 0.929 0.216 1246.961 0.02574
0.02637 -0.02737 0.10987 0.11626 0.58565 0.787 0.204 1246.991 0.02576
0.02639 -0.02740 0.10998 0.11637 0.58677 0.673 0.194 1247.021 0.02579
0.02642 -0.02742 0.11009 0.11649 0.58789 0.674 0.194 1247.051 0.02581
0.02645 -0.02745 0.11019 0.11660 0.58901 0.646 0.192 1247.081 0.02584
0.02647 -0.02748 0.11030 0.11671 0.59013 0.933 0.217 1247.111 0.02586
0.02650 -0.02750 0.11041 0.11683 0.59126 1.076 0.228 1247.141 0.02589
0.02652 -0.02753 0.11051 0.11694 0.59238 1.081 0.228 1247.171 0.02591
0.02655 -0.02756 0.11062 0.11705 0.59350 0.790 0.202 1247.201 0.02594
0.02657 -0.02758 0.11073 0.11717 0.59462 0.985 0.217 1247.230 0.02596
0.02660 -0.02761 0.11083 0.11728 0.59575 1.364 0.249 1247.260 0.02599
0.02663 -0.02764 0.11094 0.11739 0.59687 0.876 0.209 1247.290 0.02601
0.02665 -0.02766 0.11105 0.11750 0.59799 0.893 0.212 1247.320 0.02604
0.02668 -0.02769 0.11116 0.11762 0.59911 0.832 0.206 1247.350 0.02606
0.02670 -0.02772 0.11126 0.11773 0.60023 1.045 0.227 1247.380 0.02608
0.02673 -0.02774 0.11137 0.11784 0.60136 1.076 0.225 1247.410 0.02611
0.02675 -0.02777 0.11148 0.11796 0.60248 0.869 0.210 1247.440 0.02613
0.02678 -0.02780 0.11158 0.11807 0.60360 1.031 0.224 1247.469 0.02616
0.02680 -0.02782 0.11169 0.11818 0.60472 0.820 0.203 1247.499 0.02618
0.02683 -0.02785 0.11180 0.11830 0.60585 1.435 0.254 1247.529 0.02621
0.02686 -0.02788 0.11190 0.11841 0.60697 1.135 0.231 1247.559 0.02623
0.02688 -0.02790 0.11201 0.11852 0.60809 0.968 0.218 1247.589 0.02626
0.02691 -0.02793 0.11212 0.11864 0.60921 0.864 0.209 1247.619 0.02628
0.02693 -0.02796 0.11222 0.11875 0.61034 0.818 0.206 1247.649 0.02631
0.02696 -0.02798 0.11233 0.11886 0.61146 0.954 0.218 1247.679 0.02633
0.02698 -0.02801 0.11244 0.11897 0.61258 0.889 0.214 1247.708 0.02635
0.02701 -0.02804 0.11254 0.11909 0.61370 1.090 0.229 1247.738 0.02638
0.02704 -0.02806 0.11265 0.11920 0.61483 0.889 0.214 1247.768 0.02640
0.02706 -0.02809 0.11276 0.11931 0.61595 1.177 0.237 1247.798 0.02643
0.02709 -0.02812 0.11287 0.11943 0.61707 0.918 0.217 1247.828 0.02645
0.02711 -0.02814 0.11297 0.11954 0.61820 0.919 0.216 1247.858 0.02648
0.02714 -0.02817 0.11308 0.11965 0.61932 1.296 0.245 1247.888 0.02650
0.02716 -0.02820 0.11319 0.11977 0.62044 0.777 0.204 1247.918 0.02653
0.02719 -0.02822 0.11329 0.11988 0.62156 1.066 0.229 1247.947 0.02655
0.02722 -0.02825 0.11340 0.11999 0.62269 1.415 0.254 1247.977 0.02658
0.02724 -0.02828 0.11351 0.12011 0.62381 0.924 0.217 1248.007 0.02660
0.02727 -0.02830 0.11361 0.12022 0.62493 1.124 0.233 1248.037 0.02662
0.02729 -0.02833 0.11372 0.12033 0.62606 0.804 0.207 1248.067 0.02665
0.02732 -0.02836 0.11383 0.12045 0.62718 1.354 0.250 1248.097 0.02667
0.02734 -0.02838 0.11393 0.12056 0.62830 1.211 0.240 1248.127 0.02670
0.02737 -0.02841 0.11404 0.12067 0.62943 1.244 0.242 1248.157 0.02672
0.02739 -0.02844 0.11415 0.12078 0.63055 1.331 0.248 1248.187 0.02675
0.02742 -0.02846 0.11426 0.12090 0.63167 1.011 0.225 1248.216 0.02677
0.02745 -0.02849 0.11436 0.12101 0.63280 1.099 0.232 1248.246 0.02680
0.02747 -0.02852 0.11447 0.12112 0.63392 1.008 0.225 1248.276 0.02682
0.02750 -0.02854 0.11458 0.12124 0.63504 0.922 0.218 1248.306 0.02685
0.02752 -0.02857 0.11468 0.12135 0.63617 0.778 0.206 1248.336 0.02687
0.02755 -0.02860 0.11479 0.12146 0.63729 0.749 0.203 1248.366 0.02690
0.02757 -0.02862 0.11490 0.12158 0.63841 1.331 0.249 1248.396 0.02692
0.02760 -0.02865 0.11500 0.12169 0.63954 1.361 0.250 1248.426 0.02694
0.02763 -0.02868 0.11511 0.12180 0.64066 0.954 0.221 1248.455 0.02697
0.02765 -0.02870 0.11522 0.12192 0.64179 0.953 0.221 1248.485 0.02699
0.02768 -0.02873 0.11533 0.12203 0.64291 1.012 0.226 1248.515 0.02702
0.02770 -0.02876 0.11543 0.12214 0.64403 0.896 0.216 1248.545 0.02704
0.02773 -0.02878 0.11554 0.12226 0.64516 1.015 0.226 1248.575 0.02707
0.02775 -0.02881 0.11565 0.12237 0.64628 0.872 0.214 1248.605 0.02709
0.02778 -0.02884 0.11575 0.12248 0.64741 1.020 0.226 1248.635 0.02712
0.02781 -0.02886 0.11586 0.12260 0.64853 0.874 0.214 1248.665 0.02714
0.02783 -0.02889 0.11597 0.12271 0.64965 0.757 0.204 1248.694 0.02717
0.02786 -0.02892 0.11607 0.12282 0.65078 1.373 0.252 1248.724 0.02719
0.02788 -0.02894 0.11618 0.12294 0.65190 0.847 0.212 1248.754 0.02721
0.02791 -0.02897 0.11629 0.12305 0.65303 1.110 0.233 1248.784 0.02724
0.02793 -0.02900 0.11640 0.12316 0.65415 1.230 0.242 1248.814 0.02726
0.02796 -0.02902 0.11650 0.12328 0.65527 0.906 0.217 1248.844 0.02729
0.02799 -0.02905 0.11661 0.12339 0.65640 0.993 0.224 1248.874 0.02731
0.02801 -0.02908 0.11672 0.12350 0.65752 0.789 0.207 1248.904 0.02734
0.02804 -0.02910 0.11682 0.12362 0.65865 1.056 0.229 1248.933 0.02736
0.02806 -0.02913 0.11693 0.12373 0.65977 0.557 0.184 1248.963 0.02739
0.02809 -0.02916 0.11704 0.12384 0.66090 0.615 0.190 1248.993 0.02741
0.02811 -0.02918 0.11714 0.12396 0.66202 0.793 0.207 1249.023 0.02744
0.02814 -0.02921 0.11725 0.12407 0.66314 0.734 0.202 1249.053 0.02746
0.02817 -0.02924 0.11736 0.12418 0.66427 0.938 0.220 1249.083 0.02749
0.02819 -0.02926 0.11747 0.12430 0.66539 0.791 0.208 1249.113 0.02751
0.02822 -0.02929 0.11757 0.12441 0.66652 0.732 0.202 1249.143 0.02753
0.02824 -0.02932 0.11768 0.12452 0.66764 0.675 0.196 1249.173 0.02756
0.02827 -0.02934 0.11779 0.12464 0.66877 0.735 0.203 1249.202 0.02758
0.02829 -0.02937 0.11789 0.12475 0.66989 0.941 0.221 1249.232 0.02761
0.02832 -0.02940 0.11800 0.12486 0.67102 0.971 0.223 1249.262 0.02763
0.02835 -0.02942 0.11811 0.12498 0.67214 0.970 0.223 1249.292 0.02766
0.02837 -0.02945 0.11822 0.12509 0.67327 0.715 0.200 1249.322 0.02768
0.02840 -0.02948 0.11832 0.12520 0.67439 0.725 0.200 1249.352 0.02771
0.02842 -0.02950 0.11843 0.12532 0.67552 1.196 0.242 1249.382 0.02773
0.02845 -0.02953 0.11854 0.12543 0.67664 1.004 0.225 1249.412 0.02776
0.02847 -0.02956 0.11864 0.12554 0.67777 1.250 0.244 1249.441 0.02778
0.02850 -0.02958 0.11875 0.12566 0.67889 0.895 0.216 1249.471 0.02780
0.02853 -0.02961 0.11886 0.12577 0.68002 1.053 0.228 1249.501 0.02783
0.02855 -0.02964 0.11897 0.12588 0.68114 1.175 0.240 1249.531 0.02785
0.02858 -0.02966 0.11907 0.12600 0.68227 0.808 0.208 1249.561 0.02788
0.02860 -0.02969 0.11918 0.12611 0.68339 0.995 0.224 1249.591 0.02790
0.02863 -0.02972 0.11929 0.12622 0.68452 1.200 0.243 1249.621 0.02793
0.02865 -0.02974 0.11939 0.12634 0.68564 0.796 0.207 1249.651 0.02795
0.02868 -0.02977 0.11950 0.12645 0.68677 0.708 0.198 1249.680 0.02798
0.02871 -0.02980 0.11961 0.12656 0.68789 1.006 0.227 1249.710 0.02800
0.02873 -0.02982 0.11972 0.12668 0.68902 0.724 0.201 1249.740 0.02803
0.02876 -0.02985 0.11982 0.12679 0.69014 0.821 0.209 1249.770 0.02805
0.02878 -0.02988 0.11993 0.12690 0.69127 0.936 0.220 1249.800 0.02808
0.02881 -0.02990 0.12004 0.12702 0.69240 0.772 0.207 1249.830 0.02810
0.02883 -0.02993 0.12014 0.12713 0.69352 0.980 0.225 1249.860 0.02812
0.02886 -0.02996 0.12025 0.12724 0.69465 1.014 0.227 1249.890 0.02815
0.02889 -0.02998 0.12036 0.12736 0.69577 0.865 0.215 1249.919 0.02817
0.02891 -0.03001 0.12047 0.12747 0.69690 0.833 0.213 1249.949 0.02820
0.02894 -0.03004 0.12057 0.12758 0.69802 0.774 0.207 1249.979 0.02822
0.02896 -0.03006 0.12068 0.12770 0.69915 1.015 0.227 1250.009 0.02825
0.02899 -0.03009 0.12079 0.12781 0.70027 0.866 0.215 1250.039 0.02827
0.02901 -0.03012 0.12089 0.12792 0.70140 0.926 0.221 1250.069 0.02830
0.02904 -0.03014 0.12100 0.12804 0.70253 1.103 0.235 1250.099 0.02832
0.02907 -0.03017 0.12111 0.12815 0.70365 1.103 0.235 1250.129 0.02835
0.02909 -0.03020 0.12122 0.12826 0.70478 0.742 0.205 1250.158 0.02837
0.02912 -0.03022 0.12132 0.12838 0.70590 0.949 0.223 1250.188 0.02839
0.02914 -0.03025 0.12143 0.12849 0.70703 1.131 0.238 1250.218 0.02842
0.02917 -0.03028 0.12154 0.12860 0.70816 0.681 0.199 1250.248 0.02844
0.02919 -0.03030 0.12164 0.12872 0.70928 0.622 0.194 1250.278 0.02847
0.02922 -0.03033 0.12175 0.12883 0.71041 0.682 0.200 1250.308 0.02849
0.02925 -0.03036 0.12186 0.12894 0.71153 0.712 0.202 1250.338 0.02852
0.02927 -0.03038 0.12197 0.12906 0.71266 0.623 0.194 1250.368 0.02854
0.02930 -0.03041 0.12207 0.12917 0.71379 0.444 0.175 1250.398 0.02857
0.02932 -0.03044 0.12218 0.12928 0.71491 0.265 0.152 1250.427 0.02859
0.02935 -0.03046 0.12229 0.12940 0.71604 0.564 0.188 1250.457 0.02862
0.02937 -0.03049 0.12240 0.12951 0.71717 0.412 0.172 1250.487 0.02864
0.02940 -0.03052 0.12250 0.12962 0.71829 0.382 0.168 1250.517 0.02866
0.02943 -0.03054 0.12261 0.12974 0.71942 0.263 0.152 1250.547 0.02869
0.02945 -0.03057 0.12272 0.12985 0.72055 0.351 0.164 1250.577 0.02871
0.02948 -0.03060 0.12282 0.12997 0.72167 0.622 0.195 1250.607 0.02874
0.02950 -0.03062 0.12293 0.13008 0.72280 1.044 0.232 1250.637 0.02876
0.02953 -0.03065 0.12304 0.13019 0.72393 0.892 0.219 1250.666 0.02879
0.02955 -0.03068 0.12315 0.13031 0.72505 0.773 0.209 1250.696 0.02881
0.02958 -0.03071 0.12325 0.13042 0.72618 1.012 0.230 1250.726 0.02884
0.02961 -0.03073 0.12336 0.13053 0.72731 1.104 0.237 1250.756 0.02886
0.02963 -0.03076 0.12347 0.13065 0.72843 1.044 0.232 1250.786 0.02889
0.02966 -0.03079 0.12358 0.13076 0.72956 0.922 0.222 1250.816 0.02891
0.02968 -0.03081 0.12368 0.13087 0.73069 0.984 0.228 1250.846 0.02894
0.02971 -0.03084 0.12379 0.13099 0.73181 1.103 0.237 1250.876 0.02896
0.02973 -0.03087 0.12390 0.13110 0.73294 0.923 0.223 1250.905 0.02898
0.02976 -0.03089 0.12400 0.13121 0.73407 0.685 0.200 1250.935 0.02901
0.02979 -0.03092 0.12411 0.13133 0.73519 0.597 0.193 1250.965 0.02903
0.02981 -0.03095 0.12422 0.13144 0.73632 0.988 0.228 1250.995 0.02906
0.02984 -0.03097 0.12433 0.13155 0.73745 1.018 0.231 1251.025 0.02908
0.02986 -0.03100 0.12443 0.13167 0.73858 1.229 0.247 1251.055 0.02911
0.02989 -0.03103 0.12454 0.13178 0.73970 0.871 0.218 1251.085 0.02913
0.02991 -0.03105 0.12465 0.13190 0.74083 1.025 0.230 1251.115 0.02916
0.02994 -0.03108 0.12476 0.13201 0.74196 0.721 0.205 1251.144 0.02918
0.02997 -0.03111 0.12486 0.13212 0.74308 1.359 0.256 1251.174 0.02921
0.02999 -0.03113 0.12497 0.13224 0.74421 1.023 0.231 1251.204 0.02923
0.03002 -0.03116 0.12508 0.13235 0.74534 0.873 0.218 1251.234 0.02925
0.03004 -0.03119 0.12519 0.13246 0.74647 1.145 0.241 1251.264 0.02928
0.03007 -0.03121 0.12529 0.13258 0.74759 0.963 0.226 1251.294 0.02930
0.03010 -0.03124 0.12540 0.13269 0.74872 0.963 0.226 1251.324 0.02933
0.03012 -0.03127 0.12551 0.13280 0.74985 0.890 0.235 1251.354 0.02935
0.03015 -0.03129 0.12561 0.13292 0.75098 1.145 0.241 1251.384 0.02938
0.03017 -0.03132 0.12572 0.13303 0.75210 0.902 0.222 1251.413 0.02940
0.03020 -0.03135 0.12583 0.13315 0.75323 1.053 0.234 1251.443 0.02943
0.03022 -0.03137 0.12594 0.13326 0.75436 0.872 0.219 1251.473 0.02945
0.03025 -0.03140 0.12604 0.13337 0.75549 1.024 0.231 1251.503 0.02948
0.03028 -0.03143 0.12615 0.13349 0.75661 1.147 0.241 1251.533 0.02950
0.03030 -0.03145 0.12626 0.13360 0.75774 0.903 0.222 1251.563 0.02953
0.03033 -0.03148 0.12637 0.13371 0.75887 1.056 0.235 1251.593 0.02955
0.03035 -0.03151 0.12647 0.13383 0.76000 1.203 0.265 1251.623 0.02957
0.03038 -0.03153 0.12658 0.13394 0.76113 0.753 0.208 1251.652 0.02960
0.03040 -0.03156 0.12669 0.13405 0.76225 1.210 0.246 1251.682 0.02962
0.03043 -0.03159 0.12680 0.13417 0.76338 1.058 0.235 1251.712 0.02965
0.03046 -0.03161 0.12690 0.13428 0.76451 1.185 0.244 1251.742 0.02967
0.03048 -0.03164 0.12701 0.13439 0.76564 0.847 0.217 1251.772 0.02970
0.03051 -0.03167 0.12712 0.13451 0.76677 1.003 0.230 1251.802 0.02972
0.03053 -0.03169 0.12723 0.13462 0.76789 1.002 0.230 1251.832 0.02975
0.03056 -0.03172 0.12733 0.13474 0.76902 0.743 0.220 1251.862 0.02977
0.03058 -0.03175 0.12744 0.13485 0.77015 1.003 0.231 1251.891 0.02980
0.03061 -0.03177 0.12755 0.13496 0.77128 0.855 0.217 1251.921 0.02982
0.03064 -0.03180 0.12766 0.13508 0.77241 1.034 0.233 1251.951 0.02984
0.03066 -0.03183 0.12776 0.13519 0.77354 0.882 0.221 1251.981 0.02987
0.03069 -0.03186 0.12787 0.13530 0.77466 1.247 0.250 1252.011 0.02989
0.03071 -0.03188 0.12798 0.13542 0.77579 0.973 0.228 1252.041 0.02992
0.03074 -0.03191 0.12809 0.13553 0.77692 1.215 0.247 1252.071 0.02994
0.03077 -0.03194 0.12819 0.13565 0.77805 1.125 0.241 1252.101 0.02997
0.03079 -0.03196 0.12830 0.13576 0.77918 1.191 0.259 1252.130 0.02999
0.03082 -0.03199 0.12841 0.13587 0.78031 0.883 0.220 1252.160 0.03002
0.03084 -0.03202 0.12851 0.13599 0.78144 0.853 0.218 1252.190 0.03004
0.03087 -0.03204 0.12862 0.13610 0.78256 1.039 0.234 1252.220 0.03007
0.03089 -0.03207 0.12873 0.13621 0.78369 1.164 0.243 1252.250 0.03009
0.03092 -0.03210 0.12884 0.13633 0.78482 1.117 0.239 1252.280 0.03011
0.03095 -0.03212 0.12894 0.13644 0.78595 1.089 0.236 1252.310 0.03014
0.03097 -0.03215 0.12905 0.13656 0.78708 1.084 0.234 1252.340 0.03016
0.03100 -0.03218 0.12916 0.13667 0.78821 0.982 0.228 1252.370 0.03019
0.03102 -0.03220 0.12927 0.13678 0.78934 1.023 0.232 1252.399 0.03021
0.03105 -0.03223 0.12937 0.13690 0.79047 0.852 0.216 1252.429 0.03024
0.03107 -0.03226 0.12948 0.13701 0.79160 1.037 0.234 1252.459 0.03026
0.03110 -0.03228 0.12959 0.13712 0.79272 0.922 0.224 1252.489 0.03029
0.03113 -0.03231 0.12970 0.13724 0.79385 0.862 0.219 1252.519 0.03031
0.03115 -0.03234 0.12980 0.13735 0.79498 1.449 0.266 1252.549 0.03034
0.03118 -0.03236 0.12991 0.13747 0.79611 1.292 0.253 1252.579 0.03036
0.03120 -0.03239 0.13002 0.13758 0.79724 1.163 0.244 1252.609 0.03039
0.03123 -0.03242 0.13013 0.13769 0.79837 1.180 0.247 1252.638 0.03041
0.03126 -0.03244 0.13023 0.13781 0.79950 1.282 0.253 1252.668 0.03043
0.03128 -0.03247 0.13034 0.13792 0.80063 0.656 0.199 1252.698 0.03046
0.03131 -0.03250 0.13045 0.13803 0.80176 1.000 0.230 1252.728 0.03048
0.03133 -0.03252 0.13056 0.13815 0.80289 0.954 0.227 1252.758 0.03051
0.03136 -0.03255 0.13066 0.13826 0.80402 0.738 0.209 1252.788 0.03053
0.03138 -0.03258 0.13077 0.13838 0.80515 1.139 0.243 1252.818 0.03056
0.03141 -0.03260 0.13088 0.13849 0.80628 0.843 0.217 1252.848 0.03058
0.03144 -0.03263 0.13099 0.13860 0.80741 1.049 0.235 1252.877 0.03061
0.03146 -0.03266 0.13110 0.13872 0.80853 1.331 0.254 1252.907 0.03063
0.03149 -0.03269 0.13120 0.13883 0.80966 1.186 0.245 1252.937 0.03066
0.03151 -0.03271 0.13131 0.13894 0.81079 0.885 0.220 1252.967 0.03068
0.03154 -0.03274 0.13142 0.13906 0.81192 1.231 0.249 1252.997 0.03070
0.03157 -0.03277 0.13153 0.13917 0.81305 0.992 0.231 1253.027 0.03073
0.03159 -0.03279 0.13163 0.13929 0.81418 1.210 0.248 1253.057 0.03075
0.03162 -0.03282 0.13174 0.13940 0.81531 1.122 0.241 1253.087 0.03078
0.03164 -0.03285 0.13185 0.13951 0.81644 0.683 0.200 1253.116 0.03080
0.03167 -0.03287 0.13196 0.13963 0.81757 1.101 0.238 1253.146 0.03083
0.03169 -0.03290 0.13206 0.13974 0.81870 1.054 0.233 1253.176 0.03085
0.03172 -0.03293 0.13217 0.13986 0.81983 0.596 0.194 1253.206 0.03088
0.03175 -0.03295 0.13228 0.13997 0.82096 1.389 0.259 1253.236 0.03090
0.03177 -0.03298 0.13239 0.14008 0.82209 0.934 0.226 1253.266 0.03093
0.03180 -0.03301 0.13249 0.14020 0.82322 0.797 0.212 1253.296 0.03095
0.03182 -0.03303 0.13260 0.14031 0.82435 0.589 0.193 1253.326 0.03098
0.03185 -0.03306 0.13271 0.14042 0.82548 1.033 0.234 1253.356 0.03100
0.03188 -0.03309 0.13282 0.14054 0.82661 0.929 0.226 1253.385 0.03102
0.03190 -0.03311 0.13292 0.14065 0.82774 1.083 0.238 1253.415 0.03105
0.03193 -0.03314 0.13303 0.14077 0.82887 1.118 0.241 1253.445 0.03107
0.03195 -0.03317 0.13314 0.14088 0.83000 0.961 0.229 1253.475 0.03110
0.03198 -0.03319 0.13325 0.14099 0.83113 0.803 0.215 1253.505 0.03112
0.03200 -0.03322 0.13335 0.14111 0.83227 0.650 0.200 1253.535 0.03115
0.03203 -0.03325 0.13346 0.14122 0.83340 0.865 0.221 1253.565 0.03117
0.03206 -0.03327 0.13357 0.14134 0.83453 0.805 0.216 1253.595 0.03120
0.03208 -0.03330 0.13368 0.14145 0.83566 0.400 0.174 1253.624 0.03122
0.03211 -0.03333 0.13379 0.14156 0.83679 0.337 0.166 1253.654 0.03125
0.03213 -0.03336 0.13389 0.14168 0.83792 0.336 0.165 1253.684 0.03127
0.03216 -0.03338 0.13400 0.14179 0.83905 0.085 0.127 1253.714 0.03129
0.03219 -0.03341 0.13411 0.14190 0.84018 0.182 0.143 1253.744 0.03132
0.03221 -0.03344 0.13422 0.14202 0.84131 0.244 0.152 1253.774 0.03134
0.03224 -0.03346 0.13432 0.14213 0.84244 0.306 0.161 1253.804 0.03137
0.03226 -0.03349 0.13443 0.14225 0.84357 0.526 0.188 1253.834 0.03139
0.03229 -0.03352 0.13454 0.14236 0.84470 0.525 0.188 1253.863 0.03142
0.03231 -0.03354 0.13465 0.14247 0.84583 0.805 0.216 1253.893 0.03144
0.03234 -0.03357 0.13475 0.14259 0.84696 0.931 0.226 1253.923 0.03147
0.03237 -0.03360 0.13486 0.14270 0.84810 0.775 0.214 1253.953 0.03149
0.03239 -0.03362 0.13497 0.14282 0.84923 0.837 0.219 1253.983 0.03152
0.03242 -0.03365 0.13508 0.14293 0.85036 1.213 0.249 1254.013 0.03154
0.03244 -0.03368 0.13518 0.14304 0.85149 1.089 0.240 1254.043 0.03157
0.03247 -0.03370 0.13529 0.14316 0.85262 1.180 0.248 1254.073 0.03159
0.03250 -0.03373 0.13540 0.14327 0.85375 0.837 0.220 1254.102 0.03161
0.03252 -0.03376 0.13551 0.14339 0.85488 0.744 0.211 1254.132 0.03164
0.03255 -0.03378 0.13562 0.14350 0.85601 1.025 0.236 1254.162 0.03166
0.03257 -0.03381 0.13572 0.14361 0.85714 1.125 0.243 1254.192 0.03169
0.03260 -0.03384 0.13583 0.14373 0.85828 1.091 0.241 1254.222 0.03171
0.03262 -0.03387 0.13594 0.14384 0.85941 1.089 0.240 1254.252 0.03174
0.03265 -0.03389 0.13605 0.14396 0.86054 0.712 0.208 1254.282 0.03176
0.03268 -0.03392 0.13615 0.14407 0.86167 0.868 0.222 1254.312 0.03179
0.03270 -0.03395 0.13626 0.14418 0.86280 1.122 0.243 1254.342 0.03181
0.03273 -0.03397 0.13637 0.14430 0.86393 0.837 0.220 1254.371 0.03184
0.03275 -0.03400 0.13648 0.14441 0.86506 1.405 0.264 1254.401 0.03186
0.03278 -0.03403 0.13659 0.14453 0.86620 0.685 0.205 1254.431 0.03188
0.03281 -0.03405 0.13669 0.14464 0.86733 0.778 0.215 1254.461 0.03191
0.03283 -0.03408 0.13680 0.14475 0.86846 1.122 0.244 1254.491 0.03193
0.03286 -0.03411 0.13691 0.14487 0.86959 0.842 0.220 1254.521 0.03196
0.03288 -0.03413 0.13702 0.14498 0.87072 1.096 0.241 1254.551 0.03198
0.03291 -0.03416 0.13712 0.14510 0.87185 0.779 0.214 1254.581 0.03201
0.03293 -0.03419 0.13723 0.14521 0.87299 0.875 0.223 1254.610 0.03203
0.03296 -0.03421 0.13734 0.14532 0.87412 1.225 0.251 1254.640 0.03206
0.03299 -0.03424 0.13745 0.14544 0.87525 1.131 0.244 1254.670 0.03208
0.03301 -0.03427 0.13756 0.14555 0.87638 0.530 0.190 1254.700 0.03211
0.03304 -0.03429 0.13766 0.14567 0.87751 1.159 0.246 1254.730 0.03213
0.03306 -0.03432 0.13777 0.14578 0.87865 1.289 0.256 1254.760 0.03215
0.03309 -0.03435 0.13788 0.14589 0.87978 0.785 0.215 1254.790 0.03218
0.03312 -0.03438 0.13799 0.14601 0.88091 1.355 0.261 1254.820 0.03220
0.03314 -0.03440 0.13809 0.14612 0.88204 1.292 0.256 1254.849 0.03223
0.03317 -0.03443 0.13820 0.14624 0.88317 1.140 0.244 1254.879 0.03225
0.03319 -0.03446 0.13831 0.14635 0.88431 0.758 0.212 1254.909 0.03228
0.03322 -0.03448 0.13842 0.14646 0.88544 1.142 0.244 1254.939 0.03230
0.03325 -0.03451 0.13853 0.14658 0.88657 1.392 0.263 1254.969 0.03233
0.03327 -0.03454 0.13863 0.14669 0.88770 1.173 0.247 1254.999 0.03235
0.03330 -0.03456 0.13874 0.14681 0.88884 1.236 0.251 1255.029 0.03238
0.03332 -0.03459 0.13885 0.14692 0.88997 0.730 0.210 1255.059 0.03240
0.03335 -0.03462 0.13896 0.14704 0.89110 0.956 0.228 1255.088 0.03243
0.03337 -0.03464 0.13906 0.14715 0.89223 0.987 0.232 1255.118 0.03245
0.03340 -0.03467 0.13917 0.14726 0.89337 0.637 0.200 1255.148 0.03247
0.03343 -0.03470 0.13928 0.14738 0.89450 1.114 0.242 1255.178 0.03250
0.03345 -0.03472 0.13939 0.14749 0.89563 1.014 0.235 1255.208 0.03252
0.03348 -0.03475 0.13950 0.14761 0.89676 1.015 0.234 1255.238 0.03255
0.03350 -0.03478 0.13960 0.14772 0.89790 1.395 0.264 1255.268 0.03257
0.03353 -0.03480 0.13971 0.14783 0.89903 0.953 0.230 1255.298 0.03260
0.03356 -0.03483 0.13982 0.14795 0.90016 1.077 0.240 1255.328 0.03262
0.03358 -0.03486 0.13993 0.14806 0.90129 1.241 0.252 1255.357 0.03265
0.03361 -0.03489 0.14004 0.14818 0.90243 1.050 0.237 1255.387 0.03267
0.03363 -0.03491 0.14014 0.14829 0.90356 0.697 0.207 1255.417 0.03270
0.03366 -0.03494 0.14025 0.14840 0.90469 0.891 0.225 1255.447 0.03272
0.03369 -0.03497 0.14036 0.14852 0.90583 0.858 0.221 1255.477 0.03274
0.03371 -0.03499 0.14047 0.14863 0.90696 0.886 0.225 1255.507 0.03277
0.03374 -0.03502 0.14057 0.14875 0.90809 0.952 0.230 1255.537 0.03279
0.03376 -0.03505 0.14068 0.14886 0.90923 0.571 0.194 1255.567 0.03282
0.03379 -0.03507 0.14079 0.14898 0.91036 1.050 0.235 1255.596 0.03284
0.03381 -0.03510 0.14090 0.14909 0.91149 1.230 0.253 1255.626 0.03287
0.03384 -0.03513 0.14101 0.14920 0.91263 0.877 0.221 1255.656 0.03289
0.03387 -0.03515 0.14111 0.14932 0.91376 1.166 0.250 1255.686 0.03292
0.03389 -0.03518 0.14122 0.14943 0.91489 1.134 0.245 1255.716 0.03294
0.03392 -0.03521 0.14133 0.14955 0.91603 0.929 0.225 1255.746 0.03297
0.03394 -0.03524 0.14144 0.14966 0.91716 1.456 0.271 1255.776 0.03299
0.03397 -0.03526 0.14155 0.14977 0.91829 1.247 0.255 1255.806 0.03302
0.03400 -0.03529 0.14165 0.14989 0.91943 1.100 0.243 1255.835 0.03304
0.03402 -0.03532 0.14176 0.15000 0.92056 1.020 0.235 1255.865 0.03306
0.03405 -0.03534 0.14187 0.15012 0.92169 1.005 0.236 1255.895 0.03309
0.03407 -0.03537 0.14198 0.15023 0.92283 0.958 0.231 1255.925 0.03311
0.03410 -0.03540 0.14209 0.15035 0.92396 0.901 0.228 1255.955 0.03314
0.03413 -0.03542 0.14219 0.15046 0.92509 0.930 0.228 1255.985 0.03316
0.03415 -0.03545 0.14230 0.15057 0.92623 0.835 0.219 1256.015 0.03319
0.03418 -0.03548 0.14241 0.15069 0.92736 0.826 0.216 1256.045 0.03321
0.03420 -0.03550 0.14252 0.15080 0.92849 1.165 0.246 1256.074 0.03324
0.03423 -0.03553 0.14262 0.15092 0.92963 1.059 0.238 1256.104 0.03326
0.03425 -0.03556 0.14273 0.15103 0.93076 1.536 0.274 1256.134 0.03329
0.03428 -0.03558 0.14284 0.15115 0.93190 0.895 0.224 1256.164 0.03331
0.03431 -0.03561 0.14295 0.15126 0.93303 1.215 0.251 1256.194 0.03333
0.03433 -0.03564 0.14306 0.15137 0.93416 1.085 0.241 1256.224 0.03336
0.03436 -0.03567 0.14316 0.15149 0.93530 1.054 0.238 1256.254 0.03338
0.03438 -0.03569 0.14327 0.15160 0.93643 1.153 0.246 1256.284 0.03341
0.03441 -0.03572 0.14338 0.15172 0.93757 0.924 0.228 1256.314 0.03343
0.03444 -0.03575 0.14349 0.15183 0.93870 1.121 0.243 1256.343 0.03346
0.03446 -0.03577 0.14360 0.15195 0.93983 0.994 0.233 1256.373 0.03348
0.03449 -0.03580 0.14370 0.15206 0.94097 1.187 0.249 1256.403 0.03351
0.03451 -0.03583 0.14381 0.15217 0.94210 0.924 0.228 1256.433 0.03353
0.03454 -0.03585 0.14392 0.15229 0.94324 1.029 0.236 1256.463 0.03356
0.03457 -0.03588 0.14403 0.15240 0.94437 0.739 0.211 1256.493 0.03358
0.03459 -0.03591 0.14414 0.15252 0.94551 0.992 0.234 1256.523 0.03361
0.03462 -0.03593 0.14424 0.15263 0.94664 1.186 0.248 1256.553 0.03363
0.03464 -0.03596 0.14435 0.15275 0.94777 1.282 0.256 1256.582 0.03365
0.03467 -0.03599 0.14446 0.15286 0.94891 1.122 0.244 1256.612 0.03368
0.03470 -0.03602 0.14457 0.15297 0.95004 1.542 0.274 1256.642 0.03370
0.03472 -0.03604 0.14468 0.15309 0.95118 0.899 0.226 1256.672 0.03373
0.03475 -0.03607 0.14478 0.15320 0.95231 0.902 0.225 1256.702 0.03375
0.03477 -0.03610 0.14489 0.15332 0.95345 0.962 0.231 1256.732 0.03378
0.03480 -0.03612 0.14500 0.15343 0.95458 0.929 0.228 1256.762 0.03380
0.03483 -0.03615 0.14511 0.15355 0.95572 0.996 0.234 1256.792 0.03383
0.03485 -0.03618 0.14522 0.15366 0.95685 1.350 0.261 1256.821 0.03385
0.03488 -0.03620 0.14532 0.15377 0.95799 1.157 0.246 1256.851 0.03388
0.03490 -0.03623 0.14543 0.15389 0.95912 0.866 0.223 1256.881 0.03390
0.03493 -0.03626 0.14554 0.15400 0.96026 1.058 0.239 1256.911 0.03392
0.03495 -0.03628 0.14565 0.15412 0.96139 0.899 0.226 1256.941 0.03395
0.03498 -0.03631 0.14576 0.15423 0.96253 1.220 0.251 1256.971 0.03397
0.03501 -0.03634 0.14587 0.15435 0.96366 0.965 0.231 1257.001 0.03400
0.03503 -0.03636 0.14597 0.15446 0.96480 0.833 0.220 1257.031 0.03402
0.03506 -0.03639 0.14608 0.15457 0.96593 1.183 0.249 1257.060 0.03405
0.03508 -0.03642 0.14619 0.15469 0.96707 1.251 0.254 1257.090 0.03407
0.03511 -0.03645 0.14630 0.15480 0.96820 0.928 0.228 1257.120 0.03410
0.03514 -0.03647 0.14641 0.15492 0.96934 0.767 0.213 1257.150 0.03412
0.03516 -0.03650 0.14651 0.15503 0.97047 1.058 0.239 1257.180 0.03415
0.03519 -0.03653 0.14662 0.15515 0.97161 0.996 0.234 1257.210 0.03417
0.03521 -0.03655 0.14673 0.15526 0.97274 0.705 0.208 1257.240 0.03419
0.03524 -0.03658 0.14684 0.15537 0.97388 0.926 0.228 1257.270 0.03422
0.03527 -0.03661 0.14695 0.15549 0.97501 1.063 0.239 1257.300 0.03424
0.03529 -0.03663 0.14705 0.15560 0.97615 1.192 0.249 1257.329 0.03427
0.03532 -0.03666 0.14716 0.15572 0.97728 1.128 0.244 1257.359 0.03429
0.03534 -0.03669 0.14727 0.15583 0.97842 0.928 0.228 1257.389 0.03432
0.03537 -0.03672 0.14738 0.15595 0.97955 1.351 0.261 1257.419 0.03434
0.03540 -0.03674 0.14749 0.15606 0.98069 0.963 0.231 1257.449 0.03437
0.03542 -0.03677 0.14759 0.15618 0.98183 1.091 0.242 1257.479 0.03439
0.03545 -0.03680 0.14770 0.15629 0.98296 1.252 0.254 1257.509 0.03442
0.03547 -0.03682 0.14781 0.15640 0.98410 1.123 0.244 1257.539 0.03444
0.03550 -0.03685 0.14792 0.15652 0.98523 0.706 0.208 1257.568 0.03447
0.03553 -0.03688 0.14803 0.15663 0.98637 1.344 0.261 1257.598 0.03449
0.03555 -0.03690 0.14814 0.15675 0.98750 0.898 0.226 1257.628 0.03451
0.03558 -0.03693 0.14824 0.15686 0.98864 1.157 0.246 1257.658 0.03454
0.03560 -0.03696 0.14835 0.15698 0.98978 0.927 0.228 1257.688 0.03456
0.03563 -0.03698 0.14846 0.15709 0.99091 1.033 0.237 1257.718 0.03459
0.03566 -0.03701 0.14857 0.15721 0.99205 1.154 0.247 1257.748 0.03461
0.03568 -0.03704 0.14868 0.15732 0.99318 0.369 0.169 1257.778 0.03464
0.03571 -0.03707 0.14878 0.15743 0.99432 0.989 0.234 1257.807 0.03466
0.03573 -0.03709 0.14889 0.15755 0.99546 0.823 0.218 1257.837 0.03469
0.03576 -0.03712 0.14900 0.15766 0.99659 1.085 0.242 1257.867 0.03471
0.03579 -0.03715 0.14911 0.15778 0.99773 0.926 0.226 1257.897 0.03474
0.03581 -0.03717 0.14922 0.15789 0.99886 1.125 0.244 1257.927 0.03476
0.03584 -0.03720 0.14933 0.15801 1.00000 1.063 0.242 1257.957 0.03478
