x y z dist_scaled dist_frac flux_norm sig_norm wavelength redshift
0.01053 -0.01733 0.05354 0.05726 0.00000 0.821 0.253 1231.245 0.01281
0.01055 -0.01737 0.05365 0.05737 0.00110 1.591 0.321 1231.275 0.01284
0.01057 -0.01740 0.05375 0.05748 0.00220 0.690 0.236 1231.305 0.01286
0.01059 -0.01743 0.05386 0.05759 0.00330 1.328 0.302 1231.335 0.01289
0.01061 -0.01747 0.05396 0.05770 0.00440 1.028 0.271 1231.365 0.01291
0.01063 -0.01750 0.05406 0.05781 0.00550 0.984 0.267 1231.395 0.01293
0.01065 -0.01753 0.05417 0.05792 0.00661 0.984 0.267 1231.425 0.01296
0.01067 -0.01757 0.05427 0.05803 0.00771 0.896 0.259 1231.454 0.01298
0.01069 -0.01760 0.05437 0.05814 0.00881 1.024 0.273 1231.484 0.01301
0.01072 -0.01763 0.05448 0.05826 0.00991 0.639 0.229 1231.514 0.01303
0.01074 -0.01767 0.05458 0.05837 0.01101 0.636 0.229 1231.544 0.01306
0.01076 -0.01770 0.05469 0.05848 0.01211 1.060 0.276 1231.574 0.01308
0.01078 -0.01774 0.05479 0.05859 0.01321 0.549 0.218 1231.604 0.01311
0.01080 -0.01777 0.05489 0.05870 0.01431 0.802 0.249 1231.634 0.01313
0.01082 -0.01780 0.05500 0.05881 0.01541 0.759 0.245 1231.664 0.01316
0.01084 -0.01784 0.05510 0.05892 0.01652 1.055 0.275 1231.693 0.01318
0.01086 -0.01787 0.05520 0.05903 0.01762 0.801 0.245 1231.723 0.01321
0.01088 -0.01790 0.05531 0.05914 0.01872 1.179 0.284 1231.753 0.01323
0.01090 -0.01794 0.05541 0.05925 0.01982 0.842 0.251 1231.783 0.01325
0.01092 -0.01797 0.05552 0.05936 0.02092 1.137 0.280 1231.813 0.01328
0.01094 -0.01800 0.05562 0.05948 0.02202 0.924 0.259 1231.843 0.01330
0.01096 -0.01804 0.05572 0.05959 0.02312 1.092 0.275 1231.873 0.01333
0.01098 -0.01807 0.05583 0.05970 0.02423 0.973 0.265 1231.903 0.01335
0.01100 -0.01810 0.05593 0.05981 0.02533 0.771 0.242 1231.932 0.01338
0.01102 -0.01814 0.05603 0.05992 0.02643 0.788 0.245 1231.962 0.01340
0.01104 -0.01817 0.05614 0.06003 0.02753 0.870 0.254 1231.992 0.01343
0.01106 -0.01821 0.05624 0.06014 0.02863 0.956 0.291 1232.022 0.01345
0.01108 -0.01824 0.05635 0.06025 0.02973 1.067 0.320 1232.052 0.01348
0.01110 -0.01827 0.05645 0.06036 0.03084 1.163 0.335 1232.082 0.01350
0.01112 -0.01831 0.05655 0.06047 0.03194 1.170 0.340 1232.112 0.01352
0.01114 -0.01834 0.05666 0.06059 0.03304 0.831 0.292 1232.142 0.01355
0.01116 -0.01837 0.05676 0.06070 0.03414 0.968 0.307 1232.171 0.01357
0.01118 -0.01841 0.05687 0.06081 0.03524 1.052 0.294 1232.201 0.01360
0.01120 -0.01844 0.05697 0.06092 0.03635 1.024 0.266 1232.231 0.01362
0.01123 -0.01847 0.05707 0.06103 0.03745 0.906 0.255 1232.261 0.01365
0.01125 -0.01851 0.05718 0.06114 0.03855 0.962 0.258 1232.291 0.01367
0.01127 -0.01854 0.05728 0.06125 0.03965 1.011 0.265 1232.321 0.01370
0.01129 -0.01858 0.05738 0.06136 0.04075 1.072 0.268 1232.351 0.01372
0.01131 -0.01861 0.05749 0.06147 0.04186 1.229 0.284 1232.381 0.01375
0.01133 -0.01864 0.05759 0.06159 0.04296 0.942 0.261 1232.411 0.01377
0.01135 -0.01868 0.05770 0.06170 0.04406 0.831 0.245 1232.440 0.01380
0.01137 -0.01871 0.05780 0.06181 0.04516 0.750 0.238 1232.470 0.01382
0.01139 -0.01874 0.05790 0.06192 0.04627 0.993 0.263 1232.500 0.01384
0.01141 -0.01878 0.05801 0.06203 0.04737 0.874 0.253 1232.530 0.01387
0.01143 -0.01881 0.05811 0.06214 0.04847 1.199 0.283 1232.560 0.01389
0.01145 -0.01884 0.05822 0.06225 0.04957 0.544 0.215 1232.590 0.01392
0.01147 -0.01888 0.05832 0.06236 0.05068 0.749 0.237 1232.620 0.01394
0.01149 -0.01891 0.05842 0.06247 0.05178 1.154 0.279 1232.650 0.01397
0.01151 -0.01895 0.05853 0.06258 0.05288 1.114 0.271 1232.679 0.01399
0.01153 -0.01898 0.05863 0.06270 0.05398 0.908 0.254 1232.709 0.01402
0.01155 -0.01901 0.05873 0.06281 0.05509 0.906 0.254 1232.739 0.01404
0.01157 -0.01905 0.05884 0.06292 0.05619 1.190 0.277 1232.769 0.01407
0.01159 -0.01908 0.05894 0.06303 0.05729 0.988 0.257 1232.799 0.01409
0.01161 -0.01911 0.05905 0.06314 0.05840 0.741 0.231 1232.829 0.01411
0.01163 -0.01915 0.05915 0.06325 0.05950 1.104 0.270 1232.859 0.01414
0.01165 -0.01918 0.05925 0.06336 0.06060 1.186 0.276 1232.889 0.01416
0.01167 -0.01921 0.05936 0.06347 0.06170 0.902 0.250 1232.918 0.01419
0.01170 -0.01925 0.05946 0.06358 0.06281 0.979 0.260 1232.948 0.01421
0.01172 -0.01928 0.05957 0.06370 0.06391 1.058 0.270 1232.978 0.01424
0.01174 -0.01932 0.05967 0.06381 0.06501 1.140 0.272 1233.008 0.01426
0.01176 -0.01935 0.05977 0.06392 0.06612 1.100 0.269 1233.038 0.01429
0.01178 -0.01938 0.05988 0.06403 0.06722 1.257 0.284 1233.068 0.01431
0.01180 -0.01942 0.05998 0.06414 0.06832 1.138 0.271 1233.098 0.01434
0.01182 -0.01945 0.06009 0.06425 0.06943 1.098 0.272 1233.128 0.01436
0.01184 -0.01948 0.06019 0.06436 0.07053 0.976 0.258 1233.157 0.01439
0.01186 -0.01952 0.06029 0.06447 0.07163 0.692 0.228 1233.187 0.01441
0.01188 -0.01955 0.06040 0.06459 0.07274 0.973 0.257 1233.217 0.01443
0.01190 -0.01958 0.06050 0.06470 0.07384 0.772 0.235 1233.247 0.01446
0.01192 -0.01962 0.06061 0.06481 0.07494 1.169 0.273 1233.277 0.01448
0.01194 -0.01965 0.06071 0.06492 0.07605 1.209 0.276 1233.307 0.01451
0.01196 -0.01969 0.06081 0.06503 0.07715 0.647 0.220 1233.337 0.01453
0.01198 -0.01972 0.06092 0.06514 0.07825 0.604 0.215 1233.367 0.01456
0.01200 -0.01975 0.06102 0.06525 0.07936 0.644 0.219 1233.397 0.01458
0.01202 -0.01979 0.06113 0.06536 0.08046 1.084 0.262 1233.426 0.01461
0.01204 -0.01982 0.06123 0.06547 0.08156 1.043 0.262 1233.456 0.01463
0.01206 -0.01985 0.06133 0.06559 0.08267 1.200 0.274 1233.486 0.01466
0.01208 -0.01989 0.06144 0.06570 0.08377 1.079 0.265 1233.516 0.01468
0.01210 -0.01992 0.06154 0.06581 0.08488 0.839 0.242 1233.546 0.01470
0.01212 -0.01995 0.06165 0.06592 0.08598 0.600 0.217 1233.576 0.01473
0.01215 -0.01999 0.06175 0.06603 0.08708 1.037 0.261 1233.606 0.01475
0.01217 -0.02002 0.06185 0.06614 0.08819 0.994 0.262 1233.636 0.01478
0.01219 -0.02006 0.06196 0.06625 0.08929 1.271 0.283 1233.665 0.01480
0.01221 -0.02009 0.06206 0.06636 0.09040 1.309 0.285 1233.695 0.01483
0.01223 -0.02012 0.06217 0.06648 0.09150 0.755 0.231 1233.725 0.01485
0.01225 -0.02016 0.06227 0.06659 0.09260 1.269 0.282 1233.755 0.01488
0.01227 -0.02019 0.06237 0.06670 0.09371 1.227 0.275 1233.785 0.01490
0.01229 -0.02022 0.06248 0.06681 0.09481 0.832 0.240 1233.815 0.01493
0.01231 -0.02026 0.06258 0.06692 0.09592 0.752 0.229 1233.845 0.01495
0.01233 -0.02029 0.06269 0.06703 0.09702 0.634 0.220 1233.875 0.01497
0.01235 -0.02033 0.06279 0.06714 0.09813 0.910 0.248 1233.904 0.01500
0.01237 -0.02036 0.06289 0.06725 0.09923 0.909 0.246 1233.934 0.01502
0.01239 -0.02039 0.06300 0.06737 0.10033 0.828 0.239 1233.964 0.01505
0.01241 -0.02043 0.06310 0.06748 0.10144 0.749 0.231 1233.994 0.01507
0.01243 -0.02046 0.06321 0.06759 0.10254 0.864 0.242 1234.024 0.01510
0.01245 -0.02049 0.06331 0.06770 0.10365 1.215 0.274 1234.054 0.01512
0.01247 -0.02053 0.06341 0.06781 0.10475 0.981 0.251 1234.084 0.01515
0.01249 -0.02056 0.06352 0.06792 0.10586 1.137 0.263 1234.114 0.01517
0.01251 -0.02059 0.06362 0.06803 0.10696 0.944 0.255 1234.143 0.01520
0.01253 -0.02063 0.06373 0.06814 0.10807 0.900 0.248 1234.173 0.01522
0.01255 -0.02066 0.06383 0.06826 0.10917 0.980 0.251 1234.203 0.01525
0.01257 -0.02070 0.06393 0.06837 0.11028 1.211 0.276 1234.233 0.01527
0.01260 -0.02073 0.06404 0.06848 0.11138 0.710 0.226 1234.263 0.01529
0.01262 -0.02076 0.06414 0.06859 0.11248 0.670 0.222 1234.293 0.01532
0.01264 -0.02080 0.06425 0.06870 0.11359 0.865 0.240 1234.323 0.01534
0.01266 -0.02083 0.06435 0.06881 0.11469 1.134 0.266 1234.353 0.01537
0.01268 -0.02086 0.06446 0.06892 0.11580 1.017 0.256 1234.383 0.01539
0.01270 -0.02090 0.06456 0.06904 0.11690 1.209 0.275 1234.412 0.01542
0.01272 -0.02093 0.06466 0.06915 0.11801 1.052 0.259 1234.442 0.01544
0.01274 -0.02097 0.06477 0.06926 0.11911 1.128 0.265 1234.472 0.01547
0.01276 -0.02100 0.06487 0.06937 0.12022 0.701 0.224 1234.502 0.01549
0.01278 -0.02103 0.06498 0.06948 0.12132 0.861 0.239 1234.532 0.01552
0.01280 -0.02107 0.06508 0.06959 0.12243 0.963 0.253 1234.562 0.01554
0.01282 -0.02110 0.06518 0.06970 0.12354 1.063 0.261 1234.592 0.01556
0.01284 -0.02113 0.06529 0.06981 0.12464 1.236 0.273 1234.622 0.01559
0.01286 -0.02117 0.06539 0.06993 0.12575 1.117 0.267 1234.651 0.01561
0.01288 -0.02120 0.06550 0.07004 0.12685 0.957 0.248 1234.681 0.01564
0.01290 -0.02123 0.06560 0.07015 0.12796 1.032 0.257 1234.711 0.01566
0.01292 -0.02127 0.06570 0.07026 0.12906 0.793 0.234 1234.741 0.01569
0.01294 -0.02130 0.06581 0.07037 0.13017 1.203 0.272 1234.771 0.01571
0.01296 -0.02134 0.06591 0.07048 0.13127 1.151 0.266 1234.801 0.01574
0.01298 -0.02137 0.06602 0.07059 0.13238 1.112 0.263 1234.831 0.01576
0.01301 -0.02140 0.06612 0.07071 0.13348 0.978 0.250 1234.861 0.01579
0.01303 -0.02144 0.06623 0.07082 0.13459 1.125 0.263 1234.890 0.01581
0.01305 -0.02147 0.06633 0.07093 0.13570 0.883 0.244 1234.920 0.01584
0.01307 -0.02150 0.06643 0.07104 0.13680 1.412 0.287 1234.950 0.01586
0.01309 -0.02154 0.06654 0.07115 0.13791 0.589 0.210 1234.980 0.01588
0.01311 -0.02157 0.06664 0.07126 0.13901 0.804 0.234 1235.010 0.01591
0.01313 -0.02161 0.06675 0.07137 0.14012 1.279 0.277 1235.040 0.01593
0.01315 -0.02164 0.06685 0.07149 0.14122 0.956 0.250 1235.070 0.01596
0.01317 -0.02167 0.06695 0.07160 0.14233 0.692 0.222 1235.100 0.01598
0.01319 -0.02171 0.06706 0.07171 0.14344 0.996 0.256 1235.129 0.01601
0.01321 -0.02174 0.06716 0.07182 0.14454 0.878 0.240 1235.159 0.01603
0.01323 -0.02177 0.06727 0.07193 0.14565 0.917 0.246 1235.189 0.01606
0.01325 -0.02181 0.06737 0.07204 0.14675 0.801 0.229 1235.219 0.01608
0.01327 -0.02184 0.06748 0.07215 0.14786 0.842 0.234 1235.249 0.01611
0.01329 -0.02188 0.06758 0.07227 0.14897 1.105 0.264 1235.279 0.01613
0.01331 -0.02191 0.06768 0.07238 0.15007 0.913 0.245 1235.309 0.01615
0.01333 -0.02194 0.06779 0.07249 0.15118 1.106 0.260 1235.339 0.01618
0.01335 -0.02198 0.06789 0.07260 0.15228 1.215 0.268 1235.369 0.01620
0.01337 -0.02201 0.06800 0.07271 0.15339 1.101 0.257 1235.398 0.01623
0.01339 -0.02204 0.06810 0.07282 0.15450 0.723 0.221 1235.428 0.01625
0.01341 -0.02208 0.06821 0.07293 0.15560 1.102 0.260 1235.458 0.01628
0.01344 -0.02211 0.06831 0.07305 0.15671 1.216 0.272 1235.488 0.01630
0.01346 -0.02215 0.06841 0.07316 0.15782 0.873 0.238 1235.518 0.01633
0.01348 -0.02218 0.06852 0.07327 0.15892 0.687 0.220 1235.548 0.01635
0.01350 -0.02221 0.06862 0.07338 0.16003 0.834 0.232 1235.578 0.01638
0.01352 -0.02225 0.06873 0.07349 0.16114 1.062 0.256 1235.608 0.01640
0.01354 -0.02228 0.06883 0.07360 0.16224 0.683 0.216 1235.637 0.01643
0.01356 -0.02231 0.06894 0.07371 0.16335 1.213 0.271 1235.667 0.01645
0.01358 -0.02235 0.06904 0.07383 0.16446 0.875 0.237 1235.697 0.01647
0.01360 -0.02238 0.06914 0.07394 0.16556 0.873 0.237 1235.727 0.01650
0.01362 -0.02242 0.06925 0.07405 0.16667 0.986 0.249 1235.757 0.01652
0.01364 -0.02245 0.06935 0.07416 0.16778 1.287 0.272 1235.787 0.01655
0.01366 -0.02248 0.06946 0.07427 0.16888 1.062 0.255 1235.817 0.01657
0.01368 -0.02252 0.06956 0.07438 0.16999 1.209 0.266 1235.847 0.01660
0.01370 -0.02255 0.06967 0.07450 0.17110 1.213 0.265 1235.876 0.01662
0.01372 -0.02258 0.06977 0.07461 0.17220 1.024 0.252 1235.906 0.01665
0.01374 -0.02262 0.06987 0.07472 0.17331 0.764 0.226 1235.936 0.01667
0.01376 -0.02265 0.06998 0.07483 0.17442 0.351 0.177 1235.966 0.01670
0.01378 -0.02269 0.07008 0.07494 0.17553 0.835 0.236 1235.996 0.01672
0.01380 -0.02272 0.07019 0.07505 0.17663 0.574 0.203 1236.026 0.01674
0.01383 -0.02275 0.07029 0.07516 0.17774 0.907 0.242 1236.056 0.01677
0.01385 -0.02279 0.07040 0.07528 0.17885 0.943 0.243 1236.086 0.01679
0.01387 -0.02282 0.07050 0.07539 0.17995 0.755 0.225 1236.115 0.01682
0.01389 -0.02285 0.07060 0.07550 0.18106 0.937 0.245 1236.145 0.01684
0.01391 -0.02289 0.07071 0.07561 0.18217 1.315 0.276 1236.175 0.01687
0.01393 -0.02292 0.07081 0.07572 0.18328 0.863 0.238 1236.205 0.01689
0.01395 -0.02296 0.07092 0.07583 0.18438 1.087 0.260 1236.235 0.01692
0.01397 -0.02299 0.07102 0.07595 0.18549 0.937 0.241 1236.265 0.01694
0.01399 -0.02302 0.07113 0.07606 0.18660 1.193 0.268 1236.295 0.01697
0.01401 -0.02306 0.07123 0.07617 0.18771 1.080 0.252 1236.325 0.01699
0.01403 -0.02309 0.07133 0.07628 0.18881 0.671 0.217 1236.355 0.01701
0.01405 -0.02312 0.07144 0.07639 0.18992 0.859 0.235 1236.384 0.01704
0.01407 -0.02316 0.07154 0.07650 0.19103 0.785 0.230 1236.414 0.01706
0.01409 -0.02319 0.07165 0.07661 0.19214 0.523 0.198 1236.444 0.01709
0.01411 -0.02323 0.07175 0.07673 0.19324 1.039 0.250 1236.474 0.01711
0.01413 -0.02326 0.07186 0.07684 0.19435 0.965 0.243 1236.504 0.01714
0.01415 -0.02329 0.07196 0.07695 0.19546 1.035 0.252 1236.534 0.01716
0.01417 -0.02333 0.07206 0.07706 0.19657 1.037 0.252 1236.564 0.01719
0.01419 -0.02336 0.07217 0.07717 0.19768 0.996 0.249 1236.594 0.01721
0.01422 -0.02340 0.07227 0.07728 0.19878 1.226 0.266 1236.623 0.01724
0.01424 -0.02343 0.07238 0.07740 0.19989 1.178 0.267 1236.653 0.01726
0.01426 -0.02346 0.07248 0.07751 0.20100 1.106 0.258 1236.683 0.01729
0.01428 -0.02350 0.07259 0.07762 0.20211 0.924 0.240 1236.713 0.01731
0.01430 -0.02353 0.07269 0.07773 0.20322 1.105 0.258 1236.743 0.01733
0.01432 -0.02356 0.07280 0.07784 0.20432 0.991 0.248 1236.773 0.01736
0.01434 -0.02360 0.07290 0.07795 0.20543 0.777 0.226 1236.803 0.01738
0.01436 -0.02363 0.07300 0.07807 0.20654 0.737 0.220 1236.833 0.01741
0.01438 -0.02367 0.07311 0.07818 0.20765 0.844 0.236 1236.862 0.01743
0.01440 -0.02370 0.07321 0.07829 0.20876 0.955 0.242 1236.892 0.01746
0.01442 -0.02373 0.07332 0.07840 0.20987 0.845 0.232 1236.922 0.01748
0.01444 -0.02377 0.07342 0.07851 0.21097 0.883 0.236 1236.952 0.01751
0.01446 -0.02380 0.07353 0.07862 0.21208 1.101 0.260 1236.982 0.01753
0.01448 -0.02383 0.07363 0.07874 0.21319 1.102 0.260 1237.012 0.01756
0.01450 -0.02387 0.07374 0.07885 0.21430 0.843 0.231 1237.042 0.01758
0.01452 -0.02390 0.07384 0.07896 0.21541 1.068 0.254 1237.072 0.01760
0.01454 -0.02394 0.07394 0.07907 0.21652 0.958 0.244 1237.101 0.01763
0.01456 -0.02397 0.07405 0.07918 0.21762 1.044 0.249 1237.131 0.01765
0.01458 -0.02400 0.07415 0.07929 0.21873 1.118 0.256 1237.161 0.01768
0.01461 -0.02404 0.07426 0.07941 0.21984 1.348 0.275 1237.191 0.01770
0.01463 -0.02407 0.07436 0.07952 0.22095 0.801 0.229 1237.221 0.01773
0.01465 -0.02410 0.07447 0.07963 0.22206 0.917 0.238 1237.251 0.01775
0.01467 -0.02414 0.07457 0.07974 0.22317 0.983 0.244 1237.281 0.01778
0.01469 -0.02417 0.07468 0.07985 0.22428 0.871 0.235 1237.311 0.01780
0.01471 -0.02421 0.07478 0.07996 0.22539 1.235 0.267 1237.341 0.01783
0.01473 -0.02424 0.07488 0.08008 0.22650 0.972 0.247 1237.370 0.01785
0.01475 -0.02427 0.07499 0.08019 0.22760 1.090 0.258 1237.400 0.01788
0.01477 -0.02431 0.07509 0.08030 0.22871 1.456 0.284 1237.430 0.01790
0.01479 -0.02434 0.07520 0.08041 0.22982 0.772 0.225 1237.460 0.01792
0.01481 -0.02438 0.07530 0.08052 0.23093 0.690 0.217 1237.490 0.01795
0.01483 -0.02441 0.07541 0.08064 0.23204 0.690 0.214 1237.520 0.01797
0.01485 -0.02444 0.07551 0.08075 0.23315 1.596 0.291 1237.550 0.01800
0.01487 -0.02448 0.07562 0.08086 0.23426 1.259 0.265 1237.580 0.01802
0.01489 -0.02451 0.07572 0.08097 0.23537 1.034 0.249 1237.609 0.01805
0.01491 -0.02454 0.07583 0.08108 0.23648 0.811 0.228 1237.639 0.01807
0.01493 -0.02458 0.07593 0.08119 0.23759 0.918 0.240 1237.669 0.01810
0.01495 -0.02461 0.07603 0.08131 0.23870 1.320 0.274 1237.699 0.01812
0.01498 -0.02465 0.07614 0.08142 0.23981 0.844 0.231 1237.729 0.01815
0.01500 -0.02468 0.07624 0.08153 0.24092 0.767 0.221 1237.759 0.01817
0.01502 -0.02471 0.07635 0.08164 0.24202 1.166 0.260 1237.789 0.01819
0.01504 -0.02475 0.07645 0.08175 0.24313 1.236 0.268 1237.819 0.01822
0.01506 -0.02478 0.07656 0.08186 0.24424 0.803 0.226 1237.848 0.01824
0.01508 -0.02482 0.07666 0.08198 0.24535 1.128 0.257 1237.878 0.01827
0.01510 -0.02485 0.07677 0.08209 0.24646 0.983 0.241 1237.908 0.01829
0.01512 -0.02488 0.07687 0.08220 0.24757 1.032 0.249 1237.938 0.01832
0.01514 -0.02492 0.07698 0.08231 0.24868 0.937 0.239 1237.968 0.01834
0.01516 -0.02495 0.07708 0.08242 0.24979 1.108 0.257 1237.998 0.01837
0.01518 -0.02498 0.07718 0.08254 0.25090 0.911 0.239 1238.028 0.01839
0.01520 -0.02502 0.07729 0.08265 0.25201 0.851 0.233 1238.058 0.01842
0.01522 -0.02505 0.07739 0.08276 0.25312 0.706 0.219 1238.087 0.01844
0.01524 -0.02509 0.07750 0.08287 0.25423 0.884 0.235 1238.117 0.01847
0.01526 -0.02512 0.07760 0.08298 0.25534 0.489 0.194 1238.147 0.01849
0.01528 -0.02515 0.07771 0.08309 0.25645 0.999 0.245 1238.177 0.01851
0.01530 -0.02519 0.07781 0.08321 0.25756 0.967 0.245 1238.207 0.01854
0.01532 -0.02522 0.07792 0.08332 0.25867 1.241 0.264 1238.237 0.01856
0.01535 -0.02526 0.07802 0.08343 0.25978 0.923 0.239 1238.267 0.01859
0.01537 -0.02529 0.07813 0.08354 0.26089 0.955 0.242 1238.297 0.01861
0.01539 -0.02532 0.07823 0.08365 0.26200 0.650 0.213 1238.327 0.01864
0.01541 -0.02536 0.07833 0.08377 0.26311 0.857 0.232 1238.356 0.01866
0.01543 -0.02539 0.07844 0.08388 0.26422 0.704 0.219 1238.386 0.01869
0.01545 -0.02542 0.07854 0.08399 0.26533 0.763 0.223 1238.416 0.01871
0.01547 -0.02546 0.07865 0.08410 0.26644 1.193 0.264 1238.446 0.01874
0.01549 -0.02549 0.07875 0.08421 0.26755 0.868 0.232 1238.476 0.01876
0.01551 -0.02553 0.07886 0.08432 0.26866 1.084 0.250 1238.506 0.01878
0.01553 -0.02556 0.07896 0.08444 0.26978 1.013 0.244 1238.536 0.01881
0.01555 -0.02559 0.07907 0.08455 0.27089 1.049 0.250 1238.566 0.01883
0.01557 -0.02563 0.07917 0.08466 0.27200 0.690 0.212 1238.595 0.01886
0.01559 -0.02566 0.07928 0.08477 0.27311 0.903 0.235 1238.625 0.01888
0.01561 -0.02570 0.07938 0.08488 0.27422 0.907 0.234 1238.655 0.01891
0.01563 -0.02573 0.07949 0.08500 0.27533 1.160 0.257 1238.685 0.01893
0.01565 -0.02576 0.07959 0.08511 0.27644 0.684 0.212 1238.715 0.01896
0.01567 -0.02580 0.07969 0.08522 0.27755 1.048 0.250 1238.745 0.01898
0.01570 -0.02583 0.07980 0.08533 0.27866 0.901 0.237 1238.775 0.01901
0.01572 -0.02587 0.07990 0.08544 0.27977 0.944 0.238 1238.805 0.01903
0.01574 -0.02590 0.08001 0.08556 0.28088 0.873 0.232 1238.834 0.01905
0.01576 -0.02593 0.08011 0.08567 0.28199 0.831 0.228 1238.864 0.01908
0.01578 -0.02597 0.08022 0.08578 0.28310 0.973 0.243 1238.894 0.01910
0.01580 -0.02600 0.08032 0.08589 0.28422 0.687 0.212 1238.924 0.01913
0.01582 -0.02603 0.08043 0.08600 0.28533 0.794 0.225 1238.954 0.01915
0.01584 -0.02607 0.08053 0.08612 0.28644 0.941 0.240 1238.984 0.01918
0.01586 -0.02610 0.08064 0.08623 0.28755 1.077 0.252 1239.014 0.01920
0.01588 -0.02614 0.08074 0.08634 0.28866 1.047 0.249 1239.044 0.01923
0.01590 -0.02617 0.08085 0.08645 0.28977 0.974 0.240 1239.073 0.01925
0.01592 -0.02620 0.08095 0.08656 0.29088 0.617 0.204 1239.103 0.01928
0.01594 -0.02624 0.08106 0.08668 0.29199 1.041 0.249 1239.133 0.01930
0.01596 -0.02627 0.08116 0.08679 0.29310 0.898 0.234 1239.163 0.01933
0.01598 -0.02631 0.08127 0.08690 0.29422 1.041 0.246 1239.193 0.01935
0.01600 -0.02634 0.08137 0.08701 0.29533 0.933 0.237 1239.223 0.01937
0.01602 -0.02637 0.08147 0.08712 0.29644 0.717 0.215 1239.253 0.01940
0.01605 -0.02641 0.08158 0.08724 0.29755 0.822 0.225 1239.283 0.01942
0.01607 -0.02644 0.08168 0.08735 0.29866 0.719 0.217 1239.313 0.01945
0.01609 -0.02648 0.08179 0.08746 0.29977 0.857 0.234 1239.342 0.01947
0.01611 -0.02651 0.08189 0.08757 0.30089 0.682 0.211 1239.372 0.01950
0.01613 -0.02654 0.08200 0.08768 0.30200 0.865 0.231 1239.402 0.01952
0.01615 -0.02658 0.08210 0.08780 0.30311 1.072 0.251 1239.432 0.01955
0.01617 -0.02661 0.08221 0.08791 0.30422 0.648 0.207 1239.462 0.01957
0.01619 -0.02664 0.08231 0.08802 0.30533 0.784 0.221 1239.492 0.01960
0.01621 -0.02668 0.08242 0.08813 0.30644 0.791 0.221 1239.522 0.01962
0.01623 -0.02671 0.08252 0.08824 0.30756 0.891 0.236 1239.552 0.01964
0.01625 -0.02675 0.08263 0.08836 0.30867 0.818 0.224 1239.581 0.01967
0.01627 -0.02678 0.08273 0.08847 0.30978 0.959 0.240 1239.611 0.01969
0.01629 -0.02681 0.08284 0.08858 0.31089 0.605 0.204 1239.641 0.01972
0.01631 -0.02685 0.08294 0.08869 0.31200 0.501 0.192 1239.671 0.01974
0.01633 -0.02688 0.08305 0.08880 0.31312 0.781 0.220 1239.701 0.01977
0.01635 -0.02692 0.08315 0.08892 0.31423 0.853 0.227 1239.731 0.01979
0.01638 -0.02695 0.08326 0.08903 0.31534 0.887 0.230 1239.761 0.01982
0.01640 -0.02698 0.08336 0.08914 0.31645 0.710 0.214 1239.791 0.01984
0.01642 -0.02702 0.08346 0.08925 0.31756 0.782 0.221 1239.820 0.01987
0.01644 -0.02705 0.08357 0.08936 0.31868 0.926 0.236 1239.850 0.01989
0.01646 -0.02709 0.08367 0.08948 0.31979 0.320 0.168 1239.880 0.01992
0.01648 -0.02712 0.08378 0.08959 0.32090 1.142 0.256 1239.910 0.01994
0.01650 -0.02715 0.08388 0.08970 0.32201 1.246 0.263 1239.940 0.01996
0.01652 -0.02719 0.08399 0.08981 0.32313 0.784 0.221 1239.970 0.01999
0.01654 -0.02722 0.08409 0.08992 0.32424 1.169 0.259 1240.000 0.02001
0.01656 -0.02726 0.08420 0.09004 0.32535 0.458 0.188 1240.030 0.02004
0.01658 -0.02729 0.08430 0.09015 0.32646 1.024 0.245 1240.059 0.02006
0.01660 -0.02732 0.08441 0.09026 0.32758 0.992 0.242 1240.089 0.02009
0.01662 -0.02736 0.08451 0.09037 0.32869 1.273 0.266 1240.119 0.02011
0.01664 -0.02739 0.08462 0.09048 0.32980 1.025 0.244 1240.149 0.02014
0.01666 -0.02742 0.08472 0.09060 0.33091 0.885 0.233 1240.179 0.02016
0.01668 -0.02746 0.08483 0.09071 0.33203 1.068 0.247 1240.209 0.02019
0.01670 -0.02749 0.08493 0.09082 0.33314 1.242 0.264 1240.239 0.02021
0.01673 -0.02753 0.08504 0.09093 0.33425 0.657 0.210 1240.269 0.02023
0.01675 -0.02756 0.08514 0.09105 0.33537 0.871 0.229 1240.299 0.02026
0.01677 -0.02759 0.08525 0.09116 0.33648 0.720 0.213 1240.328 0.02028
0.01679 -0.02763 0.08535 0.09127 0.33759 0.884 0.233 1240.358 0.02031
0.01681 -0.02766 0.08546 0.09138 0.33870 1.125 0.252 1240.388 0.02033
0.01683 -0.02770 0.08556 0.09149 0.33982 0.809 0.223 1240.418 0.02036
0.01685 -0.02773 0.08567 0.09161 0.34093 1.155 0.258 1240.448 0.02038
0.01687 -0.02776 0.08577 0.09172 0.34204 0.982 0.244 1240.478 0.02041
0.01689 -0.02780 0.08588 0.09183 0.34316 0.890 0.229 1240.508 0.02043
0.01691 -0.02783 0.08598 0.09194 0.34427 1.015 0.247 1240.538 0.02046
0.01693 -0.02787 0.08609 0.09205 0.34538 0.909 0.235 1240.567 0.02048
0.01695 -0.02790 0.08619 0.09217 0.34650 0.983 0.241 1240.597 0.02050
0.01697 -0.02793 0.08630 0.09228 0.34761 0.920 0.239 1240.627 0.02053
0.01699 -0.02797 0.08640 0.09239 0.34872 0.847 0.233 1240.657 0.02055
0.01701 -0.02800 0.08651 0.09250 0.34984 1.044 0.250 1240.687 0.02058
0.01703 -0.02804 0.08661 0.09262 0.35095 1.103 0.250 1240.717 0.02060
0.01706 -0.02807 0.08672 0.09273 0.35206 1.105 0.249 1240.747 0.02063
0.01708 -0.02810 0.08682 0.09284 0.35318 1.313 0.268 1240.777 0.02065
0.01710 -0.02814 0.08693 0.09295 0.35429 1.070 0.249 1240.806 0.02068
0.01712 -0.02817 0.08703 0.09306 0.35540 1.206 0.261 1240.836 0.02070
0.01714 -0.02821 0.08713 0.09318 0.35652 1.065 0.249 1240.866 0.02073
0.01716 -0.02824 0.08724 0.09329 0.35763 1.203 0.261 1240.896 0.02075
0.01718 -0.02827 0.08734 0.09340 0.35874 1.025 0.244 1240.926 0.02078
0.01720 -0.02831 0.08745 0.09351 0.35986 1.062 0.249 1240.956 0.02080
0.01722 -0.02834 0.08755 0.09362 0.36097 0.606 0.202 1240.986 0.02082
0.01724 -0.02838 0.08766 0.09374 0.36209 0.888 0.232 1241.016 0.02085
0.01726 -0.02841 0.08776 0.09385 0.36320 0.959 0.241 1241.045 0.02087
0.01728 -0.02844 0.08787 0.09396 0.36431 1.062 0.250 1241.075 0.02090
0.01730 -0.02848 0.08797 0.09407 0.36543 0.922 0.238 1241.105 0.02092
0.01732 -0.02851 0.08808 0.09419 0.36654 1.132 0.252 1241.135 0.02095
0.01734 -0.02855 0.08818 0.09430 0.36766 0.746 0.216 1241.165 0.02097
0.01737 -0.02858 0.08829 0.09441 0.36877 1.342 0.273 1241.195 0.02100
0.01739 -0.02861 0.08839 0.09452 0.36988 0.997 0.244 1241.225 0.02102
0.01741 -0.02865 0.08850 0.09463 0.37100 0.672 0.212 1241.255 0.02105
0.01743 -0.02868 0.08860 0.09475 0.37211 1.062 0.249 1241.285 0.02107
0.01745 -0.02872 0.08871 0.09486 0.37323 0.915 0.232 1241.314 0.02109
0.01747 -0.02875 0.08881 0.09497 0.37434 0.637 0.206 1241.344 0.02112
0.01749 -0.02878 0.08892 0.09508 0.37545 1.268 0.264 1241.374 0.02114
0.01751 -0.02882 0.08902 0.09520 0.37657 1.235 0.265 1241.404 0.02117
0.01753 -0.02885 0.08913 0.09531 0.37768 0.811 0.226 1241.434 0.02119
0.01755 -0.02889 0.08923 0.09542 0.37880 1.230 0.263 1241.464 0.02122
0.01757 -0.02892 0.08934 0.09553 0.37991 1.338 0.273 1241.494 0.02124
0.01759 -0.02895 0.08944 0.09565 0.38103 0.919 0.235 1241.524 0.02127
0.01761 -0.02899 0.08955 0.09576 0.38214 0.914 0.235 1241.553 0.02129
0.01763 -0.02902 0.08965 0.09587 0.38326 0.740 0.216 1241.583 0.02132
0.01765 -0.02906 0.08976 0.09598 0.38437 0.739 0.216 1241.613 0.02134
0.01767 -0.02909 0.08986 0.09609 0.38549 1.301 0.267 1241.643 0.02137
0.01770 -0.02912 0.08997 0.09621 0.38660 0.915 0.235 1241.673 0.02139
0.01772 -0.02916 0.09007 0.09632 0.38771 1.058 0.247 1241.703 0.02141
0.01774 -0.02919 0.09018 0.09643 0.38883 0.986 0.241 1241.733 0.02144
0.01776 -0.02923 0.09028 0.09654 0.38994 0.951 0.238 1241.763 0.02146
0.01778 -0.02926 0.09039 0.09666 0.39106 0.884 0.232 1241.792 0.02149
0.01780 -0.02929 0.09049 0.09677 0.39217 1.236 0.262 1241.822 0.02151
0.01782 -0.02933 0.09060 0.09688 0.39329 1.167 0.254 1241.852 0.02154
0.01784 -0.02936 0.09070 0.09699 0.39440 1.203 0.260 1241.882 0.02156
0.01786 -0.02940 0.09081 0.09711 0.39552 1.271 0.265 1241.912 0.02159
0.01788 -0.02943 0.09091 0.09722 0.39663 1.062 0.249 1241.942 0.02161
0.01790 -0.02946 0.09102 0.09733 0.39775 1.165 0.257 1241.972 0.02164
0.01792 -0.02950 0.09112 0.09744 0.39886 0.852 0.231 1242.002 0.02166
0.01794 -0.02953 0.09123 0.09755 0.39998 0.920 0.232 1242.031 0.02168
0.01796 -0.02957 0.09133 0.09767 0.40109 0.642 0.205 1242.061 0.02171
0.01798 -0.02960 0.09144 0.09778 0.40221 1.058 0.245 1242.091 0.02173
0.01801 -0.02963 0.09155 0.09789 0.40332 0.568 0.199 1242.121 0.02176
0.01803 -0.02967 0.09165 0.09800 0.40444 0.883 0.232 1242.151 0.02178
0.01805 -0.02970 0.09176 0.09812 0.40556 0.531 0.195 1242.181 0.02181
0.01807 -0.02974 0.09186 0.09823 0.40667 1.127 0.254 1242.211 0.02183
0.01809 -0.02977 0.09197 0.09834 0.40779 0.951 0.238 1242.241 0.02186
0.01811 -0.02980 0.09207 0.09845 0.40890 1.129 0.254 1242.271 0.02188
0.01813 -0.02984 0.09218 0.09857 0.41002 0.744 0.216 1242.300 0.02191
0.01815 -0.02987 0.09228 0.09868 0.41113 1.095 0.252 1242.330 0.02193
0.01817 -0.02991 0.09239 0.09879 0.41225 0.886 0.232 1242.360 0.02196
0.01819 -0.02994 0.09249 0.09890 0.41336 1.063 0.249 1242.390 0.02198
0.01821 -0.02997 0.09260 0.09902 0.41448 0.746 0.216 1242.420 0.02200
0.01823 -0.03001 0.09270 0.09913 0.41560 1.234 0.265 1242.450 0.02203
0.01825 -0.03004 0.09281 0.09924 0.41671 0.886 0.231 1242.480 0.02205
0.01827 -0.03008 0.09291 0.09935 0.41783 0.919 0.235 1242.510 0.02208
0.01829 -0.03011 0.09302 0.09947 0.41894 1.339 0.270 1242.539 0.02210
0.01832 -0.03014 0.09312 0.09958 0.42006 0.851 0.228 1242.569 0.02213
0.01834 -0.03018 0.09323 0.09969 0.42117 0.991 0.241 1242.599 0.02215
0.01836 -0.03021 0.09333 0.09980 0.42229 1.233 0.261 1242.629 0.02218
0.01838 -0.03025 0.09344 0.09992 0.42341 0.956 0.238 1242.659 0.02220
0.01840 -0.03028 0.09354 0.10003 0.42452 0.987 0.241 1242.689 0.02223
0.01842 -0.03031 0.09365 0.10014 0.42564 0.921 0.232 1242.719 0.02225
0.01844 -0.03035 0.09375 0.10025 0.42675 0.954 0.238 1242.749 0.02227
0.01846 -0.03038 0.09386 0.10036 0.42787 1.127 0.254 1242.778 0.02230
0.01848 -0.03042 0.09396 0.10048 0.42899 1.020 0.243 1242.808 0.02232
0.01850 -0.03045 0.09407 0.10059 0.43010 0.921 0.235 1242.838 0.02235
0.01852 -0.03048 0.09417 0.10070 0.43122 0.988 0.240 1242.868 0.02237
0.01854 -0.03052 0.09428 0.10081 0.43234 0.785 0.220 1242.898 0.02240
0.01856 -0.03055 0.09438 0.10093 0.43345 0.564 0.198 1242.928 0.02242
0.01858 -0.03059 0.09449 0.10104 0.43457 1.152 0.255 1242.958 0.02245
0.01861 -0.03062 0.09459 0.10115 0.43569 0.641 0.205 1242.988 0.02247
0.01863 -0.03065 0.09470 0.10126 0.43680 1.004 0.243 1243.017 0.02250
0.01865 -0.03069 0.09480 0.10138 0.43792 1.066 0.244 1243.047 0.02252
0.01867 -0.03072 0.09491 0.10149 0.43903 1.100 0.252 1243.077 0.02254
0.01869 -0.03076 0.09501 0.10160 0.44015 0.942 0.238 1243.107 0.02257
0.01871 -0.03079 0.09512 0.10171 0.44127 1.092 0.252 1243.137 0.02259
0.01873 -0.03082 0.09523 0.10183 0.44238 0.874 0.232 1243.167 0.02262
0.01875 -0.03086 0.09533 0.10194 0.44350 1.246 0.262 1243.197 0.02264
0.01877 -0.03089 0.09544 0.10205 0.44462 0.937 0.235 1243.227 0.02267
0.01879 -0.03093 0.09554 0.10216 0.44574 1.070 0.249 1243.257 0.02269
0.01881 -0.03096 0.09565 0.10228 0.44685 1.330 0.270 1243.286 0.02272
0.01883 -0.03099 0.09575 0.10239 0.44797 0.743 0.218 1243.316 0.02274
0.01885 -0.03103 0.09586 0.10250 0.44909 0.950 0.238 1243.346 0.02277
0.01887 -0.03106 0.09596 0.10261 0.45020 1.331 0.268 1243.376 0.02279
0.01889 -0.03110 0.09607 0.10273 0.45132 0.947 0.238 1243.406 0.02282
0.01892 -0.03113 0.09617 0.10284 0.45244 1.052 0.247 1243.436 0.02284
0.01894 -0.03117 0.09628 0.10295 0.45355 1.191 0.260 1243.466 0.02286
0.01896 -0.03120 0.09638 0.10307 0.45467 1.016 0.242 1243.496 0.02289
0.01898 -0.03123 0.09649 0.10318 0.45579 0.877 0.229 1243.525 0.02291
0.01900 -0.03127 0.09659 0.10329 0.45691 0.910 0.234 1243.555 0.02294
0.01902 -0.03130 0.09670 0.10340 0.45802 0.980 0.241 1243.585 0.02296
0.01904 -0.03134 0.09680 0.10352 0.45914 1.222 0.262 1243.615 0.02299
0.01906 -0.03137 0.09691 0.10363 0.46026 1.082 0.248 1243.645 0.02301
0.01908 -0.03140 0.09701 0.10374 0.46137 1.013 0.244 1243.675 0.02304
0.01910 -0.03144 0.09712 0.10385 0.46249 1.116 0.252 1243.705 0.02306
0.01912 -0.03147 0.09722 0.10397 0.46361 1.011 0.241 1243.735 0.02309
0.01914 -0.03151 0.09733 0.10408 0.46473 1.326 0.270 1243.764 0.02311
0.01916 -0.03154 0.09744 0.10419 0.46584 1.465 0.280 1243.794 0.02313
0.01918 -0.03157 0.09754 0.10430 0.46696 1.537 0.285 1243.824 0.02316
0.01921 -0.03161 0.09765 0.10442 0.46808 1.395 0.273 1243.854 0.02318
0.01923 -0.03164 0.09775 0.10453 0.46920 1.223 0.263 1243.884 0.02321
0.01925 -0.03168 0.09786 0.10464 0.47031 1.015 0.244 1243.914 0.02323
0.01927 -0.03171 0.09796 0.10475 0.47143 0.908 0.232 1243.944 0.02326
0.01929 -0.03174 0.09807 0.10487 0.47255 1.120 0.255 1243.974 0.02328
0.01931 -0.03178 0.09817 0.10498 0.47367 0.873 0.229 1244.003 0.02331
0.01933 -0.03181 0.09828 0.10509 0.47479 0.803 0.225 1244.033 0.02333
0.01935 -0.03185 0.09838 0.10520 0.47590 1.012 0.244 1244.063 0.02336
0.01937 -0.03188 0.09849 0.10532 0.47702 0.800 0.223 1244.093 0.02338
0.01939 -0.03192 0.09859 0.10543 0.47814 0.869 0.230 1244.123 0.02341
0.01941 -0.03195 0.09870 0.10554 0.47926 1.115 0.255 1244.153 0.02343
0.01943 -0.03198 0.09880 0.10565 0.48038 1.187 0.257 1244.183 0.02345
0.01945 -0.03202 0.09891 0.10577 0.48149 0.911 0.234 1244.213 0.02348
0.01947 -0.03205 0.09902 0.10588 0.48261 0.979 0.241 1244.243 0.02350
0.01950 -0.03209 0.09912 0.10599 0.48373 0.978 0.238 1244.272 0.02353
0.01952 -0.03212 0.09923 0.10611 0.48485 1.293 0.268 1244.302 0.02355
0.01954 -0.03215 0.09933 0.10622 0.48597 1.014 0.244 1244.332 0.02358
0.01956 -0.03219 0.09944 0.10633 0.48708 0.944 0.236 1244.362 0.02360
0.01958 -0.03222 0.09954 0.10644 0.48820 1.085 0.250 1244.392 0.02363
0.01960 -0.03226 0.09965 0.10656 0.48932 0.948 0.236 1244.422 0.02365
0.01962 -0.03229 0.09975 0.10667 0.49044 0.945 0.236 1244.452 0.02368
0.01964 -0.03232 0.09986 0.10678 0.49156 1.155 0.255 1244.482 0.02370
0.01966 -0.03236 0.09996 0.10689 0.49268 1.085 0.250 1244.511 0.02372
0.01968 -0.03239 0.10007 0.10701 0.49379 1.188 0.258 1244.541 0.02375
0.01970 -0.03243 0.10017 0.10712 0.49491 1.084 0.247 1244.571 0.02377
0.01972 -0.03246 0.10028 0.10723 0.49603 1.297 0.268 1244.601 0.02380
0.01974 -0.03249 0.10039 0.10734 0.49715 1.473 0.281 1244.631 0.02382
0.01976 -0.03253 0.10049 0.10746 0.49827 1.192 0.261 1244.661 0.02385
0.01979 -0.03256 0.10060 0.10757 0.49939 1.226 0.261 1244.691 0.02387
0.01981 -0.03260 0.10070 0.10768 0.50051 1.157 0.256 1244.721 0.02390
0.01983 -0.03263 0.10081 0.10780 0.50163 0.809 0.224 1244.750 0.02392
0.01985 -0.03267 0.10091 0.10791 0.50274 0.773 0.220 1244.780 0.02395
0.01987 -0.03270 0.10102 0.10802 0.50386 1.192 0.258 1244.810 0.02397
0.01989 -0.03273 0.10112 0.10813 0.50498 1.229 0.264 1244.840 0.02400
0.01991 -0.03277 0.10123 0.10825 0.50610 0.913 0.233 1244.870 0.02402
0.01993 -0.03280 0.10133 0.10836 0.50722 0.913 0.235 1244.900 0.02404
0.01995 -0.03284 0.10144 0.10847 0.50834 0.877 0.230 1244.930 0.02407
0.01997 -0.03287 0.10154 0.10858 0.50946 0.805 0.223 1244.960 0.02409
0.01999 -0.03290 0.10165 0.10870 0.51058 1.085 0.250 1244.989 0.02412
0.02001 -0.03294 0.10176 0.10881 0.51170 1.050 0.247 1245.019 0.02414
0.02003 -0.03297 0.10186 0.10892 0.51282 0.945 0.235 1245.049 0.02417
0.02006 -0.03301 0.10197 0.10904 0.51393 1.087 0.250 1245.079 0.02419
0.02008 -0.03304 0.10207 0.10915 0.51505 1.019 0.245 1245.109 0.02422
0.02010 -0.03308 0.10218 0.10926 0.51617 0.776 0.220 1245.139 0.02424
0.02012 -0.03311 0.10228 0.10937 0.51729 1.054 0.245 1245.169 0.02427
0.02014 -0.03314 0.10239 0.10949 0.51841 0.806 0.223 1245.199 0.02429
0.02016 -0.03318 0.10249 0.10960 0.51953 0.911 0.233 1245.229 0.02431
0.02018 -0.03321 0.10260 0.10971 0.52065 1.296 0.266 1245.258 0.02434
0.02020 -0.03325 0.10270 0.10983 0.52177 1.189 0.259 1245.288 0.02436
0.02022 -0.03328 0.10281 0.10994 0.52289 1.535 0.288 1245.318 0.02439
0.02024 -0.03331 0.10292 0.11005 0.52401 1.047 0.245 1245.348 0.02441
0.02026 -0.03335 0.10302 0.11016 0.52513 1.187 0.259 1245.378 0.02444
0.02028 -0.03338 0.10313 0.11028 0.52625 0.943 0.238 1245.408 0.02446
0.02030 -0.03342 0.10323 0.11039 0.52737 0.931 0.239 1245.438 0.02449
0.02032 -0.03345 0.10334 0.11050 0.52849 0.832 0.230 1245.468 0.02451
0.02035 -0.03348 0.10344 0.11061 0.52961 0.936 0.236 1245.497 0.02454
0.02037 -0.03352 0.10355 0.11073 0.53073 0.918 0.239 1245.527 0.02456
0.02039 -0.03355 0.10365 0.11084 0.53185 0.752 0.217 1245.557 0.02458
0.02041 -0.03359 0.10376 0.11095 0.53297 1.400 0.277 1245.587 0.02461
0.02043 -0.03362 0.10387 0.11107 0.53409 1.089 0.248 1245.617 0.02463
0.02045 -0.03366 0.10397 0.11118 0.53521 1.023 0.248 1245.647 0.02466
0.02047 -0.03369 0.10408 0.11129 0.53633 1.233 0.261 1245.677 0.02468
0.02049 -0.03372 0.10418 0.11140 0.53745 0.959 0.239 1245.707 0.02471
0.02051 -0.03376 0.10429 0.11152 0.53857 0.978 0.242 1245.736 0.02473
0.02053 -0.03379 0.10439 0.11163 0.53969 0.876 0.233 1245.766 0.02476
0.02055 -0.03383 0.10450 0.11174 0.54081 1.378 0.274 1245.796 0.02478
0.02057 -0.03386 0.10460 0.11186 0.54193 1.017 0.245 1245.826 0.02481
0.02059 -0.03389 0.10471 0.11197 0.54305 1.200 0.259 1245.856 0.02483
0.02062 -0.03393 0.10482 0.11208 0.54417 1.176 0.259 1245.886 0.02486
0.02064 -0.03396 0.10492 0.11219 0.54529 0.981 0.240 1245.916 0.02488
0.02066 -0.03400 0.10503 0.11231 0.54641 0.494 0.192 1245.946 0.02490
0.02068 -0.03403 0.10513 0.11242 0.54753 1.053 0.247 1245.975 0.02493
0.02070 -0.03407 0.10524 0.11253 0.54865 1.053 0.247 1246.005 0.02495
0.02072 -0.03410 0.10534 0.11265 0.54977 0.843 0.227 1246.035 0.02498
0.02074 -0.03413 0.10545 0.11276 0.55089 0.982 0.242 1246.065 0.02500
0.02076 -0.03417 0.10555 0.11287 0.55201 1.191 0.259 1246.095 0.02503
0.02078 -0.03420 0.10566 0.11299 0.55313 1.052 0.248 1246.125 0.02505
0.02080 -0.03424 0.10577 0.11310 0.55425 0.946 0.237 1246.155 0.02508
0.02082 -0.03427 0.10587 0.11321 0.55537 0.879 0.231 1246.185 0.02510
0.02084 -0.03430 0.10598 0.11332 0.55649 0.602 0.204 1246.215 0.02513
0.02086 -0.03434 0.10608 0.11344 0.55762 0.740 0.218 1246.244 0.02515
0.02089 -0.03437 0.10619 0.11355 0.55874 0.908 0.237 1246.274 0.02517
0.02091 -0.03441 0.10629 0.11366 0.55986 0.739 0.221 1246.304 0.02520
0.02093 -0.03444 0.10640 0.11378 0.56098 0.487 0.191 1246.334 0.02522
0.02095 -0.03448 0.10650 0.11389 0.56210 0.736 0.221 1246.364 0.02525
0.02097 -0.03451 0.10661 0.11400 0.56322 0.749 0.217 1246.394 0.02527
0.02099 -0.03454 0.10672 0.11411 0.56434 0.891 0.231 1246.424 0.02530
0.02101 -0.03458 0.10682 0.11423 0.56546 1.290 0.268 1246.454 0.02532
0.02103 -0.03461 0.10693 0.11434 0.56658 0.910 0.237 1246.483 0.02535
0.02105 -0.03465 0.10703 0.11445 0.56770 0.953 0.240 1246.513 0.02537
0.02107 -0.03468 0.10714 0.11457 0.56883 0.800 0.228 1246.543 0.02540
0.02109 -0.03471 0.10724 0.11468 0.56995 0.784 0.225 1246.573 0.02542
0.02111 -0.03475 0.10735 0.11479 0.57107 0.712 0.218 1246.603 0.02545
0.02113 -0.03478 0.10746 0.11490 0.57219 1.075 0.248 1246.633 0.02547
0.02116 -0.03482 0.10756 0.11502 0.57331 0.436 0.187 1246.663 0.02549
0.02118 -0.03485 0.10767 0.11513 0.57443 1.111 0.252 1246.693 0.02552
0.02120 -0.03489 0.10777 0.11524 0.57555 0.895 0.237 1246.722 0.02554
0.02122 -0.03492 0.10788 0.11536 0.57667 0.956 0.240 1246.752 0.02557
0.02124 -0.03495 0.10798 0.11547 0.57780 1.139 0.257 1246.782 0.02559
0.02126 -0.03499 0.10809 0.11558 0.57892 0.751 0.218 1246.812 0.02562
0.02128 -0.03502 0.10819 0.11570 0.58004 0.842 0.228 1246.842 0.02564
0.02130 -0.03506 0.10830 0.11581 0.58116 0.876 0.232 1246.872 0.02567
0.02132 -0.03509 0.10841 0.11592 0.58228 0.876 0.231 1246.902 0.02569
0.02134 -0.03513 0.10851 0.11603 0.58340 0.985 0.241 1246.932 0.02572
0.02136 -0.03516 0.10862 0.11615 0.58453 1.191 0.260 1246.961 0.02574
0.02138 -0.03519 0.10872 0.11626 0.58565 0.842 0.228 1246.991 0.02576
0.02140 -0.03523 0.10883 0.11637 0.58677 0.772 0.221 1247.021 0.02579
0.02143 -0.03526 0.10893 0.11649 0.58789 0.915 0.237 1247.051 0.02581
0.02145 -0.03530 0.10904 0.11660 0.58901 0.742 0.218 1247.081 0.02584
0.02147 -0.03533 0.10915 0.11671 0.59013 1.160 0.257 1247.111 0.02586
0.02149 -0.03536 0.10925 0.11683 0.59126 1.056 0.249 1247.141 0.02589
0.02151 -0.03540 0.10936 0.11694 0.59238 1.301 0.270 1247.171 0.02591
0.02153 -0.03543 0.10946 0.11705 0.59350 0.742 0.218 1247.201 0.02594
0.02155 -0.03547 0.10957 0.11717 0.59462 0.635 0.208 1247.230 0.02596
0.02157 -0.03550 0.10967 0.11728 0.59575 0.775 0.222 1247.260 0.02599
0.02159 -0.03554 0.10978 0.11739 0.59687 1.020 0.245 1247.290 0.02601
0.02161 -0.03557 0.10989 0.11750 0.59799 0.914 0.234 1247.320 0.02604
0.02163 -0.03560 0.10999 0.11762 0.59911 1.093 0.252 1247.350 0.02606
0.02165 -0.03564 0.11010 0.11773 0.60023 0.742 0.219 1247.380 0.02608
0.02168 -0.03567 0.11020 0.11784 0.60136 0.744 0.219 1247.410 0.02611
0.02170 -0.03571 0.11031 0.11796 0.60248 0.674 0.211 1247.440 0.02613
0.02172 -0.03574 0.11041 0.11807 0.60360 1.306 0.268 1247.469 0.02616
0.02174 -0.03578 0.11052 0.11818 0.60472 1.096 0.252 1247.499 0.02618
0.02176 -0.03581 0.11063 0.11830 0.60585 0.708 0.216 1247.529 0.02621
0.02178 -0.03584 0.11073 0.11841 0.60697 0.779 0.222 1247.559 0.02623
0.02180 -0.03588 0.11084 0.11852 0.60809 1.233 0.263 1247.589 0.02626
0.02182 -0.03591 0.11094 0.11864 0.60921 1.024 0.244 1247.619 0.02628
0.02184 -0.03595 0.11105 0.11875 0.61034 0.954 0.238 1247.649 0.02631
0.02186 -0.03598 0.11115 0.11886 0.61146 1.024 0.247 1247.679 0.02633
0.02188 -0.03602 0.11126 0.11897 0.61258 0.955 0.238 1247.708 0.02635
0.02190 -0.03605 0.11137 0.11909 0.61370 1.129 0.253 1247.738 0.02638
0.02192 -0.03608 0.11147 0.11920 0.61483 0.991 0.241 1247.768 0.02640
0.02195 -0.03612 0.11158 0.11931 0.61595 0.814 0.226 1247.798 0.02643
0.02197 -0.03615 0.11168 0.11943 0.61707 0.883 0.234 1247.828 0.02645
0.02199 -0.03619 0.11179 0.11954 0.61820 0.919 0.235 1247.858 0.02648
0.02201 -0.03622 0.11190 0.11965 0.61932 1.442 0.281 1247.888 0.02650
0.02203 -0.03626 0.11200 0.11977 0.62044 0.883 0.235 1247.918 0.02653
0.02205 -0.03629 0.11211 0.11988 0.62156 0.949 0.238 1247.947 0.02655
0.02207 -0.03632 0.11221 0.11999 0.62269 0.913 0.235 1247.977 0.02658
0.02209 -0.03636 0.11232 0.12011 0.62381 1.158 0.258 1248.007 0.02660
0.02211 -0.03639 0.11242 0.12022 0.62493 1.124 0.253 1248.037 0.02662
0.02213 -0.03643 0.11253 0.12033 0.62606 1.018 0.246 1248.067 0.02665
0.02215 -0.03646 0.11264 0.12045 0.62718 0.703 0.216 1248.097 0.02667
0.02217 -0.03649 0.11274 0.12056 0.62830 1.192 0.261 1248.127 0.02670
0.02220 -0.03653 0.11285 0.12067 0.62943 1.054 0.247 1248.157 0.02672
0.02222 -0.03656 0.11295 0.12078 0.63055 1.016 0.245 1248.187 0.02675
0.02224 -0.03660 0.11306 0.12090 0.63167 1.014 0.244 1248.216 0.02677
0.02226 -0.03663 0.11317 0.12101 0.63280 0.874 0.232 1248.246 0.02680
0.02228 -0.03667 0.11327 0.12112 0.63392 0.874 0.232 1248.276 0.02682
0.02230 -0.03670 0.11338 0.12124 0.63504 1.187 0.259 1248.306 0.02685
0.02232 -0.03673 0.11348 0.12135 0.63617 1.048 0.249 1248.336 0.02687
0.02234 -0.03677 0.11359 0.12146 0.63729 0.906 0.236 1248.366 0.02690
0.02236 -0.03680 0.11369 0.12158 0.63841 0.873 0.232 1248.396 0.02692
0.02238 -0.03684 0.11380 0.12169 0.63954 0.628 0.208 1248.426 0.02694
0.02240 -0.03687 0.11391 0.12180 0.64066 0.664 0.211 1248.455 0.02697
0.02242 -0.03691 0.11401 0.12192 0.64179 1.050 0.248 1248.485 0.02699
0.02245 -0.03694 0.11412 0.12203 0.64291 0.946 0.240 1248.515 0.02702
0.02247 -0.03697 0.11422 0.12214 0.64403 1.095 0.251 1248.545 0.02704
0.02249 -0.03701 0.11433 0.12226 0.64516 0.941 0.242 1248.575 0.02707
0.02251 -0.03704 0.11444 0.12237 0.64628 0.625 0.206 1248.605 0.02709
0.02253 -0.03708 0.11454 0.12248 0.64741 1.053 0.250 1248.635 0.02712
0.02255 -0.03711 0.11465 0.12260 0.64853 0.847 0.233 1248.665 0.02714
0.02257 -0.03715 0.11475 0.12271 0.64965 0.720 0.216 1248.694 0.02717
0.02259 -0.03718 0.11486 0.12282 0.65078 0.679 0.213 1248.724 0.02719
0.02261 -0.03721 0.11497 0.12294 0.65190 0.726 0.220 1248.754 0.02721
0.02263 -0.03725 0.11507 0.12305 0.65303 0.928 0.238 1248.784 0.02724
0.02265 -0.03728 0.11518 0.12316 0.65415 1.074 0.253 1248.814 0.02726
0.02267 -0.03732 0.11528 0.12328 0.65527 0.816 0.226 1248.844 0.02729
0.02270 -0.03735 0.11539 0.12339 0.65640 1.149 0.255 1248.874 0.02731
0.02272 -0.03739 0.11549 0.12350 0.65752 0.643 0.209 1248.904 0.02734
0.02274 -0.03742 0.11560 0.12362 0.65865 0.402 0.181 1248.933 0.02736
0.02276 -0.03745 0.11571 0.12373 0.65977 0.987 0.245 1248.963 0.02739
0.02278 -0.03749 0.11581 0.12384 0.66090 1.049 0.247 1248.993 0.02741
0.02280 -0.03752 0.11592 0.12396 0.66202 1.060 0.251 1249.023 0.02744
0.02282 -0.03756 0.11602 0.12407 0.66314 0.740 0.219 1249.053 0.02746
0.02284 -0.03759 0.11613 0.12418 0.66427 0.879 0.232 1249.083 0.02749
0.02286 -0.03763 0.11624 0.12430 0.66539 1.137 0.256 1249.113 0.02751
0.02288 -0.03766 0.11634 0.12441 0.66652 1.235 0.264 1249.143 0.02753
0.02290 -0.03769 0.11645 0.12452 0.66764 0.777 0.224 1249.173 0.02756
0.02292 -0.03773 0.11655 0.12464 0.66877 1.092 0.251 1249.202 0.02758
0.02295 -0.03776 0.11666 0.12475 0.66989 0.953 0.239 1249.232 0.02761
0.02297 -0.03780 0.11677 0.12486 0.67102 1.130 0.256 1249.262 0.02763
0.02299 -0.03783 0.11687 0.12498 0.67214 0.847 0.230 1249.292 0.02766
0.02301 -0.03787 0.11698 0.12509 0.67327 0.921 0.236 1249.322 0.02768
0.02303 -0.03790 0.11708 0.12520 0.67439 1.059 0.248 1249.352 0.02771
0.02305 -0.03793 0.11719 0.12532 0.67552 1.056 0.248 1249.382 0.02773
0.02307 -0.03797 0.11730 0.12543 0.67664 0.847 0.230 1249.412 0.02776
0.02309 -0.03800 0.11740 0.12554 0.67777 1.340 0.272 1249.441 0.02778
0.02311 -0.03804 0.11751 0.12566 0.67889 0.953 0.239 1249.471 0.02780
0.02313 -0.03807 0.11761 0.12577 0.68002 1.023 0.245 1249.501 0.02783
0.02315 -0.03811 0.11772 0.12588 0.68114 0.780 0.224 1249.531 0.02785
0.02317 -0.03814 0.11783 0.12600 0.68227 0.676 0.213 1249.561 0.02788
0.02320 -0.03817 0.11793 0.12611 0.68339 1.381 0.277 1249.591 0.02790
0.02322 -0.03821 0.11804 0.12622 0.68452 1.205 0.262 1249.621 0.02793
0.02324 -0.03824 0.11814 0.12634 0.68564 1.133 0.257 1249.651 0.02795
0.02326 -0.03828 0.11825 0.12645 0.68677 1.027 0.247 1249.680 0.02798
0.02328 -0.03831 0.11836 0.12656 0.68789 1.202 0.262 1249.710 0.02800
0.02330 -0.03835 0.11846 0.12668 0.68902 1.267 0.267 1249.740 0.02803
0.02332 -0.03838 0.11857 0.12679 0.69014 1.270 0.265 1249.770 0.02805
0.02334 -0.03842 0.11867 0.12690 0.69127 0.780 0.223 1249.800 0.02808
0.02336 -0.03845 0.11878 0.12702 0.69240 1.128 0.254 1249.830 0.02810
0.02338 -0.03848 0.11889 0.12713 0.69352 1.091 0.251 1249.860 0.02812
0.02340 -0.03852 0.11899 0.12724 0.69465 0.671 0.213 1249.890 0.02815
0.02342 -0.03855 0.11910 0.12736 0.69577 0.985 0.243 1249.919 0.02817
0.02345 -0.03859 0.11920 0.12747 0.69690 0.915 0.236 1249.949 0.02820
0.02347 -0.03862 0.11931 0.12758 0.69802 0.916 0.236 1249.979 0.02822
0.02349 -0.03866 0.11942 0.12770 0.69915 0.634 0.210 1250.009 0.02825
0.02351 -0.03869 0.11952 0.12781 0.70027 0.984 0.242 1250.039 0.02827
0.02353 -0.03872 0.11963 0.12792 0.70140 0.874 0.234 1250.069 0.02830
0.02355 -0.03876 0.11974 0.12804 0.70253 0.843 0.230 1250.099 0.02832
0.02357 -0.03879 0.11984 0.12815 0.70365 1.374 0.275 1250.129 0.02835
0.02359 -0.03883 0.11995 0.12826 0.70478 1.267 0.265 1250.158 0.02837
0.02361 -0.03886 0.12005 0.12838 0.70590 1.165 0.259 1250.188 0.02839
0.02363 -0.03890 0.12016 0.12849 0.70703 0.955 0.239 1250.218 0.02842
0.02365 -0.03893 0.12027 0.12860 0.70816 0.918 0.236 1250.248 0.02844
0.02368 -0.03896 0.12037 0.12872 0.70928 0.773 0.224 1250.278 0.02847
0.02370 -0.03900 0.12048 0.12883 0.71041 1.334 0.272 1250.308 0.02849
0.02372 -0.03903 0.12058 0.12894 0.71153 0.633 0.210 1250.338 0.02852
0.02374 -0.03907 0.12069 0.12906 0.71266 0.948 0.239 1250.368 0.02854
0.02376 -0.03910 0.12080 0.12917 0.71379 0.808 0.227 1250.398 0.02857
0.02378 -0.03914 0.12090 0.12928 0.71491 0.598 0.206 1250.427 0.02859
0.02380 -0.03917 0.12101 0.12940 0.71604 0.459 0.190 1250.457 0.02862
0.02382 -0.03920 0.12111 0.12951 0.71717 0.423 0.186 1250.487 0.02864
0.02384 -0.03924 0.12122 0.12962 0.71829 0.074 0.131 1250.517 0.02866
0.02386 -0.03927 0.12133 0.12974 0.71942 0.531 0.199 1250.547 0.02869
0.02388 -0.03931 0.12143 0.12985 0.72055 0.247 0.162 1250.577 0.02871
0.02390 -0.03934 0.12154 0.12997 0.72167 0.671 0.214 1250.607 0.02874
0.02393 -0.03938 0.12165 0.13008 0.72280 0.736 0.220 1250.637 0.02876
0.02395 -0.03941 0.12175 0.13019 0.72393 1.020 0.246 1250.666 0.02879
0.02397 -0.03945 0.12186 0.13031 0.72505 1.016 0.245 1250.696 0.02881
0.02399 -0.03948 0.12196 0.13042 0.72618 0.666 0.213 1250.726 0.02884
0.02401 -0.03951 0.12207 0.13053 0.72731 0.632 0.209 1250.756 0.02886
0.02403 -0.03955 0.12218 0.13065 0.72843 0.704 0.217 1250.786 0.02889
0.02405 -0.03958 0.12228 0.13076 0.72956 0.736 0.221 1250.816 0.02891
0.02407 -0.03962 0.12239 0.13087 0.73069 0.527 0.197 1250.846 0.02894
0.02409 -0.03965 0.12249 0.13099 0.73181 0.947 0.240 1250.876 0.02896
0.02411 -0.03969 0.12260 0.13110 0.73294 1.227 0.263 1250.905 0.02898
0.02413 -0.03972 0.12271 0.13121 0.73407 1.050 0.249 1250.935 0.02901
0.02416 -0.03975 0.12281 0.13133 0.73519 1.052 0.248 1250.965 0.02903
0.02418 -0.03979 0.12292 0.13144 0.73632 0.877 0.233 1250.995 0.02906
0.02420 -0.03982 0.12303 0.13155 0.73745 0.981 0.242 1251.025 0.02908
0.02422 -0.03986 0.12313 0.13167 0.73858 1.049 0.248 1251.055 0.02911
0.02424 -0.03989 0.12324 0.13178 0.73970 0.875 0.233 1251.085 0.02913
0.02426 -0.03993 0.12334 0.13190 0.74083 0.979 0.244 1251.115 0.02916
0.02428 -0.03996 0.12345 0.13201 0.74196 0.982 0.243 1251.144 0.02918
0.02430 -0.04000 0.12356 0.13212 0.74308 1.342 0.273 1251.174 0.02921
0.02432 -0.04003 0.12366 0.13224 0.74421 0.871 0.230 1251.204 0.02923
0.02434 -0.04006 0.12377 0.13235 0.74534 0.812 0.226 1251.234 0.02925
0.02436 -0.04010 0.12388 0.13246 0.74647 0.753 0.221 1251.264 0.02928
0.02439 -0.04013 0.12398 0.13258 0.74759 1.235 0.265 1251.294 0.02930
0.02441 -0.04017 0.12409 0.13269 0.74872 1.305 0.273 1251.324 0.02933
0.02443 -0.04020 0.12419 0.13280 0.74985 0.603 0.206 1251.354 0.02935
0.02445 -0.04024 0.12430 0.13292 0.75098 0.975 0.243 1251.384 0.02938
0.02447 -0.04027 0.12441 0.13303 0.75210 0.852 0.230 1251.413 0.02940
0.02449 -0.04030 0.12451 0.13315 0.75323 0.819 0.227 1251.443 0.02943
0.02451 -0.04034 0.12462 0.13326 0.75436 0.751 0.224 1251.473 0.02945
0.02453 -0.04037 0.12473 0.13337 0.75549 1.091 0.251 1251.503 0.02948
0.02455 -0.04041 0.12483 0.13349 0.75661 1.314 0.270 1251.533 0.02950
0.02457 -0.04044 0.12494 0.13360 0.75774 0.791 0.224 1251.563 0.02953
0.02459 -0.04048 0.12504 0.13371 0.75887 0.935 0.237 1251.593 0.02955
0.02462 -0.04051 0.12515 0.13383 0.76000 1.024 0.248 1251.623 0.02957
0.02464 -0.04055 0.12526 0.13394 0.76113 0.855 0.230 1251.652 0.02960
0.02466 -0.04058 0.12536 0.13405 0.76225 1.109 0.254 1251.682 0.02962
0.02468 -0.04061 0.12547 0.13417 0.76338 0.887 0.233 1251.712 0.02965
0.02470 -0.04065 0.12558 0.13428 0.76451 0.981 0.242 1251.742 0.02967
0.02472 -0.04068 0.12568 0.13439 0.76564 0.877 0.233 1251.772 0.02970
0.02474 -0.04072 0.12579 0.13451 0.76677 1.015 0.247 1251.802 0.02972
0.02476 -0.04075 0.12589 0.13462 0.76789 0.738 0.220 1251.832 0.02975
0.02478 -0.04079 0.12600 0.13474 0.76902 1.157 0.257 1251.862 0.02977
0.02480 -0.04082 0.12611 0.13485 0.77015 0.738 0.220 1251.891 0.02980
0.02482 -0.04086 0.12621 0.13496 0.77128 0.882 0.232 1251.921 0.02982
0.02485 -0.04089 0.12632 0.13508 0.77241 1.120 0.254 1251.951 0.02984
0.02487 -0.04092 0.12643 0.13519 0.77354 1.087 0.251 1251.981 0.02987
0.02489 -0.04096 0.12653 0.13530 0.77466 0.950 0.239 1252.011 0.02989
0.02491 -0.04099 0.12664 0.13542 0.77579 1.021 0.245 1252.041 0.02992
0.02493 -0.04103 0.12674 0.13553 0.77692 1.124 0.254 1252.071 0.02994
0.02495 -0.04106 0.12685 0.13565 0.77805 0.911 0.236 1252.101 0.02997
0.02497 -0.04110 0.12696 0.13576 0.77918 1.224 0.262 1252.130 0.02999
0.02499 -0.04113 0.12706 0.13587 0.78031 0.842 0.230 1252.160 0.03002
0.02501 -0.04117 0.12717 0.13599 0.78144 1.118 0.254 1252.190 0.03004
0.02503 -0.04120 0.12728 0.13610 0.78256 0.769 0.223 1252.220 0.03007
0.02505 -0.04123 0.12738 0.13621 0.78369 1.259 0.265 1252.250 0.03009
0.02508 -0.04127 0.12749 0.13633 0.78482 1.293 0.267 1252.280 0.03011
0.02510 -0.04130 0.12760 0.13644 0.78595 1.087 0.251 1252.310 0.03014
0.02512 -0.04134 0.12770 0.13656 0.78708 0.949 0.241 1252.340 0.03016
0.02514 -0.04137 0.12781 0.13667 0.78821 1.052 0.248 1252.370 0.03019
0.02516 -0.04141 0.12791 0.13678 0.78934 1.017 0.245 1252.399 0.03021
0.02518 -0.04144 0.12802 0.13690 0.79047 1.016 0.245 1252.429 0.03024
0.02520 -0.04147 0.12813 0.13701 0.79160 0.949 0.239 1252.459 0.03026
0.02522 -0.04151 0.12823 0.13712 0.79272 0.739 0.219 1252.489 0.03029
0.02524 -0.04154 0.12834 0.13724 0.79385 0.984 0.242 1252.519 0.03031
0.02526 -0.04158 0.12845 0.13735 0.79498 1.398 0.275 1252.549 0.03034
0.02528 -0.04161 0.12855 0.13747 0.79611 0.876 0.233 1252.579 0.03036
0.02531 -0.04165 0.12866 0.13758 0.79724 1.050 0.248 1252.609 0.03039
0.02533 -0.04168 0.12877 0.13769 0.79837 0.981 0.242 1252.638 0.03041
0.02535 -0.04172 0.12887 0.13781 0.79950 1.324 0.270 1252.668 0.03043
0.02537 -0.04175 0.12898 0.13792 0.80063 1.049 0.248 1252.698 0.03046
0.02539 -0.04178 0.12908 0.13803 0.80176 0.839 0.230 1252.728 0.03048
0.02541 -0.04182 0.12919 0.13815 0.80289 0.736 0.219 1252.758 0.03051
0.02543 -0.04185 0.12930 0.13826 0.80402 1.079 0.250 1252.788 0.03053
0.02545 -0.04189 0.12940 0.13838 0.80515 0.943 0.239 1252.818 0.03056
0.02547 -0.04192 0.12951 0.13849 0.80628 0.736 0.220 1252.848 0.03058
0.02549 -0.04196 0.12962 0.13860 0.80741 1.221 0.261 1252.877 0.03061
0.02551 -0.04199 0.12972 0.13872 0.80853 0.909 0.236 1252.907 0.03063
0.02554 -0.04203 0.12983 0.13883 0.80966 0.731 0.220 1252.937 0.03066
0.02556 -0.04206 0.12994 0.13894 0.81079 0.487 0.194 1252.967 0.03068
0.02558 -0.04209 0.13004 0.13906 0.81192 0.871 0.232 1252.997 0.03070
0.02560 -0.04213 0.13015 0.13917 0.81305 0.802 0.226 1253.027 0.03073
0.02562 -0.04216 0.13026 0.13929 0.81418 0.696 0.216 1253.057 0.03075
0.02564 -0.04220 0.13036 0.13940 0.81531 1.184 0.258 1253.087 0.03078
0.02566 -0.04223 0.13047 0.13951 0.81644 0.875 0.233 1253.116 0.03080
0.02568 -0.04227 0.13057 0.13963 0.81757 1.185 0.258 1253.146 0.03083
0.02570 -0.04230 0.13068 0.13974 0.81870 1.115 0.253 1253.176 0.03085
0.02572 -0.04234 0.13079 0.13986 0.81983 0.978 0.241 1253.206 0.03088
0.02574 -0.04237 0.13089 0.13997 0.82096 1.046 0.247 1253.236 0.03090
0.02577 -0.04241 0.13100 0.14008 0.82209 1.220 0.263 1253.266 0.03093
0.02579 -0.04244 0.13111 0.14020 0.82322 0.872 0.232 1253.296 0.03095
0.02581 -0.04247 0.13121 0.14031 0.82435 1.320 0.271 1253.326 0.03098
0.02583 -0.04251 0.13132 0.14042 0.82548 0.901 0.235 1253.356 0.03100
0.02585 -0.04254 0.13143 0.14054 0.82661 1.282 0.266 1253.385 0.03102
0.02587 -0.04258 0.13153 0.14065 0.82774 1.319 0.269 1253.415 0.03105
0.02589 -0.04261 0.13164 0.14077 0.82887 0.799 0.225 1253.445 0.03107
0.02591 -0.04265 0.13175 0.14088 0.83000 0.936 0.238 1253.475 0.03110
0.02593 -0.04268 0.13185 0.14099 0.83113 0.762 0.222 1253.505 0.03112
0.02595 -0.04272 0.13196 0.14111 0.83227 0.828 0.229 1253.535 0.03115
0.02598 -0.04275 0.13207 0.14122 0.83340 0.553 0.201 1253.565 0.03117
0.02600 -0.04278 0.13217 0.14134 0.83453 0.556 0.201 1253.595 0.03120
0.02602 -0.04282 0.13228 0.14145 0.83566 0.591 0.204 1253.624 0.03122
0.02604 -0.04285 0.13238 0.14156 0.83679 0.386 0.180 1253.654 0.03125
0.02606 -0.04289 0.13249 0.14168 0.83792 0.489 0.192 1253.684 0.03127
0.02608 -0.04292 0.13260 0.14179 0.83905 0.177 0.149 1253.714 0.03129
0.02610 -0.04296 0.13270 0.14190 0.84018 0.283 0.166 1253.744 0.03132
0.02612 -0.04299 0.13281 0.14202 0.84131 0.258 0.161 1253.774 0.03134
0.02614 -0.04303 0.13292 0.14213 0.84244 0.361 0.176 1253.804 0.03137
0.02616 -0.04306 0.13302 0.14225 0.84357 0.418 0.183 1253.834 0.03139
0.02618 -0.04309 0.13313 0.14236 0.84470 0.630 0.204 1253.863 0.03142
0.02621 -0.04313 0.13324 0.14247 0.84583 0.465 0.189 1253.893 0.03144
0.02623 -0.04316 0.13334 0.14259 0.84696 1.022 0.246 1253.923 0.03147
0.02625 -0.04320 0.13345 0.14270 0.84810 0.360 0.175 1253.953 0.03149
0.02627 -0.04323 0.13356 0.14282 0.84923 0.284 0.166 1253.983 0.03152
0.02629 -0.04327 0.13366 0.14293 0.85036 0.735 0.218 1254.013 0.03154
0.02631 -0.04330 0.13377 0.14304 0.85149 0.878 0.233 1254.043 0.03157
0.02633 -0.04334 0.13388 0.14316 0.85262 0.930 0.236 1254.073 0.03159
0.02635 -0.04337 0.13398 0.14327 0.85375 1.125 0.257 1254.102 0.03161
0.02637 -0.04341 0.13409 0.14339 0.85488 1.047 0.245 1254.132 0.03164
0.02639 -0.04344 0.13420 0.14350 0.85601 1.211 0.265 1254.162 0.03166
0.02642 -0.04347 0.13430 0.14361 0.85714 1.338 0.272 1254.192 0.03169
0.02644 -0.04351 0.13441 0.14373 0.85828 0.870 0.230 1254.222 0.03171
0.02646 -0.04354 0.13452 0.14384 0.85941 0.838 0.228 1254.252 0.03174
0.02648 -0.04358 0.13462 0.14396 0.86054 0.867 0.229 1254.282 0.03176
0.02650 -0.04361 0.13473 0.14407 0.86167 1.082 0.248 1254.312 0.03179
0.02652 -0.04365 0.13484 0.14418 0.86280 1.058 0.248 1254.342 0.03181
0.02654 -0.04368 0.13494 0.14430 0.86393 1.196 0.258 1254.371 0.03184
0.02656 -0.04372 0.13505 0.14441 0.86506 1.063 0.248 1254.401 0.03186
0.02658 -0.04375 0.13516 0.14453 0.86620 1.161 0.256 1254.431 0.03188
0.02660 -0.04378 0.13526 0.14464 0.86733 1.127 0.254 1254.461 0.03191
0.02662 -0.04382 0.13537 0.14475 0.86846 1.157 0.256 1254.491 0.03193
0.02665 -0.04385 0.13548 0.14487 0.86959 0.717 0.217 1254.521 0.03196
0.02667 -0.04389 0.13558 0.14498 0.87072 0.852 0.230 1254.551 0.03198
0.02669 -0.04392 0.13569 0.14510 0.87185 1.399 0.274 1254.581 0.03201
0.02671 -0.04396 0.13580 0.14521 0.87299 0.966 0.242 1254.610 0.03203
0.02673 -0.04399 0.13590 0.14532 0.87412 1.297 0.268 1254.640 0.03206
0.02675 -0.04403 0.13601 0.14544 0.87525 0.798 0.223 1254.670 0.03208
0.02677 -0.04406 0.13612 0.14555 0.87638 0.936 0.239 1254.700 0.03211
0.02679 -0.04410 0.13622 0.14567 0.87751 1.252 0.263 1254.730 0.03213
0.02681 -0.04413 0.13633 0.14578 0.87865 0.777 0.223 1254.760 0.03215
0.02683 -0.04416 0.13644 0.14589 0.87978 0.865 0.230 1254.790 0.03218
0.02686 -0.04420 0.13654 0.14601 0.88091 1.643 0.292 1254.820 0.03220
0.02688 -0.04423 0.13665 0.14612 0.88204 0.871 0.229 1254.849 0.03223
0.02690 -0.04427 0.13676 0.14624 0.88317 1.023 0.244 1254.879 0.03225
0.02692 -0.04430 0.13686 0.14635 0.88431 0.912 0.237 1254.909 0.03228
0.02694 -0.04434 0.13697 0.14646 0.88544 1.434 0.278 1254.939 0.03230
0.02696 -0.04437 0.13708 0.14658 0.88657 1.041 0.247 1254.969 0.03233
0.02698 -0.04441 0.13718 0.14669 0.88770 1.080 0.250 1254.999 0.03235
0.02700 -0.04444 0.13729 0.14681 0.88884 1.224 0.263 1255.029 0.03238
0.02702 -0.04448 0.13740 0.14692 0.88997 1.005 0.243 1255.059 0.03240
0.02704 -0.04451 0.13750 0.14704 0.89110 1.084 0.249 1255.088 0.03243
0.02707 -0.04454 0.13761 0.14715 0.89223 1.341 0.267 1255.118 0.03245
0.02709 -0.04458 0.13772 0.14726 0.89337 1.268 0.262 1255.148 0.03247
0.02711 -0.04461 0.13782 0.14738 0.89450 1.299 0.265 1255.178 0.03250
0.02713 -0.04465 0.13793 0.14749 0.89563 0.759 0.217 1255.208 0.03252
0.02715 -0.04468 0.13804 0.14761 0.89676 0.926 0.235 1255.238 0.03255
0.02717 -0.04472 0.13814 0.14772 0.89790 1.300 0.267 1255.268 0.03257
0.02719 -0.04475 0.13825 0.14783 0.89903 1.466 0.279 1255.298 0.03260
0.02721 -0.04479 0.13836 0.14795 0.90016 1.157 0.254 1255.328 0.03262
0.02723 -0.04482 0.13846 0.14806 0.90129 0.886 0.231 1255.357 0.03265
0.02725 -0.04486 0.13857 0.14818 0.90243 1.186 0.256 1255.387 0.03267
0.02728 -0.04489 0.13868 0.14829 0.90356 0.852 0.228 1255.417 0.03270
0.02730 -0.04492 0.13878 0.14840 0.90469 1.122 0.251 1255.447 0.03272
0.02732 -0.04496 0.13889 0.14852 0.90583 1.123 0.251 1255.477 0.03274
0.02734 -0.04499 0.13900 0.14863 0.90696 0.785 0.222 1255.507 0.03277
0.02736 -0.04503 0.13910 0.14875 0.90809 0.921 0.233 1255.537 0.03279
0.02738 -0.04506 0.13921 0.14886 0.90923 1.055 0.245 1255.567 0.03282
0.02740 -0.04510 0.13932 0.14898 0.91036 1.088 0.247 1255.596 0.03284
0.02742 -0.04513 0.13942 0.14909 0.91149 0.849 0.227 1255.626 0.03287
0.02744 -0.04517 0.13953 0.14920 0.91263 1.118 0.250 1255.656 0.03289
0.02746 -0.04520 0.13964 0.14932 0.91376 1.050 0.244 1255.686 0.03292
0.02749 -0.04524 0.13974 0.14943 0.91489 1.045 0.244 1255.716 0.03294
0.02751 -0.04527 0.13985 0.14955 0.91603 1.415 0.273 1255.746 0.03297
0.02753 -0.04530 0.13996 0.14966 0.91716 0.913 0.233 1255.776 0.03299
0.02755 -0.04534 0.14006 0.14977 0.91829 1.042 0.244 1255.806 0.03302
0.02757 -0.04537 0.14017 0.14989 0.91943 1.109 0.250 1255.835 0.03304
0.02759 -0.04541 0.14028 0.15000 0.92056 1.376 0.270 1255.865 0.03306
0.02761 -0.04544 0.14038 0.15012 0.92169 0.843 0.227 1255.895 0.03309
0.02763 -0.04548 0.14049 0.15023 0.92283 0.935 0.235 1255.925 0.03311
0.02765 -0.04551 0.14060 0.15035 0.92396 0.868 0.229 1255.955 0.03314
0.02767 -0.04555 0.14070 0.15046 0.92509 1.034 0.244 1255.985 0.03316
0.02770 -0.04558 0.14081 0.15057 0.92623 1.234 0.259 1256.015 0.03319
0.02772 -0.04562 0.14092 0.15069 0.92736 1.134 0.252 1256.045 0.03321
0.02774 -0.04565 0.14103 0.15080 0.92849 0.832 0.226 1256.074 0.03324
0.02776 -0.04568 0.14113 0.15092 0.92963 1.228 0.259 1256.104 0.03326
0.02778 -0.04572 0.14124 0.15103 0.93076 0.956 0.238 1256.134 0.03329
0.02780 -0.04575 0.14135 0.15115 0.93190 0.890 0.230 1256.164 0.03331
0.02782 -0.04579 0.14145 0.15126 0.93303 0.959 0.237 1256.194 0.03333
0.02784 -0.04582 0.14156 0.15137 0.93416 0.958 0.237 1256.224 0.03336
0.02786 -0.04586 0.14167 0.15149 0.93530 0.891 0.231 1256.254 0.03338
0.02788 -0.04589 0.14177 0.15160 0.93643 0.562 0.198 1256.284 0.03341
0.02791 -0.04593 0.14188 0.15172 0.93757 0.761 0.217 1256.314 0.03343
0.02793 -0.04596 0.14199 0.15183 0.93870 0.891 0.231 1256.343 0.03346
0.02795 -0.04600 0.14209 0.15195 0.93983 1.021 0.242 1256.373 0.03348
0.02797 -0.04603 0.14220 0.15206 0.94097 1.119 0.250 1256.403 0.03351
0.02799 -0.04607 0.14231 0.15217 0.94210 1.085 0.247 1256.433 0.03353
0.02801 -0.04610 0.14241 0.15229 0.94324 0.953 0.236 1256.463 0.03356
0.02803 -0.04613 0.14252 0.15240 0.94437 1.088 0.247 1256.493 0.03358
0.02805 -0.04617 0.14263 0.15252 0.94551 1.017 0.242 1256.523 0.03361
0.02807 -0.04620 0.14273 0.15263 0.94664 1.151 0.252 1256.553 0.03363
0.02809 -0.04624 0.14284 0.15275 0.94777 1.019 0.242 1256.582 0.03365
0.02812 -0.04627 0.14295 0.15286 0.94891 0.817 0.224 1256.612 0.03368
0.02814 -0.04631 0.14306 0.15297 0.95004 0.947 0.236 1256.642 0.03370
0.02816 -0.04634 0.14316 0.15309 0.95118 1.315 0.264 1256.672 0.03373
0.02818 -0.04638 0.14327 0.15320 0.95231 0.823 0.224 1256.702 0.03375
0.02820 -0.04641 0.14338 0.15332 0.95345 1.250 0.259 1256.732 0.03378
0.02822 -0.04645 0.14348 0.15343 0.95458 0.918 0.232 1256.762 0.03380
0.02824 -0.04648 0.14359 0.15355 0.95572 0.883 0.229 1256.792 0.03383
0.02826 -0.04651 0.14370 0.15366 0.95685 0.784 0.220 1256.821 0.03385
0.02828 -0.04655 0.14380 0.15377 0.95799 1.081 0.246 1256.851 0.03388
0.02831 -0.04658 0.14391 0.15389 0.95912 0.620 0.204 1256.881 0.03390
0.02833 -0.04662 0.14402 0.15400 0.96026 1.232 0.259 1256.911 0.03392
0.02835 -0.04665 0.14412 0.15412 0.96139 1.109 0.248 1256.941 0.03395
0.02837 -0.04669 0.14423 0.15423 0.96253 1.232 0.261 1256.971 0.03397
0.02839 -0.04672 0.14434 0.15435 0.96366 1.298 0.265 1257.001 0.03400
0.02841 -0.04676 0.14445 0.15446 0.96480 1.095 0.247 1257.031 0.03402
0.02843 -0.04679 0.14455 0.15457 0.96593 0.812 0.218 1257.060 0.03405
0.02845 -0.04683 0.14466 0.15469 0.96707 1.171 0.250 1257.090 0.03407
0.02847 -0.04686 0.14477 0.15480 0.96820 1.370 0.267 1257.120 0.03410
0.02849 -0.04690 0.14487 0.15492 0.96934 0.908 0.228 1257.150 0.03412
0.02852 -0.04693 0.14498 0.15503 0.97047 0.974 0.236 1257.180 0.03415
0.02854 -0.04696 0.14509 0.15515 0.97161 1.194 0.254 1257.210 0.03417
0.02856 -0.04700 0.14519 0.15526 0.97274 1.086 0.244 1257.240 0.03419
0.02858 -0.04703 0.14530 0.15537 0.97388 0.889 0.227 1257.270 0.03422
0.02860 -0.04707 0.14541 0.15549 0.97501 1.079 0.247 1257.300 0.03424
0.02862 -0.04710 0.14552 0.15560 0.97615 0.901 0.227 1257.329 0.03427
0.02864 -0.04714 0.14562 0.15572 0.97728 0.873 0.227 1257.359 0.03429
0.02866 -0.04717 0.14573 0.15583 0.97842 0.802 0.218 1257.389 0.03432
0.02868 -0.04721 0.14584 0.15595 0.97955 1.074 0.243 1257.419 0.03434
0.02870 -0.04724 0.14594 0.15606 0.98069 0.712 0.210 1257.449 0.03437
0.02873 -0.04728 0.14605 0.15618 0.98183 1.031 0.241 1257.479 0.03439
0.02875 -0.04731 0.14616 0.15629 0.98296 0.904 0.229 1257.509 0.03442
0.02877 -0.04735 0.14626 0.15640 0.98410 1.034 0.240 1257.539 0.03444
0.02879 -0.04738 0.14637 0.15652 0.98523 1.453 0.272 1257.568 0.03447
0.02881 -0.04742 0.14648 0.15663 0.98637 0.740 0.214 1257.598 0.03449
0.02883 -0.04745 0.14659 0.15675 0.98750 1.258 0.258 1257.628 0.03451
0.02885 -0.04748 0.14669 0.15686 0.98864 0.933 0.232 1257.658 0.03454
0.02887 -0.04752 0.14680 0.15698 0.98978 1.095 0.245 1257.688 0.03456
0.02889 -0.04755 0.14691 0.15709 0.99091 0.868 0.225 1257.718 0.03459
0.02892 -0.04759 0.14701 0.15721 0.99205 0.997 0.237 1257.748 0.03461
0.02894 -0.04762 0.14712 0.15732 0.99318 0.935 0.231 1257.778 0.03464
0.02896 -0.04766 0.14723 0.15743 0.99432 0.870 0.225 1257.807 0.03466
0.02898 -0.04769 0.14733 0.15755 0.99546 0.646 0.204 1257.837 0.03469
0.02900 -0.04773 0.14744 0.15766 0.99659 0.676 0.207 1257.867 0.03471
0.02902 -0.04776 0.14755 0.15778 0.99773 0.903 0.227 1257.897 0.03474
0.02904 -0.04780 0.14766 0.15789 0.99886 0.869 0.225 1257.927 0.03476
0.02906 -0.04783 0.14776 0.15801 1.00000 0.930 0.230 1257.957 0.03478
