x y z dist_scaled dist_frac flux_norm sig_norm wavelength redshift
-0.03147 -0.01807 0.04429 0.05726 0.00000 1.473 1.155 1231.245 0.01281
-0.03153 -0.01811 0.04437 0.05737 0.00110 0.746 1.015 1231.275 0.01284
-0.03159 -0.01814 0.04446 0.05748 0.00220 0.252 0.905 1231.305 0.01286
-0.03165 -0.01818 0.04455 0.05759 0.00330 1.961 1.231 1231.335 0.01289
-0.03171 -0.01821 0.04463 0.05770 0.00440 1.228 1.118 1231.365 0.01291
-0.03177 -0.01825 0.04472 0.05781 0.00550 1.962 1.230 1231.395 0.01293
-0.03184 -0.01828 0.04480 0.05792 0.00661 0.736 1.026 1231.425 0.01296
-0.03190 -0.01832 0.04489 0.05803 0.00771 0.240 0.909 1231.454 0.01298
-0.03196 -0.01835 0.04497 0.05814 0.00881 0.738 1.028 1231.484 0.01301
-0.03202 -0.01839 0.04506 0.05826 0.00991 0.735 1.022 1231.514 0.01303
-0.03208 -0.01842 0.04515 0.05837 0.01101 0.741 1.029 1231.544 0.01306
-0.03214 -0.01846 0.04523 0.05848 0.01211 1.734 1.200 1231.574 0.01308
-0.03220 -0.01849 0.04532 0.05859 0.01321 0.996 1.064 1231.604 0.01311
-0.03226 -0.01853 0.04540 0.05870 0.01431 0.756 1.021 1231.634 0.01313
-0.03232 -0.01856 0.04549 0.05881 0.01541 0.512 0.974 1231.664 0.01316
-0.03238 -0.01860 0.04558 0.05892 0.01652 1.497 1.165 1231.693 0.01318
-0.03245 -0.01863 0.04566 0.05903 0.01762 1.507 1.164 1231.723 0.01321
-0.03251 -0.01867 0.04575 0.05914 0.01872 1.505 1.156 1231.753 0.01323
-0.03257 -0.01870 0.04583 0.05925 0.01982 1.764 1.209 1231.783 0.01325
-0.03263 -0.01874 0.04592 0.05936 0.02092 1.009 1.080 1231.813 0.01328
-0.03269 -0.01877 0.04600 0.05948 0.02202 1.498 1.169 1231.843 0.01330
-0.03275 -0.01881 0.04609 0.05959 0.02312 1.004 1.085 1231.873 0.01333
-0.03281 -0.01884 0.04618 0.05970 0.02423 0.258 0.918 1231.903 0.01335
-0.03287 -0.01888 0.04626 0.05981 0.02533 1.008 1.087 1231.932 0.01338
-0.03293 -0.01891 0.04635 0.05992 0.02643 0.503 0.981 1231.962 0.01340
-0.03299 -0.01895 0.04643 0.06003 0.02753 0.501 0.971 1231.992 0.01343
-0.03306 -0.01898 0.04652 0.06014 0.02863 0.999 1.085 1232.022 0.01345
-0.03312 -0.01902 0.04661 0.06025 0.02973 1.228 1.132 1232.052 0.01348
-0.03318 -0.01905 0.04669 0.06036 0.03084 1.969 1.255 1232.082 0.01350
-0.03324 -0.01909 0.04678 0.06047 0.03194 0.982 1.091 1232.112 0.01352
-0.03330 -0.01912 0.04686 0.06059 0.03304 0.491 0.985 1232.142 0.01355
-0.03336 -0.01916 0.04695 0.06070 0.03414 0.495 0.985 1232.171 0.01357
-0.03342 -0.01919 0.04704 0.06081 0.03524 1.003 1.089 1232.201 0.01360
-0.03348 -0.01923 0.04712 0.06092 0.03635 1.257 1.137 1232.231 0.01362
-0.03354 -0.01926 0.04721 0.06103 0.03745 0.995 1.079 1232.261 0.01365
-0.03360 -0.01930 0.04729 0.06114 0.03855 1.749 1.221 1232.291 0.01367
-0.03367 -0.01933 0.04738 0.06125 0.03965 0.998 1.080 1232.321 0.01370
-0.03373 -0.01937 0.04746 0.06136 0.04075 0.750 1.047 1232.351 0.01372
-0.03379 -0.01940 0.04755 0.06147 0.04186 1.003 1.086 1232.381 0.01375
-0.03385 -0.01944 0.04764 0.06159 0.04296 2.258 1.300 1232.411 0.01377
-0.03391 -0.01947 0.04772 0.06170 0.04406 2.004 1.254 1232.440 0.01380
-0.03397 -0.01951 0.04781 0.06181 0.04516 2.006 1.265 1232.470 0.01382
-0.03403 -0.01954 0.04789 0.06192 0.04627 1.000 1.089 1232.500 0.01384
-0.03409 -0.01958 0.04798 0.06203 0.04737 0.497 0.992 1232.530 0.01387
-0.03415 -0.01961 0.04807 0.06214 0.04847 0.753 1.051 1232.560 0.01389
-0.03421 -0.01965 0.04815 0.06225 0.04957 1.769 1.230 1232.590 0.01392
-0.03428 -0.01968 0.04824 0.06236 0.05068 1.536 1.187 1232.620 0.01394
-0.03434 -0.01972 0.04832 0.06247 0.05178 1.790 1.229 1232.650 0.01397
-0.03440 -0.01975 0.04841 0.06258 0.05288 1.293 1.146 1232.679 0.01399
-0.03446 -0.01979 0.04850 0.06270 0.05398 1.634 1.187 1232.709 0.01402
-0.03452 -0.01982 0.04858 0.06281 0.05509 1.129 1.103 1232.739 0.01404
-0.03458 -0.01986 0.04867 0.06292 0.05619 0.303 0.941 1232.769 0.01407
-0.03464 -0.01989 0.04875 0.06303 0.05729 -0.000 0.875 1232.799 0.01409
-0.03470 -0.01993 0.04884 0.06314 0.05840 1.518 1.189 1232.829 0.01411
-0.03476 -0.01996 0.04893 0.06325 0.05950 0.517 0.997 1232.859 0.01414
-0.03483 -0.02000 0.04901 0.06336 0.06060 1.083 1.106 1232.889 0.01416
-0.03489 -0.02003 0.04910 0.06347 0.06170 1.336 1.153 1232.918 0.01419
-0.03495 -0.02007 0.04918 0.06358 0.06281 0.261 0.944 1232.948 0.01421
-0.03501 -0.02010 0.04927 0.06370 0.06391 1.041 1.104 1232.978 0.01424
-0.03507 -0.02014 0.04936 0.06381 0.06501 1.082 1.098 1233.008 0.01426
-0.03513 -0.02017 0.04944 0.06392 0.06612 0.856 1.048 1233.038 0.01429
-0.03519 -0.02021 0.04953 0.06403 0.06722 1.110 1.109 1233.068 0.01431
-0.03525 -0.02024 0.04961 0.06414 0.06832 0.795 1.049 1233.098 0.01434
-0.03531 -0.02028 0.04970 0.06425 0.06943 1.842 1.238 1233.128 0.01436
-0.03538 -0.02031 0.04979 0.06436 0.07053 1.804 1.233 1233.157 0.01439
-0.03544 -0.02035 0.04987 0.06447 0.07163 0.528 1.002 1233.187 0.01441
-0.03550 -0.02038 0.04996 0.06459 0.07274 0.786 1.061 1233.217 0.01443
-0.03556 -0.02042 0.05004 0.06470 0.07384 1.049 1.101 1233.247 0.01446
-0.03562 -0.02045 0.05013 0.06481 0.07494 1.311 1.138 1233.277 0.01448
-0.03568 -0.02049 0.05021 0.06492 0.07605 1.060 1.112 1233.307 0.01451
-0.03574 -0.02052 0.05030 0.06503 0.07715 0.811 1.056 1233.337 0.01453
-0.03580 -0.02056 0.05039 0.06514 0.07825 2.094 1.276 1233.367 0.01456
-0.03586 -0.02059 0.05047 0.06525 0.07936 1.323 1.158 1233.397 0.01458
-0.03593 -0.02063 0.05056 0.06536 0.08046 1.852 1.237 1233.426 0.01461
-0.03599 -0.02066 0.05064 0.06547 0.08156 0.833 1.065 1233.456 0.01463
-0.03605 -0.02070 0.05073 0.06559 0.08267 0.842 1.042 1233.486 0.01466
-0.03611 -0.02073 0.05082 0.06570 0.08377 0.325 0.943 1233.516 0.01468
-0.03617 -0.02077 0.05090 0.06581 0.08488 0.834 1.055 1233.546 0.01470
-0.03623 -0.02080 0.05099 0.06592 0.08598 0.576 1.007 1233.576 0.01473
-0.03629 -0.02084 0.05108 0.06603 0.08708 1.087 1.101 1233.606 0.01475
-0.03635 -0.02087 0.05116 0.06614 0.08819 1.093 1.101 1233.636 0.01478
-0.03641 -0.02091 0.05125 0.06625 0.08929 0.583 1.008 1233.665 0.01480
-0.03648 -0.02095 0.05133 0.06636 0.09040 0.837 1.057 1233.695 0.01483
-0.03654 -0.02098 0.05142 0.06648 0.09150 1.615 1.203 1233.725 0.01485
-0.03660 -0.02102 0.05151 0.06659 0.09260 1.097 1.118 1233.755 0.01488
-0.03666 -0.02105 0.05159 0.06670 0.09371 0.328 0.953 1233.785 0.01490
-0.03672 -0.02109 0.05168 0.06681 0.09481 2.384 1.324 1233.815 0.01493
-0.03678 -0.02112 0.05176 0.06692 0.09592 0.843 1.069 1233.845 0.01495
-0.03684 -0.02116 0.05185 0.06703 0.09702 0.331 0.954 1233.875 0.01497
-0.03690 -0.02119 0.05194 0.06714 0.09813 1.096 1.109 1233.904 0.01500
-0.03696 -0.02123 0.05202 0.06725 0.09923 1.359 1.146 1233.934 0.01502
-0.03703 -0.02126 0.05211 0.06737 0.10033 0.072 0.888 1233.964 0.01505
-0.03709 -0.02130 0.05219 0.06748 0.10144 2.380 1.319 1233.994 0.01507
-0.03715 -0.02133 0.05228 0.06759 0.10254 1.614 1.196 1234.024 0.01510
-0.03721 -0.02137 0.05237 0.06770 0.10365 2.129 1.291 1234.054 0.01512
-0.03727 -0.02140 0.05245 0.06781 0.10475 0.825 1.064 1234.084 0.01515
-0.03733 -0.02144 0.05254 0.06792 0.10586 1.608 1.208 1234.114 0.01517
-0.03739 -0.02147 0.05262 0.06803 0.10696 0.832 1.072 1234.143 0.01520
-0.03745 -0.02151 0.05271 0.06814 0.10807 1.867 1.252 1234.173 0.01522
-0.03751 -0.02154 0.05280 0.06826 0.10917 2.120 1.292 1234.203 0.01525
-0.03758 -0.02158 0.05288 0.06837 0.11028 0.316 0.957 1234.233 0.01527
-0.03764 -0.02161 0.05297 0.06848 0.11138 0.828 1.072 1234.263 0.01529
-0.03770 -0.02165 0.05305 0.06859 0.11248 -0.199 0.817 1234.293 0.01532
-0.03776 -0.02168 0.05314 0.06870 0.11359 2.126 1.288 1234.323 0.01534
-0.03782 -0.02172 0.05323 0.06881 0.11469 1.357 1.167 1234.353 0.01537
-0.03788 -0.02175 0.05331 0.06892 0.11580 1.354 1.149 1234.383 0.01539
-0.03794 -0.02179 0.05340 0.06904 0.11690 1.086 1.123 1234.412 0.01542
-0.03800 -0.02182 0.05349 0.06915 0.11801 0.559 1.014 1234.442 0.01544
-0.03807 -0.02186 0.05357 0.06926 0.11911 0.552 1.014 1234.472 0.01547
-0.03813 -0.02189 0.05366 0.06937 0.12022 1.587 1.190 1234.502 0.01549
-0.03819 -0.02193 0.05374 0.06948 0.12132 1.071 1.124 1234.532 0.01552
-0.03825 -0.02196 0.05383 0.06959 0.12243 1.077 1.121 1234.562 0.01554
-0.03831 -0.02200 0.05392 0.06970 0.12354 0.561 1.015 1234.592 0.01556
-0.03837 -0.02203 0.05400 0.06981 0.12464 0.827 1.064 1234.622 0.01559
-0.03843 -0.02207 0.05409 0.06993 0.12575 1.855 1.257 1234.651 0.01561
-0.03849 -0.02210 0.05417 0.07004 0.12685 1.071 1.125 1234.681 0.01564
-0.03856 -0.02214 0.05426 0.07015 0.12796 0.811 1.064 1234.711 0.01566
-0.03862 -0.02217 0.05435 0.07026 0.12906 1.065 1.122 1234.741 0.01569
-0.03868 -0.02221 0.05443 0.07037 0.13017 0.292 0.960 1234.771 0.01571
-0.03874 -0.02224 0.05452 0.07048 0.13127 1.586 1.211 1234.801 0.01574
-0.03880 -0.02228 0.05460 0.07059 0.13238 1.071 1.125 1234.831 0.01576
-0.03886 -0.02232 0.05469 0.07071 0.13348 1.831 1.258 1234.861 0.01579
-0.03892 -0.02235 0.05478 0.07082 0.13459 0.796 1.069 1234.890 0.01581
-0.03898 -0.02239 0.05486 0.07093 0.13570 0.801 1.076 1234.920 0.01584
-0.03904 -0.02242 0.05495 0.07104 0.13680 2.089 1.291 1234.950 0.01586
-0.03911 -0.02246 0.05504 0.07115 0.13791 0.805 1.065 1234.980 0.01588
-0.03917 -0.02249 0.05512 0.07126 0.13901 2.103 1.291 1235.010 0.01591
-0.03923 -0.02253 0.05521 0.07137 0.14012 0.543 1.016 1235.040 0.01593
-0.03929 -0.02256 0.05529 0.07149 0.14122 1.586 1.214 1235.070 0.01596
-0.03935 -0.02260 0.05538 0.07160 0.14233 1.576 1.212 1235.100 0.01598
-0.03941 -0.02263 0.05547 0.07171 0.14344 1.069 1.126 1235.129 0.01601
-0.03947 -0.02267 0.05555 0.07182 0.14454 0.820 1.076 1235.159 0.01603
-0.03953 -0.02270 0.05564 0.07193 0.14565 0.561 1.005 1235.189 0.01606
-0.03960 -0.02274 0.05573 0.07204 0.14675 0.547 1.016 1235.219 0.01608
-0.03966 -0.02277 0.05581 0.07215 0.14786 1.065 1.127 1235.249 0.01611
-0.03972 -0.02281 0.05590 0.07227 0.14897 0.798 1.077 1235.279 0.01613
-0.03978 -0.02284 0.05598 0.07238 0.15007 1.054 1.111 1235.309 0.01615
-0.03984 -0.02288 0.05607 0.07249 0.15118 0.525 1.024 1235.339 0.01618
-0.03990 -0.02291 0.05616 0.07260 0.15228 0.264 0.953 1235.369 0.01620
-0.03996 -0.02295 0.05624 0.07271 0.15339 2.845 1.404 1235.398 0.01623
-0.04002 -0.02298 0.05633 0.07282 0.15450 0.535 1.005 1235.428 0.01625
-0.04009 -0.02302 0.05641 0.07293 0.15560 0.555 1.005 1235.458 0.01628
-0.04015 -0.02305 0.05650 0.07305 0.15671 1.089 1.117 1235.488 0.01630
-0.04021 -0.02309 0.05659 0.07316 0.15782 0.790 1.077 1235.518 0.01633
-0.04027 -0.02312 0.05667 0.07327 0.15892 1.818 1.254 1235.548 0.01635
-0.04033 -0.02316 0.05676 0.07338 0.16003 0.570 1.017 1235.578 0.01638
-0.04039 -0.02319 0.05685 0.07349 0.16114 1.092 1.123 1235.608 0.01640
-0.04045 -0.02323 0.05693 0.07360 0.16224 0.573 1.017 1235.637 0.01643
-0.04051 -0.02326 0.05702 0.07371 0.16335 1.016 1.116 1235.667 0.01645
-0.04058 -0.02330 0.05710 0.07383 0.16446 0.550 1.016 1235.697 0.01647
-0.04064 -0.02334 0.05719 0.07394 0.16556 1.660 1.214 1235.727 0.01650
-0.04070 -0.02337 0.05728 0.07405 0.16667 0.785 1.076 1235.757 0.01652
-0.04076 -0.02341 0.05736 0.07416 0.16778 1.557 1.217 1235.787 0.01655
-0.04082 -0.02344 0.05745 0.07427 0.16888 1.118 1.123 1235.817 0.01657
-0.04088 -0.02348 0.05754 0.07438 0.16999 0.276 0.961 1235.847 0.01660
-0.04094 -0.02351 0.05762 0.07450 0.17110 1.059 1.126 1235.876 0.01662
-0.04101 -0.02355 0.05771 0.07461 0.17220 1.671 1.203 1235.906 0.01665
-0.04107 -0.02358 0.05779 0.07472 0.17331 1.322 1.159 1235.936 0.01667
-0.04113 -0.02362 0.05788 0.07483 0.17442 1.562 1.217 1235.966 0.01670
-0.04119 -0.02365 0.05797 0.07494 0.17553 1.555 1.212 1235.996 0.01672
-0.04125 -0.02369 0.05805 0.07505 0.17663 1.484 1.174 1236.026 0.01674
-0.04131 -0.02372 0.05814 0.07516 0.17774 0.006 0.892 1236.056 0.01677
-0.04137 -0.02376 0.05823 0.07528 0.17885 0.864 1.076 1236.086 0.01679
-0.04143 -0.02379 0.05831 0.07539 0.17995 1.391 1.159 1236.115 0.01682
-0.04150 -0.02383 0.05840 0.07550 0.18106 1.967 1.213 1236.145 0.01684
-0.04156 -0.02386 0.05849 0.07561 0.18217 1.963 1.256 1236.175 0.01687
-0.04162 -0.02390 0.05857 0.07572 0.18328 0.599 1.015 1236.205 0.01689
-0.04168 -0.02393 0.05866 0.07583 0.18438 1.101 1.125 1236.235 0.01692
-0.04174 -0.02397 0.05874 0.07595 0.18549 1.470 1.158 1236.265 0.01694
-0.04180 -0.02400 0.05883 0.07606 0.18660 1.882 1.252 1236.295 0.01697
-0.04186 -0.02404 0.05892 0.07617 0.18771 1.673 1.210 1236.325 0.01699
-0.04192 -0.02407 0.05900 0.07628 0.18881 2.416 1.331 1236.355 0.01701
-0.04199 -0.02411 0.05909 0.07639 0.18992 0.813 1.064 1236.384 0.01704
-0.04205 -0.02415 0.05918 0.07650 0.19103 1.934 1.248 1236.414 0.01706
-0.04211 -0.02418 0.05926 0.07661 0.19214 1.296 1.169 1236.444 0.01709
-0.04217 -0.02422 0.05935 0.07673 0.19324 2.057 1.288 1236.474 0.01711
-0.04223 -0.02425 0.05943 0.07684 0.19435 1.277 1.171 1236.504 0.01714
-0.04229 -0.02429 0.05952 0.07695 0.19546 1.534 1.214 1236.534 0.01716
-0.04235 -0.02432 0.05961 0.07706 0.19657 2.588 1.366 1236.564 0.01719
-0.04242 -0.02436 0.05969 0.07717 0.19768 0.783 1.066 1236.594 0.01721
-0.04248 -0.02439 0.05978 0.07728 0.19878 1.556 1.214 1236.623 0.01724
-0.04254 -0.02443 0.05987 0.07740 0.19989 1.293 1.158 1236.653 0.01726
-0.04260 -0.02446 0.05995 0.07751 0.20100 1.792 1.250 1236.683 0.01729
-0.04266 -0.02450 0.06004 0.07762 0.20211 1.553 1.188 1236.713 0.01731
-0.04272 -0.02453 0.06013 0.07773 0.20322 0.772 1.065 1236.743 0.01733
-0.04278 -0.02457 0.06021 0.07784 0.20432 1.809 1.254 1236.773 0.01736
-0.04285 -0.02460 0.06030 0.07795 0.20543 0.764 1.072 1236.803 0.01738
-0.04291 -0.02464 0.06038 0.07807 0.20654 0.307 1.075 1236.833 0.01741
-0.04297 -0.02467 0.06047 0.07818 0.20765 1.266 1.156 1236.862 0.01743
-0.04303 -0.02471 0.06056 0.07829 0.20876 1.677 1.332 1236.892 0.01746
-0.04309 -0.02474 0.06064 0.07840 0.20987 2.227 1.434 1236.922 0.01748
-0.04315 -0.02478 0.06073 0.07851 0.21097 1.911 1.365 1236.952 0.01751
-0.04321 -0.02481 0.06082 0.07862 0.21208 2.325 1.329 1236.982 0.01753
-0.04327 -0.02485 0.06090 0.07874 0.21319 1.797 1.250 1237.012 0.01756
-0.04334 -0.02488 0.06099 0.07885 0.21430 0.751 1.060 1237.042 0.01758
-0.04340 -0.02492 0.06108 0.07896 0.21541 1.282 1.164 1237.072 0.01760
-0.04346 -0.02496 0.06116 0.07907 0.21652 3.103 1.431 1237.101 0.01763
-0.04352 -0.02499 0.06125 0.07918 0.21762 0.251 0.955 1237.131 0.01765
-0.04358 -0.02503 0.06133 0.07929 0.21873 1.298 1.158 1237.161 0.01768
-0.04364 -0.02506 0.06142 0.07941 0.21984 2.330 1.327 1237.191 0.01770
-0.04370 -0.02510 0.06151 0.07952 0.22095 1.821 1.248 1237.221 0.01773
-0.04377 -0.02513 0.06159 0.07963 0.22206 0.266 0.954 1237.251 0.01775
-0.04383 -0.02517 0.06168 0.07974 0.22317 3.632 1.494 1237.281 0.01778
-0.04389 -0.02520 0.06177 0.07985 0.22428 0.269 0.945 1237.311 0.01780
-0.04395 -0.02524 0.06185 0.07996 0.22539 1.032 1.107 1237.341 0.01783
-0.04401 -0.02527 0.06194 0.08008 0.22650 1.545 1.202 1237.370 0.01785
-0.04407 -0.02531 0.06203 0.08019 0.22760 2.573 1.358 1237.400 0.01788
-0.04413 -0.02534 0.06211 0.08030 0.22871 0.267 0.952 1237.430 0.01790
-0.04420 -0.02538 0.06220 0.08041 0.22982 1.036 1.101 1237.460 0.01792
-0.04426 -0.02541 0.06229 0.08052 0.23093 1.039 1.116 1237.490 0.01795
-0.04432 -0.02545 0.06237 0.08064 0.23204 1.045 1.106 1237.520 0.01797
-0.04438 -0.02548 0.06246 0.08075 0.23315 1.295 1.160 1237.550 0.01800
-0.04444 -0.02552 0.06254 0.08086 0.23426 1.804 1.229 1237.580 0.01802
-0.04450 -0.02555 0.06263 0.08097 0.23537 1.039 1.105 1237.609 0.01805
-0.04456 -0.02559 0.06272 0.08108 0.23648 1.557 1.201 1237.639 0.01807
-0.04463 -0.02563 0.06280 0.08119 0.23759 1.820 1.243 1237.669 0.01810
-0.04469 -0.02566 0.06289 0.08131 0.23870 1.053 1.114 1237.699 0.01812
-0.04475 -0.02570 0.06298 0.08142 0.23981 2.073 1.276 1237.729 0.01815
-0.04481 -0.02573 0.06306 0.08153 0.24092 1.039 1.098 1237.759 0.01817
-0.04487 -0.02577 0.06315 0.08164 0.24202 2.065 1.276 1237.789 0.01819
-0.04493 -0.02580 0.06324 0.08175 0.24313 0.530 1.004 1237.819 0.01822
-0.04499 -0.02584 0.06332 0.08186 0.24424 1.566 1.188 1237.848 0.01824
-0.04506 -0.02587 0.06341 0.08198 0.24535 3.113 1.418 1237.878 0.01827
-0.04512 -0.02591 0.06350 0.08209 0.24646 0.531 1.010 1237.908 0.01829
-0.04518 -0.02594 0.06358 0.08220 0.24757 0.795 1.062 1237.938 0.01832
-0.04524 -0.02598 0.06367 0.08231 0.24868 1.047 1.111 1237.968 0.01834
-0.04530 -0.02601 0.06376 0.08242 0.24979 0.272 0.947 1237.998 0.01837
-0.04536 -0.02605 0.06384 0.08254 0.25090 1.804 1.240 1238.028 0.01839
-0.04542 -0.02608 0.06393 0.08265 0.25201 1.027 1.100 1238.058 0.01842
-0.04549 -0.02612 0.06401 0.08276 0.25312 0.767 1.060 1238.087 0.01844
-0.04555 -0.02615 0.06410 0.08287 0.25423 1.530 1.198 1238.117 0.01847
-0.04561 -0.02619 0.06419 0.08298 0.25534 2.543 1.342 1238.147 0.01849
-0.04567 -0.02623 0.06427 0.08309 0.25645 1.266 1.152 1238.177 0.01851
-0.04573 -0.02626 0.06436 0.08321 0.25756 0.746 1.048 1238.207 0.01854
-0.04579 -0.02630 0.06445 0.08332 0.25867 2.295 1.306 1238.237 0.01856
-0.04585 -0.02633 0.06453 0.08343 0.25978 0.241 0.944 1238.267 0.01859
-0.04592 -0.02637 0.06462 0.08354 0.26089 1.271 1.154 1238.297 0.01861
-0.04598 -0.02640 0.06471 0.08365 0.26200 1.275 1.150 1238.327 0.01864
-0.04604 -0.02644 0.06479 0.08377 0.26311 0.507 0.987 1238.356 0.01866
-0.04610 -0.02647 0.06488 0.08388 0.26422 1.275 1.144 1238.386 0.01869
-0.04616 -0.02651 0.06497 0.08399 0.26533 2.804 1.376 1238.416 0.01871
-0.04622 -0.02654 0.06505 0.08410 0.26644 2.789 1.379 1238.446 0.01874
-0.04629 -0.02658 0.06514 0.08421 0.26755 1.008 1.094 1238.476 0.01876
-0.04635 -0.02661 0.06523 0.08432 0.26866 0.751 1.055 1238.506 0.01878
-0.04641 -0.02665 0.06531 0.08444 0.26978 1.008 1.100 1238.536 0.01881
-0.04647 -0.02668 0.06540 0.08455 0.27089 1.515 1.192 1238.566 0.01883
-0.04653 -0.02672 0.06549 0.08466 0.27200 1.001 1.102 1238.595 0.01886
-0.04659 -0.02675 0.06557 0.08477 0.27311 2.280 1.298 1238.625 0.01888
-0.04665 -0.02679 0.06566 0.08488 0.27422 1.243 1.145 1238.655 0.01891
-0.04672 -0.02683 0.06575 0.08500 0.27533 0.485 0.994 1238.685 0.01893
-0.04678 -0.02686 0.06583 0.08511 0.27644 0.497 0.993 1238.715 0.01896
-0.04684 -0.02690 0.06592 0.08522 0.27755 0.747 1.041 1238.745 0.01898
-0.04690 -0.02693 0.06600 0.08533 0.27866 0.291 0.938 1238.775 0.01901
-0.04696 -0.02697 0.06609 0.08544 0.27977 1.055 1.084 1238.805 0.01903
-0.04702 -0.02700 0.06618 0.08556 0.28088 2.629 1.330 1238.834 0.01905
-0.04708 -0.02704 0.06626 0.08567 0.28199 0.317 0.937 1238.864 0.01908
-0.04715 -0.02707 0.06635 0.08578 0.28310 1.333 1.142 1238.894 0.01910
-0.04721 -0.02711 0.06644 0.08589 0.28422 1.493 1.186 1238.924 0.01913
-0.04727 -0.02714 0.06652 0.08600 0.28533 1.856 1.218 1238.954 0.01915
-0.04733 -0.02718 0.06661 0.08612 0.28644 -0.008 0.869 1238.984 0.01918
-0.04739 -0.02721 0.06670 0.08623 0.28755 0.828 1.048 1239.014 0.01920
-0.04745 -0.02725 0.06678 0.08634 0.28866 0.581 0.996 1239.044 0.01923
-0.04752 -0.02728 0.06687 0.08645 0.28977 2.209 1.262 1239.073 0.01925
-0.04758 -0.02732 0.06696 0.08656 0.29088 0.842 1.039 1239.103 0.01928
-0.04764 -0.02736 0.06704 0.08668 0.29199 0.538 0.995 1239.133 0.01930
-0.04770 -0.02739 0.06713 0.08679 0.29310 0.785 1.038 1239.163 0.01933
-0.04776 -0.02743 0.06722 0.08690 0.29422 1.308 1.137 1239.193 0.01935
-0.04782 -0.02746 0.06730 0.08701 0.29533 1.561 1.164 1239.223 0.01937
-0.04788 -0.02750 0.06739 0.08712 0.29644 1.557 1.181 1239.253 0.01940
-0.04795 -0.02753 0.06748 0.08724 0.29755 0.799 1.037 1239.283 0.01942
-0.04801 -0.02757 0.06756 0.08735 0.29866 1.307 1.138 1239.313 0.01945
-0.04807 -0.02760 0.06765 0.08746 0.29977 1.314 1.134 1239.342 0.01947
-0.04813 -0.02764 0.06774 0.08757 0.30089 0.810 1.042 1239.372 0.01950
-0.04819 -0.02767 0.06782 0.08768 0.30200 1.315 1.133 1239.402 0.01952
-0.04825 -0.02771 0.06791 0.08780 0.30311 0.813 1.041 1239.432 0.01955
-0.04832 -0.02774 0.06800 0.08791 0.30422 0.310 0.921 1239.462 0.01957
-0.04838 -0.02778 0.06808 0.08802 0.30533 1.063 1.089 1239.492 0.01960
-0.04844 -0.02781 0.06817 0.08813 0.30644 0.811 1.033 1239.522 0.01962
-0.04850 -0.02785 0.06826 0.08824 0.30756 1.563 1.162 1239.552 0.01964
-0.04856 -0.02789 0.06834 0.08836 0.30867 2.069 1.252 1239.581 0.01967
-0.04862 -0.02792 0.06843 0.08847 0.30978 1.314 1.120 1239.611 0.01969
-0.04868 -0.02796 0.06852 0.08858 0.31089 1.574 1.169 1239.641 0.01972
-0.04875 -0.02799 0.06860 0.08869 0.31200 0.571 0.987 1239.671 0.01974
-0.04881 -0.02803 0.06869 0.08880 0.31312 1.068 1.070 1239.701 0.01977
-0.04887 -0.02806 0.06878 0.08892 0.31423 0.816 1.036 1239.731 0.01979
-0.04893 -0.02810 0.06886 0.08903 0.31534 2.575 1.316 1239.761 0.01982
-0.04899 -0.02813 0.06895 0.08914 0.31645 1.063 1.084 1239.791 0.01984
-0.04905 -0.02817 0.06904 0.08925 0.31756 1.560 1.160 1239.820 0.01987
-0.04912 -0.02820 0.06912 0.08936 0.31868 0.307 0.916 1239.850 0.01989
-0.04918 -0.02824 0.06921 0.08948 0.31979 1.057 1.082 1239.880 0.01992
-0.04924 -0.02827 0.06930 0.08959 0.32090 2.067 1.246 1239.910 0.01994
-0.04930 -0.02831 0.06938 0.08970 0.32201 1.310 1.119 1239.940 0.01996
-0.04936 -0.02835 0.06947 0.08981 0.32313 2.058 1.244 1239.970 0.01999
-0.04942 -0.02838 0.06956 0.08992 0.32424 0.801 1.032 1240.000 0.02001
-0.04949 -0.02842 0.06964 0.09004 0.32535 1.036 1.070 1240.030 0.02004
-0.04955 -0.02845 0.06973 0.09015 0.32646 0.790 1.024 1240.059 0.02006
-0.04961 -0.02849 0.06982 0.09026 0.32758 1.789 1.205 1240.089 0.02009
-0.04967 -0.02852 0.06990 0.09037 0.32869 0.282 0.919 1240.119 0.02011
-0.04973 -0.02856 0.06999 0.09048 0.32980 1.540 1.153 1240.149 0.02014
-0.04979 -0.02859 0.07008 0.09060 0.33091 3.033 1.370 1240.179 0.02016
-0.04986 -0.02863 0.07016 0.09071 0.33203 1.030 1.067 1240.209 0.02019
-0.04992 -0.02866 0.07025 0.09082 0.33314 1.032 1.061 1240.239 0.02021
-0.04998 -0.02870 0.07034 0.09093 0.33425 1.536 1.159 1240.269 0.02023
-0.05004 -0.02873 0.07042 0.09105 0.33537 0.788 1.020 1240.299 0.02026
-0.05010 -0.02877 0.07051 0.09116 0.33648 1.036 1.059 1240.328 0.02028
-0.05016 -0.02881 0.07060 0.09127 0.33759 0.783 1.026 1240.358 0.02031
-0.05022 -0.02884 0.07068 0.09138 0.33870 1.279 1.111 1240.388 0.02033
-0.05029 -0.02888 0.07077 0.09149 0.33982 1.526 1.145 1240.418 0.02036
-0.05035 -0.02891 0.07086 0.09161 0.34093 1.769 1.198 1240.448 0.02038
-0.05041 -0.02895 0.07094 0.09172 0.34204 1.525 1.153 1240.478 0.02041
-0.05047 -0.02898 0.07103 0.09183 0.34316 0.775 1.023 1240.508 0.02043
-0.05053 -0.02902 0.07112 0.09194 0.34427 1.031 1.070 1240.538 0.02046
-0.05059 -0.02905 0.07120 0.09205 0.34538 0.536 0.965 1240.567 0.02048
-0.05066 -0.02909 0.07129 0.09217 0.34650 1.537 1.153 1240.597 0.02050
-0.05072 -0.02912 0.07138 0.09228 0.34761 1.033 1.059 1240.627 0.02053
-0.05078 -0.02916 0.07146 0.09239 0.34872 2.275 1.266 1240.657 0.02055
-0.05084 -0.02919 0.07155 0.09250 0.34984 1.529 1.149 1240.687 0.02058
-0.05090 -0.02923 0.07164 0.09262 0.35095 0.763 1.020 1240.717 0.02060
-0.05096 -0.02927 0.07173 0.09273 0.35206 0.518 0.962 1240.747 0.02063
-0.05103 -0.02930 0.07181 0.09284 0.35318 2.243 1.264 1240.777 0.02065
-0.05109 -0.02934 0.07190 0.09295 0.35429 1.249 1.108 1240.806 0.02068
-0.05115 -0.02937 0.07199 0.09306 0.35540 1.245 1.098 1240.836 0.02070
-0.05121 -0.02941 0.07207 0.09318 0.35652 0.746 1.017 1240.866 0.02073
-0.05127 -0.02944 0.07216 0.09329 0.35763 1.232 1.095 1240.896 0.02075
-0.05133 -0.02948 0.07225 0.09340 0.35874 0.237 0.899 1240.926 0.02078
-0.05140 -0.02951 0.07233 0.09351 0.35986 0.977 1.062 1240.956 0.02080
-0.05146 -0.02955 0.07242 0.09362 0.36097 0.235 0.906 1240.986 0.02082
-0.05152 -0.02958 0.07251 0.09374 0.36209 2.714 1.325 1241.016 0.02085
-0.05158 -0.02962 0.07259 0.09385 0.36320 0.739 0.992 1241.045 0.02087
-0.05164 -0.02966 0.07268 0.09396 0.36431 1.237 1.102 1241.075 0.02090
-0.05170 -0.02969 0.07277 0.09407 0.36543 1.978 1.220 1241.105 0.02092
-0.05177 -0.02973 0.07285 0.09419 0.36654 1.272 1.092 1241.135 0.02095
-0.05183 -0.02976 0.07294 0.09430 0.36766 0.475 0.962 1241.165 0.02097
-0.05189 -0.02980 0.07303 0.09441 0.36877 0.539 0.955 1241.195 0.02100
-0.05195 -0.02983 0.07311 0.09452 0.36988 -0.008 0.838 1241.225 0.02102
-0.05201 -0.02987 0.07320 0.09463 0.37100 0.954 1.003 1241.255 0.02105
-0.05207 -0.02990 0.07329 0.09475 0.37211 1.114 1.053 1241.285 0.02107
-0.05214 -0.02994 0.07337 0.09486 0.37323 0.826 1.009 1241.314 0.02109
-0.05220 -0.02997 0.07346 0.09497 0.37434 0.774 1.008 1241.344 0.02112
-0.05226 -0.03001 0.07355 0.09508 0.37545 1.508 1.137 1241.374 0.02114
-0.05232 -0.03004 0.07363 0.09520 0.37657 0.729 0.997 1241.404 0.02117
-0.05238 -0.03008 0.07372 0.09531 0.37768 0.244 0.898 1241.434 0.02119
-0.05245 -0.03012 0.07381 0.09542 0.37880 0.728 1.006 1241.464 0.02122
-0.05251 -0.03015 0.07390 0.09553 0.37991 1.485 1.134 1241.494 0.02124
-0.05257 -0.03019 0.07398 0.09565 0.38103 0.742 0.998 1241.524 0.02127
-0.05263 -0.03022 0.07407 0.09576 0.38214 0.727 1.004 1241.553 0.02129
-0.05269 -0.03026 0.07416 0.09587 0.38326 0.482 0.948 1241.583 0.02132
-0.05275 -0.03029 0.07424 0.09598 0.38437 0.242 0.895 1241.613 0.02134
-0.05282 -0.03033 0.07433 0.09609 0.38549 0.732 1.003 1241.643 0.02137
-0.05288 -0.03036 0.07442 0.09621 0.38660 1.222 1.091 1241.673 0.02139
-0.05294 -0.03040 0.07450 0.09632 0.38771 0.491 0.953 1241.703 0.02141
-0.05300 -0.03043 0.07459 0.09643 0.38883 0.487 0.945 1241.733 0.02144
-0.05306 -0.03047 0.07468 0.09654 0.38994 1.466 1.129 1241.763 0.02146
-0.05312 -0.03051 0.07476 0.09666 0.39106 0.489 0.951 1241.792 0.02149
-0.05319 -0.03054 0.07485 0.09677 0.39217 1.706 1.169 1241.822 0.02151
-0.05325 -0.03058 0.07494 0.09688 0.39329 0.980 1.042 1241.852 0.02154
-0.05331 -0.03061 0.07502 0.09699 0.39440 1.226 1.089 1241.882 0.02156
-0.05337 -0.03065 0.07511 0.09711 0.39552 1.229 1.081 1241.912 0.02159
-0.05343 -0.03068 0.07520 0.09722 0.39663 0.007 0.827 1241.942 0.02161
-0.05349 -0.03072 0.07529 0.09733 0.39775 0.739 0.987 1241.972 0.02164
-0.05356 -0.03075 0.07537 0.09744 0.39886 0.005 0.826 1242.002 0.02166
-0.05362 -0.03079 0.07546 0.09755 0.39998 1.211 1.083 1242.031 0.02168
-0.05368 -0.03082 0.07555 0.09767 0.40109 1.682 1.162 1242.061 0.02171
-0.05374 -0.03086 0.07563 0.09778 0.40221 0.471 0.939 1242.091 0.02173
-0.05380 -0.03090 0.07572 0.09789 0.40332 0.470 0.939 1242.121 0.02176
-0.05387 -0.03093 0.07581 0.09800 0.40444 1.202 1.084 1242.151 0.02178
-0.05393 -0.03097 0.07589 0.09812 0.40556 2.411 1.263 1242.181 0.02181
-0.05399 -0.03100 0.07598 0.09823 0.40667 1.445 1.119 1242.211 0.02183
-0.05405 -0.03104 0.07607 0.09834 0.40779 0.947 1.024 1242.241 0.02186
-0.05411 -0.03107 0.07615 0.09845 0.40890 0.706 0.981 1242.271 0.02188
-0.05417 -0.03111 0.07624 0.09857 0.41002 0.465 0.935 1242.300 0.02191
-0.05424 -0.03114 0.07633 0.09868 0.41113 2.397 1.260 1242.330 0.02193
-0.05430 -0.03118 0.07642 0.09879 0.41225 1.186 1.077 1242.360 0.02196
-0.05436 -0.03121 0.07650 0.09890 0.41336 0.939 1.035 1242.390 0.02198
-0.05442 -0.03125 0.07659 0.09902 0.41448 1.651 1.152 1242.420 0.02200
-0.05448 -0.03129 0.07668 0.09913 0.41560 1.656 1.151 1242.450 0.02203
-0.05454 -0.03132 0.07676 0.09924 0.41671 0.944 1.024 1242.480 0.02205
-0.05461 -0.03136 0.07685 0.09935 0.41783 0.944 1.030 1242.510 0.02208
-0.05467 -0.03139 0.07694 0.09947 0.41894 0.939 1.018 1242.539 0.02210
-0.05473 -0.03143 0.07702 0.09958 0.42006 1.182 1.072 1242.569 0.02213
-0.05479 -0.03146 0.07711 0.09969 0.42117 1.178 1.072 1242.599 0.02215
-0.05485 -0.03150 0.07720 0.09980 0.42229 1.171 1.054 1242.629 0.02218
-0.05492 -0.03153 0.07728 0.09992 0.42341 0.688 0.984 1242.659 0.02220
-0.05498 -0.03157 0.07737 0.10003 0.42452 0.688 0.974 1242.689 0.02223
-0.05504 -0.03161 0.07746 0.10014 0.42564 0.217 0.877 1242.719 0.02225
-0.05510 -0.03164 0.07755 0.10025 0.42675 1.172 1.069 1242.749 0.02227
-0.05516 -0.03168 0.07763 0.10036 0.42787 0.940 1.027 1242.778 0.02230
-0.05522 -0.03171 0.07772 0.10048 0.42899 2.388 1.249 1242.808 0.02232
-0.05529 -0.03175 0.07781 0.10059 0.43010 1.674 1.142 1242.838 0.02235
-0.05535 -0.03178 0.07789 0.10070 0.43122 1.676 1.146 1242.868 0.02237
-0.05541 -0.03182 0.07798 0.10081 0.43234 0.243 0.874 1242.898 0.02240
-0.05547 -0.03185 0.07807 0.10093 0.43345 1.920 1.180 1242.928 0.02242
-0.05553 -0.03189 0.07815 0.10104 0.43457 0.496 0.931 1242.958 0.02245
-0.05560 -0.03192 0.07824 0.10115 0.43569 0.729 0.978 1242.988 0.02247
-0.05566 -0.03196 0.07833 0.10126 0.43680 1.211 1.047 1243.017 0.02250
-0.05572 -0.03200 0.07842 0.10138 0.43792 1.689 1.141 1243.047 0.02252
-0.05578 -0.03203 0.07850 0.10149 0.43903 1.920 1.168 1243.077 0.02254
-0.05584 -0.03207 0.07859 0.10160 0.44015 1.448 1.101 1243.107 0.02257
-0.05590 -0.03210 0.07868 0.10171 0.44127 0.727 0.975 1243.137 0.02259
-0.05597 -0.03214 0.07876 0.10183 0.44238 0.009 0.808 1243.167 0.02262
-0.05603 -0.03217 0.07885 0.10194 0.44350 1.194 1.063 1243.197 0.02264
-0.05609 -0.03221 0.07894 0.10205 0.44462 0.254 0.869 1243.227 0.02267
-0.05615 -0.03224 0.07902 0.10216 0.44574 2.140 1.208 1243.257 0.02269
-0.05621 -0.03228 0.07911 0.10228 0.44685 1.194 1.047 1243.286 0.02272
-0.05628 -0.03232 0.07920 0.10239 0.44797 1.901 1.173 1243.316 0.02274
-0.05634 -0.03235 0.07929 0.10250 0.44909 0.723 0.971 1243.346 0.02277
-0.05640 -0.03239 0.07937 0.10261 0.45020 1.433 1.095 1243.376 0.02279
-0.05646 -0.03242 0.07946 0.10273 0.45132 2.142 1.203 1243.406 0.02282
-0.05652 -0.03246 0.07955 0.10284 0.45244 0.497 0.915 1243.436 0.02284
-0.05658 -0.03249 0.07963 0.10295 0.45355 0.994 1.014 1243.466 0.02286
-0.05665 -0.03253 0.07972 0.10307 0.45467 1.697 1.128 1243.496 0.02289
-0.05671 -0.03256 0.07981 0.10318 0.45579 1.461 1.092 1243.525 0.02291
-0.05677 -0.03260 0.07990 0.10329 0.45691 1.925 1.162 1243.555 0.02294
-0.05683 -0.03263 0.07998 0.10340 0.45802 0.499 0.913 1243.585 0.02296
-0.05689 -0.03267 0.08007 0.10352 0.45914 0.730 0.960 1243.615 0.02299
-0.05696 -0.03271 0.08016 0.10363 0.46026 0.487 0.912 1243.645 0.02301
-0.05702 -0.03274 0.08024 0.10374 0.46137 0.486 0.918 1243.675 0.02304
-0.05708 -0.03278 0.08033 0.10385 0.46249 1.895 1.160 1243.705 0.02306
-0.05714 -0.03281 0.08042 0.10397 0.46361 1.187 1.039 1243.735 0.02309
-0.05720 -0.03285 0.08050 0.10408 0.46473 0.002 0.799 1243.764 0.02311
-0.05727 -0.03288 0.08059 0.10419 0.46584 1.871 1.161 1243.794 0.02313
-0.05733 -0.03292 0.08068 0.10430 0.46696 0.924 1.004 1243.824 0.02316
-0.05739 -0.03295 0.08077 0.10442 0.46808 1.144 1.047 1243.854 0.02318
-0.05745 -0.03299 0.08085 0.10453 0.46920 3.242 1.342 1243.884 0.02321
-0.05751 -0.03303 0.08094 0.10464 0.47031 1.425 1.087 1243.914 0.02323
-0.05757 -0.03306 0.08103 0.10475 0.47143 1.243 1.045 1243.944 0.02326
-0.05764 -0.03310 0.08111 0.10487 0.47255 0.669 0.960 1243.974 0.02328
-0.05770 -0.03313 0.08120 0.10498 0.47367 0.969 1.004 1244.003 0.02331
-0.05776 -0.03317 0.08129 0.10509 0.47479 0.647 0.905 1244.033 0.02333
-0.05782 -0.03320 0.08138 0.10520 0.47590 0.731 0.937 1244.063 0.02336
-0.05788 -0.03324 0.08146 0.10532 0.47702 1.691 1.105 1244.093 0.02338
-0.05795 -0.03327 0.08155 0.10543 0.47814 0.895 0.988 1244.123 0.02341
-0.05801 -0.03331 0.08164 0.10554 0.47926 2.122 1.182 1244.153 0.02343
-0.05807 -0.03335 0.08172 0.10565 0.48038 1.175 1.040 1244.183 0.02345
-0.05813 -0.03338 0.08181 0.10577 0.48149 0.896 1.000 1244.213 0.02348
-0.05819 -0.03342 0.08190 0.10588 0.48261 1.665 1.115 1244.243 0.02350
-0.05826 -0.03345 0.08199 0.10599 0.48373 1.586 1.112 1244.272 0.02353
-0.05832 -0.03349 0.08207 0.10611 0.48485 1.146 1.038 1244.302 0.02355
-0.05838 -0.03352 0.08216 0.10622 0.48597 1.599 1.115 1244.332 0.02358
-0.05844 -0.03356 0.08225 0.10633 0.48708 0.669 0.953 1244.362 0.02360
-0.05850 -0.03359 0.08233 0.10644 0.48820 1.911 1.148 1244.392 0.02363
-0.05857 -0.03363 0.08242 0.10656 0.48932 1.007 0.996 1244.422 0.02365
-0.05863 -0.03367 0.08251 0.10667 0.49044 1.194 1.035 1244.452 0.02368
-0.05869 -0.03370 0.08260 0.10678 0.49156 0.647 0.941 1244.482 0.02370
-0.05875 -0.03374 0.08268 0.10689 0.49268 -0.273 0.724 1244.511 0.02372
-0.05881 -0.03377 0.08277 0.10701 0.49379 0.717 0.940 1244.541 0.02375
-0.05887 -0.03381 0.08286 0.10712 0.49491 0.261 0.840 1244.571 0.02377
-0.05894 -0.03384 0.08294 0.10723 0.49603 0.893 0.984 1244.601 0.02380
-0.05900 -0.03388 0.08303 0.10734 0.49715 1.271 1.032 1244.631 0.02382
-0.05906 -0.03391 0.08312 0.10746 0.49827 0.746 0.927 1244.661 0.02385
-0.05912 -0.03395 0.08321 0.10757 0.49939 1.068 0.978 1244.691 0.02387
-0.05918 -0.03399 0.08329 0.10768 0.50051 0.695 0.947 1244.721 0.02390
-0.05925 -0.03402 0.08338 0.10780 0.50163 1.504 1.070 1244.750 0.02392
-0.05931 -0.03406 0.08347 0.10791 0.50274 0.756 0.936 1244.780 0.02395
-0.05937 -0.03409 0.08355 0.10802 0.50386 0.524 0.899 1244.810 0.02397
-0.05943 -0.03413 0.08364 0.10813 0.50498 0.514 0.892 1244.840 0.02400
-0.05949 -0.03416 0.08373 0.10825 0.50610 0.260 0.843 1244.870 0.02402
-0.05956 -0.03420 0.08382 0.10836 0.50722 1.637 1.097 1244.900 0.02404
-0.05962 -0.03423 0.08390 0.10847 0.50834 0.721 0.934 1244.930 0.02407
-0.05968 -0.03427 0.08399 0.10858 0.50946 1.635 1.101 1244.960 0.02409
-0.05974 -0.03431 0.08408 0.10870 0.51058 1.393 1.066 1244.989 0.02412
-0.05980 -0.03434 0.08417 0.10881 0.51170 0.481 0.896 1245.019 0.02414
-0.05987 -0.03438 0.08425 0.10892 0.51282 1.634 1.097 1245.049 0.02417
-0.05993 -0.03441 0.08434 0.10904 0.51393 0.710 0.941 1245.079 0.02419
-0.05999 -0.03445 0.08443 0.10915 0.51505 1.396 1.061 1245.109 0.02422
-0.06005 -0.03448 0.08451 0.10926 0.51617 0.480 0.887 1245.139 0.02424
-0.06011 -0.03452 0.08460 0.10937 0.51729 1.392 1.062 1245.169 0.02427
-0.06018 -0.03456 0.08469 0.10949 0.51841 1.382 1.059 1245.199 0.02429
-0.06024 -0.03459 0.08478 0.10960 0.51953 0.237 0.830 1245.229 0.02431
-0.06030 -0.03463 0.08486 0.10971 0.52065 0.702 0.938 1245.258 0.02434
-0.06036 -0.03466 0.08495 0.10983 0.52177 2.081 1.157 1245.288 0.02436
-0.06042 -0.03470 0.08504 0.10994 0.52289 0.483 0.885 1245.318 0.02439
-0.06049 -0.03473 0.08512 0.11005 0.52401 2.088 1.162 1245.348 0.02441
-0.06055 -0.03477 0.08521 0.11016 0.52513 1.398 1.043 1245.378 0.02444
-0.06061 -0.03480 0.08530 0.11028 0.52625 0.935 0.970 1245.408 0.02446
-0.06067 -0.03484 0.08539 0.11039 0.52737 0.021 0.775 1245.438 0.02449
-0.06073 -0.03488 0.08547 0.11050 0.52849 1.394 1.057 1245.468 0.02451
-0.06080 -0.03491 0.08556 0.11061 0.52961 1.378 1.052 1245.497 0.02454
-0.06086 -0.03495 0.08565 0.11073 0.53073 1.144 1.016 1245.527 0.02456
-0.06092 -0.03498 0.08574 0.11084 0.53185 0.685 0.933 1245.557 0.02458
-0.06098 -0.03502 0.08582 0.11095 0.53297 0.453 0.881 1245.587 0.02461
-0.06104 -0.03505 0.08591 0.11107 0.53409 1.357 1.054 1245.617 0.02463
-0.06111 -0.03509 0.08600 0.11118 0.53521 1.575 1.083 1245.647 0.02466
-0.06117 -0.03512 0.08608 0.11129 0.53633 1.117 1.003 1245.677 0.02468
-0.06123 -0.03516 0.08617 0.11140 0.53745 0.885 0.974 1245.707 0.02471
-0.06129 -0.03520 0.08626 0.11152 0.53857 1.337 1.048 1245.736 0.02473
-0.06135 -0.03523 0.08635 0.11163 0.53969 0.879 0.960 1245.766 0.02476
-0.06142 -0.03527 0.08643 0.11174 0.54081 1.103 1.014 1245.796 0.02478
-0.06148 -0.03530 0.08652 0.11186 0.54193 1.326 1.046 1245.826 0.02481
-0.06154 -0.03534 0.08661 0.11197 0.54305 0.870 0.963 1245.856 0.02483
-0.06160 -0.03537 0.08670 0.11208 0.54417 0.198 0.821 1245.886 0.02486
-0.06166 -0.03541 0.08678 0.11219 0.54529 2.010 1.150 1245.916 0.02488
-0.06173 -0.03545 0.08687 0.11231 0.54641 1.775 1.113 1245.946 0.02490
-0.06179 -0.03548 0.08696 0.11242 0.54753 0.439 0.881 1245.975 0.02493
-0.06185 -0.03552 0.08705 0.11253 0.54865 1.347 1.045 1246.005 0.02495
-0.06191 -0.03555 0.08713 0.11265 0.54977 0.432 0.864 1246.035 0.02498
-0.06197 -0.03559 0.08722 0.11276 0.55089 0.887 0.959 1246.065 0.02500
-0.06204 -0.03562 0.08731 0.11287 0.55201 0.436 0.873 1246.095 0.02503
-0.06210 -0.03566 0.08739 0.11299 0.55313 0.887 0.954 1246.125 0.02505
-0.06216 -0.03569 0.08748 0.11310 0.55425 1.567 1.080 1246.155 0.02508
-0.06222 -0.03573 0.08757 0.11321 0.55537 0.680 0.917 1246.185 0.02510
-0.06228 -0.03577 0.08766 0.11332 0.55649 1.356 1.040 1246.215 0.02513
-0.06235 -0.03580 0.08774 0.11344 0.55762 0.906 0.965 1246.244 0.02515
-0.06241 -0.03584 0.08783 0.11355 0.55874 0.906 0.962 1246.274 0.02517
-0.06247 -0.03587 0.08792 0.11366 0.55986 0.463 0.870 1246.304 0.02520
-0.06253 -0.03591 0.08801 0.11378 0.56098 0.916 0.955 1246.334 0.02522
-0.06260 -0.03594 0.08809 0.11389 0.56210 1.139 1.002 1246.364 0.02525
-0.06266 -0.03598 0.08818 0.11400 0.56322 1.139 0.997 1246.394 0.02527
-0.06272 -0.03602 0.08827 0.11411 0.56434 0.467 0.875 1246.424 0.02530
-0.06278 -0.03605 0.08836 0.11423 0.56546 1.816 1.104 1246.454 0.02532
-0.06284 -0.03609 0.08844 0.11434 0.56658 0.695 0.899 1246.483 0.02535
-0.06291 -0.03612 0.08853 0.11445 0.56770 0.473 0.868 1246.513 0.02537
-0.06297 -0.03616 0.08862 0.11457 0.56883 1.810 1.103 1246.543 0.02540
-0.06303 -0.03619 0.08870 0.11468 0.56995 2.482 1.200 1246.573 0.02542
-0.06309 -0.03623 0.08879 0.11479 0.57107 0.695 0.917 1246.603 0.02545
-0.06315 -0.03626 0.08888 0.11490 0.57219 0.704 0.917 1246.633 0.02547
-0.06322 -0.03630 0.08897 0.11502 0.57331 0.709 0.908 1246.663 0.02549
-0.06328 -0.03634 0.08905 0.11513 0.57443 0.271 0.818 1246.693 0.02552
-0.06334 -0.03637 0.08914 0.11524 0.57555 0.715 0.907 1246.722 0.02554
-0.06340 -0.03641 0.08923 0.11536 0.57667 1.162 0.996 1246.752 0.02557
-0.06346 -0.03644 0.08932 0.11547 0.57780 1.164 0.991 1246.782 0.02559
-0.06353 -0.03648 0.08940 0.11558 0.57892 0.718 0.909 1246.812 0.02562
-0.06359 -0.03651 0.08949 0.11570 0.58004 1.839 1.098 1246.842 0.02564
-0.06365 -0.03655 0.08958 0.11581 0.58116 1.170 0.994 1246.872 0.02567
-0.06371 -0.03659 0.08967 0.11592 0.58228 1.610 1.067 1246.902 0.02569
-0.06377 -0.03662 0.08975 0.11603 0.58340 1.608 1.068 1246.932 0.02572
-0.06384 -0.03666 0.08984 0.11615 0.58453 1.384 1.032 1246.961 0.02574
-0.06390 -0.03669 0.08993 0.11626 0.58565 0.936 0.952 1246.991 0.02576
-0.06396 -0.03673 0.09002 0.11637 0.58677 0.493 0.867 1247.021 0.02579
-0.06402 -0.03676 0.09010 0.11649 0.58789 1.605 1.052 1247.051 0.02581
-0.06409 -0.03680 0.09019 0.11660 0.58901 0.488 0.860 1247.081 0.02584
-0.06415 -0.03684 0.09028 0.11671 0.59013 1.174 0.987 1247.111 0.02586
-0.06421 -0.03687 0.09037 0.11683 0.59126 0.739 0.901 1247.141 0.02589
-0.06427 -0.03691 0.09045 0.11694 0.59238 1.415 1.025 1247.171 0.02591
-0.06433 -0.03694 0.09054 0.11705 0.59350 0.313 0.812 1247.201 0.02594
-0.06440 -0.03698 0.09063 0.11717 0.59462 0.483 0.849 1247.230 0.02596
-0.06446 -0.03701 0.09072 0.11728 0.59575 1.326 1.007 1247.260 0.02599
-0.06452 -0.03705 0.09080 0.11739 0.59687 1.135 0.989 1247.290 0.02601
-0.06458 -0.03709 0.09089 0.11750 0.59799 1.295 0.988 1247.320 0.02604
-0.06464 -0.03712 0.09098 0.11762 0.59911 0.468 0.848 1247.350 0.02606
-0.06471 -0.03716 0.09107 0.11773 0.60023 1.304 0.990 1247.380 0.02608
-0.06477 -0.03719 0.09115 0.11784 0.60136 1.201 0.987 1247.410 0.02611
-0.06483 -0.03723 0.09124 0.11796 0.60248 1.107 0.940 1247.440 0.02613
-0.06489 -0.03726 0.09133 0.11807 0.60360 2.418 1.146 1247.469 0.02616
-0.06496 -0.03730 0.09142 0.11818 0.60472 0.753 0.906 1247.499 0.02618
-0.06502 -0.03734 0.09150 0.11830 0.60585 0.247 0.808 1247.529 0.02621
-0.06508 -0.03737 0.09159 0.11841 0.60697 0.688 0.905 1247.559 0.02623
-0.06514 -0.03741 0.09168 0.11852 0.60809 1.130 0.985 1247.589 0.02626
-0.06520 -0.03744 0.09176 0.11864 0.60921 1.349 1.023 1247.619 0.02628
-0.06527 -0.03748 0.09185 0.11875 0.61034 0.675 0.895 1247.649 0.02631
-0.06533 -0.03751 0.09194 0.11886 0.61146 1.337 1.020 1247.679 0.02633
-0.06539 -0.03755 0.09203 0.11897 0.61258 -0.206 0.688 1247.708 0.02635
-0.06545 -0.03759 0.09211 0.11909 0.61370 0.662 0.894 1247.738 0.02638
-0.06552 -0.03762 0.09220 0.11920 0.61483 2.645 1.208 1247.768 0.02640
-0.06558 -0.03766 0.09229 0.11931 0.61595 2.210 1.147 1247.798 0.02643
-0.06564 -0.03769 0.09238 0.11943 0.61707 1.321 1.016 1247.828 0.02645
-0.06570 -0.03773 0.09246 0.11954 0.61820 1.757 1.083 1247.858 0.02648
-0.06576 -0.03776 0.09255 0.11965 0.61932 1.101 0.981 1247.888 0.02650
-0.06583 -0.03780 0.09264 0.11977 0.62044 0.434 0.842 1247.918 0.02653
-0.06589 -0.03784 0.09273 0.11988 0.62156 0.215 0.804 1247.947 0.02655
-0.06595 -0.03787 0.09281 0.11999 0.62269 0.869 0.934 1247.977 0.02658
-0.06601 -0.03791 0.09290 0.12011 0.62381 1.740 1.081 1248.007 0.02660
-0.06607 -0.03794 0.09299 0.12022 0.62493 1.521 1.049 1248.037 0.02662
-0.06614 -0.03798 0.09308 0.12033 0.62606 1.089 0.975 1248.067 0.02665
-0.06620 -0.03801 0.09317 0.12045 0.62718 1.320 1.013 1248.097 0.02667
-0.06626 -0.03805 0.09325 0.12056 0.62830 0.442 0.849 1248.127 0.02670
-0.06632 -0.03809 0.09334 0.12067 0.62943 0.881 0.941 1248.157 0.02672
-0.06639 -0.03812 0.09343 0.12078 0.63055 1.531 1.051 1248.187 0.02675
-0.06645 -0.03816 0.09352 0.12090 0.63167 0.435 0.848 1248.216 0.02677
-0.06651 -0.03819 0.09360 0.12101 0.63280 1.521 1.050 1248.246 0.02680
-0.06657 -0.03823 0.09369 0.12112 0.63392 1.747 1.082 1248.276 0.02682
-0.06663 -0.03826 0.09378 0.12124 0.63504 0.434 0.847 1248.306 0.02685
-0.06670 -0.03830 0.09387 0.12135 0.63617 1.305 1.005 1248.336 0.02687
-0.06676 -0.03834 0.09395 0.12146 0.63729 0.429 0.837 1248.366 0.02690
-0.06682 -0.03837 0.09404 0.12158 0.63841 1.308 1.014 1248.396 0.02692
-0.06688 -0.03841 0.09413 0.12169 0.63954 1.086 0.975 1248.426 0.02694
-0.06695 -0.03844 0.09422 0.12180 0.64066 1.739 1.077 1248.455 0.02697
-0.06701 -0.03848 0.09430 0.12192 0.64179 0.649 0.895 1248.485 0.02699
-0.06707 -0.03851 0.09439 0.12203 0.64291 1.967 1.109 1248.515 0.02702
-0.06713 -0.03855 0.09448 0.12214 0.64403 2.408 1.170 1248.545 0.02704
-0.06719 -0.03859 0.09457 0.12226 0.64516 0.873 0.933 1248.575 0.02707
-0.06726 -0.03862 0.09465 0.12237 0.64628 0.650 0.875 1248.605 0.02709
-0.06732 -0.03866 0.09474 0.12248 0.64741 0.868 0.936 1248.635 0.02712
-0.06738 -0.03869 0.09483 0.12260 0.64853 2.395 1.168 1248.665 0.02714
-0.06744 -0.03873 0.09492 0.12271 0.64965 1.304 0.999 1248.694 0.02717
-0.06751 -0.03876 0.09500 0.12282 0.65078 1.094 0.962 1248.724 0.02719
-0.06757 -0.03880 0.09509 0.12294 0.65190 1.749 1.076 1248.754 0.02721
-0.06763 -0.03884 0.09518 0.12305 0.65303 1.751 1.071 1248.784 0.02724
-0.06769 -0.03887 0.09527 0.12316 0.65415 0.885 0.926 1248.814 0.02726
-0.06775 -0.03891 0.09535 0.12328 0.65527 3.075 1.248 1248.844 0.02729
-0.06782 -0.03894 0.09544 0.12339 0.65640 1.108 0.961 1248.874 0.02731
-0.06788 -0.03898 0.09553 0.12350 0.65752 0.464 0.842 1248.904 0.02734
-0.06794 -0.03901 0.09562 0.12362 0.65865 0.892 0.920 1248.933 0.02736
-0.06800 -0.03905 0.09570 0.12373 0.65977 1.327 1.005 1248.963 0.02739
-0.06807 -0.03909 0.09579 0.12384 0.66090 0.675 0.885 1248.993 0.02741
-0.06813 -0.03912 0.09588 0.12396 0.66202 1.322 0.993 1249.023 0.02744
-0.06819 -0.03916 0.09597 0.12407 0.66314 0.891 0.919 1249.053 0.02746
-0.06825 -0.03919 0.09606 0.12418 0.66427 0.674 0.881 1249.083 0.02749
-0.06832 -0.03923 0.09614 0.12430 0.66539 1.547 1.037 1249.113 0.02751
-0.06838 -0.03926 0.09623 0.12441 0.66652 0.243 0.794 1249.143 0.02753
-0.06844 -0.03930 0.09632 0.12452 0.66764 0.679 0.881 1249.173 0.02756
-0.06850 -0.03934 0.09641 0.12464 0.66877 2.199 1.130 1249.202 0.02758
-0.06856 -0.03937 0.09649 0.12475 0.66989 1.109 0.958 1249.232 0.02761
-0.06863 -0.03941 0.09658 0.12486 0.67102 0.673 0.883 1249.262 0.02763
-0.06869 -0.03944 0.09667 0.12498 0.67214 1.762 1.073 1249.292 0.02766
-0.06875 -0.03948 0.09676 0.12509 0.67327 0.907 0.930 1249.322 0.02768
-0.06881 -0.03951 0.09684 0.12520 0.67439 0.905 0.930 1249.352 0.02771
-0.06888 -0.03955 0.09693 0.12532 0.67552 0.471 0.839 1249.382 0.02773
-0.06894 -0.03959 0.09702 0.12543 0.67664 1.556 1.032 1249.412 0.02776
-0.06900 -0.03962 0.09711 0.12554 0.67777 1.131 0.968 1249.441 0.02778
-0.06906 -0.03966 0.09719 0.12566 0.67889 1.152 0.958 1249.471 0.02780
-0.06912 -0.03969 0.09728 0.12577 0.68002 0.734 0.878 1249.501 0.02783
-0.06919 -0.03973 0.09737 0.12588 0.68114 0.483 0.844 1249.531 0.02785
-0.06925 -0.03977 0.09746 0.12600 0.68227 0.046 0.736 1249.561 0.02788
-0.06931 -0.03980 0.09755 0.12611 0.68339 0.480 0.843 1249.591 0.02790
-0.06937 -0.03984 0.09763 0.12622 0.68452 0.922 0.925 1249.621 0.02793
-0.06944 -0.03987 0.09772 0.12634 0.68564 1.411 0.998 1249.651 0.02795
-0.06950 -0.03991 0.09781 0.12645 0.68677 2.872 1.185 1249.680 0.02798
-0.06956 -0.03994 0.09790 0.12656 0.68789 1.695 1.030 1249.710 0.02800
-0.06962 -0.03998 0.09798 0.12668 0.68902 2.053 1.092 1249.740 0.02803
-0.06969 -0.04002 0.09807 0.12679 0.69014 0.773 0.886 1249.770 0.02805
-0.06975 -0.04005 0.09816 0.12690 0.69127 0.345 0.790 1249.800 0.02808
-0.06981 -0.04009 0.09825 0.12702 0.69240 1.467 0.992 1249.830 0.02810
-0.06987 -0.04012 0.09834 0.12713 0.69352 2.062 1.097 1249.860 0.02812
-0.06993 -0.04016 0.09842 0.12724 0.69465 0.706 0.885 1249.890 0.02815
-0.07000 -0.04019 0.09851 0.12736 0.69577 1.175 0.963 1249.919 0.02817
-0.07006 -0.04023 0.09860 0.12747 0.69690 2.237 1.128 1249.949 0.02820
-0.07012 -0.04027 0.09869 0.12758 0.69802 2.673 1.183 1249.979 0.02822
-0.07018 -0.04030 0.09877 0.12770 0.69915 1.372 0.997 1250.009 0.02825
-0.07025 -0.04034 0.09886 0.12781 0.70027 1.149 0.954 1250.039 0.02827
-0.07031 -0.04037 0.09895 0.12792 0.70140 1.145 0.962 1250.069 0.02830
-0.07037 -0.04041 0.09904 0.12804 0.70253 1.145 0.962 1250.099 0.02832
-0.07043 -0.04045 0.09912 0.12815 0.70365 1.357 0.995 1250.129 0.02835
-0.07050 -0.04048 0.09921 0.12826 0.70478 -0.156 0.673 1250.158 0.02837
-0.07056 -0.04052 0.09930 0.12838 0.70590 1.138 0.957 1250.188 0.02839
-0.07062 -0.04055 0.09939 0.12849 0.70703 1.361 0.995 1250.218 0.02842
-0.07068 -0.04059 0.09948 0.12860 0.70816 0.071 0.733 1250.248 0.02844
-0.07075 -0.04062 0.09956 0.12872 0.70928 0.931 0.916 1250.278 0.02847
-0.07081 -0.04066 0.09965 0.12883 0.71041 0.496 0.840 1250.308 0.02849
-0.07087 -0.04070 0.09974 0.12894 0.71153 0.722 0.883 1250.338 0.02852
-0.07093 -0.04073 0.09983 0.12906 0.71266 1.150 0.960 1250.368 0.02854
-0.07099 -0.04077 0.09991 0.12917 0.71379 1.366 0.994 1250.398 0.02857
-0.07106 -0.04080 0.10000 0.12928 0.71491 0.287 0.781 1250.427 0.02859
-0.07112 -0.04084 0.10009 0.12940 0.71604 1.151 0.960 1250.457 0.02862
-0.07118 -0.04087 0.10018 0.12951 0.71717 0.716 0.882 1250.487 0.02864
-0.07124 -0.04091 0.10027 0.12962 0.71829 0.491 0.833 1250.517 0.02866
-0.07131 -0.04095 0.10035 0.12974 0.71942 0.930 0.910 1250.547 0.02869
-0.07137 -0.04098 0.10044 0.12985 0.72055 0.506 0.833 1250.577 0.02871
-0.07143 -0.04102 0.10053 0.12997 0.72167 0.287 0.787 1250.607 0.02874
-0.07149 -0.04105 0.10062 0.13008 0.72280 0.706 0.882 1250.637 0.02876
-0.07156 -0.04109 0.10070 0.13019 0.72393 1.352 0.997 1250.666 0.02879
-0.07162 -0.04113 0.10079 0.13031 0.72505 0.698 0.873 1250.696 0.02881
-0.07168 -0.04116 0.10088 0.13042 0.72618 0.704 0.881 1250.726 0.02884
-0.07174 -0.04120 0.10097 0.13053 0.72731 1.348 0.993 1250.756 0.02886
-0.07181 -0.04123 0.10106 0.13065 0.72843 0.690 0.881 1250.786 0.02889
-0.07187 -0.04127 0.10114 0.13076 0.72956 1.335 0.997 1250.816 0.02891
-0.07193 -0.04130 0.10123 0.13087 0.73069 1.124 0.959 1250.846 0.02894
-0.07199 -0.04134 0.10132 0.13099 0.73181 0.915 0.909 1250.876 0.02896
-0.07206 -0.04138 0.10141 0.13110 0.73294 0.696 0.872 1250.905 0.02898
-0.07212 -0.04141 0.10149 0.13121 0.73407 0.908 0.914 1250.935 0.02901
-0.07218 -0.04145 0.10158 0.13133 0.73519 1.548 1.013 1250.965 0.02903
-0.07224 -0.04148 0.10167 0.13144 0.73632 0.692 0.881 1250.995 0.02906
-0.07231 -0.04152 0.10176 0.13155 0.73745 1.994 1.091 1251.025 0.02908
-0.07237 -0.04156 0.10185 0.13167 0.73858 1.342 0.992 1251.055 0.02911
-0.07243 -0.04159 0.10193 0.13178 0.73970 1.989 1.093 1251.085 0.02913
-0.07249 -0.04163 0.10202 0.13190 0.74083 1.773 1.061 1251.115 0.02916
-0.07255 -0.04166 0.10211 0.13201 0.74196 1.126 0.958 1251.144 0.02918
-0.07262 -0.04170 0.10220 0.13212 0.74308 1.343 0.996 1251.174 0.02921
-0.07268 -0.04173 0.10229 0.13224 0.74421 1.773 1.058 1251.204 0.02923
-0.07274 -0.04177 0.10237 0.13235 0.74534 0.465 0.831 1251.234 0.02925
-0.07280 -0.04181 0.10246 0.13246 0.74647 0.674 0.875 1251.264 0.02928
-0.07287 -0.04184 0.10255 0.13258 0.74759 0.672 0.880 1251.294 0.02930
-0.07293 -0.04188 0.10264 0.13269 0.74872 0.457 0.831 1251.324 0.02933
-0.07299 -0.04191 0.10272 0.13280 0.74985 0.884 0.919 1251.354 0.02935
-0.07305 -0.04195 0.10281 0.13292 0.75098 0.878 0.913 1251.384 0.02938
-0.07312 -0.04199 0.10290 0.13303 0.75210 1.308 0.996 1251.413 0.02940
-0.07318 -0.04202 0.10299 0.13315 0.75323 0.439 0.837 1251.443 0.02943
-0.07324 -0.04206 0.10308 0.13326 0.75436 1.740 1.046 1251.473 0.02945
-0.07330 -0.04209 0.10316 0.13337 0.75549 1.302 0.996 1251.503 0.02948
-0.07337 -0.04213 0.10325 0.13349 0.75661 1.732 1.061 1251.533 0.02950
-0.07343 -0.04217 0.10334 0.13360 0.75774 0.656 0.872 1251.563 0.02953
-0.07349 -0.04220 0.10343 0.13371 0.75887 0.646 0.875 1251.593 0.02955
-0.07355 -0.04224 0.10352 0.13383 0.76000 1.948 1.085 1251.623 0.02957
-0.07362 -0.04227 0.10360 0.13394 0.76113 1.074 0.954 1251.652 0.02960
-0.07368 -0.04231 0.10369 0.13405 0.76225 0.657 0.872 1251.682 0.02962
-0.07374 -0.04234 0.10378 0.13417 0.76338 0.656 0.872 1251.712 0.02965
-0.07380 -0.04238 0.10387 0.13428 0.76451 1.316 0.996 1251.742 0.02967
-0.07387 -0.04242 0.10396 0.13439 0.76564 1.745 1.058 1251.772 0.02970
-0.07393 -0.04245 0.10404 0.13451 0.76677 0.669 0.872 1251.802 0.02972
-0.07399 -0.04249 0.10413 0.13462 0.76789 1.313 0.992 1251.832 0.02975
-0.07405 -0.04252 0.10422 0.13474 0.76902 1.313 0.987 1251.862 0.02977
-0.07412 -0.04256 0.10431 0.13485 0.77015 0.440 0.832 1251.891 0.02980
-0.07418 -0.04260 0.10439 0.13496 0.77128 1.313 0.996 1251.921 0.02982
-0.07424 -0.04263 0.10448 0.13508 0.77241 0.876 0.909 1251.951 0.02984
-0.07430 -0.04267 0.10457 0.13519 0.77354 0.663 0.881 1251.981 0.02987
-0.07437 -0.04270 0.10466 0.13530 0.77466 1.321 0.994 1252.011 0.02989
-0.07443 -0.04274 0.10475 0.13542 0.77579 1.322 0.992 1252.041 0.02992
-0.07449 -0.04277 0.10483 0.13553 0.77692 1.521 1.030 1252.071 0.02994
-0.07455 -0.04281 0.10492 0.13565 0.77805 1.309 0.994 1252.101 0.02997
-0.07462 -0.04285 0.10501 0.13576 0.77918 1.530 1.027 1252.130 0.02999
-0.07468 -0.04288 0.10510 0.13587 0.78031 1.309 0.997 1252.160 0.03002
-0.07474 -0.04292 0.10519 0.13599 0.78144 1.289 0.993 1252.190 0.03004
-0.07480 -0.04295 0.10527 0.13610 0.78256 1.296 0.994 1252.220 0.03007
-0.07487 -0.04299 0.10536 0.13621 0.78369 0.875 0.923 1252.250 0.03009
-0.07493 -0.04303 0.10545 0.13633 0.78482 2.037 1.083 1252.280 0.03011
-0.07499 -0.04306 0.10554 0.13644 0.78595 1.663 1.027 1252.310 0.03014
-0.07505 -0.04310 0.10563 0.13656 0.78708 1.758 1.049 1252.340 0.03016
-0.07512 -0.04313 0.10571 0.13667 0.78821 0.516 0.833 1252.370 0.03019
-0.07518 -0.04317 0.10580 0.13678 0.78934 0.468 0.833 1252.399 0.03021
-0.07524 -0.04321 0.10589 0.13690 0.79047 1.180 0.956 1252.429 0.03024
-0.07530 -0.04324 0.10598 0.13701 0.79160 0.477 0.833 1252.459 0.03026
-0.07537 -0.04328 0.10607 0.13712 0.79272 1.340 0.994 1252.489 0.03029
-0.07543 -0.04331 0.10615 0.13724 0.79385 0.971 0.924 1252.519 0.03031
-0.07549 -0.04335 0.10624 0.13735 0.79498 1.104 0.924 1252.549 0.03034
-0.07555 -0.04339 0.10633 0.13747 0.79611 1.337 0.996 1252.579 0.03036
-0.07562 -0.04342 0.10642 0.13758 0.79724 2.060 1.090 1252.609 0.03039
-0.07568 -0.04346 0.10651 0.13769 0.79837 1.303 0.964 1252.638 0.03041
-0.07574 -0.04349 0.10659 0.13781 0.79950 1.611 1.021 1252.668 0.03043
-0.07580 -0.04353 0.10668 0.13792 0.80063 1.150 0.961 1252.698 0.03046
-0.07587 -0.04356 0.10677 0.13803 0.80176 1.548 1.030 1252.728 0.03048
-0.07593 -0.04360 0.10686 0.13815 0.80289 0.925 0.922 1252.758 0.03051
-0.07599 -0.04364 0.10695 0.13826 0.80402 0.765 0.875 1252.788 0.03053
-0.07605 -0.04367 0.10703 0.13838 0.80515 0.504 0.835 1252.818 0.03056
-0.07612 -0.04371 0.10712 0.13849 0.80628 1.014 0.917 1252.848 0.03058
-0.07618 -0.04374 0.10721 0.13860 0.80741 1.372 1.000 1252.877 0.03061
-0.07624 -0.04378 0.10730 0.13872 0.80853 1.847 1.064 1252.907 0.03063
-0.07630 -0.04382 0.10739 0.13883 0.80966 1.476 0.998 1252.937 0.03066
-0.07637 -0.04385 0.10747 0.13894 0.81079 0.665 0.866 1252.967 0.03068
-0.07643 -0.04389 0.10756 0.13906 0.81192 0.284 0.790 1252.997 0.03070
-0.07649 -0.04392 0.10765 0.13917 0.81305 1.527 1.029 1253.027 0.03073
-0.07655 -0.04396 0.10774 0.13929 0.81418 1.176 0.956 1253.057 0.03075
-0.07662 -0.04400 0.10783 0.13940 0.81531 0.308 0.791 1253.087 0.03078
-0.07668 -0.04403 0.10791 0.13951 0.81644 1.102 0.915 1253.116 0.03080
-0.07674 -0.04407 0.10800 0.13963 0.81757 0.750 0.881 1253.146 0.03083
-0.07680 -0.04410 0.10809 0.13974 0.81870 0.699 0.887 1253.176 0.03085
-0.07687 -0.04414 0.10818 0.13986 0.81983 0.967 0.928 1253.206 0.03088
-0.07693 -0.04418 0.10827 0.13997 0.82096 1.598 1.025 1253.236 0.03090
-0.07699 -0.04421 0.10835 0.14008 0.82209 0.700 0.879 1253.266 0.03093
-0.07705 -0.04425 0.10844 0.14020 0.82322 0.476 0.838 1253.296 0.03095
-0.07712 -0.04428 0.10853 0.14031 0.82435 -0.185 0.676 1253.326 0.03098
-0.07718 -0.04432 0.10862 0.14042 0.82548 1.127 0.966 1253.356 0.03100
-0.07724 -0.04436 0.10871 0.14054 0.82661 0.678 0.888 1253.385 0.03102
-0.07731 -0.04439 0.10880 0.14065 0.82774 1.331 1.005 1253.415 0.03105
-0.07737 -0.04443 0.10888 0.14077 0.82887 2.197 1.134 1253.445 0.03107
-0.07743 -0.04446 0.10897 0.14088 0.83000 1.328 1.003 1253.475 0.03110
-0.07749 -0.04450 0.10906 0.14099 0.83113 0.471 0.840 1253.505 0.03112
-0.07756 -0.04453 0.10915 0.14111 0.83227 1.570 1.040 1253.535 0.03115
-0.07762 -0.04457 0.10924 0.14122 0.83340 1.791 1.073 1253.565 0.03117
-0.07768 -0.04461 0.10932 0.14134 0.83453 0.480 0.831 1253.595 0.03120
-0.07774 -0.04464 0.10941 0.14145 0.83566 0.708 0.891 1253.624 0.03122
-0.07781 -0.04468 0.10950 0.14156 0.83679 0.936 0.932 1253.654 0.03125
-0.07787 -0.04471 0.10959 0.14168 0.83792 0.492 0.848 1253.684 0.03127
-0.07793 -0.04475 0.10968 0.14179 0.83905 0.270 0.796 1253.714 0.03129
-0.07799 -0.04479 0.10976 0.14190 0.84018 0.485 0.848 1253.744 0.03132
-0.07806 -0.04482 0.10985 0.14202 0.84131 0.920 0.934 1253.774 0.03134
-0.07812 -0.04486 0.10994 0.14213 0.84244 0.702 0.886 1253.804 0.03137
-0.07818 -0.04489 0.11003 0.14225 0.84357 1.153 0.971 1253.834 0.03139
-0.07824 -0.04493 0.11012 0.14236 0.84470 1.152 0.974 1253.863 0.03142
-0.07831 -0.04497 0.11020 0.14247 0.84583 0.932 0.932 1253.893 0.03144
-0.07837 -0.04500 0.11029 0.14259 0.84696 1.376 1.008 1253.923 0.03147
-0.07843 -0.04504 0.11038 0.14270 0.84810 2.253 1.133 1253.953 0.03149
-0.07849 -0.04507 0.11047 0.14282 0.84923 1.590 1.046 1253.983 0.03152
-0.07856 -0.04511 0.11056 0.14293 0.85036 0.260 0.799 1254.013 0.03154
-0.07862 -0.04515 0.11065 0.14304 0.85149 1.138 0.974 1254.043 0.03157
-0.07868 -0.04518 0.11073 0.14316 0.85262 1.144 0.974 1254.073 0.03159
-0.07875 -0.04522 0.11082 0.14327 0.85375 2.471 1.160 1254.102 0.03161
-0.07881 -0.04525 0.11091 0.14339 0.85488 1.133 0.978 1254.132 0.03164
-0.07887 -0.04529 0.11100 0.14350 0.85601 0.245 0.800 1254.162 0.03166
-0.07893 -0.04533 0.11109 0.14361 0.85714 1.583 1.045 1254.192 0.03169
-0.07900 -0.04536 0.11117 0.14373 0.85828 1.135 0.968 1254.222 0.03171
-0.07906 -0.04540 0.11126 0.14384 0.85941 0.466 0.838 1254.252 0.03174
-0.07912 -0.04543 0.11135 0.14396 0.86054 0.255 0.802 1254.282 0.03176
-0.07918 -0.04547 0.11144 0.14407 0.86167 0.479 0.839 1254.312 0.03179
-0.07925 -0.04551 0.11153 0.14418 0.86280 1.137 0.981 1254.342 0.03181
-0.07931 -0.04554 0.11162 0.14430 0.86393 0.687 0.899 1254.371 0.03184
-0.07937 -0.04558 0.11170 0.14441 0.86506 1.342 1.008 1254.401 0.03186
-0.07943 -0.04561 0.11179 0.14453 0.86620 0.471 0.850 1254.431 0.03188
-0.07950 -0.04565 0.11188 0.14464 0.86733 0.922 0.943 1254.461 0.03191
-0.07956 -0.04569 0.11197 0.14475 0.86846 0.479 0.851 1254.491 0.03193
-0.07962 -0.04572 0.11206 0.14487 0.86959 1.589 1.053 1254.521 0.03196
-0.07969 -0.04576 0.11214 0.14498 0.87072 0.914 0.944 1254.551 0.03198
-0.07975 -0.04579 0.11223 0.14510 0.87185 1.591 1.052 1254.581 0.03201
-0.07981 -0.04583 0.11232 0.14521 0.87299 0.905 0.945 1254.610 0.03203
-0.07987 -0.04587 0.11241 0.14532 0.87412 1.350 1.022 1254.640 0.03206
-0.07994 -0.04590 0.11250 0.14544 0.87525 1.351 1.018 1254.670 0.03208
-0.08000 -0.04594 0.11259 0.14555 0.87638 2.022 1.123 1254.700 0.03211
-0.08006 -0.04597 0.11267 0.14567 0.87751 1.574 1.054 1254.730 0.03213
-0.08012 -0.04601 0.11276 0.14578 0.87865 1.360 1.021 1254.760 0.03215
-0.08019 -0.04605 0.11285 0.14589 0.87978 1.361 1.020 1254.790 0.03218
-0.08025 -0.04608 0.11294 0.14601 0.88091 0.230 0.802 1254.820 0.03220
-0.08031 -0.04612 0.11303 0.14612 0.88204 1.135 0.977 1254.849 0.03223
-0.08037 -0.04615 0.11311 0.14624 0.88317 0.692 0.901 1254.879 0.03225
-0.08044 -0.04619 0.11320 0.14635 0.88431 0.696 0.908 1254.909 0.03228
-0.08050 -0.04623 0.11329 0.14646 0.88544 2.493 1.180 1254.939 0.03230
-0.08056 -0.04626 0.11338 0.14658 0.88657 2.269 1.155 1254.969 0.03233
-0.08063 -0.04630 0.11347 0.14669 0.88770 1.154 0.980 1254.999 0.03235
-0.08069 -0.04633 0.11356 0.14681 0.88884 1.163 0.975 1255.029 0.03238
-0.08075 -0.04637 0.11364 0.14692 0.88997 0.721 0.902 1255.059 0.03240
-0.08081 -0.04641 0.11373 0.14704 0.89110 0.254 0.813 1255.088 0.03243
-0.08088 -0.04644 0.11382 0.14715 0.89223 1.161 0.992 1255.118 0.03245
-0.08094 -0.04648 0.11391 0.14726 0.89337 1.161 0.993 1255.148 0.03247
-0.08100 -0.04651 0.11400 0.14738 0.89450 1.159 0.993 1255.178 0.03250
-0.08106 -0.04655 0.11409 0.14749 0.89563 0.034 0.758 1255.208 0.03252
-0.08113 -0.04659 0.11417 0.14761 0.89676 0.934 0.954 1255.238 0.03255
-0.08119 -0.04662 0.11426 0.14772 0.89790 0.253 0.816 1255.268 0.03257
-0.08125 -0.04666 0.11435 0.14783 0.89903 0.924 0.945 1255.298 0.03260
-0.08132 -0.04669 0.11444 0.14795 0.90016 1.853 1.099 1255.328 0.03262
-0.08138 -0.04673 0.11453 0.14806 0.90129 1.629 1.068 1255.357 0.03265
-0.08144 -0.04677 0.11462 0.14818 0.90243 1.179 0.998 1255.387 0.03267
-0.08150 -0.04680 0.11470 0.14829 0.90356 0.725 0.918 1255.417 0.03270
-0.08157 -0.04684 0.11479 0.14840 0.90469 0.498 0.867 1255.447 0.03272
-0.08163 -0.04687 0.11488 0.14852 0.90583 0.499 0.868 1255.477 0.03274
-0.08169 -0.04691 0.11497 0.14863 0.90696 1.002 0.959 1255.507 0.03277
-0.08175 -0.04695 0.11506 0.14875 0.90809 1.673 1.075 1255.537 0.03279
-0.08182 -0.04698 0.11515 0.14886 0.90923 0.986 0.964 1255.567 0.03282
-0.08188 -0.04702 0.11523 0.14898 0.91036 1.574 1.042 1255.596 0.03284
-0.08194 -0.04705 0.11532 0.14909 0.91149 1.247 0.999 1255.626 0.03287
-0.08201 -0.04709 0.11541 0.14920 0.91263 1.288 1.004 1255.656 0.03289
-0.08207 -0.04713 0.11550 0.14932 0.91376 0.797 0.924 1255.686 0.03292
-0.08213 -0.04716 0.11559 0.14943 0.91489 1.545 1.033 1255.716 0.03294
-0.08219 -0.04720 0.11567 0.14955 0.91603 0.750 0.919 1255.746 0.03297
-0.08226 -0.04723 0.11576 0.14966 0.91716 0.572 0.874 1255.776 0.03299
-0.08232 -0.04727 0.11585 0.14977 0.91829 0.542 0.875 1255.806 0.03302
-0.08238 -0.04731 0.11594 0.14989 0.91943 1.290 1.011 1255.835 0.03304
-0.08244 -0.04734 0.11603 0.15000 0.92056 0.531 0.883 1255.865 0.03306
-0.08251 -0.04738 0.11612 0.15012 0.92169 1.617 1.046 1255.895 0.03309
-0.08257 -0.04741 0.11620 0.15023 0.92283 0.837 0.920 1255.925 0.03311
-0.08263 -0.04745 0.11629 0.15035 0.92396 1.463 1.048 1255.955 0.03314
-0.08270 -0.04749 0.11638 0.15046 0.92509 0.999 0.971 1255.985 0.03316
-0.08276 -0.04752 0.11647 0.15057 0.92623 1.915 1.124 1256.015 0.03319
-0.08282 -0.04756 0.11656 0.15069 0.92736 0.532 0.880 1256.045 0.03321
-0.08288 -0.04759 0.11665 0.15080 0.92849 2.622 1.208 1256.074 0.03324
-0.08295 -0.04763 0.11673 0.15092 0.92963 0.739 0.925 1256.104 0.03326
-0.08301 -0.04767 0.11682 0.15103 0.93076 0.739 0.929 1256.134 0.03329
-0.08307 -0.04770 0.11691 0.15115 0.93190 0.751 0.936 1256.164 0.03331
-0.08314 -0.04774 0.11700 0.15126 0.93303 2.827 1.248 1256.194 0.03333
-0.08320 -0.04777 0.11709 0.15137 0.93416 1.457 1.050 1256.224 0.03336
-0.08326 -0.04781 0.11718 0.15149 0.93530 1.919 1.128 1256.254 0.03338
-0.08332 -0.04785 0.11727 0.15160 0.93643 1.230 1.022 1256.284 0.03341
-0.08339 -0.04788 0.11735 0.15172 0.93757 1.464 1.063 1256.314 0.03343
-0.08345 -0.04792 0.11744 0.15183 0.93870 1.463 1.064 1256.343 0.03346
-0.08351 -0.04796 0.11753 0.15195 0.93983 0.764 0.941 1256.373 0.03348
-0.08357 -0.04799 0.11762 0.15206 0.94097 0.532 0.890 1256.403 0.03351
-0.08364 -0.04803 0.11771 0.15217 0.94210 1.476 1.054 1256.433 0.03353
-0.08370 -0.04806 0.11780 0.15229 0.94324 1.480 1.055 1256.463 0.03356
-0.08376 -0.04810 0.11788 0.15240 0.94437 1.002 0.975 1256.493 0.03358
-0.08383 -0.04814 0.11797 0.15252 0.94551 1.483 1.067 1256.523 0.03361
-0.08389 -0.04817 0.11806 0.15263 0.94664 1.025 0.988 1256.553 0.03363
-0.08395 -0.04821 0.11815 0.15275 0.94777 2.889 1.262 1256.582 0.03365
-0.08401 -0.04824 0.11824 0.15286 0.94891 0.294 0.847 1256.612 0.03368
-0.08408 -0.04828 0.11833 0.15297 0.95004 1.004 0.991 1256.642 0.03370
-0.08414 -0.04832 0.11841 0.15309 0.95118 1.009 0.995 1256.672 0.03373
-0.08420 -0.04835 0.11850 0.15320 0.95231 1.694 1.109 1256.702 0.03375
-0.08427 -0.04839 0.11859 0.15332 0.95345 0.270 0.843 1256.732 0.03378
-0.08433 -0.04842 0.11868 0.15343 0.95458 0.755 0.944 1256.762 0.03380
-0.08439 -0.04846 0.11877 0.15355 0.95572 1.474 1.075 1256.792 0.03383
-0.08445 -0.04850 0.11886 0.15366 0.95685 0.523 0.902 1256.821 0.03385
-0.08452 -0.04853 0.11894 0.15377 0.95799 1.475 1.060 1256.851 0.03388
-0.08458 -0.04857 0.11903 0.15389 0.95912 1.000 0.999 1256.881 0.03390
-0.08464 -0.04860 0.11912 0.15400 0.96026 1.244 1.043 1256.911 0.03392
-0.08471 -0.04864 0.11921 0.15412 0.96139 0.760 0.950 1256.941 0.03395
-0.08477 -0.04868 0.11930 0.15423 0.96253 0.772 0.961 1256.971 0.03397
-0.08483 -0.04871 0.11939 0.15435 0.96366 1.019 1.003 1257.001 0.03400
-0.08489 -0.04875 0.11948 0.15446 0.96480 0.537 0.909 1257.031 0.03402
-0.08496 -0.04878 0.11956 0.15457 0.96593 1.738 1.126 1257.060 0.03405
-0.08502 -0.04882 0.11965 0.15469 0.96707 1.021 1.001 1257.090 0.03407
-0.08508 -0.04886 0.11974 0.15480 0.96820 0.302 0.862 1257.120 0.03410
-0.08515 -0.04889 0.11983 0.15492 0.96934 1.504 1.081 1257.150 0.03412
-0.08521 -0.04893 0.11992 0.15503 0.97047 1.991 1.163 1257.180 0.03415
-0.08527 -0.04897 0.12001 0.15515 0.97161 1.271 1.055 1257.210 0.03417
-0.08533 -0.04900 0.12009 0.15526 0.97274 1.993 1.170 1257.240 0.03419
-0.08540 -0.04904 0.12018 0.15537 0.97388 1.027 1.007 1257.270 0.03422
-0.08546 -0.04907 0.12027 0.15549 0.97501 1.031 1.009 1257.300 0.03424
-0.08552 -0.04911 0.12036 0.15560 0.97615 0.784 0.967 1257.329 0.03427
-0.08559 -0.04915 0.12045 0.15572 0.97728 1.518 1.100 1257.359 0.03429
-0.08565 -0.04918 0.12054 0.15583 0.97842 1.767 1.140 1257.389 0.03432
-0.08571 -0.04922 0.12063 0.15595 0.97955 0.533 0.923 1257.419 0.03434
-0.08577 -0.04925 0.12071 0.15606 0.98069 0.277 0.866 1257.449 0.03437
-0.08584 -0.04929 0.12080 0.15618 0.98183 -0.202 0.746 1257.479 0.03439
-0.08590 -0.04933 0.12089 0.15629 0.98296 -0.207 0.747 1257.509 0.03442
-0.08596 -0.04936 0.12098 0.15640 0.98410 1.508 1.095 1257.539 0.03444
-0.08603 -0.04940 0.12107 0.15652 0.98523 1.010 1.015 1257.568 0.03447
-0.08609 -0.04943 0.12116 0.15663 0.98637 0.525 0.937 1257.598 0.03449
-0.08615 -0.04947 0.12125 0.15675 0.98750 1.766 1.149 1257.628 0.03451
-0.08621 -0.04951 0.12133 0.15686 0.98864 1.028 1.033 1257.658 0.03454
-0.08628 -0.04954 0.12142 0.15698 0.98978 1.543 1.113 1257.688 0.03456
-0.08634 -0.04958 0.12151 0.15709 0.99091 0.814 0.990 1257.718 0.03459
-0.08640 -0.04962 0.12160 0.15721 0.99205 1.062 1.037 1257.748 0.03461
-0.08647 -0.04965 0.12169 0.15732 0.99318 0.567 0.927 1257.778 0.03464
-0.08653 -0.04969 0.12178 0.15743 0.99432 0.817 0.994 1257.807 0.03466
-0.08659 -0.04972 0.12186 0.15755 0.99546 1.810 1.137 1257.837 0.03469
-0.08665 -0.04976 0.12195 0.15766 0.99659 2.374 1.234 1257.867 0.03471
-0.08672 -0.04980 0.12204 0.15778 0.99773 1.100 1.044 1257.897 0.03474
-0.08678 -0.04983 0.12213 0.15789 0.99886 1.354 1.076 1257.927 0.03476
-0.08684 -0.04987 0.12222 0.15801 1.00000 1.594 1.118 1257.957 0.03478
