x y z dist_scaled dist_frac flux_norm sig_norm wavelength redshift
-0.04152 -0.01319 0.03716 0.05726 0.00000 0.803 0.232 1231.245 0.01281
-0.04160 -0.01321 0.03723 0.05737 0.00110 1.236 0.269 1231.275 0.01284
-0.04168 -0.01324 0.03730 0.05748 0.00220 1.103 0.258 1231.305 0.01286
-0.04176 -0.01326 0.03737 0.05759 0.00330 1.337 0.277 1231.335 0.01289
-0.04184 -0.01329 0.03745 0.05770 0.00440 0.902 0.241 1231.365 0.01291
-0.04192 -0.01332 0.03752 0.05781 0.00550 1.103 0.258 1231.395 0.01293
-0.04200 -0.01334 0.03759 0.05792 0.00661 1.304 0.274 1231.425 0.01296
-0.04208 -0.01337 0.03766 0.05803 0.00771 0.870 0.237 1231.454 0.01298
-0.04216 -0.01339 0.03773 0.05814 0.00881 1.068 0.255 1231.484 0.01301
-0.04224 -0.01342 0.03781 0.05826 0.00991 1.267 0.272 1231.514 0.01303
-0.04232 -0.01344 0.03788 0.05837 0.01101 1.167 0.264 1231.544 0.01306
-0.04240 -0.01347 0.03795 0.05848 0.01211 1.099 0.258 1231.574 0.01308
-0.04248 -0.01349 0.03802 0.05859 0.01321 0.999 0.249 1231.604 0.01311
-0.04256 -0.01352 0.03809 0.05870 0.01431 1.030 0.253 1231.634 0.01313
-0.04264 -0.01355 0.03817 0.05881 0.01541 0.964 0.247 1231.664 0.01316
-0.04272 -0.01357 0.03824 0.05892 0.01652 1.130 0.261 1231.693 0.01318
-0.04281 -0.01360 0.03831 0.05903 0.01762 0.764 0.228 1231.723 0.01321
-0.04289 -0.01362 0.03838 0.05914 0.01872 0.763 0.228 1231.753 0.01323
-0.04297 -0.01365 0.03845 0.05925 0.01982 0.929 0.244 1231.783 0.01325
-0.04305 -0.01367 0.03853 0.05936 0.02092 1.162 0.263 1231.813 0.01328
-0.04313 -0.01370 0.03860 0.05948 0.02202 0.864 0.238 1231.843 0.01330
-0.04321 -0.01372 0.03867 0.05959 0.02312 1.130 0.257 1231.873 0.01333
-0.04329 -0.01375 0.03874 0.05970 0.02423 1.462 0.286 1231.903 0.01335
-0.04337 -0.01378 0.03881 0.05981 0.02533 0.930 0.244 1231.932 0.01338
-0.04345 -0.01380 0.03889 0.05992 0.02643 0.894 0.241 1231.962 0.01340
-0.04353 -0.01383 0.03896 0.06003 0.02753 0.695 0.221 1231.992 0.01343
-0.04361 -0.01385 0.03903 0.06014 0.02863 1.059 0.255 1232.022 0.01345
-0.04369 -0.01388 0.03910 0.06025 0.02973 1.490 0.289 1232.052 0.01348
-0.04377 -0.01390 0.03917 0.06036 0.03084 0.882 0.238 1232.082 0.01350
-0.04385 -0.01393 0.03925 0.06047 0.03194 1.074 0.252 1232.112 0.01352
-0.04393 -0.01395 0.03932 0.06059 0.03304 1.048 0.252 1232.142 0.01355
-0.04401 -0.01398 0.03939 0.06070 0.03414 0.893 0.238 1232.171 0.01357
-0.04409 -0.01401 0.03946 0.06081 0.03524 0.608 0.211 1232.201 0.01360
-0.04417 -0.01403 0.03953 0.06092 0.03635 0.712 0.221 1232.231 0.01362
-0.04425 -0.01406 0.03961 0.06103 0.03745 0.639 0.214 1232.261 0.01365
-0.04433 -0.01408 0.03968 0.06114 0.03855 0.858 0.234 1232.291 0.01367
-0.04441 -0.01411 0.03975 0.06125 0.03965 0.777 0.228 1232.321 0.01370
-0.04450 -0.01413 0.03982 0.06136 0.04075 0.867 0.234 1232.351 0.01372
-0.04458 -0.01416 0.03989 0.06147 0.04186 0.775 0.228 1232.381 0.01375
-0.04466 -0.01418 0.03997 0.06159 0.04296 1.036 0.250 1232.411 0.01377
-0.04474 -0.01421 0.04004 0.06170 0.04406 0.973 0.244 1232.440 0.01380
-0.04482 -0.01424 0.04011 0.06181 0.04516 1.182 0.263 1232.470 0.01382
-0.04490 -0.01426 0.04018 0.06192 0.04627 0.704 0.220 1232.500 0.01384
-0.04498 -0.01429 0.04026 0.06203 0.04737 0.880 0.237 1232.530 0.01387
-0.04506 -0.01431 0.04033 0.06214 0.04847 0.663 0.216 1232.560 0.01389
-0.04514 -0.01434 0.04040 0.06225 0.04957 1.093 0.257 1232.590 0.01392
-0.04522 -0.01436 0.04047 0.06236 0.05068 0.726 0.225 1232.620 0.01394
-0.04530 -0.01439 0.04054 0.06247 0.05178 0.826 0.234 1232.650 0.01397
-0.04538 -0.01441 0.04062 0.06258 0.05288 0.926 0.244 1232.679 0.01399
-0.04546 -0.01444 0.04069 0.06270 0.05398 0.822 0.234 1232.709 0.01402
-0.04554 -0.01447 0.04076 0.06281 0.05509 0.576 0.207 1232.739 0.01404
-0.04562 -0.01449 0.04083 0.06292 0.05619 1.079 0.255 1232.769 0.01407
-0.04570 -0.01452 0.04090 0.06303 0.05729 0.840 0.235 1232.799 0.01409
-0.04578 -0.01454 0.04098 0.06314 0.05840 1.042 0.249 1232.829 0.01411
-0.04586 -0.01457 0.04105 0.06325 0.05950 0.684 0.217 1232.859 0.01414
-0.04595 -0.01459 0.04112 0.06336 0.06060 0.893 0.237 1232.889 0.01416
-0.04603 -0.01462 0.04119 0.06347 0.06170 1.431 0.279 1232.918 0.01419
-0.04611 -0.01464 0.04126 0.06358 0.06281 1.360 0.276 1232.948 0.01421
-0.04619 -0.01467 0.04134 0.06370 0.06391 1.112 0.254 1232.978 0.01424
-0.04627 -0.01470 0.04141 0.06381 0.06501 1.037 0.249 1233.008 0.01426
-0.04635 -0.01472 0.04148 0.06392 0.06612 1.522 0.289 1233.038 0.01429
-0.04643 -0.01475 0.04155 0.06403 0.06722 0.837 0.231 1233.068 0.01431
-0.04651 -0.01477 0.04163 0.06414 0.06832 0.719 0.221 1233.098 0.01434
-0.04659 -0.01480 0.04170 0.06425 0.06943 1.270 0.268 1233.128 0.01436
-0.04667 -0.01482 0.04177 0.06436 0.07053 0.957 0.243 1233.157 0.01439
-0.04675 -0.01485 0.04184 0.06447 0.07163 1.189 0.261 1233.187 0.01441
-0.04683 -0.01488 0.04191 0.06459 0.07274 0.796 0.228 1233.217 0.01443
-0.04691 -0.01490 0.04199 0.06470 0.07384 1.084 0.255 1233.247 0.01446
-0.04699 -0.01493 0.04206 0.06481 0.07494 1.061 0.255 1233.277 0.01448
-0.04707 -0.01495 0.04213 0.06492 0.07605 1.192 0.266 1233.307 0.01451
-0.04715 -0.01498 0.04220 0.06503 0.07715 0.827 0.234 1233.337 0.01453
-0.04723 -0.01500 0.04227 0.06514 0.07825 1.127 0.261 1233.367 0.01456
-0.04732 -0.01503 0.04235 0.06525 0.07936 0.993 0.249 1233.397 0.01458
-0.04740 -0.01505 0.04242 0.06536 0.08046 0.926 0.243 1233.426 0.01461
-0.04748 -0.01508 0.04249 0.06547 0.08156 0.760 0.228 1233.456 0.01463
-0.04756 -0.01511 0.04256 0.06559 0.08267 0.694 0.221 1233.486 0.01466
-0.04764 -0.01513 0.04264 0.06570 0.08377 0.827 0.234 1233.516 0.01468
-0.04772 -0.01516 0.04271 0.06581 0.08488 1.290 0.274 1233.546 0.01470
-0.04780 -0.01518 0.04278 0.06592 0.08598 1.225 0.268 1233.576 0.01473
-0.04788 -0.01521 0.04285 0.06603 0.08708 1.091 0.258 1233.606 0.01475
-0.04796 -0.01523 0.04292 0.06614 0.08819 1.124 0.260 1233.636 0.01478
-0.04804 -0.01526 0.04300 0.06625 0.08929 0.992 0.249 1233.665 0.01480
-0.04812 -0.01528 0.04307 0.06636 0.09040 1.259 0.271 1233.695 0.01483
-0.04820 -0.01531 0.04314 0.06648 0.09150 1.030 0.252 1233.725 0.01485
-0.04828 -0.01534 0.04321 0.06659 0.09260 1.260 0.271 1233.755 0.01488
-0.04836 -0.01536 0.04328 0.06670 0.09371 0.795 0.231 1233.785 0.01490
-0.04844 -0.01539 0.04336 0.06681 0.09481 1.027 0.252 1233.815 0.01493
-0.04853 -0.01541 0.04343 0.06692 0.09592 1.058 0.255 1233.845 0.01495
-0.04861 -0.01544 0.04350 0.06703 0.09702 0.956 0.246 1233.875 0.01497
-0.04869 -0.01546 0.04357 0.06714 0.09813 1.155 0.263 1233.904 0.01500
-0.04877 -0.01549 0.04365 0.06725 0.09923 0.890 0.240 1233.934 0.01502
-0.04885 -0.01552 0.04372 0.06737 0.10033 0.921 0.243 1233.964 0.01505
-0.04893 -0.01554 0.04379 0.06748 0.10144 1.021 0.251 1233.994 0.01507
-0.04901 -0.01557 0.04386 0.06759 0.10254 1.154 0.263 1234.024 0.01510
-0.04909 -0.01559 0.04393 0.06770 0.10365 0.659 0.218 1234.054 0.01512
-0.04917 -0.01562 0.04401 0.06781 0.10475 1.025 0.252 1234.084 0.01515
-0.04925 -0.01564 0.04408 0.06792 0.10586 1.089 0.257 1234.114 0.01517
-0.04933 -0.01567 0.04415 0.06803 0.10696 1.187 0.266 1234.143 0.01520
-0.04941 -0.01569 0.04422 0.06814 0.10807 1.024 0.252 1234.173 0.01522
-0.04949 -0.01572 0.04430 0.06826 0.10917 1.058 0.255 1234.203 0.01525
-0.04957 -0.01575 0.04437 0.06837 0.11028 0.892 0.239 1234.233 0.01527
-0.04965 -0.01577 0.04444 0.06848 0.11138 0.959 0.246 1234.263 0.01529
-0.04974 -0.01580 0.04451 0.06859 0.11248 0.859 0.237 1234.293 0.01532
-0.04982 -0.01582 0.04458 0.06870 0.11359 0.958 0.246 1234.323 0.01534
-0.04990 -0.01585 0.04466 0.06881 0.11469 0.926 0.243 1234.353 0.01537
-0.04998 -0.01587 0.04473 0.06892 0.11580 1.124 0.260 1234.383 0.01539
-0.05006 -0.01590 0.04480 0.06904 0.11690 1.094 0.257 1234.412 0.01542
-0.05014 -0.01593 0.04487 0.06915 0.11801 1.226 0.268 1234.442 0.01544
-0.05022 -0.01595 0.04495 0.06926 0.11911 1.158 0.263 1234.472 0.01547
-0.05030 -0.01598 0.04502 0.06937 0.12022 0.897 0.240 1234.502 0.01549
-0.05038 -0.01600 0.04509 0.06948 0.12132 1.161 0.263 1234.532 0.01552
-0.05046 -0.01603 0.04516 0.06959 0.12243 0.996 0.248 1234.562 0.01554
-0.05054 -0.01605 0.04524 0.06970 0.12354 0.995 0.249 1234.592 0.01556
-0.05062 -0.01608 0.04531 0.06981 0.12464 1.326 0.276 1234.622 0.01559
-0.05070 -0.01611 0.04538 0.06993 0.12575 1.228 0.268 1234.651 0.01561
-0.05079 -0.01613 0.04545 0.07004 0.12685 0.898 0.239 1234.681 0.01564
-0.05087 -0.01616 0.04552 0.07015 0.12796 1.159 0.263 1234.711 0.01566
-0.05095 -0.01618 0.04560 0.07026 0.12906 0.930 0.243 1234.741 0.01569
-0.05103 -0.01621 0.04567 0.07037 0.13017 1.064 0.254 1234.771 0.01571
-0.05111 -0.01623 0.04574 0.07048 0.13127 0.799 0.230 1234.801 0.01574
-0.05119 -0.01626 0.04581 0.07059 0.13238 0.831 0.234 1234.831 0.01576
-0.05127 -0.01628 0.04589 0.07071 0.13348 0.931 0.242 1234.861 0.01579
-0.05135 -0.01631 0.04596 0.07082 0.13459 0.930 0.243 1234.890 0.01581
-0.05143 -0.01634 0.04603 0.07093 0.13570 0.699 0.221 1234.920 0.01584
-0.05151 -0.01636 0.04610 0.07104 0.13680 0.698 0.221 1234.950 0.01586
-0.05159 -0.01639 0.04617 0.07115 0.13791 0.764 0.227 1234.980 0.01588
-0.05167 -0.01641 0.04625 0.07126 0.13901 0.531 0.202 1235.010 0.01591
-0.05175 -0.01644 0.04632 0.07137 0.14012 0.464 0.192 1235.040 0.01593
-0.05184 -0.01646 0.04639 0.07149 0.14122 0.895 0.240 1235.070 0.01596
-0.05192 -0.01649 0.04646 0.07160 0.14233 0.566 0.206 1235.100 0.01598
-0.05200 -0.01652 0.04654 0.07171 0.14344 0.930 0.243 1235.129 0.01601
-0.05208 -0.01654 0.04661 0.07182 0.14454 0.995 0.249 1235.159 0.01603
-0.05216 -0.01657 0.04668 0.07193 0.14565 0.896 0.239 1235.189 0.01606
-0.05224 -0.01659 0.04675 0.07204 0.14675 1.226 0.268 1235.219 0.01608
-0.05232 -0.01662 0.04683 0.07215 0.14786 0.928 0.243 1235.249 0.01611
-0.05240 -0.01664 0.04690 0.07227 0.14897 0.961 0.246 1235.279 0.01613
-0.05248 -0.01667 0.04697 0.07238 0.15007 1.028 0.251 1235.309 0.01615
-0.05256 -0.01670 0.04704 0.07249 0.15118 0.862 0.237 1235.339 0.01618
-0.05264 -0.01672 0.04711 0.07260 0.15228 0.927 0.243 1235.369 0.01620
-0.05272 -0.01675 0.04719 0.07271 0.15339 0.793 0.230 1235.398 0.01623
-0.05280 -0.01677 0.04726 0.07282 0.15450 0.959 0.243 1235.428 0.01625
-0.05289 -0.01680 0.04733 0.07293 0.15560 1.164 0.260 1235.458 0.01628
-0.05297 -0.01682 0.04740 0.07305 0.15671 0.926 0.240 1235.488 0.01630
-0.05305 -0.01685 0.04748 0.07316 0.15782 1.227 0.265 1235.518 0.01633
-0.05313 -0.01688 0.04755 0.07327 0.15892 0.979 0.246 1235.548 0.01635
-0.05321 -0.01690 0.04762 0.07338 0.16003 1.189 0.259 1235.578 0.01638
-0.05329 -0.01693 0.04769 0.07349 0.16114 0.672 0.214 1235.608 0.01640
-0.05337 -0.01695 0.04777 0.07360 0.16224 1.094 0.251 1235.637 0.01643
-0.05345 -0.01698 0.04784 0.07371 0.16335 1.073 0.268 1235.667 0.01645
-0.05353 -0.01700 0.04791 0.07383 0.16446 1.073 0.252 1235.697 0.01647
-0.05361 -0.01703 0.04798 0.07394 0.16556 1.586 0.314 1235.727 0.01650
-0.05369 -0.01705 0.04806 0.07405 0.16667 0.956 0.242 1235.757 0.01652
-0.05378 -0.01708 0.04813 0.07416 0.16778 1.043 0.276 1235.787 0.01655
-0.05386 -0.01711 0.04820 0.07427 0.16888 1.023 0.248 1235.817 0.01657
-0.05394 -0.01713 0.04827 0.07438 0.16999 0.963 0.266 1235.847 0.01660
-0.05402 -0.01716 0.04834 0.07450 0.17110 1.079 0.254 1235.876 0.01662
-0.05410 -0.01718 0.04842 0.07461 0.17220 0.782 0.227 1235.906 0.01665
-0.05418 -0.01721 0.04849 0.07472 0.17331 0.749 0.224 1235.936 0.01667
-0.05426 -0.01723 0.04856 0.07483 0.17442 1.105 0.257 1235.966 0.01670
-0.05434 -0.01726 0.04863 0.07494 0.17553 1.185 0.265 1235.996 0.01672
-0.05442 -0.01729 0.04871 0.07505 0.17663 1.286 0.272 1236.026 0.01674
-0.05450 -0.01731 0.04878 0.07516 0.17774 0.892 0.238 1236.056 0.01677
-0.05458 -0.01734 0.04885 0.07528 0.17885 1.087 0.257 1236.086 0.01679
-0.05466 -0.01736 0.04892 0.07539 0.17995 1.121 0.260 1236.115 0.01682
-0.05475 -0.01739 0.04900 0.07550 0.18106 0.890 0.238 1236.145 0.01684
-0.05483 -0.01741 0.04907 0.07561 0.18217 1.153 0.261 1236.175 0.01687
-0.05491 -0.01744 0.04914 0.07572 0.18328 1.055 0.254 1236.205 0.01689
-0.05499 -0.01747 0.04921 0.07583 0.18438 0.757 0.227 1236.235 0.01692
-0.05507 -0.01749 0.04929 0.07595 0.18549 1.118 0.259 1236.265 0.01694
-0.05515 -0.01752 0.04936 0.07606 0.18660 0.855 0.236 1236.295 0.01697
-0.05523 -0.01754 0.04943 0.07617 0.18771 1.314 0.275 1236.325 0.01699
-0.05531 -0.01757 0.04950 0.07628 0.18881 1.448 0.285 1236.355 0.01701
-0.05539 -0.01759 0.04958 0.07639 0.18992 1.086 0.257 1236.384 0.01704
-0.05547 -0.01762 0.04965 0.07650 0.19103 1.283 0.269 1236.414 0.01706
-0.05555 -0.01765 0.04972 0.07661 0.19214 0.823 0.233 1236.444 0.01709
-0.05564 -0.01767 0.04979 0.07673 0.19324 0.854 0.232 1236.474 0.01711
-0.05572 -0.01770 0.04987 0.07684 0.19435 0.985 0.248 1236.504 0.01714
-0.05580 -0.01772 0.04994 0.07695 0.19546 0.952 0.245 1236.534 0.01716
-0.05588 -0.01775 0.05001 0.07706 0.19657 0.788 0.230 1236.564 0.01719
-0.05596 -0.01777 0.05008 0.07717 0.19768 1.116 0.259 1236.594 0.01721
-0.05604 -0.01780 0.05016 0.07728 0.19878 0.852 0.235 1236.623 0.01724
-0.05612 -0.01783 0.05023 0.07740 0.19989 1.078 0.251 1236.653 0.01726
-0.05620 -0.01785 0.05030 0.07751 0.20100 1.015 0.250 1236.683 0.01729
-0.05628 -0.01788 0.05037 0.07762 0.20211 1.082 0.253 1236.713 0.01731
-0.05636 -0.01790 0.05044 0.07773 0.20322 0.853 0.236 1236.743 0.01733
-0.05645 -0.01793 0.05052 0.07784 0.20432 1.213 0.264 1236.773 0.01736
-0.05653 -0.01795 0.05059 0.07795 0.20543 0.914 0.242 1236.803 0.01738
-0.05661 -0.01798 0.05066 0.07807 0.20654 1.045 0.248 1236.833 0.01741
-0.05669 -0.01801 0.05073 0.07818 0.20765 1.110 0.253 1236.862 0.01743
-0.05677 -0.01803 0.05081 0.07829 0.20876 1.010 0.245 1236.892 0.01746
-0.05685 -0.01806 0.05088 0.07840 0.20987 0.945 0.239 1236.922 0.01748
-0.05693 -0.01808 0.05095 0.07851 0.21097 1.076 0.248 1236.952 0.01751
-0.05701 -0.01811 0.05102 0.07862 0.21208 1.112 0.254 1236.982 0.01753
-0.05709 -0.01813 0.05110 0.07874 0.21319 1.278 0.270 1237.012 0.01756
-0.05717 -0.01816 0.05117 0.07885 0.21430 1.014 0.251 1237.042 0.01758
-0.05725 -0.01819 0.05124 0.07896 0.21541 0.851 0.236 1237.072 0.01760
-0.05734 -0.01821 0.05131 0.07907 0.21652 0.914 0.239 1237.101 0.01763
-0.05742 -0.01824 0.05139 0.07918 0.21762 1.177 0.259 1237.131 0.01765
-0.05750 -0.01826 0.05146 0.07929 0.21873 1.045 0.254 1237.161 0.01768
-0.05758 -0.01829 0.05153 0.07941 0.21984 0.978 0.242 1237.191 0.01770
-0.05766 -0.01831 0.05160 0.07952 0.22095 0.649 0.216 1237.221 0.01773
-0.05774 -0.01834 0.05168 0.07963 0.22206 0.878 0.236 1237.251 0.01775
-0.05782 -0.01837 0.05175 0.07974 0.22317 1.242 0.264 1237.281 0.01778
-0.05790 -0.01839 0.05182 0.07985 0.22428 0.880 0.239 1237.311 0.01780
-0.05798 -0.01842 0.05189 0.07996 0.22539 1.110 0.254 1237.341 0.01783
-0.05806 -0.01844 0.05197 0.08008 0.22650 0.980 0.245 1237.370 0.01785
-0.05815 -0.01847 0.05204 0.08019 0.22760 1.176 0.262 1237.400 0.01788
-0.05823 -0.01849 0.05211 0.08030 0.22871 1.457 0.282 1237.430 0.01790
-0.05831 -0.01852 0.05218 0.08041 0.22982 1.110 0.256 1237.460 0.01792
-0.05839 -0.01855 0.05226 0.08052 0.23093 1.300 0.272 1237.490 0.01795
-0.05847 -0.01857 0.05233 0.08064 0.23204 1.263 0.267 1237.520 0.01797
-0.05855 -0.01860 0.05240 0.08075 0.23315 0.774 0.223 1237.550 0.01800
-0.05863 -0.01862 0.05247 0.08086 0.23426 0.890 0.235 1237.580 0.01802
-0.05871 -0.01865 0.05255 0.08097 0.23537 0.775 0.223 1237.609 0.01805
-0.05879 -0.01867 0.05262 0.08108 0.23648 0.425 0.185 1237.639 0.01807
-0.05888 -0.01870 0.05269 0.08119 0.23759 0.941 0.242 1237.669 0.01810
-0.05896 -0.01873 0.05276 0.08131 0.23870 0.999 0.245 1237.699 0.01812
-0.05904 -0.01875 0.05284 0.08142 0.23981 1.258 0.267 1237.729 0.01815
-0.05912 -0.01878 0.05291 0.08153 0.24092 0.872 0.236 1237.759 0.01817
-0.05920 -0.01880 0.05298 0.08164 0.24202 1.202 0.264 1237.789 0.01819
-0.05928 -0.01883 0.05305 0.08175 0.24313 1.026 0.247 1237.819 0.01822
-0.05936 -0.01885 0.05313 0.08186 0.24424 0.797 0.226 1237.848 0.01824
-0.05944 -0.01888 0.05320 0.08198 0.24535 0.634 0.209 1237.878 0.01827
-0.05952 -0.01891 0.05327 0.08209 0.24646 0.877 0.236 1237.908 0.01829
-0.05960 -0.01893 0.05335 0.08220 0.24757 0.410 0.186 1237.938 0.01832
-0.05969 -0.01896 0.05342 0.08231 0.24868 0.392 0.186 1237.968 0.01834
-0.05977 -0.01898 0.05349 0.08242 0.24979 0.654 0.216 1237.998 0.01837
-0.05985 -0.01901 0.05356 0.08254 0.25090 0.391 0.185 1238.028 0.01839
-0.05993 -0.01904 0.05364 0.08265 0.25201 0.555 0.205 1238.058 0.01842
-0.06001 -0.01906 0.05371 0.08276 0.25312 0.456 0.194 1238.087 0.01844
-0.06009 -0.01909 0.05378 0.08287 0.25423 0.554 0.204 1238.117 0.01847
-0.06017 -0.01911 0.05385 0.08298 0.25534 0.818 0.232 1238.147 0.01849
-0.06025 -0.01914 0.05393 0.08309 0.25645 1.013 0.247 1238.177 0.01851
-0.06033 -0.01916 0.05400 0.08321 0.25756 0.884 0.239 1238.207 0.01854
-0.06042 -0.01919 0.05407 0.08332 0.25867 0.589 0.209 1238.237 0.01856
-0.06050 -0.01922 0.05414 0.08343 0.25978 0.983 0.248 1238.267 0.01859
-0.06058 -0.01924 0.05422 0.08354 0.26089 1.179 0.264 1238.297 0.01861
-0.06066 -0.01927 0.05429 0.08365 0.26200 0.687 0.219 1238.327 0.01864
-0.06074 -0.01929 0.05436 0.08377 0.26311 0.849 0.235 1238.356 0.01866
-0.06082 -0.01932 0.05443 0.08388 0.26422 0.947 0.245 1238.386 0.01869
-0.06090 -0.01934 0.05451 0.08399 0.26533 0.850 0.235 1238.416 0.01871
-0.06098 -0.01937 0.05458 0.08410 0.26644 1.012 0.247 1238.446 0.01874
-0.06106 -0.01940 0.05465 0.08421 0.26755 0.916 0.242 1238.476 0.01876
-0.06115 -0.01942 0.05472 0.08432 0.26866 1.343 0.277 1238.506 0.01878
-0.06123 -0.01945 0.05480 0.08444 0.26978 0.947 0.241 1238.536 0.01881
-0.06131 -0.01947 0.05487 0.08455 0.27089 1.176 0.264 1238.566 0.01883
-0.06139 -0.01950 0.05494 0.08466 0.27200 0.784 0.229 1238.595 0.01886
-0.06147 -0.01952 0.05501 0.08477 0.27311 0.847 0.236 1238.625 0.01888
-0.06155 -0.01955 0.05509 0.08488 0.27422 0.650 0.216 1238.655 0.01891
-0.06163 -0.01958 0.05516 0.08500 0.27533 0.946 0.241 1238.685 0.01893
-0.06171 -0.01960 0.05523 0.08511 0.27644 0.716 0.222 1238.715 0.01896
-0.06179 -0.01963 0.05531 0.08522 0.27755 0.882 0.239 1238.745 0.01898
-0.06188 -0.01965 0.05538 0.08533 0.27866 0.750 0.226 1238.775 0.01901
-0.06196 -0.01968 0.05545 0.08544 0.27977 1.077 0.253 1238.805 0.01903
-0.06204 -0.01971 0.05552 0.08556 0.28088 0.585 0.209 1238.834 0.01905
-0.06212 -0.01973 0.05560 0.08567 0.28199 1.011 0.247 1238.864 0.01908
-0.06220 -0.01976 0.05567 0.08578 0.28310 0.913 0.241 1238.894 0.01910
-0.06228 -0.01978 0.05574 0.08589 0.28422 0.814 0.232 1238.924 0.01913
-0.06236 -0.01981 0.05581 0.08600 0.28533 1.110 0.256 1238.954 0.01915
-0.06244 -0.01983 0.05589 0.08612 0.28644 0.717 0.218 1238.984 0.01918
-0.06253 -0.01986 0.05596 0.08623 0.28755 1.076 0.253 1239.014 0.01920
-0.06261 -0.01989 0.05603 0.08634 0.28866 0.979 0.244 1239.044 0.01923
-0.06269 -0.01991 0.05610 0.08645 0.28977 0.815 0.232 1239.073 0.01925
-0.06277 -0.01994 0.05618 0.08656 0.29088 1.108 0.256 1239.103 0.01928
-0.06285 -0.01996 0.05625 0.08668 0.29199 1.271 0.266 1239.133 0.01930
-0.06293 -0.01999 0.05632 0.08679 0.29310 1.106 0.252 1239.163 0.01933
-0.06301 -0.02001 0.05639 0.08690 0.29422 1.041 0.247 1239.193 0.01935
-0.06309 -0.02004 0.05647 0.08701 0.29533 0.943 0.241 1239.223 0.01937
-0.06317 -0.02007 0.05654 0.08712 0.29644 0.746 0.226 1239.253 0.01940
-0.06326 -0.02009 0.05661 0.08724 0.29755 0.844 0.232 1239.283 0.01942
-0.06334 -0.02012 0.05669 0.08735 0.29866 1.366 0.274 1239.313 0.01945
-0.06342 -0.02014 0.05676 0.08746 0.29977 1.106 0.253 1239.342 0.01947
-0.06350 -0.02017 0.05683 0.08757 0.30089 0.877 0.238 1239.372 0.01950
-0.06358 -0.02020 0.05690 0.08768 0.30200 1.333 0.269 1239.402 0.01952
-0.06366 -0.02022 0.05698 0.08780 0.30311 1.008 0.247 1239.432 0.01955
-0.06374 -0.02025 0.05705 0.08791 0.30422 1.137 0.254 1239.462 0.01957
-0.06382 -0.02027 0.05712 0.08802 0.30533 1.071 0.247 1239.492 0.01960
-0.06391 -0.02030 0.05719 0.08813 0.30644 0.908 0.238 1239.522 0.01962
-0.06399 -0.02032 0.05727 0.08824 0.30756 1.362 0.271 1239.552 0.01964
-0.06407 -0.02035 0.05734 0.08836 0.30867 1.004 0.244 1239.581 0.01967
-0.06415 -0.02038 0.05741 0.08847 0.30978 0.841 0.226 1239.611 0.01969
-0.06423 -0.02040 0.05749 0.08858 0.31089 0.678 0.216 1239.641 0.01972
-0.06431 -0.02043 0.05756 0.08869 0.31200 0.616 0.212 1239.671 0.01974
-0.06439 -0.02045 0.05763 0.08880 0.31312 0.909 0.238 1239.701 0.01977
-0.06447 -0.02048 0.05770 0.08892 0.31423 0.585 0.208 1239.731 0.01979
-0.06456 -0.02050 0.05778 0.08903 0.31534 0.519 0.201 1239.761 0.01982
-0.06464 -0.02053 0.05785 0.08914 0.31645 0.160 0.151 1239.791 0.01984
-0.06472 -0.02056 0.05792 0.08925 0.31756 0.323 0.176 1239.820 0.01987
-0.06480 -0.02058 0.05799 0.08936 0.31868 0.095 0.137 1239.850 0.01989
-0.06488 -0.02061 0.05807 0.08948 0.31979 0.127 0.145 1239.880 0.01992
-0.06496 -0.02063 0.05814 0.08959 0.32090 0.254 0.166 1239.910 0.01994
-0.06504 -0.02066 0.05821 0.08970 0.32201 0.221 0.161 1239.940 0.01996
-0.06512 -0.02069 0.05828 0.08981 0.32313 0.416 0.189 1239.970 0.01999
-0.06521 -0.02071 0.05836 0.08992 0.32424 0.515 0.201 1240.000 0.02001
-0.06529 -0.02074 0.05843 0.09004 0.32535 0.385 0.184 1240.030 0.02004
-0.06537 -0.02076 0.05850 0.09015 0.32646 0.421 0.179 1240.059 0.02006
-0.06545 -0.02079 0.05858 0.09026 0.32758 0.324 0.176 1240.089 0.02009
-0.06553 -0.02081 0.05865 0.09037 0.32869 0.194 0.154 1240.119 0.02011
-0.06561 -0.02084 0.05872 0.09048 0.32980 0.065 0.131 1240.149 0.02014
-0.06569 -0.02087 0.05879 0.09060 0.33091 0.000 0.115 1240.179 0.02016
-0.06577 -0.02089 0.05887 0.09071 0.33203 0.099 0.138 1240.209 0.02019
-0.06586 -0.02092 0.05894 0.09082 0.33314 0.163 0.149 1240.239 0.02021
-0.06594 -0.02094 0.05901 0.09093 0.33425 0.098 0.138 1240.269 0.02023
-0.06602 -0.02097 0.05909 0.09105 0.33537 0.523 0.201 1240.299 0.02026
-0.06610 -0.02100 0.05916 0.09116 0.33648 0.783 0.229 1240.328 0.02028
-0.06618 -0.02102 0.05923 0.09127 0.33759 0.684 0.217 1240.358 0.02031
-0.06626 -0.02105 0.05930 0.09138 0.33870 1.010 0.249 1240.388 0.02033
-0.06634 -0.02107 0.05938 0.09149 0.33982 1.108 0.255 1240.418 0.02036
-0.06642 -0.02110 0.05945 0.09161 0.34093 0.948 0.241 1240.448 0.02038
-0.06651 -0.02112 0.05952 0.09172 0.34204 1.024 0.246 1240.478 0.02041
-0.06659 -0.02115 0.05959 0.09183 0.34316 0.780 0.225 1240.508 0.02043
-0.06667 -0.02118 0.05967 0.09194 0.34427 1.141 0.257 1240.538 0.02046
-0.06675 -0.02120 0.05974 0.09205 0.34538 1.027 0.246 1240.567 0.02048
-0.06683 -0.02123 0.05981 0.09217 0.34650 1.122 0.256 1240.597 0.02050
-0.06691 -0.02125 0.05989 0.09228 0.34761 1.026 0.246 1240.627 0.02053
-0.06699 -0.02128 0.05996 0.09239 0.34872 1.295 0.268 1240.657 0.02055
-0.06708 -0.02131 0.06003 0.09250 0.34984 0.887 0.235 1240.687 0.02058
-0.06716 -0.02133 0.06010 0.09262 0.35095 0.825 0.230 1240.717 0.02060
-0.06724 -0.02136 0.06018 0.09273 0.35206 0.702 0.218 1240.747 0.02063
-0.06732 -0.02138 0.06025 0.09284 0.35318 1.268 0.265 1240.777 0.02065
-0.06740 -0.02141 0.06032 0.09295 0.35429 0.966 0.243 1240.806 0.02068
-0.06748 -0.02143 0.06040 0.09306 0.35540 1.087 0.255 1240.836 0.02070
-0.06756 -0.02146 0.06047 0.09318 0.35652 1.300 0.268 1240.866 0.02073
-0.06764 -0.02149 0.06054 0.09329 0.35763 1.150 0.257 1240.896 0.02075
-0.06773 -0.02151 0.06061 0.09340 0.35874 0.870 0.234 1240.926 0.02078
-0.06781 -0.02154 0.06069 0.09351 0.35986 1.330 0.273 1240.956 0.02080
-0.06789 -0.02156 0.06076 0.09362 0.36097 0.780 0.228 1240.986 0.02082
-0.06797 -0.02159 0.06083 0.09374 0.36209 0.843 0.234 1241.016 0.02085
-0.06805 -0.02162 0.06091 0.09385 0.36320 0.969 0.240 1241.045 0.02087
-0.06813 -0.02164 0.06098 0.09396 0.36431 0.904 0.234 1241.075 0.02090
-0.06821 -0.02167 0.06105 0.09407 0.36543 1.036 0.249 1241.105 0.02092
-0.06830 -0.02169 0.06112 0.09419 0.36654 1.132 0.252 1241.135 0.02095
-0.06838 -0.02172 0.06120 0.09430 0.36766 1.168 0.257 1241.165 0.02097
-0.06846 -0.02174 0.06127 0.09441 0.36877 0.825 0.231 1241.195 0.02100
-0.06854 -0.02177 0.06134 0.09452 0.36988 1.254 0.267 1241.225 0.02102
-0.06862 -0.02180 0.06141 0.09463 0.37100 0.992 0.242 1241.255 0.02105
-0.06870 -0.02182 0.06149 0.09475 0.37211 1.062 0.252 1241.285 0.02107
-0.06878 -0.02185 0.06156 0.09486 0.37323 0.981 0.243 1241.314 0.02109
-0.06887 -0.02187 0.06163 0.09497 0.37434 1.014 0.246 1241.344 0.02112
-0.06895 -0.02190 0.06171 0.09508 0.37545 0.690 0.215 1241.374 0.02114
-0.06903 -0.02193 0.06178 0.09520 0.37657 0.995 0.243 1241.404 0.02117
-0.06911 -0.02195 0.06185 0.09531 0.37768 0.902 0.236 1241.434 0.02119
-0.06919 -0.02198 0.06192 0.09542 0.37880 1.111 0.254 1241.464 0.02122
-0.06927 -0.02200 0.06200 0.09553 0.37991 0.825 0.228 1241.494 0.02124
-0.06935 -0.02203 0.06207 0.09565 0.38103 0.731 0.221 1241.524 0.02127
-0.06944 -0.02205 0.06214 0.09576 0.38214 0.940 0.240 1241.553 0.02129
-0.06952 -0.02208 0.06222 0.09587 0.38326 1.077 0.251 1241.583 0.02132
-0.06960 -0.02211 0.06229 0.09598 0.38437 1.082 0.251 1241.613 0.02134
-0.06968 -0.02213 0.06236 0.09609 0.38549 0.903 0.237 1241.643 0.02137
-0.06976 -0.02216 0.06244 0.09621 0.38660 1.001 0.245 1241.673 0.02139
-0.06984 -0.02218 0.06251 0.09632 0.38771 0.818 0.231 1241.703 0.02141
-0.06992 -0.02221 0.06258 0.09643 0.38883 0.987 0.246 1241.733 0.02144
-0.07001 -0.02224 0.06265 0.09654 0.38994 0.776 0.224 1241.763 0.02146
-0.07009 -0.02226 0.06273 0.09666 0.39106 0.777 0.228 1241.792 0.02149
-0.07017 -0.02229 0.06280 0.09677 0.39217 1.005 0.245 1241.822 0.02151
-0.07025 -0.02231 0.06287 0.09688 0.39329 0.778 0.227 1241.852 0.02154
-0.07033 -0.02234 0.06295 0.09699 0.39440 0.904 0.252 1241.882 0.02156
-0.07041 -0.02237 0.06302 0.09711 0.39552 0.908 0.240 1241.912 0.02159
-0.07049 -0.02239 0.06309 0.09722 0.39663 1.192 0.289 1241.942 0.02161
-0.07058 -0.02242 0.06316 0.09733 0.39775 1.005 0.248 1241.972 0.02164
-0.07066 -0.02244 0.06324 0.09744 0.39886 0.871 0.252 1242.002 0.02166
-0.07074 -0.02247 0.06331 0.09755 0.39998 1.296 0.267 1242.031 0.02168
-0.07082 -0.02249 0.06338 0.09767 0.40109 1.183 0.278 1242.061 0.02171
-0.07090 -0.02252 0.06346 0.09778 0.40221 1.036 0.248 1242.091 0.02173
-0.07098 -0.02255 0.06353 0.09789 0.40332 0.810 0.230 1242.121 0.02176
-0.07106 -0.02257 0.06360 0.09800 0.40444 0.778 0.226 1242.151 0.02178
-0.07115 -0.02260 0.06367 0.09812 0.40556 1.296 0.267 1242.181 0.02181
-0.07123 -0.02262 0.06375 0.09823 0.40667 1.295 0.267 1242.211 0.02183
-0.07131 -0.02265 0.06382 0.09834 0.40779 0.812 0.229 1242.241 0.02186
-0.07139 -0.02268 0.06389 0.09845 0.40890 1.165 0.259 1242.271 0.02188
-0.07147 -0.02270 0.06397 0.09857 0.41002 1.198 0.261 1242.300 0.02191
-0.07155 -0.02273 0.06404 0.09868 0.41113 0.843 0.229 1242.330 0.02193
-0.07164 -0.02275 0.06411 0.09879 0.41225 1.069 0.249 1242.360 0.02196
-0.07172 -0.02278 0.06418 0.09890 0.41336 0.939 0.239 1242.390 0.02198
-0.07180 -0.02281 0.06426 0.09902 0.41448 1.228 0.261 1242.420 0.02200
-0.07188 -0.02283 0.06433 0.09913 0.41560 1.195 0.261 1242.450 0.02203
-0.07196 -0.02286 0.06440 0.09924 0.41671 1.097 0.251 1242.480 0.02205
-0.07204 -0.02288 0.06448 0.09935 0.41783 0.906 0.239 1242.510 0.02208
-0.07212 -0.02291 0.06455 0.09947 0.41894 0.937 0.242 1242.539 0.02210
-0.07221 -0.02293 0.06462 0.09958 0.42006 0.904 0.238 1242.569 0.02213
-0.07229 -0.02296 0.06470 0.09969 0.42117 0.872 0.236 1242.599 0.02215
-0.07237 -0.02299 0.06477 0.09980 0.42229 1.066 0.253 1242.629 0.02218
-0.07245 -0.02301 0.06484 0.09992 0.42341 0.742 0.224 1242.659 0.02220
-0.07253 -0.02304 0.06491 0.10003 0.42452 1.063 0.248 1242.689 0.02223
-0.07261 -0.02306 0.06499 0.10014 0.42564 0.805 0.230 1242.719 0.02225
-0.07269 -0.02309 0.06506 0.10025 0.42675 0.934 0.239 1242.749 0.02227
-0.07278 -0.02312 0.06513 0.10036 0.42787 1.580 0.285 1242.778 0.02230
-0.07286 -0.02314 0.06521 0.10048 0.42899 0.677 0.217 1242.808 0.02232
-0.07294 -0.02317 0.06528 0.10059 0.43010 0.834 0.227 1242.838 0.02235
-0.07302 -0.02319 0.06535 0.10070 0.43122 1.058 0.245 1242.868 0.02237
-0.07310 -0.02322 0.06543 0.10081 0.43234 1.091 0.247 1242.898 0.02240
-0.07318 -0.02325 0.06550 0.10093 0.43345 0.961 0.237 1242.928 0.02242
-0.07327 -0.02327 0.06557 0.10104 0.43457 0.637 0.210 1242.958 0.02245
-0.07335 -0.02330 0.06564 0.10115 0.43569 1.025 0.242 1242.988 0.02247
-0.07343 -0.02332 0.06572 0.10126 0.43680 1.092 0.250 1243.017 0.02250
-0.07351 -0.02335 0.06579 0.10138 0.43792 1.028 0.247 1243.047 0.02252
-0.07359 -0.02337 0.06586 0.10149 0.43903 0.804 0.226 1243.077 0.02254
-0.07367 -0.02340 0.06594 0.10160 0.44015 1.255 0.263 1243.107 0.02257
-0.07376 -0.02343 0.06601 0.10171 0.44127 1.027 0.244 1243.137 0.02259
-0.07384 -0.02345 0.06608 0.10183 0.44238 0.706 0.220 1243.167 0.02262
-0.07392 -0.02348 0.06616 0.10194 0.44350 1.027 0.244 1243.197 0.02264
-0.07400 -0.02350 0.06623 0.10205 0.44462 1.091 0.250 1243.227 0.02267
-0.07408 -0.02353 0.06630 0.10216 0.44574 0.993 0.238 1243.257 0.02269
-0.07416 -0.02356 0.06637 0.10228 0.44685 1.283 0.263 1243.286 0.02272
-0.07424 -0.02358 0.06645 0.10239 0.44797 0.865 0.229 1243.316 0.02274
-0.07433 -0.02361 0.06652 0.10250 0.44909 1.249 0.263 1243.346 0.02277
-0.07441 -0.02363 0.06659 0.10261 0.45020 1.346 0.268 1243.376 0.02279
-0.07449 -0.02366 0.06667 0.10273 0.45132 0.865 0.232 1243.406 0.02282
-0.07457 -0.02369 0.06674 0.10284 0.45244 1.156 0.252 1243.436 0.02284
-0.07465 -0.02371 0.06681 0.10295 0.45355 1.155 0.252 1243.466 0.02286
-0.07473 -0.02374 0.06689 0.10307 0.45467 1.348 0.268 1243.496 0.02289
-0.07482 -0.02376 0.06696 0.10318 0.45579 1.092 0.252 1243.525 0.02291
-0.07490 -0.02379 0.06703 0.10329 0.45691 1.089 0.247 1243.555 0.02294
-0.07498 -0.02382 0.06710 0.10340 0.45802 1.026 0.244 1243.585 0.02296
-0.07506 -0.02384 0.06718 0.10352 0.45914 0.864 0.229 1243.615 0.02299
-0.07514 -0.02387 0.06725 0.10363 0.46026 0.928 0.232 1243.645 0.02301
-0.07522 -0.02389 0.06732 0.10374 0.46137 0.896 0.235 1243.675 0.02304
-0.07531 -0.02392 0.06740 0.10385 0.46249 0.896 0.235 1243.705 0.02306
-0.07539 -0.02395 0.06747 0.10397 0.46361 0.929 0.238 1243.735 0.02309
-0.07547 -0.02397 0.06754 0.10408 0.46473 0.993 0.241 1243.764 0.02311
-0.07555 -0.02400 0.06762 0.10419 0.46584 1.028 0.246 1243.794 0.02313
-0.07563 -0.02402 0.06769 0.10430 0.46696 1.317 0.265 1243.824 0.02316
-0.07571 -0.02405 0.06776 0.10442 0.46808 0.836 0.231 1243.854 0.02318
-0.07580 -0.02407 0.06784 0.10453 0.46920 0.951 0.241 1243.884 0.02321
-0.07588 -0.02410 0.06791 0.10464 0.47031 1.035 0.246 1243.914 0.02323
-0.07596 -0.02413 0.06798 0.10475 0.47143 1.099 0.249 1243.944 0.02326
-0.07604 -0.02415 0.06805 0.10487 0.47255 0.986 0.240 1243.974 0.02328
-0.07612 -0.02418 0.06813 0.10498 0.47367 1.379 0.275 1244.003 0.02331
-0.07620 -0.02420 0.06820 0.10509 0.47479 1.025 0.246 1244.033 0.02333
-0.07629 -0.02423 0.06827 0.10520 0.47590 1.168 0.259 1244.063 0.02336
-0.07637 -0.02426 0.06835 0.10532 0.47702 1.156 0.257 1244.093 0.02338
-0.07645 -0.02428 0.06842 0.10543 0.47814 1.114 0.252 1244.123 0.02341
-0.07653 -0.02431 0.06849 0.10554 0.47926 0.661 0.212 1244.153 0.02343
-0.07661 -0.02433 0.06857 0.10565 0.48038 0.925 0.238 1244.183 0.02345
-0.07669 -0.02436 0.06864 0.10577 0.48149 0.638 0.209 1244.213 0.02348
-0.07678 -0.02439 0.06871 0.10588 0.48261 1.012 0.243 1244.243 0.02350
-0.07686 -0.02441 0.06879 0.10599 0.48373 1.018 0.243 1244.272 0.02353
-0.07694 -0.02444 0.06886 0.10611 0.48485 0.925 0.234 1244.302 0.02355
-0.07702 -0.02446 0.06893 0.10622 0.48597 0.838 0.225 1244.332 0.02358
-0.07710 -0.02449 0.06901 0.10633 0.48708 0.881 0.234 1244.362 0.02360
-0.07718 -0.02452 0.06908 0.10644 0.48820 1.203 0.262 1244.392 0.02363
-0.07727 -0.02454 0.06915 0.10656 0.48932 0.781 0.225 1244.422 0.02365
-0.07735 -0.02457 0.06922 0.10667 0.49044 0.738 0.222 1244.452 0.02368
-0.07743 -0.02459 0.06930 0.10678 0.49156 1.403 0.272 1244.482 0.02370
-0.07751 -0.02462 0.06937 0.10689 0.49268 0.956 0.237 1244.511 0.02372
-0.07759 -0.02465 0.06944 0.10701 0.49379 1.243 0.259 1244.541 0.02375
-0.07767 -0.02467 0.06952 0.10712 0.49491 1.051 0.245 1244.571 0.02377
-0.07776 -0.02470 0.06959 0.10723 0.49603 0.859 0.228 1244.601 0.02380
-0.07784 -0.02472 0.06966 0.10734 0.49715 0.796 0.228 1244.631 0.02382
-0.07792 -0.02475 0.06974 0.10746 0.49827 0.859 0.231 1244.661 0.02385
-0.07800 -0.02478 0.06981 0.10757 0.49939 1.016 0.240 1244.691 0.02387
-0.07808 -0.02480 0.06988 0.10768 0.50051 0.759 0.215 1244.721 0.02390
-0.07816 -0.02483 0.06996 0.10780 0.50163 0.566 0.201 1244.750 0.02392
-0.07825 -0.02485 0.07003 0.10791 0.50274 0.791 0.218 1244.780 0.02395
-0.07833 -0.02488 0.07010 0.10802 0.50386 0.983 0.239 1244.810 0.02397
-0.07841 -0.02491 0.07018 0.10813 0.50498 0.728 0.214 1244.840 0.02400
-0.07849 -0.02493 0.07025 0.10825 0.50610 0.823 0.221 1244.870 0.02402
-0.07857 -0.02496 0.07032 0.10836 0.50722 1.237 0.259 1244.900 0.02404
-0.07866 -0.02498 0.07039 0.10847 0.50834 0.950 0.233 1244.930 0.02407
-0.07874 -0.02501 0.07047 0.10858 0.50946 1.396 0.271 1244.960 0.02409
-0.07882 -0.02504 0.07054 0.10870 0.51058 0.663 0.208 1244.989 0.02412
-0.07890 -0.02506 0.07061 0.10881 0.51170 1.142 0.250 1245.019 0.02414
-0.07898 -0.02509 0.07069 0.10892 0.51282 1.048 0.242 1245.049 0.02417
-0.07906 -0.02511 0.07076 0.10904 0.51393 1.048 0.242 1245.079 0.02419
-0.07915 -0.02514 0.07083 0.10915 0.51505 1.175 0.253 1245.109 0.02422
-0.07923 -0.02516 0.07091 0.10926 0.51617 1.081 0.247 1245.139 0.02424
-0.07931 -0.02519 0.07098 0.10937 0.51729 0.793 0.227 1245.169 0.02427
-0.07939 -0.02522 0.07105 0.10949 0.51841 1.336 0.266 1245.199 0.02429
-0.07947 -0.02524 0.07113 0.10960 0.51953 1.081 0.245 1245.229 0.02431
-0.07955 -0.02527 0.07120 0.10971 0.52065 0.985 0.238 1245.258 0.02434
-0.07964 -0.02529 0.07127 0.10983 0.52177 0.637 0.211 1245.288 0.02436
-0.07972 -0.02532 0.07135 0.10994 0.52289 1.243 0.260 1245.318 0.02439
-0.07980 -0.02535 0.07142 0.11005 0.52401 1.467 0.277 1245.348 0.02441
-0.07988 -0.02537 0.07149 0.11016 0.52513 0.861 0.230 1245.378 0.02444
-0.07996 -0.02540 0.07157 0.11028 0.52625 1.146 0.252 1245.408 0.02446
-0.08005 -0.02542 0.07164 0.11039 0.52737 0.858 0.230 1245.438 0.02449
-0.08013 -0.02545 0.07171 0.11050 0.52849 1.622 0.287 1245.468 0.02451
-0.08021 -0.02548 0.07179 0.11061 0.52961 1.112 0.250 1245.497 0.02454
-0.08029 -0.02550 0.07186 0.11073 0.53073 0.859 0.230 1245.527 0.02456
-0.08037 -0.02553 0.07193 0.11084 0.53185 0.891 0.236 1245.557 0.02458
-0.08045 -0.02555 0.07201 0.11095 0.53297 0.827 0.227 1245.587 0.02461
-0.08054 -0.02558 0.07208 0.11107 0.53409 0.985 0.239 1245.617 0.02463
-0.08062 -0.02561 0.07215 0.11118 0.53521 0.633 0.207 1245.647 0.02466
-0.08070 -0.02563 0.07222 0.11129 0.53633 1.013 0.239 1245.677 0.02468
-0.08078 -0.02566 0.07230 0.11140 0.53745 1.362 0.267 1245.707 0.02471
-0.08086 -0.02568 0.07237 0.11152 0.53857 1.330 0.266 1245.736 0.02473
-0.08095 -0.02571 0.07244 0.11163 0.53969 0.791 0.220 1245.766 0.02476
-0.08103 -0.02574 0.07252 0.11174 0.54081 1.075 0.244 1245.796 0.02478
-0.08111 -0.02576 0.07259 0.11186 0.54193 1.279 0.265 1245.826 0.02481
-0.08119 -0.02579 0.07266 0.11197 0.54305 1.076 0.247 1245.856 0.02483
-0.08127 -0.02581 0.07274 0.11208 0.54417 1.418 0.277 1245.886 0.02486
-0.08135 -0.02584 0.07281 0.11219 0.54529 1.058 0.246 1245.916 0.02488
-0.08144 -0.02587 0.07288 0.11231 0.54641 1.023 0.244 1245.946 0.02490
-0.08152 -0.02589 0.07296 0.11242 0.54753 0.797 0.223 1245.975 0.02493
-0.08160 -0.02592 0.07303 0.11253 0.54865 1.082 0.246 1246.005 0.02495
-0.08168 -0.02594 0.07310 0.11265 0.54977 1.177 0.255 1246.035 0.02498
-0.08176 -0.02597 0.07318 0.11276 0.55089 0.980 0.238 1246.065 0.02500
-0.08185 -0.02600 0.07325 0.11287 0.55201 0.746 0.220 1246.095 0.02503
-0.08193 -0.02602 0.07332 0.11299 0.55313 1.096 0.252 1246.125 0.02505
-0.08201 -0.02605 0.07340 0.11310 0.55425 0.847 0.226 1246.155 0.02508
-0.08209 -0.02607 0.07347 0.11321 0.55537 0.815 0.226 1246.185 0.02510
-0.08217 -0.02610 0.07354 0.11332 0.55649 0.835 0.225 1246.215 0.02513
-0.08225 -0.02613 0.07362 0.11344 0.55762 0.995 0.237 1246.244 0.02515
-0.08234 -0.02615 0.07369 0.11355 0.55874 1.225 0.259 1246.274 0.02517
-0.08242 -0.02618 0.07376 0.11366 0.55986 0.991 0.238 1246.304 0.02520
-0.08250 -0.02620 0.07384 0.11378 0.56098 0.971 0.237 1246.334 0.02522
-0.08258 -0.02623 0.07391 0.11389 0.56210 0.869 0.232 1246.364 0.02525
-0.08266 -0.02626 0.07398 0.11400 0.56322 0.862 0.229 1246.394 0.02527
-0.08275 -0.02628 0.07406 0.11411 0.56434 0.655 0.203 1246.424 0.02530
-0.08283 -0.02631 0.07413 0.11423 0.56546 0.750 0.216 1246.454 0.02532
-0.08291 -0.02633 0.07420 0.11434 0.56658 0.941 0.232 1246.483 0.02535
-0.08299 -0.02636 0.07428 0.11445 0.56770 0.784 0.216 1246.513 0.02537
-0.08307 -0.02639 0.07435 0.11457 0.56883 0.909 0.228 1246.543 0.02540
-0.08316 -0.02641 0.07442 0.11468 0.56995 1.003 0.237 1246.573 0.02542
-0.08324 -0.02644 0.07450 0.11479 0.57107 1.162 0.251 1246.603 0.02545
-0.08332 -0.02646 0.07457 0.11490 0.57219 0.847 0.222 1246.633 0.02547
-0.08340 -0.02649 0.07464 0.11502 0.57331 1.005 0.240 1246.663 0.02549
-0.08348 -0.02652 0.07472 0.11513 0.57443 1.099 0.248 1246.693 0.02552
-0.08357 -0.02654 0.07479 0.11524 0.57555 1.226 0.256 1246.722 0.02554
-0.08365 -0.02657 0.07486 0.11536 0.57667 0.783 0.219 1246.752 0.02557
-0.08373 -0.02659 0.07494 0.11547 0.57780 0.815 0.222 1246.782 0.02559
-0.08381 -0.02662 0.07501 0.11558 0.57892 0.972 0.234 1246.812 0.02562
-0.08389 -0.02665 0.07508 0.11570 0.58004 0.972 0.234 1246.842 0.02564
-0.08398 -0.02667 0.07516 0.11581 0.58116 0.972 0.234 1246.872 0.02567
-0.08406 -0.02670 0.07523 0.11592 0.58228 1.319 0.263 1246.902 0.02569
-0.08414 -0.02672 0.07530 0.11603 0.58340 0.815 0.222 1246.932 0.02572
-0.08422 -0.02675 0.07538 0.11615 0.58453 0.973 0.234 1246.961 0.02574
-0.08430 -0.02678 0.07545 0.11626 0.58565 0.751 0.213 1246.991 0.02576
-0.08438 -0.02680 0.07552 0.11637 0.58677 0.626 0.202 1247.021 0.02579
-0.08447 -0.02683 0.07560 0.11649 0.58789 0.752 0.215 1247.051 0.02581
-0.08455 -0.02686 0.07567 0.11660 0.58901 0.688 0.209 1247.081 0.02584
-0.08463 -0.02688 0.07574 0.11671 0.59013 0.939 0.231 1247.111 0.02586
-0.08471 -0.02691 0.07582 0.11683 0.59126 0.435 0.187 1247.141 0.02589
-0.08479 -0.02693 0.07589 0.11694 0.59238 0.561 0.198 1247.171 0.02591
-0.08488 -0.02696 0.07596 0.11705 0.59350 0.468 0.187 1247.201 0.02594
-0.08496 -0.02699 0.07604 0.11717 0.59462 0.626 0.205 1247.230 0.02596
-0.08504 -0.02701 0.07611 0.11728 0.59575 0.562 0.197 1247.260 0.02599
-0.08512 -0.02704 0.07618 0.11739 0.59687 0.783 0.218 1247.290 0.02601
-0.08520 -0.02706 0.07626 0.11750 0.59799 0.658 0.209 1247.320 0.02604
-0.08529 -0.02709 0.07633 0.11762 0.59911 0.940 0.231 1247.350 0.02606
-0.08537 -0.02712 0.07640 0.11773 0.60023 0.909 0.230 1247.380 0.02608
-0.08545 -0.02714 0.07648 0.11784 0.60136 1.097 0.244 1247.410 0.02611
-0.08553 -0.02717 0.07655 0.11796 0.60248 1.002 0.239 1247.440 0.02613
-0.08561 -0.02719 0.07662 0.11807 0.60360 0.719 0.215 1247.469 0.02616
-0.08570 -0.02722 0.07670 0.11818 0.60472 1.223 0.257 1247.499 0.02618
-0.08578 -0.02725 0.07677 0.11830 0.60585 1.095 0.244 1247.529 0.02621
-0.08586 -0.02727 0.07684 0.11841 0.60697 1.127 0.247 1247.559 0.02623
-0.08594 -0.02730 0.07692 0.11852 0.60809 1.158 0.249 1247.589 0.02626
-0.08602 -0.02732 0.07699 0.11864 0.60921 1.157 0.249 1247.619 0.02628
-0.08611 -0.02735 0.07706 0.11875 0.61034 0.715 0.212 1247.649 0.02631
-0.08619 -0.02738 0.07714 0.11886 0.61146 1.059 0.243 1247.679 0.02633
-0.08627 -0.02740 0.07721 0.11897 0.61258 1.121 0.247 1247.708 0.02635
-0.08635 -0.02743 0.07728 0.11909 0.61370 0.776 0.215 1247.738 0.02638
-0.08643 -0.02745 0.07736 0.11920 0.61483 1.245 0.257 1247.768 0.02640
-0.08652 -0.02748 0.07743 0.11931 0.61595 0.869 0.224 1247.798 0.02643
-0.08660 -0.02751 0.07750 0.11943 0.61707 1.215 0.254 1247.828 0.02645
-0.08668 -0.02753 0.07758 0.11954 0.61820 1.090 0.244 1247.858 0.02648
-0.08676 -0.02756 0.07765 0.11965 0.61932 1.278 0.259 1247.888 0.02650
-0.08684 -0.02758 0.07772 0.11977 0.62044 1.089 0.244 1247.918 0.02653
-0.08693 -0.02761 0.07780 0.11988 0.62156 1.248 0.257 1247.947 0.02655
-0.08701 -0.02764 0.07787 0.11999 0.62269 0.903 0.229 1247.977 0.02658
-0.08709 -0.02766 0.07794 0.12011 0.62381 0.868 0.223 1248.007 0.02660
-0.08717 -0.02769 0.07802 0.12022 0.62493 0.929 0.229 1248.037 0.02662
-0.08726 -0.02771 0.07809 0.12033 0.62606 0.927 0.229 1248.067 0.02665
-0.08734 -0.02774 0.07817 0.12045 0.62718 1.253 0.269 1248.097 0.02667
-0.08742 -0.02777 0.07824 0.12056 0.62830 0.833 0.220 1248.127 0.02670
-0.08750 -0.02779 0.07831 0.12067 0.62943 0.851 0.244 1248.157 0.02672
-0.08758 -0.02782 0.07839 0.12078 0.63055 1.144 0.248 1248.187 0.02675
-0.08767 -0.02784 0.07846 0.12090 0.63167 1.071 0.262 1248.216 0.02677
-0.08775 -0.02787 0.07853 0.12101 0.63280 1.020 0.237 1248.246 0.02680
-0.08783 -0.02790 0.07861 0.12112 0.63392 1.008 0.257 1248.276 0.02682
-0.08791 -0.02792 0.07868 0.12124 0.63504 1.364 0.266 1248.306 0.02685
-0.08799 -0.02795 0.07875 0.12135 0.63617 1.082 0.242 1248.336 0.02687
-0.08808 -0.02798 0.07883 0.12146 0.63729 0.769 0.214 1248.366 0.02690
-0.08816 -0.02800 0.07890 0.12158 0.63841 1.175 0.250 1248.396 0.02692
-0.08824 -0.02803 0.07897 0.12169 0.63954 0.925 0.228 1248.426 0.02694
-0.08832 -0.02805 0.07905 0.12180 0.64066 1.148 0.248 1248.455 0.02697
-0.08840 -0.02808 0.07912 0.12192 0.64179 0.960 0.231 1248.485 0.02699
-0.08849 -0.02811 0.07919 0.12203 0.64291 0.585 0.193 1248.515 0.02702
-0.08857 -0.02813 0.07927 0.12214 0.64403 1.178 0.251 1248.545 0.02704
-0.08865 -0.02816 0.07934 0.12226 0.64516 0.868 0.223 1248.575 0.02707
-0.08873 -0.02818 0.07941 0.12237 0.64628 1.087 0.243 1248.605 0.02709
-0.08881 -0.02821 0.07949 0.12248 0.64741 0.837 0.223 1248.635 0.02712
-0.08890 -0.02824 0.07956 0.12260 0.64853 0.805 0.217 1248.665 0.02714
-0.08898 -0.02826 0.07963 0.12271 0.64965 1.149 0.247 1248.694 0.02717
-0.08906 -0.02829 0.07971 0.12282 0.65078 0.867 0.223 1248.724 0.02719
-0.08914 -0.02831 0.07978 0.12294 0.65190 1.274 0.257 1248.754 0.02721
-0.08923 -0.02834 0.07985 0.12305 0.65303 1.118 0.245 1248.784 0.02724
-0.08931 -0.02837 0.07993 0.12316 0.65415 0.963 0.231 1248.814 0.02726
-0.08939 -0.02839 0.08000 0.12328 0.65527 0.901 0.231 1248.844 0.02729
-0.08947 -0.02842 0.08008 0.12339 0.65640 1.369 0.267 1248.874 0.02731
-0.08955 -0.02844 0.08015 0.12350 0.65752 1.210 0.255 1248.904 0.02734
-0.08964 -0.02847 0.08022 0.12362 0.65865 1.118 0.250 1248.933 0.02736
-0.08972 -0.02850 0.08030 0.12373 0.65977 0.831 0.225 1248.963 0.02739
-0.08980 -0.02852 0.08037 0.12384 0.66090 1.008 0.239 1248.993 0.02741
-0.08988 -0.02855 0.08044 0.12396 0.66202 1.045 0.242 1249.023 0.02744
-0.08996 -0.02858 0.08052 0.12407 0.66314 1.009 0.239 1249.053 0.02746
-0.09005 -0.02860 0.08059 0.12418 0.66427 0.998 0.239 1249.083 0.02749
-0.09013 -0.02863 0.08066 0.12430 0.66539 0.841 0.225 1249.113 0.02751
-0.09021 -0.02865 0.08074 0.12441 0.66652 1.077 0.244 1249.143 0.02753
-0.09029 -0.02868 0.08081 0.12452 0.66764 0.959 0.236 1249.173 0.02756
-0.09038 -0.02871 0.08088 0.12464 0.66877 1.350 0.267 1249.202 0.02758
-0.09046 -0.02873 0.08096 0.12475 0.66989 1.040 0.244 1249.232 0.02761
-0.09054 -0.02876 0.08103 0.12486 0.67102 1.127 0.247 1249.262 0.02763
-0.09062 -0.02878 0.08110 0.12498 0.67214 1.048 0.244 1249.292 0.02766
-0.09070 -0.02881 0.08118 0.12509 0.67327 1.121 0.249 1249.322 0.02768
-0.09079 -0.02884 0.08125 0.12520 0.67439 1.118 0.250 1249.352 0.02771
-0.09087 -0.02886 0.08133 0.12532 0.67552 0.820 0.224 1249.382 0.02773
-0.09095 -0.02889 0.08140 0.12543 0.67664 1.011 0.242 1249.412 0.02776
-0.09103 -0.02891 0.08147 0.12554 0.67777 0.811 0.220 1249.441 0.02778
-0.09111 -0.02894 0.08155 0.12566 0.67889 1.396 0.266 1249.471 0.02780
-0.09120 -0.02897 0.08162 0.12577 0.68002 1.303 0.259 1249.501 0.02783
-0.09128 -0.02899 0.08169 0.12588 0.68114 0.993 0.239 1249.531 0.02785
-0.09136 -0.02902 0.08177 0.12600 0.68227 1.022 0.239 1249.561 0.02788
-0.09144 -0.02905 0.08184 0.12611 0.68339 0.772 0.212 1249.591 0.02790
-0.09153 -0.02907 0.08191 0.12622 0.68452 1.296 0.261 1249.621 0.02793
-0.09161 -0.02910 0.08199 0.12634 0.68564 1.041 0.241 1249.651 0.02795
-0.09169 -0.02912 0.08206 0.12645 0.68677 1.230 0.256 1249.680 0.02798
-0.09177 -0.02915 0.08213 0.12656 0.68789 1.024 0.241 1249.710 0.02800
-0.09185 -0.02918 0.08221 0.12668 0.68902 1.168 0.251 1249.740 0.02803
-0.09194 -0.02920 0.08228 0.12679 0.69014 0.989 0.238 1249.770 0.02805
-0.09202 -0.02923 0.08236 0.12690 0.69127 1.099 0.246 1249.800 0.02808
-0.09210 -0.02925 0.08243 0.12702 0.69240 1.124 0.248 1249.830 0.02810
-0.09218 -0.02928 0.08250 0.12713 0.69352 1.340 0.266 1249.860 0.02812
-0.09227 -0.02931 0.08258 0.12724 0.69465 0.961 0.235 1249.890 0.02815
-0.09235 -0.02933 0.08265 0.12736 0.69577 0.913 0.230 1249.919 0.02817
-0.09243 -0.02936 0.08272 0.12747 0.69690 0.792 0.217 1249.949 0.02820
-0.09251 -0.02938 0.08280 0.12758 0.69802 1.323 0.263 1249.979 0.02822
-0.09259 -0.02941 0.08287 0.12770 0.69915 0.834 0.224 1250.009 0.02825
-0.09268 -0.02944 0.08294 0.12781 0.70027 0.913 0.232 1250.039 0.02827
-0.09276 -0.02946 0.08302 0.12792 0.70140 1.306 0.263 1250.069 0.02830
-0.09284 -0.02949 0.08309 0.12804 0.70253 0.892 0.224 1250.099 0.02832
-0.09292 -0.02952 0.08316 0.12815 0.70365 1.198 0.251 1250.129 0.02835
-0.09301 -0.02954 0.08324 0.12826 0.70478 1.075 0.240 1250.158 0.02837
-0.09309 -0.02957 0.08331 0.12838 0.70590 0.673 0.202 1250.188 0.02839
-0.09317 -0.02959 0.08339 0.12849 0.70703 1.137 0.246 1250.218 0.02842
-0.09325 -0.02962 0.08346 0.12860 0.70816 0.736 0.211 1250.248 0.02844
-0.09334 -0.02965 0.08353 0.12872 0.70928 0.797 0.215 1250.278 0.02847
-0.09342 -0.02967 0.08361 0.12883 0.71041 1.259 0.257 1250.308 0.02849
-0.09350 -0.02970 0.08368 0.12894 0.71153 0.797 0.214 1250.338 0.02852
-0.09358 -0.02972 0.08375 0.12906 0.71266 0.797 0.217 1250.368 0.02854
-0.09366 -0.02975 0.08383 0.12917 0.71379 0.859 0.223 1250.398 0.02857
-0.09375 -0.02978 0.08390 0.12928 0.71491 0.550 0.191 1250.427 0.02859
-0.09383 -0.02980 0.08397 0.12940 0.71604 0.550 0.194 1250.457 0.02862
-0.09391 -0.02983 0.08405 0.12951 0.71717 0.395 0.180 1250.487 0.02864
-0.09399 -0.02985 0.08412 0.12962 0.71829 0.242 0.157 1250.517 0.02866
-0.09408 -0.02988 0.08420 0.12974 0.71942 0.582 0.201 1250.547 0.02869
-0.09416 -0.02991 0.08427 0.12985 0.72055 0.491 0.191 1250.577 0.02871
-0.09424 -0.02993 0.08434 0.12997 0.72167 0.678 0.211 1250.607 0.02874
-0.09432 -0.02996 0.08442 0.13008 0.72280 1.320 0.260 1250.637 0.02876
-0.09440 -0.02999 0.08449 0.13019 0.72393 0.798 0.220 1250.666 0.02879
-0.09449 -0.03001 0.08456 0.13031 0.72505 0.952 0.231 1250.696 0.02881
-0.09457 -0.03004 0.08464 0.13042 0.72618 0.891 0.223 1250.726 0.02884
-0.09465 -0.03006 0.08471 0.13053 0.72731 1.200 0.250 1250.756 0.02886
-0.09473 -0.03009 0.08479 0.13065 0.72843 0.984 0.234 1250.786 0.02889
-0.09482 -0.03012 0.08486 0.13076 0.72956 0.801 0.219 1250.816 0.02891
-0.09490 -0.03014 0.08493 0.13087 0.73069 1.170 0.249 1250.846 0.02894
-0.09498 -0.03017 0.08501 0.13099 0.73181 0.861 0.225 1250.876 0.02896
-0.09506 -0.03019 0.08508 0.13110 0.73294 1.324 0.261 1250.905 0.02898
-0.09515 -0.03022 0.08515 0.13121 0.73407 1.138 0.249 1250.935 0.02901
-0.09523 -0.03025 0.08523 0.13133 0.73519 1.354 0.263 1250.965 0.02903
-0.09531 -0.03027 0.08530 0.13144 0.73632 0.955 0.234 1250.995 0.02906
-0.09539 -0.03030 0.08537 0.13155 0.73745 1.200 0.252 1251.025 0.02908
-0.09548 -0.03033 0.08545 0.13167 0.73858 1.291 0.256 1251.055 0.02911
-0.09556 -0.03035 0.08552 0.13178 0.73970 1.354 0.263 1251.085 0.02913
-0.09564 -0.03038 0.08560 0.13190 0.74083 1.200 0.252 1251.115 0.02916
-0.09572 -0.03040 0.08567 0.13201 0.74196 0.768 0.219 1251.144 0.02918
-0.09580 -0.03043 0.08574 0.13212 0.74308 1.106 0.246 1251.174 0.02921
-0.09589 -0.03046 0.08582 0.13224 0.74421 0.770 0.215 1251.204 0.02923
-0.09597 -0.03048 0.08589 0.13235 0.74534 1.383 0.263 1251.234 0.02925
-0.09605 -0.03051 0.08596 0.13246 0.74647 0.709 0.213 1251.264 0.02928
-0.09613 -0.03053 0.08604 0.13258 0.74759 1.016 0.238 1251.294 0.02930
-0.09622 -0.03056 0.08611 0.13269 0.74872 0.648 0.206 1251.324 0.02933
-0.09630 -0.03059 0.08619 0.13280 0.74985 0.678 0.209 1251.354 0.02935
-0.09638 -0.03061 0.08626 0.13292 0.75098 0.371 0.175 1251.384 0.02938
-0.09646 -0.03064 0.08633 0.13303 0.75210 0.522 0.193 1251.413 0.02940
-0.09655 -0.03067 0.08641 0.13315 0.75323 0.645 0.207 1251.443 0.02943
-0.09663 -0.03069 0.08648 0.13326 0.75436 0.583 0.200 1251.473 0.02945
-0.09671 -0.03072 0.08655 0.13337 0.75549 0.615 0.203 1251.503 0.02948
-0.09679 -0.03074 0.08663 0.13349 0.75661 0.706 0.213 1251.533 0.02950
-0.09688 -0.03077 0.08670 0.13360 0.75774 0.644 0.206 1251.563 0.02953
-0.09696 -0.03080 0.08678 0.13371 0.75887 0.430 0.182 1251.593 0.02955
-0.09704 -0.03082 0.08685 0.13383 0.76000 0.278 0.162 1251.623 0.02957
-0.09712 -0.03085 0.08692 0.13394 0.76113 0.278 0.161 1251.652 0.02960
-0.09720 -0.03088 0.08700 0.13405 0.76225 0.094 0.129 1251.682 0.02962
-0.09729 -0.03090 0.08707 0.13417 0.76338 0.155 0.141 1251.712 0.02965
-0.09737 -0.03093 0.08714 0.13428 0.76451 0.062 0.123 1251.742 0.02967
-0.09745 -0.03095 0.08722 0.13439 0.76564 0.276 0.161 1251.772 0.02970
-0.09753 -0.03098 0.08729 0.13451 0.76677 0.123 0.136 1251.802 0.02972
-0.09762 -0.03101 0.08737 0.13462 0.76789 0.581 0.200 1251.832 0.02975
-0.09770 -0.03103 0.08744 0.13474 0.76902 0.642 0.206 1251.862 0.02977
-0.09778 -0.03106 0.08751 0.13485 0.77015 0.916 0.227 1251.891 0.02980
-0.09786 -0.03108 0.08759 0.13496 0.77128 0.764 0.214 1251.921 0.02982
-0.09795 -0.03111 0.08766 0.13508 0.77241 0.641 0.205 1251.951 0.02984
-0.09803 -0.03114 0.08773 0.13519 0.77354 1.068 0.240 1251.981 0.02987
-0.09811 -0.03116 0.08781 0.13530 0.77466 0.732 0.215 1252.011 0.02989
-0.09819 -0.03119 0.08788 0.13542 0.77579 0.916 0.229 1252.041 0.02992
-0.09828 -0.03122 0.08796 0.13553 0.77692 0.947 0.232 1252.071 0.02994
-0.09836 -0.03124 0.08803 0.13565 0.77805 0.856 0.223 1252.101 0.02997
-0.09844 -0.03127 0.08810 0.13576 0.77918 0.978 0.234 1252.130 0.02999
-0.09852 -0.03129 0.08818 0.13587 0.78031 1.069 0.242 1252.160 0.03002
-0.09861 -0.03132 0.08825 0.13599 0.78144 0.945 0.231 1252.190 0.03004
-0.09869 -0.03135 0.08832 0.13610 0.78256 0.700 0.208 1252.220 0.03007
-0.09877 -0.03137 0.08840 0.13621 0.78369 1.065 0.237 1252.250 0.03009
-0.09885 -0.03140 0.08847 0.13633 0.78482 1.307 0.256 1252.280 0.03011
-0.09894 -0.03142 0.08855 0.13644 0.78595 1.230 0.254 1252.310 0.03014
-0.09902 -0.03145 0.08862 0.13656 0.78708 0.887 0.226 1252.340 0.03016
-0.09910 -0.03148 0.08869 0.13667 0.78821 0.696 0.207 1252.370 0.03019
-0.09918 -0.03150 0.08877 0.13678 0.78934 1.154 0.248 1252.399 0.03021
-0.09927 -0.03153 0.08884 0.13690 0.79047 0.536 0.192 1252.429 0.03024
-0.09935 -0.03156 0.08891 0.13701 0.79160 1.308 0.258 1252.459 0.03026
-0.09943 -0.03158 0.08899 0.13712 0.79272 1.146 0.246 1252.489 0.03029
-0.09951 -0.03161 0.08906 0.13724 0.79385 0.738 0.210 1252.519 0.03031
-0.09960 -0.03163 0.08914 0.13735 0.79498 1.007 0.236 1252.549 0.03034
-0.09968 -0.03166 0.08921 0.13747 0.79611 0.829 0.220 1252.579 0.03036
-0.09976 -0.03169 0.08928 0.13758 0.79724 1.097 0.244 1252.609 0.03039
-0.09984 -0.03171 0.08936 0.13769 0.79837 1.303 0.258 1252.638 0.03041
-0.09993 -0.03174 0.08943 0.13781 0.79950 0.957 0.233 1252.668 0.03043
-0.10001 -0.03177 0.08951 0.13792 0.80063 0.911 0.225 1252.698 0.03046
-0.10009 -0.03179 0.08958 0.13803 0.80176 1.093 0.241 1252.728 0.03048
-0.10017 -0.03182 0.08965 0.13815 0.80289 0.743 0.214 1252.758 0.03051
-0.10026 -0.03184 0.08973 0.13826 0.80402 1.227 0.255 1252.788 0.03053
-0.10034 -0.03187 0.08980 0.13838 0.80515 1.085 0.238 1252.818 0.03056
-0.10042 -0.03190 0.08987 0.13849 0.80628 1.054 0.236 1252.848 0.03058
-0.10050 -0.03192 0.08995 0.13860 0.80741 0.963 0.227 1252.877 0.03061
-0.10059 -0.03195 0.09002 0.13872 0.80853 1.053 0.235 1252.907 0.03063
-0.10067 -0.03198 0.09010 0.13883 0.80966 0.932 0.225 1252.937 0.03066
-0.10075 -0.03200 0.09017 0.13894 0.81079 0.963 0.227 1252.967 0.03068
-0.10083 -0.03203 0.09024 0.13906 0.81192 0.568 0.194 1252.997 0.03070
-0.10092 -0.03205 0.09032 0.13917 0.81305 1.054 0.235 1253.027 0.03073
-0.10100 -0.03208 0.09039 0.13929 0.81418 0.841 0.216 1253.057 0.03075
-0.10108 -0.03211 0.09047 0.13940 0.81531 1.052 0.235 1253.087 0.03078
-0.10116 -0.03213 0.09054 0.13951 0.81644 0.809 0.213 1253.116 0.03080
-0.10125 -0.03216 0.09061 0.13963 0.81757 1.141 0.243 1253.146 0.03083
-0.10133 -0.03218 0.09069 0.13974 0.81870 0.959 0.226 1253.176 0.03085
-0.10141 -0.03221 0.09076 0.13986 0.81983 0.839 0.215 1253.206 0.03088
-0.10149 -0.03224 0.09084 0.13997 0.82096 1.141 0.242 1253.236 0.03090
-0.10158 -0.03226 0.09091 0.14008 0.82209 0.930 0.224 1253.266 0.03093
-0.10166 -0.03229 0.09098 0.14020 0.82322 0.989 0.230 1253.296 0.03095
-0.10174 -0.03232 0.09106 0.14031 0.82435 0.717 0.203 1253.326 0.03098
-0.10182 -0.03234 0.09113 0.14042 0.82548 0.867 0.218 1253.356 0.03100
-0.10191 -0.03237 0.09120 0.14054 0.82661 1.049 0.234 1253.385 0.03102
-0.10199 -0.03239 0.09128 0.14065 0.82774 0.989 0.230 1253.415 0.03105
-0.10207 -0.03242 0.09135 0.14077 0.82887 0.928 0.224 1253.445 0.03107
-0.10215 -0.03245 0.09143 0.14088 0.83000 0.805 0.213 1253.475 0.03110
-0.10224 -0.03247 0.09150 0.14099 0.83113 0.715 0.206 1253.505 0.03112
-0.10232 -0.03250 0.09157 0.14111 0.83227 0.867 0.218 1253.535 0.03115
-0.10240 -0.03253 0.09165 0.14122 0.83340 1.199 0.247 1253.565 0.03117
-0.10248 -0.03255 0.09172 0.14134 0.83453 0.716 0.203 1253.595 0.03120
-0.10257 -0.03258 0.09180 0.14145 0.83566 0.746 0.206 1253.624 0.03122
-0.10265 -0.03260 0.09187 0.14156 0.83679 0.293 0.159 1253.654 0.03125
-0.10273 -0.03263 0.09194 0.14168 0.83792 0.201 0.150 1253.684 0.03127
-0.10282 -0.03266 0.09202 0.14179 0.83905 0.261 0.155 1253.714 0.03129
-0.10290 -0.03268 0.09209 0.14190 0.84018 0.201 0.150 1253.744 0.03132
-0.10298 -0.03271 0.09217 0.14202 0.84131 0.233 0.154 1253.774 0.03134
-0.10306 -0.03274 0.09224 0.14213 0.84244 0.203 0.149 1253.804 0.03137
-0.10315 -0.03276 0.09231 0.14225 0.84357 0.504 0.183 1253.834 0.03139
-0.10323 -0.03279 0.09239 0.14236 0.84470 0.865 0.218 1253.863 0.03142
-0.10331 -0.03281 0.09246 0.14247 0.84583 0.805 0.214 1253.893 0.03144
-0.10339 -0.03284 0.09254 0.14259 0.84696 0.624 0.196 1253.923 0.03147
-0.10348 -0.03287 0.09261 0.14270 0.84810 0.986 0.228 1253.953 0.03149
-0.10356 -0.03289 0.09268 0.14282 0.84923 0.927 0.223 1253.983 0.03152
-0.10364 -0.03292 0.09276 0.14293 0.85036 1.169 0.244 1254.013 0.03154
-0.10372 -0.03295 0.09283 0.14304 0.85149 0.807 0.215 1254.043 0.03157
-0.10381 -0.03297 0.09290 0.14316 0.85262 0.657 0.202 1254.073 0.03159
-0.10389 -0.03300 0.09298 0.14327 0.85375 1.196 0.246 1254.102 0.03161
-0.10397 -0.03302 0.09305 0.14339 0.85488 1.136 0.240 1254.132 0.03164
-0.10405 -0.03305 0.09313 0.14350 0.85601 0.956 0.228 1254.162 0.03166
-0.10414 -0.03308 0.09320 0.14361 0.85714 0.776 0.211 1254.192 0.03169
-0.10422 -0.03310 0.09327 0.14373 0.85828 1.048 0.234 1254.222 0.03171
-0.10430 -0.03313 0.09335 0.14384 0.85941 1.059 0.238 1254.252 0.03174
-0.10439 -0.03316 0.09342 0.14396 0.86054 0.927 0.228 1254.282 0.03176
-0.10447 -0.03318 0.09350 0.14407 0.86167 1.196 0.262 1254.312 0.03179
-0.10455 -0.03321 0.09357 0.14418 0.86280 0.991 0.230 1254.342 0.03181
-0.10463 -0.03323 0.09364 0.14430 0.86393 1.441 0.286 1254.371 0.03184
-0.10472 -0.03326 0.09372 0.14441 0.86506 0.796 0.214 1254.401 0.03186
-0.10480 -0.03329 0.09379 0.14453 0.86620 0.856 0.234 1254.431 0.03188
-0.10488 -0.03331 0.09387 0.14464 0.86733 1.155 0.244 1254.461 0.03191
-0.10496 -0.03334 0.09394 0.14475 0.86846 0.847 0.240 1254.491 0.03193
-0.10505 -0.03337 0.09401 0.14487 0.86959 0.984 0.232 1254.521 0.03196
-0.10513 -0.03339 0.09409 0.14498 0.87072 0.904 0.225 1254.551 0.03198
-0.10521 -0.03342 0.09416 0.14510 0.87185 0.783 0.214 1254.581 0.03201
-0.10529 -0.03344 0.09424 0.14521 0.87299 1.277 0.254 1254.610 0.03203
-0.10538 -0.03347 0.09431 0.14532 0.87412 1.037 0.235 1254.640 0.03206
-0.10546 -0.03350 0.09438 0.14544 0.87525 0.784 0.213 1254.670 0.03208
-0.10554 -0.03352 0.09446 0.14555 0.87638 0.991 0.232 1254.700 0.03211
-0.10563 -0.03355 0.09453 0.14567 0.87751 1.076 0.237 1254.730 0.03213
-0.10571 -0.03358 0.09461 0.14578 0.87865 0.813 0.218 1254.760 0.03215
-0.10579 -0.03360 0.09468 0.14589 0.87978 0.748 0.213 1254.790 0.03218
-0.10587 -0.03363 0.09475 0.14601 0.88091 0.717 0.210 1254.820 0.03220
-0.10596 -0.03365 0.09483 0.14612 0.88204 0.985 0.232 1254.849 0.03223
-0.10604 -0.03368 0.09490 0.14624 0.88317 1.074 0.234 1254.879 0.03225
-0.10612 -0.03371 0.09498 0.14635 0.88431 1.042 0.232 1254.909 0.03228
-0.10620 -0.03373 0.09505 0.14646 0.88544 1.072 0.237 1254.939 0.03230
-0.10629 -0.03376 0.09512 0.14658 0.88657 0.744 0.210 1254.969 0.03233
-0.10637 -0.03379 0.09520 0.14669 0.88770 0.655 0.204 1254.999 0.03235
-0.10645 -0.03381 0.09527 0.14681 0.88884 1.161 0.241 1255.029 0.03238
-0.10654 -0.03384 0.09535 0.14692 0.88997 0.921 0.226 1255.059 0.03240
-0.10662 -0.03386 0.09542 0.14704 0.89110 1.249 0.249 1255.088 0.03243
-0.10670 -0.03389 0.09550 0.14715 0.89223 0.801 0.216 1255.118 0.03245
-0.10678 -0.03392 0.09557 0.14726 0.89337 0.922 0.226 1255.148 0.03247
-0.10687 -0.03394 0.09564 0.14738 0.89450 0.921 0.223 1255.178 0.03250
-0.10695 -0.03397 0.09572 0.14749 0.89563 1.190 0.244 1255.208 0.03252
-0.10703 -0.03400 0.09579 0.14761 0.89676 0.952 0.229 1255.238 0.03255
-0.10711 -0.03402 0.09587 0.14772 0.89790 0.803 0.215 1255.268 0.03257
-0.10720 -0.03405 0.09594 0.14783 0.89903 0.921 0.223 1255.298 0.03260
-0.10728 -0.03408 0.09601 0.14795 0.90016 1.040 0.233 1255.328 0.03262
-0.10736 -0.03410 0.09609 0.14806 0.90129 1.006 0.229 1255.357 0.03265
-0.10745 -0.03413 0.09616 0.14818 0.90243 1.066 0.233 1255.387 0.03267
-0.10753 -0.03415 0.09624 0.14829 0.90356 0.798 0.211 1255.417 0.03270
-0.10761 -0.03418 0.09631 0.14840 0.90469 1.005 0.228 1255.447 0.03272
-0.10769 -0.03421 0.09638 0.14852 0.90583 1.213 0.245 1255.477 0.03274
-0.10778 -0.03423 0.09646 0.14863 0.90696 0.856 0.217 1255.507 0.03277
-0.10786 -0.03426 0.09653 0.14875 0.90809 1.064 0.234 1255.537 0.03279
-0.10794 -0.03429 0.09661 0.14886 0.90923 0.826 0.214 1255.567 0.03282
-0.10802 -0.03431 0.09668 0.14898 0.91036 1.123 0.238 1255.596 0.03284
-0.10811 -0.03434 0.09675 0.14909 0.91149 0.887 0.222 1255.626 0.03287
-0.10819 -0.03436 0.09683 0.14920 0.91263 0.858 0.219 1255.656 0.03289
-0.10827 -0.03439 0.09690 0.14932 0.91376 1.391 0.258 1255.686 0.03292
-0.10836 -0.03442 0.09698 0.14943 0.91489 0.858 0.216 1255.716 0.03294
-0.10844 -0.03444 0.09705 0.14955 0.91603 0.976 0.227 1255.746 0.03297
-0.10852 -0.03447 0.09712 0.14966 0.91716 0.975 0.227 1255.776 0.03299
-0.10860 -0.03450 0.09720 0.14977 0.91829 0.589 0.193 1255.806 0.03302
-0.10869 -0.03452 0.09727 0.14989 0.91943 1.210 0.244 1255.835 0.03304
-0.10877 -0.03455 0.09735 0.15000 0.92056 1.091 0.237 1255.865 0.03306
-0.10885 -0.03457 0.09742 0.15012 0.92169 0.618 0.196 1255.895 0.03309
-0.10894 -0.03460 0.09750 0.15023 0.92283 1.032 0.232 1255.925 0.03311
-0.10902 -0.03463 0.09757 0.15035 0.92396 0.530 0.190 1255.955 0.03314
-0.10910 -0.03465 0.09764 0.15046 0.92509 0.943 0.224 1255.985 0.03316
-0.10918 -0.03468 0.09772 0.15057 0.92623 0.942 0.222 1256.015 0.03319
-0.10927 -0.03471 0.09779 0.15069 0.92736 0.914 0.222 1256.045 0.03321
-0.10935 -0.03473 0.09787 0.15080 0.92849 0.766 0.211 1256.074 0.03324
-0.10943 -0.03476 0.09794 0.15092 0.92963 0.855 0.219 1256.104 0.03326
-0.10952 -0.03479 0.09801 0.15103 0.93076 0.854 0.216 1256.134 0.03329
-0.10960 -0.03481 0.09809 0.15115 0.93190 0.589 0.192 1256.164 0.03331
-0.10968 -0.03484 0.09816 0.15126 0.93303 0.765 0.210 1256.194 0.03333
-0.10976 -0.03486 0.09824 0.15137 0.93416 0.649 0.201 1256.224 0.03336
-0.10985 -0.03489 0.09831 0.15149 0.93530 0.884 0.218 1256.254 0.03338
-0.10993 -0.03492 0.09838 0.15160 0.93643 0.942 0.225 1256.284 0.03341
-0.11001 -0.03494 0.09846 0.15172 0.93757 0.677 0.204 1256.314 0.03343
-0.11010 -0.03497 0.09853 0.15183 0.93870 0.677 0.204 1256.343 0.03346
-0.11018 -0.03500 0.09861 0.15195 0.93983 0.854 0.218 1256.373 0.03348
-0.11026 -0.03502 0.09868 0.15206 0.94097 1.237 0.247 1256.403 0.03351
-0.11034 -0.03505 0.09876 0.15217 0.94210 0.588 0.195 1256.433 0.03353
-0.11043 -0.03507 0.09883 0.15229 0.94324 0.911 0.223 1256.463 0.03356
-0.11051 -0.03510 0.09890 0.15240 0.94437 0.823 0.215 1256.493 0.03358
-0.11059 -0.03513 0.09898 0.15252 0.94551 0.734 0.207 1256.523 0.03361
-0.11068 -0.03515 0.09905 0.15263 0.94664 1.057 0.231 1256.553 0.03363
-0.11076 -0.03518 0.09913 0.15275 0.94777 1.291 0.249 1256.582 0.03365
-0.11084 -0.03521 0.09920 0.15286 0.94891 1.086 0.235 1256.612 0.03368
-0.11092 -0.03523 0.09927 0.15297 0.95004 0.819 0.212 1256.642 0.03370
-0.11101 -0.03526 0.09935 0.15309 0.95118 0.878 0.220 1256.672 0.03373
-0.11109 -0.03529 0.09942 0.15320 0.95231 1.172 0.240 1256.702 0.03375
-0.11117 -0.03531 0.09950 0.15332 0.95345 1.112 0.235 1256.732 0.03378
-0.11126 -0.03534 0.09957 0.15343 0.95458 0.906 0.220 1256.762 0.03380
-0.11134 -0.03536 0.09965 0.15355 0.95572 0.906 0.220 1256.792 0.03383
-0.11142 -0.03539 0.09972 0.15366 0.95685 1.199 0.242 1256.821 0.03385
-0.11150 -0.03542 0.09979 0.15377 0.95799 1.112 0.235 1256.851 0.03388
-0.11159 -0.03544 0.09987 0.15389 0.95912 1.113 0.239 1256.881 0.03390
-0.11167 -0.03547 0.09994 0.15400 0.96026 1.054 0.232 1256.911 0.03392
-0.11175 -0.03550 0.10002 0.15412 0.96139 1.169 0.239 1256.941 0.03395
-0.11184 -0.03552 0.10009 0.15423 0.96253 1.226 0.244 1256.971 0.03397
-0.11192 -0.03555 0.10017 0.15435 0.96366 0.728 0.203 1257.001 0.03400
-0.11200 -0.03557 0.10024 0.15446 0.96480 0.787 0.211 1257.031 0.03402
-0.11208 -0.03560 0.10031 0.15457 0.96593 0.992 0.227 1257.060 0.03405
-0.11217 -0.03563 0.10039 0.15469 0.96707 0.583 0.193 1257.090 0.03407
-0.11225 -0.03565 0.10046 0.15480 0.96820 0.934 0.222 1257.120 0.03410
-0.11233 -0.03568 0.10054 0.15492 0.96934 0.817 0.216 1257.150 0.03412
-0.11242 -0.03571 0.10061 0.15503 0.97047 0.844 0.216 1257.180 0.03415
-0.11250 -0.03573 0.10068 0.15515 0.97161 0.874 0.219 1257.210 0.03417
-0.11258 -0.03576 0.10076 0.15526 0.97274 1.078 0.231 1257.240 0.03419
-0.11267 -0.03579 0.10083 0.15537 0.97388 0.930 0.219 1257.270 0.03422
-0.11275 -0.03581 0.10091 0.15549 0.97501 1.164 0.238 1257.300 0.03424
-0.11283 -0.03584 0.10098 0.15560 0.97615 1.165 0.243 1257.329 0.03427
-0.11291 -0.03586 0.10106 0.15572 0.97728 1.230 0.247 1257.359 0.03429
-0.11300 -0.03589 0.10113 0.15583 0.97842 1.038 0.233 1257.389 0.03432
-0.11308 -0.03592 0.10120 0.15595 0.97955 0.828 0.215 1257.419 0.03434
-0.11316 -0.03594 0.10128 0.15606 0.98069 1.020 0.231 1257.449 0.03437
-0.11325 -0.03597 0.10135 0.15618 0.98183 1.129 0.236 1257.479 0.03439
-0.11333 -0.03600 0.10143 0.15629 0.98296 1.143 0.238 1257.509 0.03442
-0.11341 -0.03602 0.10150 0.15640 0.98410 1.119 0.238 1257.539 0.03444
-0.11349 -0.03605 0.10158 0.15652 0.98523 1.235 0.247 1257.568 0.03447
-0.11358 -0.03608 0.10165 0.15663 0.98637 0.908 0.218 1257.598 0.03449
-0.11366 -0.03610 0.10172 0.15675 0.98750 1.377 0.257 1257.628 0.03451
-0.11374 -0.03613 0.10180 0.15686 0.98864 1.233 0.246 1257.658 0.03454
-0.11383 -0.03615 0.10187 0.15698 0.98978 1.002 0.228 1257.688 0.03456
-0.11391 -0.03618 0.10195 0.15709 0.99091 1.025 0.230 1257.718 0.03459
-0.11399 -0.03621 0.10202 0.15721 0.99205 1.080 0.235 1257.748 0.03461
-0.11408 -0.03623 0.10210 0.15732 0.99318 1.015 0.230 1257.778 0.03464
-0.11416 -0.03626 0.10217 0.15743 0.99432 0.959 0.225 1257.807 0.03466
-0.11424 -0.03629 0.10224 0.15755 0.99546 0.752 0.207 1257.837 0.03469
-0.11432 -0.03631 0.10232 0.15766 0.99659 0.925 0.220 1257.867 0.03471
-0.11441 -0.03634 0.10239 0.15778 0.99773 0.606 0.192 1257.897 0.03474
-0.11449 -0.03637 0.10247 0.15789 0.99886 1.358 0.252 1257.927 0.03476
-0.11457 -0.03639 0.10254 0.15801 1.00000 1.155 0.237 1257.957 0.03478
