x y z dist_scaled dist_frac flux_norm sig_norm wavelength redshift
-0.04094 -0.00796 0.03923 0.05726 0.00000 0.951 0.058 1231.245 0.01281
-0.04102 -0.00798 0.03930 0.05737 0.00110 0.958 0.058 1231.275 0.01284
-0.04110 -0.00799 0.03938 0.05748 0.00220 0.912 0.056 1231.305 0.01286
-0.04118 -0.00801 0.03945 0.05759 0.00330 0.895 0.056 1231.335 0.01289
-0.04126 -0.00803 0.03953 0.05770 0.00440 0.904 0.056 1231.365 0.01291
-0.04134 -0.00804 0.03961 0.05781 0.00550 0.790 0.052 1231.395 0.01293
-0.04142 -0.00806 0.03968 0.05792 0.00661 0.896 0.056 1231.425 0.01296
-0.04150 -0.00807 0.03976 0.05803 0.00771 0.796 0.053 1231.454 0.01298
-0.04158 -0.00809 0.03983 0.05814 0.00881 0.979 0.058 1231.484 0.01301
-0.04166 -0.00810 0.03991 0.05826 0.00991 0.989 0.059 1231.514 0.01303
-0.04173 -0.00812 0.03999 0.05837 0.01101 1.047 0.060 1231.544 0.01306
-0.04181 -0.00813 0.04006 0.05848 0.01211 0.998 0.059 1231.574 0.01308
-0.04189 -0.00815 0.04014 0.05859 0.01321 1.098 0.062 1231.604 0.01311
-0.04197 -0.00816 0.04021 0.05870 0.01431 0.980 0.058 1231.634 0.01313
-0.04205 -0.00818 0.04029 0.05881 0.01541 0.981 0.058 1231.664 0.01316
-0.04213 -0.00820 0.04037 0.05892 0.01652 1.001 0.059 1231.693 0.01318
-0.04221 -0.00821 0.04044 0.05903 0.01762 0.996 0.059 1231.723 0.01321
-0.04229 -0.00823 0.04052 0.05914 0.01872 1.055 0.060 1231.753 0.01323
-0.04237 -0.00824 0.04059 0.05925 0.01982 0.893 0.056 1231.783 0.01325
-0.04245 -0.00826 0.04067 0.05936 0.02092 1.046 0.060 1231.813 0.01328
-0.04253 -0.00827 0.04075 0.05948 0.02202 1.059 0.060 1231.843 0.01330
-0.04261 -0.00829 0.04082 0.05959 0.02312 0.969 0.058 1231.873 0.01333
-0.04269 -0.00830 0.04090 0.05970 0.02423 1.072 0.061 1231.903 0.01335
-0.04277 -0.00832 0.04097 0.05981 0.02533 1.074 0.061 1231.932 0.01338
-0.04285 -0.00833 0.04105 0.05992 0.02643 1.057 0.060 1231.962 0.01340
-0.04293 -0.00835 0.04113 0.06003 0.02753 1.003 0.059 1231.992 0.01343
-0.04300 -0.00837 0.04120 0.06014 0.02863 1.021 0.059 1232.022 0.01345
-0.04308 -0.00838 0.04128 0.06025 0.02973 0.961 0.057 1232.052 0.01348
-0.04316 -0.00840 0.04135 0.06036 0.03084 1.075 0.061 1232.082 0.01350
-0.04324 -0.00841 0.04143 0.06047 0.03194 0.977 0.058 1232.112 0.01352
-0.04332 -0.00843 0.04151 0.06059 0.03304 0.945 0.061 1232.142 0.01355
-0.04340 -0.00844 0.04158 0.06070 0.03414 0.998 0.065 1232.171 0.01357
-0.04348 -0.00846 0.04166 0.06081 0.03524 0.935 0.063 1232.201 0.01360
-0.04356 -0.00847 0.04174 0.06092 0.03635 0.889 0.061 1232.231 0.01362
-0.04364 -0.00849 0.04181 0.06103 0.03745 0.997 0.065 1232.261 0.01365
-0.04372 -0.00850 0.04189 0.06114 0.03855 1.043 0.066 1232.291 0.01367
-0.04380 -0.00852 0.04196 0.06125 0.03965 0.997 0.065 1232.321 0.01370
-0.04388 -0.00854 0.04204 0.06136 0.04075 0.838 0.059 1232.351 0.01372
-0.04396 -0.00855 0.04212 0.06147 0.04186 1.029 0.066 1232.381 0.01375
-0.04404 -0.00857 0.04219 0.06159 0.04296 0.954 0.063 1232.411 0.01377
-0.04412 -0.00858 0.04227 0.06170 0.04406 0.941 0.063 1232.440 0.01380
-0.04420 -0.00860 0.04234 0.06181 0.04516 0.932 0.062 1232.470 0.01382
-0.04427 -0.00861 0.04242 0.06192 0.04627 1.060 0.066 1232.500 0.01384
-0.04435 -0.00863 0.04250 0.06203 0.04737 0.919 0.062 1232.530 0.01387
-0.04443 -0.00864 0.04257 0.06214 0.04847 0.897 0.061 1232.560 0.01389
-0.04451 -0.00866 0.04265 0.06225 0.04957 0.984 0.064 1232.590 0.01392
-0.04459 -0.00867 0.04272 0.06236 0.05068 0.903 0.057 1232.620 0.01394
-0.04467 -0.00869 0.04280 0.06247 0.05178 1.049 0.060 1232.650 0.01397
-0.04475 -0.00871 0.04288 0.06258 0.05288 0.913 0.056 1232.679 0.01399
-0.04483 -0.00872 0.04295 0.06270 0.05398 0.933 0.056 1232.709 0.01402
-0.04491 -0.00874 0.04303 0.06281 0.05509 0.981 0.058 1232.739 0.01404
-0.04499 -0.00875 0.04310 0.06292 0.05619 0.878 0.055 1232.769 0.01407
-0.04507 -0.00877 0.04318 0.06303 0.05729 0.866 0.054 1232.799 0.01409
-0.04515 -0.00878 0.04326 0.06314 0.05840 0.844 0.054 1232.829 0.01411
-0.04523 -0.00880 0.04333 0.06325 0.05950 0.930 0.056 1232.859 0.01414
-0.04531 -0.00881 0.04341 0.06336 0.06060 0.923 0.056 1232.889 0.01416
-0.04539 -0.00883 0.04349 0.06347 0.06170 0.859 0.054 1232.918 0.01419
-0.04547 -0.00884 0.04356 0.06358 0.06281 0.859 0.054 1232.948 0.01421
-0.04555 -0.00886 0.04364 0.06370 0.06391 0.772 0.051 1232.978 0.01424
-0.04563 -0.00888 0.04371 0.06381 0.06501 0.818 0.053 1233.008 0.01426
-0.04570 -0.00889 0.04379 0.06392 0.06612 0.760 0.051 1233.038 0.01429
-0.04578 -0.00891 0.04387 0.06403 0.06722 0.651 0.047 1233.068 0.01431
-0.04586 -0.00892 0.04394 0.06414 0.06832 0.688 0.048 1233.098 0.01434
-0.04594 -0.00894 0.04402 0.06425 0.06943 0.719 0.049 1233.128 0.01436
-0.04602 -0.00895 0.04409 0.06436 0.07053 0.889 0.055 1233.157 0.01439
-0.04610 -0.00897 0.04417 0.06447 0.07163 0.806 0.052 1233.187 0.01441
-0.04618 -0.00898 0.04425 0.06459 0.07274 0.882 0.055 1233.217 0.01443
-0.04626 -0.00900 0.04432 0.06470 0.07384 0.911 0.055 1233.247 0.01446
-0.04634 -0.00901 0.04440 0.06481 0.07494 0.895 0.055 1233.277 0.01448
-0.04642 -0.00903 0.04448 0.06492 0.07605 1.027 0.059 1233.307 0.01451
-0.04650 -0.00905 0.04455 0.06503 0.07715 0.897 0.055 1233.337 0.01453
-0.04658 -0.00906 0.04463 0.06514 0.07825 0.948 0.056 1233.367 0.01456
-0.04666 -0.00908 0.04470 0.06525 0.07936 0.988 0.058 1233.397 0.01458
-0.04674 -0.00909 0.04478 0.06536 0.08046 0.968 0.057 1233.426 0.01461
-0.04682 -0.00911 0.04486 0.06547 0.08156 0.957 0.057 1233.456 0.01463
-0.04690 -0.00912 0.04493 0.06559 0.08267 0.927 0.056 1233.486 0.01466
-0.04698 -0.00914 0.04501 0.06570 0.08377 0.996 0.058 1233.516 0.01468
-0.04706 -0.00915 0.04508 0.06581 0.08488 0.919 0.056 1233.546 0.01470
-0.04714 -0.00917 0.04516 0.06592 0.08598 0.962 0.057 1233.576 0.01473
-0.04722 -0.00918 0.04524 0.06603 0.08708 1.018 0.058 1233.606 0.01475
-0.04729 -0.00920 0.04531 0.06614 0.08819 1.001 0.058 1233.636 0.01478
-0.04737 -0.00922 0.04539 0.06625 0.08929 0.904 0.055 1233.665 0.01480
-0.04745 -0.00923 0.04547 0.06636 0.09040 0.886 0.054 1233.695 0.01483
-0.04753 -0.00925 0.04554 0.06648 0.09150 0.890 0.055 1233.725 0.01485
-0.04761 -0.00926 0.04562 0.06659 0.09260 0.909 0.055 1233.755 0.01488
-0.04769 -0.00928 0.04569 0.06670 0.09371 0.839 0.053 1233.785 0.01490
-0.04777 -0.00929 0.04577 0.06681 0.09481 0.868 0.054 1233.815 0.01493
-0.04785 -0.00931 0.04585 0.06692 0.09592 0.937 0.056 1233.845 0.01495
-0.04793 -0.00932 0.04592 0.06703 0.09702 0.807 0.052 1233.875 0.01497
-0.04801 -0.00934 0.04600 0.06714 0.09813 0.734 0.050 1233.904 0.01500
-0.04809 -0.00935 0.04608 0.06725 0.09923 0.903 0.055 1233.934 0.01502
-0.04817 -0.00937 0.04615 0.06737 0.10033 0.799 0.052 1233.964 0.01505
-0.04825 -0.00939 0.04623 0.06748 0.10144 0.879 0.054 1233.994 0.01507
-0.04833 -0.00940 0.04630 0.06759 0.10254 1.061 0.059 1234.024 0.01510
-0.04841 -0.00942 0.04638 0.06770 0.10365 0.932 0.056 1234.054 0.01512
-0.04849 -0.00943 0.04646 0.06781 0.10475 0.902 0.055 1234.084 0.01515
-0.04857 -0.00945 0.04653 0.06792 0.10586 0.937 0.056 1234.114 0.01517
-0.04865 -0.00946 0.04661 0.06803 0.10696 0.947 0.056 1234.143 0.01520
-0.04873 -0.00948 0.04669 0.06814 0.10807 1.063 0.059 1234.173 0.01522
-0.04881 -0.00949 0.04676 0.06826 0.10917 1.022 0.058 1234.203 0.01525
-0.04889 -0.00951 0.04684 0.06837 0.11028 1.012 0.058 1234.233 0.01527
-0.04897 -0.00952 0.04691 0.06848 0.11138 1.001 0.058 1234.263 0.01529
-0.04905 -0.00954 0.04699 0.06859 0.11248 0.991 0.057 1234.293 0.01532
-0.04912 -0.00956 0.04707 0.06870 0.11359 0.954 0.056 1234.323 0.01534
-0.04920 -0.00957 0.04714 0.06881 0.11469 1.033 0.059 1234.353 0.01537
-0.04928 -0.00959 0.04722 0.06892 0.11580 0.973 0.057 1234.383 0.01539
-0.04936 -0.00960 0.04730 0.06904 0.11690 0.956 0.056 1234.412 0.01542
-0.04944 -0.00962 0.04737 0.06915 0.11801 0.989 0.057 1234.442 0.01544
-0.04952 -0.00963 0.04745 0.06926 0.11911 1.009 0.058 1234.472 0.01547
-0.04960 -0.00965 0.04752 0.06937 0.12022 0.941 0.062 1234.502 0.01549
-0.04968 -0.00966 0.04760 0.06948 0.12132 0.981 0.063 1234.532 0.01552
-0.04976 -0.00968 0.04768 0.06959 0.12243 1.069 0.066 1234.562 0.01554
-0.04984 -0.00970 0.04775 0.06970 0.12354 1.054 0.065 1234.592 0.01556
-0.04992 -0.00971 0.04783 0.06981 0.12464 0.978 0.063 1234.622 0.01559
-0.05000 -0.00973 0.04791 0.06993 0.12575 0.821 0.058 1234.651 0.01561
-0.05008 -0.00974 0.04798 0.07004 0.12685 0.986 0.063 1234.681 0.01564
-0.05016 -0.00976 0.04806 0.07015 0.12796 0.870 0.059 1234.711 0.01566
-0.05024 -0.00977 0.04813 0.07026 0.12906 0.820 0.058 1234.741 0.01569
-0.05032 -0.00979 0.04821 0.07037 0.13017 0.859 0.059 1234.771 0.01571
-0.05040 -0.00980 0.04829 0.07048 0.13127 1.109 0.067 1234.801 0.01574
-0.05048 -0.00982 0.04836 0.07059 0.13238 0.914 0.061 1234.831 0.01576
-0.05056 -0.00983 0.04844 0.07071 0.13348 0.989 0.063 1234.861 0.01579
-0.05064 -0.00985 0.04852 0.07082 0.13459 0.867 0.059 1234.890 0.01581
-0.05072 -0.00987 0.04859 0.07093 0.13570 0.979 0.063 1234.920 0.01584
-0.05080 -0.00988 0.04867 0.07104 0.13680 0.819 0.056 1234.950 0.01586
-0.05088 -0.00990 0.04875 0.07115 0.13791 0.947 0.056 1234.980 0.01588
-0.05096 -0.00991 0.04882 0.07126 0.13901 0.988 0.057 1235.010 0.01591
-0.05104 -0.00993 0.04890 0.07137 0.14012 0.971 0.057 1235.040 0.01593
-0.05112 -0.00994 0.04897 0.07149 0.14122 0.968 0.056 1235.070 0.01596
-0.05120 -0.00996 0.04905 0.07160 0.14233 1.022 0.058 1235.100 0.01598
-0.05128 -0.00997 0.04913 0.07171 0.14344 0.963 0.056 1235.129 0.01601
-0.05135 -0.00999 0.04920 0.07182 0.14454 0.923 0.055 1235.159 0.01603
-0.05143 -0.01001 0.04928 0.07193 0.14565 0.852 0.053 1235.189 0.01606
-0.05151 -0.01002 0.04936 0.07204 0.14675 0.876 0.054 1235.219 0.01608
-0.05159 -0.01004 0.04943 0.07215 0.14786 0.882 0.054 1235.249 0.01611
-0.05167 -0.01005 0.04951 0.07227 0.14897 0.987 0.057 1235.279 0.01613
-0.05175 -0.01007 0.04958 0.07238 0.15007 1.012 0.058 1235.309 0.01615
-0.05183 -0.01008 0.04966 0.07249 0.15118 0.810 0.052 1235.339 0.01618
-0.05191 -0.01010 0.04974 0.07260 0.15228 0.842 0.053 1235.369 0.01620
-0.05199 -0.01011 0.04981 0.07271 0.15339 0.783 0.051 1235.398 0.01623
-0.05207 -0.01013 0.04989 0.07282 0.15450 0.805 0.051 1235.428 0.01625
-0.05215 -0.01014 0.04997 0.07293 0.15560 0.675 0.047 1235.458 0.01628
-0.05223 -0.01016 0.05004 0.07305 0.15671 0.755 0.050 1235.488 0.01630
-0.05231 -0.01018 0.05012 0.07316 0.15782 0.847 0.053 1235.518 0.01633
-0.05239 -0.01019 0.05020 0.07327 0.15892 0.696 0.048 1235.548 0.01635
-0.05247 -0.01021 0.05027 0.07338 0.16003 0.641 0.046 1235.578 0.01638
-0.05255 -0.01022 0.05035 0.07349 0.16114 0.719 0.048 1235.608 0.01640
-0.05263 -0.01024 0.05042 0.07360 0.16224 0.839 0.052 1235.637 0.01643
-0.05271 -0.01025 0.05050 0.07371 0.16335 0.841 0.052 1235.667 0.01645
-0.05279 -0.01027 0.05058 0.07383 0.16446 0.894 0.054 1235.697 0.01647
-0.05287 -0.01028 0.05065 0.07394 0.16556 0.819 0.052 1235.727 0.01650
-0.05295 -0.01030 0.05073 0.07405 0.16667 0.871 0.053 1235.757 0.01652
-0.05303 -0.01032 0.05081 0.07416 0.16778 0.939 0.055 1235.787 0.01655
-0.05311 -0.01033 0.05088 0.07427 0.16888 0.883 0.054 1235.817 0.01657
-0.05319 -0.01035 0.05096 0.07438 0.16999 0.905 0.054 1235.847 0.01660
-0.05327 -0.01036 0.05104 0.07450 0.17110 0.918 0.055 1235.876 0.01662
-0.05335 -0.01038 0.05111 0.07461 0.17220 0.969 0.056 1235.906 0.01665
-0.05343 -0.01039 0.05119 0.07472 0.17331 1.018 0.058 1235.936 0.01667
-0.05351 -0.01041 0.05127 0.07483 0.17442 0.916 0.055 1235.966 0.01670
-0.05359 -0.01042 0.05134 0.07494 0.17553 0.977 0.056 1235.996 0.01672
-0.05367 -0.01044 0.05142 0.07505 0.17663 0.981 0.056 1236.026 0.01674
-0.05375 -0.01045 0.05149 0.07516 0.17774 1.091 0.060 1236.056 0.01677
-0.05383 -0.01047 0.05157 0.07528 0.17885 1.000 0.059 1236.086 0.01679
-0.05391 -0.01049 0.05165 0.07539 0.17995 1.087 0.059 1236.115 0.01682
-0.05399 -0.01050 0.05172 0.07550 0.18106 0.941 0.055 1236.145 0.01684
-0.05407 -0.01052 0.05180 0.07561 0.18217 0.927 0.055 1236.175 0.01687
-0.05415 -0.01053 0.05188 0.07572 0.18328 0.982 0.056 1236.205 0.01689
-0.05423 -0.01055 0.05195 0.07583 0.18438 1.023 0.058 1236.235 0.01692
-0.05430 -0.01056 0.05203 0.07595 0.18549 1.017 0.057 1236.265 0.01694
-0.05438 -0.01058 0.05211 0.07606 0.18660 1.003 0.057 1236.295 0.01697
-0.05446 -0.01059 0.05218 0.07617 0.18771 1.016 0.057 1236.325 0.01699
-0.05454 -0.01061 0.05226 0.07628 0.18881 0.964 0.056 1236.355 0.01701
-0.05462 -0.01063 0.05234 0.07639 0.18992 0.928 0.055 1236.384 0.01704
-0.05470 -0.01064 0.05241 0.07650 0.19103 0.951 0.056 1236.414 0.01706
-0.05478 -0.01066 0.05249 0.07661 0.19214 1.040 0.058 1236.444 0.01709
-0.05486 -0.01067 0.05256 0.07673 0.19324 0.892 0.054 1236.474 0.01711
-0.05494 -0.01069 0.05264 0.07684 0.19435 1.050 0.058 1236.504 0.01714
-0.05502 -0.01070 0.05272 0.07695 0.19546 0.979 0.056 1236.534 0.01716
-0.05510 -0.01072 0.05279 0.07706 0.19657 1.036 0.058 1236.564 0.01719
-0.05518 -0.01073 0.05287 0.07717 0.19768 0.885 0.053 1236.594 0.01721
-0.05526 -0.01075 0.05295 0.07728 0.19878 1.052 0.058 1236.623 0.01724
-0.05534 -0.01077 0.05302 0.07740 0.19989 0.987 0.056 1236.653 0.01726
-0.05542 -0.01078 0.05310 0.07751 0.20100 0.975 0.056 1236.683 0.01729
-0.05550 -0.01080 0.05318 0.07762 0.20211 1.000 0.057 1236.713 0.01731
-0.05558 -0.01081 0.05325 0.07773 0.20322 1.076 0.059 1236.743 0.01733
-0.05566 -0.01083 0.05333 0.07784 0.20432 0.988 0.056 1236.773 0.01736
-0.05574 -0.01084 0.05341 0.07795 0.20543 1.008 0.057 1236.803 0.01738
-0.05582 -0.01086 0.05348 0.07807 0.20654 1.181 0.062 1236.833 0.01741
-0.05590 -0.01087 0.05356 0.07818 0.20765 0.850 0.052 1236.862 0.01743
-0.05598 -0.01089 0.05364 0.07829 0.20876 0.937 0.055 1236.892 0.01746
-0.05606 -0.01091 0.05371 0.07840 0.20987 0.930 0.055 1236.922 0.01748
-0.05614 -0.01092 0.05379 0.07851 0.21097 0.930 0.055 1236.952 0.01751
-0.05622 -0.01094 0.05386 0.07862 0.21208 0.994 0.057 1236.982 0.01753
-0.05630 -0.01095 0.05394 0.07874 0.21319 0.974 0.056 1237.012 0.01756
-0.05638 -0.01097 0.05402 0.07885 0.21430 0.958 0.056 1237.042 0.01758
-0.05646 -0.01098 0.05409 0.07896 0.21541 0.942 0.055 1237.072 0.01760
-0.05654 -0.01100 0.05417 0.07907 0.21652 0.791 0.050 1237.101 0.01763
-0.05662 -0.01101 0.05425 0.07918 0.21762 0.874 0.053 1237.131 0.01765
-0.05670 -0.01103 0.05432 0.07929 0.21873 1.047 0.058 1237.161 0.01768
-0.05678 -0.01104 0.05440 0.07941 0.21984 0.989 0.056 1237.191 0.01770
-0.05686 -0.01106 0.05448 0.07952 0.22095 0.835 0.052 1237.221 0.01773
-0.05694 -0.01108 0.05455 0.07963 0.22206 1.011 0.057 1237.251 0.01775
-0.05702 -0.01109 0.05463 0.07974 0.22317 0.988 0.056 1237.281 0.01778
-0.05710 -0.01111 0.05471 0.07985 0.22428 0.994 0.056 1237.311 0.01780
-0.05718 -0.01112 0.05478 0.07996 0.22539 0.910 0.054 1237.341 0.01783
-0.05726 -0.01114 0.05486 0.08008 0.22650 0.987 0.056 1237.370 0.01785
-0.05734 -0.01115 0.05494 0.08019 0.22760 0.996 0.057 1237.400 0.01788
-0.05742 -0.01117 0.05501 0.08030 0.22871 0.900 0.054 1237.430 0.01790
-0.05750 -0.01118 0.05509 0.08041 0.22982 1.047 0.058 1237.460 0.01792
-0.05758 -0.01120 0.05517 0.08052 0.23093 0.988 0.056 1237.490 0.01795
-0.05766 -0.01122 0.05524 0.08064 0.23204 0.866 0.055 1237.520 0.01797
-0.05774 -0.01123 0.05532 0.08075 0.23315 0.943 0.055 1237.550 0.01800
-0.05782 -0.01125 0.05540 0.08086 0.23426 0.985 0.058 1237.580 0.01802
-0.05790 -0.01126 0.05547 0.08097 0.23537 0.853 0.052 1237.609 0.01805
-0.05798 -0.01128 0.05555 0.08108 0.23648 1.053 0.058 1237.639 0.01807
-0.05806 -0.01129 0.05563 0.08119 0.23759 0.945 0.055 1237.669 0.01810
-0.05814 -0.01131 0.05570 0.08131 0.23870 0.947 0.055 1237.699 0.01812
-0.05822 -0.01132 0.05578 0.08142 0.23981 0.928 0.054 1237.729 0.01815
-0.05830 -0.01134 0.05586 0.08153 0.24092 0.934 0.055 1237.759 0.01817
-0.05838 -0.01136 0.05593 0.08164 0.24202 0.873 0.053 1237.789 0.01819
-0.05846 -0.01137 0.05601 0.08175 0.24313 0.971 0.056 1237.819 0.01822
-0.05854 -0.01139 0.05608 0.08186 0.24424 1.022 0.057 1237.848 0.01824
-0.05862 -0.01140 0.05616 0.08198 0.24535 1.038 0.058 1237.878 0.01827
-0.05870 -0.01142 0.05624 0.08209 0.24646 1.076 0.059 1237.908 0.01829
-0.05878 -0.01143 0.05631 0.08220 0.24757 0.984 0.056 1237.938 0.01832
-0.05886 -0.01145 0.05639 0.08231 0.24868 1.024 0.057 1237.968 0.01834
-0.05894 -0.01146 0.05647 0.08242 0.24979 0.996 0.056 1237.998 0.01837
-0.05902 -0.01148 0.05654 0.08254 0.25090 0.908 0.054 1238.028 0.01839
-0.05910 -0.01150 0.05662 0.08265 0.25201 0.850 0.052 1238.058 0.01842
-0.05918 -0.01151 0.05670 0.08276 0.25312 0.931 0.054 1238.087 0.01844
-0.05926 -0.01153 0.05677 0.08287 0.25423 0.916 0.054 1238.117 0.01847
-0.05934 -0.01154 0.05685 0.08298 0.25534 1.000 0.056 1238.147 0.01849
-0.05942 -0.01156 0.05693 0.08309 0.25645 0.924 0.054 1238.177 0.01851
-0.05950 -0.01157 0.05700 0.08321 0.25756 0.928 0.054 1238.207 0.01854
-0.05958 -0.01159 0.05708 0.08332 0.25867 0.909 0.054 1238.237 0.01856
-0.05966 -0.01160 0.05716 0.08343 0.25978 0.880 0.053 1238.267 0.01859
-0.05974 -0.01162 0.05723 0.08354 0.26089 0.881 0.053 1238.297 0.01861
-0.05982 -0.01164 0.05731 0.08365 0.26200 0.858 0.052 1238.327 0.01864
-0.05990 -0.01165 0.05739 0.08377 0.26311 0.976 0.056 1238.356 0.01866
-0.05998 -0.01167 0.05746 0.08388 0.26422 0.926 0.054 1238.386 0.01869
-0.06006 -0.01168 0.05754 0.08399 0.26533 0.714 0.048 1238.416 0.01871
-0.06014 -0.01170 0.05762 0.08410 0.26644 0.853 0.052 1238.446 0.01874
-0.06022 -0.01171 0.05769 0.08421 0.26755 0.796 0.050 1238.476 0.01876
-0.06030 -0.01173 0.05777 0.08432 0.26866 0.628 0.045 1238.506 0.01878
-0.06038 -0.01174 0.05785 0.08444 0.26978 0.716 0.048 1238.536 0.01881
-0.06046 -0.01176 0.05792 0.08455 0.27089 0.669 0.046 1238.566 0.01883
-0.06054 -0.01178 0.05800 0.08466 0.27200 0.694 0.047 1238.595 0.01886
-0.06062 -0.01179 0.05808 0.08477 0.27311 0.609 0.044 1238.625 0.01888
-0.06070 -0.01181 0.05815 0.08488 0.27422 0.732 0.048 1238.655 0.01891
-0.06078 -0.01182 0.05823 0.08500 0.27533 0.729 0.048 1238.685 0.01893
-0.06086 -0.01184 0.05831 0.08511 0.27644 0.669 0.046 1238.715 0.01896
-0.06094 -0.01185 0.05838 0.08522 0.27755 0.542 0.041 1238.745 0.01898
-0.06102 -0.01187 0.05846 0.08533 0.27866 0.656 0.046 1238.775 0.01901
-0.06110 -0.01188 0.05854 0.08544 0.27977 0.681 0.046 1238.805 0.01903
-0.06118 -0.01190 0.05861 0.08556 0.28088 0.816 0.051 1238.834 0.01905
-0.06126 -0.01192 0.05869 0.08567 0.28199 0.806 0.051 1238.864 0.01908
-0.06134 -0.01193 0.05877 0.08578 0.28310 0.882 0.053 1238.894 0.01910
-0.06142 -0.01195 0.05884 0.08589 0.28422 0.951 0.055 1238.924 0.01913
-0.06150 -0.01196 0.05892 0.08600 0.28533 0.894 0.053 1238.954 0.01915
-0.06158 -0.01198 0.05900 0.08612 0.28644 0.852 0.052 1238.984 0.01918
-0.06166 -0.01199 0.05907 0.08623 0.28755 0.954 0.055 1239.014 0.01920
-0.06174 -0.01201 0.05915 0.08634 0.28866 0.913 0.054 1239.044 0.01923
-0.06182 -0.01202 0.05923 0.08645 0.28977 1.015 0.057 1239.073 0.01925
-0.06190 -0.01204 0.05930 0.08656 0.29088 1.121 0.059 1239.103 0.01928
-0.06198 -0.01206 0.05938 0.08668 0.29199 1.014 0.057 1239.133 0.01930
-0.06206 -0.01207 0.05946 0.08679 0.29310 1.131 0.060 1239.163 0.01933
-0.06214 -0.01209 0.05953 0.08690 0.29422 0.926 0.054 1239.193 0.01935
-0.06222 -0.01210 0.05961 0.08701 0.29533 1.074 0.058 1239.223 0.01937
-0.06230 -0.01212 0.05969 0.08712 0.29644 1.042 0.057 1239.253 0.01940
-0.06238 -0.01213 0.05976 0.08724 0.29755 0.999 0.056 1239.283 0.01942
-0.06246 -0.01215 0.05984 0.08735 0.29866 1.017 0.057 1239.313 0.01945
-0.06254 -0.01216 0.05992 0.08746 0.29977 1.052 0.058 1239.342 0.01947
-0.06262 -0.01218 0.05999 0.08757 0.30089 0.964 0.055 1239.372 0.01950
-0.06270 -0.01220 0.06007 0.08768 0.30200 0.930 0.054 1239.402 0.01952
-0.06278 -0.01221 0.06015 0.08780 0.30311 0.908 0.053 1239.432 0.01955
-0.06286 -0.01223 0.06022 0.08791 0.30422 0.935 0.054 1239.462 0.01957
-0.06294 -0.01224 0.06030 0.08802 0.30533 0.957 0.059 1239.492 0.01960
-0.06302 -0.01226 0.06038 0.08813 0.30644 0.832 0.055 1239.522 0.01962
-0.06310 -0.01227 0.06045 0.08824 0.30756 1.042 0.062 1239.552 0.01964
-0.06318 -0.01229 0.06053 0.08836 0.30867 0.933 0.058 1239.581 0.01967
-0.06326 -0.01231 0.06061 0.08847 0.30978 0.973 0.060 1239.611 0.01969
-0.06334 -0.01232 0.06069 0.08858 0.31089 0.998 0.060 1239.641 0.01972
-0.06342 -0.01234 0.06076 0.08869 0.31200 1.012 0.061 1239.671 0.01974
-0.06350 -0.01235 0.06084 0.08880 0.31312 1.023 0.061 1239.701 0.01977
-0.06358 -0.01237 0.06092 0.08892 0.31423 0.918 0.058 1239.731 0.01979
-0.06366 -0.01238 0.06099 0.08903 0.31534 0.878 0.057 1239.761 0.01982
-0.06374 -0.01240 0.06107 0.08914 0.31645 0.838 0.055 1239.791 0.01984
-0.06382 -0.01241 0.06115 0.08925 0.31756 1.037 0.061 1239.820 0.01987
-0.06390 -0.01243 0.06122 0.08936 0.31868 0.779 0.053 1239.850 0.01989
-0.06398 -0.01245 0.06130 0.08948 0.31979 0.840 0.055 1239.880 0.01992
-0.06406 -0.01246 0.06138 0.08959 0.32090 0.974 0.059 1239.910 0.01994
-0.06414 -0.01248 0.06145 0.08970 0.32201 0.887 0.057 1239.940 0.01996
-0.06422 -0.01249 0.06153 0.08981 0.32313 0.998 0.060 1239.970 0.01999
-0.06430 -0.01251 0.06161 0.08992 0.32424 1.007 0.056 1240.000 0.02001
-0.06438 -0.01252 0.06168 0.09004 0.32535 0.951 0.055 1240.030 0.02004
-0.06446 -0.01254 0.06176 0.09015 0.32646 0.978 0.055 1240.059 0.02006
-0.06454 -0.01255 0.06184 0.09026 0.32758 1.015 0.056 1240.089 0.02009
-0.06462 -0.01257 0.06191 0.09037 0.32869 1.017 0.056 1240.119 0.02011
-0.06470 -0.01259 0.06199 0.09048 0.32980 0.957 0.055 1240.149 0.02014
-0.06478 -0.01260 0.06207 0.09060 0.33091 0.998 0.056 1240.179 0.02016
-0.06486 -0.01262 0.06214 0.09071 0.33203 1.025 0.057 1240.209 0.02019
-0.06494 -0.01263 0.06222 0.09082 0.33314 0.988 0.056 1240.239 0.02021
-0.06502 -0.01265 0.06230 0.09093 0.33425 0.974 0.055 1240.269 0.02023
-0.06510 -0.01266 0.06237 0.09105 0.33537 0.957 0.055 1240.299 0.02026
-0.06518 -0.01268 0.06245 0.09116 0.33648 0.949 0.054 1240.328 0.02028
-0.06526 -0.01269 0.06253 0.09127 0.33759 0.897 0.053 1240.358 0.02031
-0.06534 -0.01271 0.06260 0.09138 0.33870 0.899 0.053 1240.388 0.02033
-0.06542 -0.01273 0.06268 0.09149 0.33982 1.014 0.056 1240.418 0.02036
-0.06550 -0.01274 0.06276 0.09161 0.34093 1.003 0.056 1240.448 0.02038
-0.06558 -0.01276 0.06284 0.09172 0.34204 1.013 0.056 1240.478 0.02041
-0.06566 -0.01277 0.06291 0.09183 0.34316 0.992 0.056 1240.508 0.02043
-0.06574 -0.01279 0.06299 0.09194 0.34427 0.975 0.055 1240.538 0.02046
-0.06582 -0.01280 0.06307 0.09205 0.34538 0.904 0.053 1240.567 0.02048
-0.06590 -0.01282 0.06314 0.09217 0.34650 0.928 0.054 1240.597 0.02050
-0.06598 -0.01284 0.06322 0.09228 0.34761 1.012 0.056 1240.627 0.02053
-0.06606 -0.01285 0.06330 0.09239 0.34872 1.083 0.058 1240.657 0.02055
-0.06614 -0.01287 0.06337 0.09250 0.34984 0.984 0.055 1240.687 0.02058
-0.06622 -0.01288 0.06345 0.09262 0.35095 1.027 0.057 1240.717 0.02060
-0.06630 -0.01290 0.06353 0.09273 0.35206 1.008 0.056 1240.747 0.02063
-0.06639 -0.01291 0.06360 0.09284 0.35318 1.113 0.059 1240.777 0.02065
-0.06647 -0.01293 0.06368 0.09295 0.35429 0.921 0.054 1240.806 0.02068
-0.06655 -0.01294 0.06376 0.09306 0.35540 0.970 0.055 1240.836 0.02070
-0.06663 -0.01296 0.06383 0.09318 0.35652 0.985 0.055 1240.866 0.02073
-0.06671 -0.01298 0.06391 0.09329 0.35763 0.991 0.056 1240.896 0.02075
-0.06679 -0.01299 0.06399 0.09340 0.35874 0.966 0.055 1240.926 0.02078
-0.06687 -0.01301 0.06406 0.09351 0.35986 0.932 0.054 1240.956 0.02080
-0.06695 -0.01302 0.06414 0.09362 0.36097 0.981 0.055 1240.986 0.02082
-0.06703 -0.01304 0.06422 0.09374 0.36209 1.021 0.056 1241.016 0.02085
-0.06711 -0.01305 0.06430 0.09385 0.36320 0.978 0.055 1241.045 0.02087
-0.06719 -0.01307 0.06437 0.09396 0.36431 1.014 0.056 1241.075 0.02090
-0.06727 -0.01308 0.06445 0.09407 0.36543 0.980 0.055 1241.105 0.02092
-0.06735 -0.01310 0.06453 0.09419 0.36654 1.026 0.056 1241.135 0.02095
-0.06743 -0.01312 0.06460 0.09430 0.36766 0.906 0.053 1241.165 0.02097
-0.06751 -0.01313 0.06468 0.09441 0.36877 0.929 0.054 1241.195 0.02100
-0.06759 -0.01315 0.06476 0.09452 0.36988 1.059 0.057 1241.225 0.02102
-0.06767 -0.01316 0.06483 0.09463 0.37100 1.082 0.058 1241.255 0.02105
-0.06775 -0.01318 0.06491 0.09475 0.37211 0.896 0.053 1241.285 0.02107
-0.06783 -0.01319 0.06499 0.09486 0.37323 0.891 0.053 1241.314 0.02109
-0.06791 -0.01321 0.06506 0.09497 0.37434 1.012 0.056 1241.344 0.02112
-0.06799 -0.01323 0.06514 0.09508 0.37545 0.953 0.054 1241.374 0.02114
-0.06807 -0.01324 0.06522 0.09520 0.37657 1.045 0.057 1241.404 0.02117
-0.06815 -0.01326 0.06530 0.09531 0.37768 1.043 0.057 1241.434 0.02119
-0.06823 -0.01327 0.06537 0.09542 0.37880 1.019 0.056 1241.464 0.02122
-0.06831 -0.01329 0.06545 0.09553 0.37991 1.061 0.057 1241.494 0.02124
-0.06839 -0.01330 0.06553 0.09565 0.38103 1.016 0.056 1241.524 0.02127
-0.06847 -0.01332 0.06560 0.09576 0.38214 1.031 0.056 1241.553 0.02129
-0.06855 -0.01333 0.06568 0.09587 0.38326 1.061 0.057 1241.583 0.02132
-0.06863 -0.01335 0.06576 0.09598 0.38437 1.008 0.056 1241.613 0.02134
-0.06871 -0.01337 0.06583 0.09609 0.38549 1.083 0.058 1241.643 0.02137
-0.06879 -0.01338 0.06591 0.09621 0.38660 1.053 0.057 1241.673 0.02139
-0.06887 -0.01340 0.06599 0.09632 0.38771 0.960 0.054 1241.703 0.02141
-0.06895 -0.01341 0.06606 0.09643 0.38883 0.988 0.055 1241.733 0.02144
-0.06903 -0.01343 0.06614 0.09654 0.38994 0.986 0.055 1241.763 0.02146
-0.06911 -0.01344 0.06622 0.09666 0.39106 1.017 0.056 1241.792 0.02149
-0.06919 -0.01346 0.06630 0.09677 0.39217 0.930 0.054 1241.822 0.02151
-0.06927 -0.01348 0.06637 0.09688 0.39329 1.005 0.056 1241.852 0.02154
-0.06936 -0.01349 0.06645 0.09699 0.39440 0.930 0.054 1241.882 0.02156
-0.06944 -0.01351 0.06653 0.09711 0.39552 0.939 0.054 1241.912 0.02159
-0.06952 -0.01352 0.06660 0.09722 0.39663 1.025 0.056 1241.942 0.02161
-0.06960 -0.01354 0.06668 0.09733 0.39775 0.957 0.054 1241.972 0.02164
-0.06968 -0.01355 0.06676 0.09744 0.39886 0.908 0.053 1242.002 0.02166
-0.06976 -0.01357 0.06683 0.09755 0.39998 0.978 0.055 1242.031 0.02168
-0.06984 -0.01358 0.06691 0.09767 0.40109 0.942 0.054 1242.061 0.02171
-0.06992 -0.01360 0.06699 0.09778 0.40221 0.898 0.053 1242.091 0.02173
-0.07000 -0.01362 0.06707 0.09789 0.40332 1.002 0.056 1242.121 0.02176
-0.07008 -0.01363 0.06714 0.09800 0.40444 0.874 0.052 1242.151 0.02178
-0.07016 -0.01365 0.06722 0.09812 0.40556 0.968 0.055 1242.181 0.02181
-0.07024 -0.01366 0.06730 0.09823 0.40667 0.925 0.053 1242.211 0.02183
-0.07032 -0.01368 0.06737 0.09834 0.40779 0.916 0.053 1242.241 0.02186
-0.07040 -0.01369 0.06745 0.09845 0.40890 0.980 0.055 1242.271 0.02188
-0.07048 -0.01371 0.06753 0.09857 0.41002 0.962 0.054 1242.300 0.02191
-0.07056 -0.01373 0.06760 0.09868 0.41113 1.017 0.056 1242.330 0.02193
-0.07064 -0.01374 0.06768 0.09879 0.41225 0.930 0.054 1242.360 0.02196
-0.07072 -0.01376 0.06776 0.09890 0.41336 0.854 0.051 1242.390 0.02198
-0.07080 -0.01377 0.06784 0.09902 0.41448 0.862 0.052 1242.420 0.02200
-0.07088 -0.01379 0.06791 0.09913 0.41560 0.884 0.052 1242.450 0.02203
-0.07096 -0.01380 0.06799 0.09924 0.41671 0.948 0.054 1242.480 0.02205
-0.07104 -0.01382 0.06807 0.09935 0.41783 0.868 0.052 1242.510 0.02208
-0.07112 -0.01383 0.06814 0.09947 0.41894 0.761 0.048 1242.539 0.02210
-0.07120 -0.01385 0.06822 0.09958 0.42006 0.859 0.051 1242.569 0.02213
-0.07128 -0.01387 0.06830 0.09969 0.42117 0.810 0.050 1242.599 0.02215
-0.07136 -0.01388 0.06837 0.09980 0.42229 0.825 0.050 1242.629 0.02218
-0.07144 -0.01390 0.06845 0.09992 0.42341 0.761 0.048 1242.659 0.02220
-0.07153 -0.01391 0.06853 0.10003 0.42452 0.831 0.051 1242.689 0.02223
-0.07161 -0.01393 0.06861 0.10014 0.42564 0.849 0.051 1242.719 0.02225
-0.07169 -0.01394 0.06868 0.10025 0.42675 0.837 0.051 1242.749 0.02227
-0.07177 -0.01396 0.06876 0.10036 0.42787 0.865 0.052 1242.778 0.02230
-0.07185 -0.01398 0.06884 0.10048 0.42899 0.803 0.050 1242.808 0.02232
-0.07193 -0.01399 0.06891 0.10059 0.43010 0.943 0.054 1242.838 0.02235
-0.07201 -0.01401 0.06899 0.10070 0.43122 0.864 0.051 1242.868 0.02237
-0.07209 -0.01402 0.06907 0.10081 0.43234 0.873 0.052 1242.898 0.02240
-0.07217 -0.01404 0.06914 0.10093 0.43345 0.897 0.052 1242.928 0.02242
-0.07225 -0.01405 0.06922 0.10104 0.43457 0.797 0.049 1242.958 0.02245
-0.07233 -0.01407 0.06930 0.10115 0.43569 0.851 0.051 1242.988 0.02247
-0.07241 -0.01409 0.06938 0.10126 0.43680 0.784 0.049 1243.017 0.02250
-0.07249 -0.01410 0.06945 0.10138 0.43792 0.757 0.048 1243.047 0.02252
-0.07257 -0.01412 0.06953 0.10149 0.43903 0.837 0.051 1243.077 0.02254
-0.07265 -0.01413 0.06961 0.10160 0.44015 0.785 0.049 1243.107 0.02257
-0.07273 -0.01415 0.06968 0.10171 0.44127 0.820 0.050 1243.137 0.02259
-0.07281 -0.01416 0.06976 0.10183 0.44238 0.900 0.052 1243.167 0.02262
-0.07289 -0.01418 0.06984 0.10194 0.44350 1.013 0.056 1243.197 0.02264
-0.07297 -0.01419 0.06992 0.10205 0.44462 0.987 0.055 1243.227 0.02267
-0.07305 -0.01421 0.06999 0.10216 0.44574 1.043 0.056 1243.257 0.02269
-0.07313 -0.01423 0.07007 0.10228 0.44685 0.879 0.052 1243.286 0.02272
-0.07321 -0.01424 0.07015 0.10239 0.44797 0.998 0.055 1243.316 0.02274
-0.07329 -0.01426 0.07022 0.10250 0.44909 0.887 0.052 1243.346 0.02277
-0.07338 -0.01427 0.07030 0.10261 0.45020 0.922 0.053 1243.376 0.02279
-0.07346 -0.01429 0.07038 0.10273 0.45132 0.903 0.055 1243.406 0.02282
-0.07354 -0.01430 0.07045 0.10284 0.45244 0.962 0.054 1243.436 0.02284
-0.07362 -0.01432 0.07053 0.10295 0.45355 0.987 0.055 1243.466 0.02286
-0.07370 -0.01434 0.07061 0.10307 0.45467 1.021 0.058 1243.496 0.02289
-0.07378 -0.01435 0.07069 0.10318 0.45579 0.967 0.054 1243.525 0.02291
-0.07386 -0.01437 0.07076 0.10329 0.45691 0.941 0.054 1243.555 0.02294
-0.07394 -0.01438 0.07084 0.10340 0.45802 0.959 0.056 1243.585 0.02296
-0.07402 -0.01440 0.07092 0.10352 0.45914 0.877 0.052 1243.615 0.02299
-0.07410 -0.01441 0.07099 0.10363 0.46026 0.940 0.054 1243.645 0.02301
-0.07418 -0.01443 0.07107 0.10374 0.46137 0.818 0.050 1243.675 0.02304
-0.07426 -0.01445 0.07115 0.10385 0.46249 0.797 0.049 1243.705 0.02306
-0.07434 -0.01446 0.07123 0.10397 0.46361 0.654 0.045 1243.735 0.02309
-0.07442 -0.01448 0.07130 0.10408 0.46473 0.602 0.043 1243.764 0.02311
-0.07450 -0.01449 0.07138 0.10419 0.46584 0.513 0.040 1243.794 0.02313
-0.07458 -0.01451 0.07146 0.10430 0.46696 0.750 0.048 1243.824 0.02316
-0.07466 -0.01452 0.07153 0.10442 0.46808 0.680 0.046 1243.854 0.02318
-0.07474 -0.01454 0.07161 0.10453 0.46920 0.786 0.049 1243.884 0.02321
-0.07482 -0.01455 0.07169 0.10464 0.47031 0.765 0.048 1243.914 0.02323
-0.07490 -0.01457 0.07177 0.10475 0.47143 0.634 0.044 1243.944 0.02326
-0.07499 -0.01459 0.07184 0.10487 0.47255 0.698 0.046 1243.974 0.02328
-0.07507 -0.01460 0.07192 0.10498 0.47367 0.774 0.049 1244.003 0.02331
-0.07515 -0.01462 0.07200 0.10509 0.47479 0.791 0.049 1244.033 0.02333
-0.07523 -0.01463 0.07207 0.10520 0.47590 0.667 0.045 1244.063 0.02336
-0.07531 -0.01465 0.07215 0.10532 0.47702 0.588 0.042 1244.093 0.02338
-0.07539 -0.01466 0.07223 0.10543 0.47814 0.639 0.044 1244.123 0.02341
-0.07547 -0.01468 0.07231 0.10554 0.47926 0.663 0.045 1244.153 0.02343
-0.07555 -0.01470 0.07238 0.10565 0.48038 0.654 0.045 1244.183 0.02345
-0.07563 -0.01471 0.07246 0.10577 0.48149 0.638 0.044 1244.213 0.02348
-0.07571 -0.01473 0.07254 0.10588 0.48261 0.701 0.046 1244.243 0.02350
-0.07579 -0.01474 0.07261 0.10599 0.48373 0.813 0.051 1244.272 0.02353
-0.07587 -0.01476 0.07269 0.10611 0.48485 0.956 0.054 1244.302 0.02355
-0.07595 -0.01477 0.07277 0.10622 0.48597 0.919 0.053 1244.332 0.02358
-0.07603 -0.01479 0.07285 0.10633 0.48708 1.077 0.057 1244.362 0.02360
-0.07611 -0.01481 0.07292 0.10644 0.48820 0.988 0.055 1244.392 0.02363
-0.07619 -0.01482 0.07300 0.10656 0.48932 0.988 0.055 1244.422 0.02365
-0.07627 -0.01484 0.07308 0.10667 0.49044 0.976 0.054 1244.452 0.02368
-0.07635 -0.01485 0.07316 0.10678 0.49156 1.009 0.055 1244.482 0.02370
-0.07643 -0.01487 0.07323 0.10689 0.49268 0.960 0.054 1244.511 0.02372
-0.07652 -0.01488 0.07331 0.10701 0.49379 1.027 0.056 1244.541 0.02375
-0.07660 -0.01490 0.07339 0.10712 0.49491 1.032 0.056 1244.571 0.02377
-0.07668 -0.01492 0.07346 0.10723 0.49603 1.072 0.057 1244.601 0.02380
-0.07676 -0.01493 0.07354 0.10734 0.49715 0.899 0.052 1244.631 0.02382
-0.07684 -0.01495 0.07362 0.10746 0.49827 1.035 0.056 1244.661 0.02385
-0.07692 -0.01496 0.07370 0.10757 0.49939 0.863 0.051 1244.691 0.02387
-0.07700 -0.01498 0.07377 0.10768 0.50051 1.016 0.056 1244.721 0.02390
-0.07708 -0.01499 0.07385 0.10780 0.50163 1.023 0.056 1244.750 0.02392
-0.07716 -0.01501 0.07393 0.10791 0.50274 0.992 0.055 1244.780 0.02395
-0.07724 -0.01502 0.07400 0.10802 0.50386 0.950 0.054 1244.810 0.02397
-0.07732 -0.01504 0.07408 0.10813 0.50498 1.019 0.056 1244.840 0.02400
-0.07740 -0.01506 0.07416 0.10825 0.50610 0.931 0.053 1244.870 0.02402
-0.07748 -0.01507 0.07424 0.10836 0.50722 1.052 0.056 1244.900 0.02404
-0.07756 -0.01509 0.07431 0.10847 0.50834 0.895 0.052 1244.930 0.02407
-0.07764 -0.01510 0.07439 0.10858 0.50946 0.964 0.054 1244.960 0.02409
-0.07772 -0.01512 0.07447 0.10870 0.51058 0.918 0.053 1244.989 0.02412
-0.07781 -0.01513 0.07455 0.10881 0.51170 0.864 0.051 1245.019 0.02414
-0.07789 -0.01515 0.07462 0.10892 0.51282 1.048 0.056 1245.049 0.02417
-0.07797 -0.01517 0.07470 0.10904 0.51393 1.000 0.055 1245.079 0.02419
-0.07805 -0.01518 0.07478 0.10915 0.51505 0.993 0.055 1245.109 0.02422
-0.07813 -0.01520 0.07485 0.10926 0.51617 0.864 0.051 1245.139 0.02424
-0.07821 -0.01521 0.07493 0.10937 0.51729 0.915 0.053 1245.169 0.02427
-0.07829 -0.01523 0.07501 0.10949 0.51841 0.966 0.054 1245.199 0.02429
-0.07837 -0.01524 0.07509 0.10960 0.51953 0.861 0.051 1245.229 0.02431
-0.07845 -0.01526 0.07516 0.10971 0.52065 0.921 0.053 1245.258 0.02434
-0.07853 -0.01528 0.07524 0.10983 0.52177 0.939 0.053 1245.288 0.02436
-0.07861 -0.01529 0.07532 0.10994 0.52289 0.921 0.053 1245.318 0.02439
-0.07869 -0.01531 0.07540 0.11005 0.52401 0.924 0.053 1245.348 0.02441
-0.07877 -0.01532 0.07547 0.11016 0.52513 0.881 0.052 1245.378 0.02444
-0.07885 -0.01534 0.07555 0.11028 0.52625 0.977 0.054 1245.408 0.02446
-0.07893 -0.01535 0.07563 0.11039 0.52737 0.911 0.052 1245.438 0.02449
-0.07901 -0.01537 0.07570 0.11050 0.52849 0.827 0.050 1245.468 0.02451
-0.07910 -0.01539 0.07578 0.11061 0.52961 0.986 0.055 1245.497 0.02454
-0.07918 -0.01540 0.07586 0.11073 0.53073 0.796 0.049 1245.527 0.02456
-0.07926 -0.01542 0.07594 0.11084 0.53185 0.937 0.053 1245.557 0.02458
-0.07934 -0.01543 0.07601 0.11095 0.53297 0.832 0.050 1245.587 0.02461
-0.07942 -0.01545 0.07609 0.11107 0.53409 0.889 0.052 1245.617 0.02463
-0.07950 -0.01546 0.07617 0.11118 0.53521 0.972 0.054 1245.647 0.02466
-0.07958 -0.01548 0.07625 0.11129 0.53633 0.921 0.053 1245.677 0.02468
-0.07966 -0.01550 0.07632 0.11140 0.53745 0.885 0.053 1245.707 0.02471
-0.07974 -0.01551 0.07640 0.11152 0.53857 0.909 0.052 1245.736 0.02473
-0.07982 -0.01553 0.07648 0.11163 0.53969 0.947 0.055 1245.766 0.02476
-0.07990 -0.01554 0.07655 0.11174 0.54081 0.837 0.050 1245.796 0.02478
-0.07998 -0.01556 0.07663 0.11186 0.54193 0.942 0.053 1245.826 0.02481
-0.08006 -0.01557 0.07671 0.11197 0.54305 0.917 0.053 1245.856 0.02483
-0.08014 -0.01559 0.07679 0.11208 0.54417 0.950 0.053 1245.886 0.02486
-0.08023 -0.01561 0.07686 0.11219 0.54529 1.004 0.055 1245.916 0.02488
-0.08031 -0.01562 0.07694 0.11231 0.54641 0.992 0.055 1245.946 0.02490
-0.08039 -0.01564 0.07702 0.11242 0.54753 1.013 0.055 1245.975 0.02493
-0.08047 -0.01565 0.07710 0.11253 0.54865 1.054 0.056 1246.005 0.02495
-0.08055 -0.01567 0.07717 0.11265 0.54977 0.955 0.054 1246.035 0.02498
-0.08063 -0.01568 0.07725 0.11276 0.55089 1.069 0.057 1246.065 0.02500
-0.08071 -0.01570 0.07733 0.11287 0.55201 1.024 0.055 1246.095 0.02503
-0.08079 -0.01572 0.07741 0.11299 0.55313 0.892 0.052 1246.125 0.02505
-0.08087 -0.01573 0.07748 0.11310 0.55425 1.024 0.055 1246.155 0.02508
-0.08095 -0.01575 0.07756 0.11321 0.55537 0.942 0.053 1246.185 0.02510
-0.08103 -0.01576 0.07764 0.11332 0.55649 0.966 0.054 1246.215 0.02513
-0.08111 -0.01578 0.07771 0.11344 0.55762 0.933 0.053 1246.244 0.02515
-0.08119 -0.01579 0.07779 0.11355 0.55874 0.984 0.054 1246.274 0.02517
-0.08127 -0.01581 0.07787 0.11366 0.55986 0.963 0.054 1246.304 0.02520
-0.08136 -0.01583 0.07795 0.11378 0.56098 1.129 0.058 1246.334 0.02522
-0.08144 -0.01584 0.07802 0.11389 0.56210 0.931 0.053 1246.364 0.02525
-0.08152 -0.01586 0.07810 0.11400 0.56322 0.929 0.053 1246.394 0.02527
-0.08160 -0.01587 0.07818 0.11411 0.56434 1.112 0.058 1246.424 0.02530
-0.08168 -0.01589 0.07826 0.11423 0.56546 0.959 0.054 1246.454 0.02532
-0.08176 -0.01590 0.07833 0.11434 0.56658 1.082 0.057 1246.483 0.02535
-0.08184 -0.01592 0.07841 0.11445 0.56770 0.930 0.053 1246.513 0.02537
-0.08192 -0.01594 0.07849 0.11457 0.56883 0.942 0.053 1246.543 0.02540
-0.08200 -0.01595 0.07857 0.11468 0.56995 0.986 0.054 1246.573 0.02542
-0.08208 -0.01597 0.07864 0.11479 0.57107 1.007 0.055 1246.603 0.02545
-0.08216 -0.01598 0.07872 0.11490 0.57219 0.966 0.054 1246.633 0.02547
-0.08224 -0.01600 0.07880 0.11502 0.57331 0.938 0.053 1246.663 0.02549
-0.08232 -0.01601 0.07888 0.11513 0.57443 0.979 0.054 1246.693 0.02552
-0.08241 -0.01603 0.07895 0.11524 0.57555 1.014 0.055 1246.722 0.02554
-0.08249 -0.01605 0.07903 0.11536 0.57667 1.044 0.056 1246.752 0.02557
-0.08257 -0.01606 0.07911 0.11547 0.57780 1.037 0.056 1246.782 0.02559
-0.08265 -0.01608 0.07919 0.11558 0.57892 1.090 0.057 1246.812 0.02562
-0.08273 -0.01609 0.07926 0.11570 0.58004 0.923 0.053 1246.842 0.02564
-0.08281 -0.01611 0.07934 0.11581 0.58116 1.026 0.055 1246.872 0.02567
-0.08289 -0.01612 0.07942 0.11592 0.58228 1.035 0.056 1246.902 0.02569
-0.08297 -0.01614 0.07949 0.11603 0.58340 0.993 0.055 1246.932 0.02572
-0.08305 -0.01616 0.07957 0.11615 0.58453 1.132 0.058 1246.961 0.02574
-0.08313 -0.01617 0.07965 0.11626 0.58565 1.072 0.057 1246.991 0.02576
-0.08321 -0.01619 0.07973 0.11637 0.58677 1.042 0.056 1247.021 0.02579
-0.08329 -0.01620 0.07980 0.11649 0.58789 1.060 0.056 1247.051 0.02581
-0.08338 -0.01622 0.07988 0.11660 0.58901 0.953 0.053 1247.081 0.02584
-0.08346 -0.01623 0.07996 0.11671 0.59013 0.970 0.054 1247.111 0.02586
-0.08354 -0.01625 0.08004 0.11683 0.59126 0.998 0.055 1247.141 0.02589
-0.08362 -0.01627 0.08011 0.11694 0.59238 0.989 0.054 1247.171 0.02591
-0.08370 -0.01628 0.08019 0.11705 0.59350 0.998 0.055 1247.201 0.02594
-0.08378 -0.01630 0.08027 0.11717 0.59462 1.060 0.056 1247.230 0.02596
-0.08386 -0.01631 0.08035 0.11728 0.59575 0.959 0.054 1247.260 0.02599
-0.08394 -0.01633 0.08042 0.11739 0.59687 1.032 0.056 1247.290 0.02601
-0.08402 -0.01634 0.08050 0.11750 0.59799 1.029 0.055 1247.320 0.02604
-0.08410 -0.01636 0.08058 0.11762 0.59911 1.008 0.055 1247.350 0.02606
-0.08418 -0.01638 0.08066 0.11773 0.60023 1.045 0.056 1247.380 0.02608
-0.08426 -0.01639 0.08073 0.11784 0.60136 1.095 0.057 1247.410 0.02611
-0.08435 -0.01641 0.08081 0.11796 0.60248 0.926 0.053 1247.440 0.02613
-0.08443 -0.01642 0.08089 0.11807 0.60360 1.024 0.055 1247.469 0.02616
-0.08451 -0.01644 0.08097 0.11818 0.60472 1.006 0.055 1247.499 0.02618
-0.08459 -0.01645 0.08104 0.11830 0.60585 1.046 0.056 1247.529 0.02621
-0.08467 -0.01647 0.08112 0.11841 0.60697 1.069 0.056 1247.559 0.02623
-0.08475 -0.01649 0.08120 0.11852 0.60809 1.051 0.056 1247.589 0.02626
-0.08483 -0.01650 0.08128 0.11864 0.60921 1.135 0.058 1247.619 0.02628
-0.08491 -0.01652 0.08135 0.11875 0.61034 1.081 0.057 1247.649 0.02631
-0.08499 -0.01653 0.08143 0.11886 0.61146 1.086 0.057 1247.679 0.02633
-0.08507 -0.01655 0.08151 0.11897 0.61258 1.016 0.055 1247.708 0.02635
-0.08515 -0.01656 0.08159 0.11909 0.61370 1.045 0.056 1247.738 0.02638
-0.08523 -0.01658 0.08166 0.11920 0.61483 0.917 0.052 1247.768 0.02640
-0.08532 -0.01660 0.08174 0.11931 0.61595 0.957 0.053 1247.798 0.02643
-0.08540 -0.01661 0.08182 0.11943 0.61707 0.884 0.051 1247.828 0.02645
-0.08548 -0.01663 0.08190 0.11954 0.61820 1.003 0.055 1247.858 0.02648
-0.08556 -0.01664 0.08197 0.11965 0.61932 1.004 0.055 1247.888 0.02650
-0.08564 -0.01666 0.08205 0.11977 0.62044 1.039 0.056 1247.918 0.02653
-0.08572 -0.01667 0.08213 0.11988 0.62156 1.030 0.055 1247.947 0.02655
-0.08580 -0.01669 0.08221 0.11999 0.62269 1.021 0.055 1247.977 0.02658
-0.08588 -0.01671 0.08228 0.12011 0.62381 0.884 0.051 1248.007 0.02660
-0.08596 -0.01672 0.08236 0.12022 0.62493 0.970 0.054 1248.037 0.02662
-0.08604 -0.01674 0.08244 0.12033 0.62606 1.053 0.056 1248.067 0.02665
-0.08612 -0.01675 0.08252 0.12045 0.62718 0.908 0.052 1248.097 0.02667
-0.08621 -0.01677 0.08259 0.12056 0.62830 0.889 0.051 1248.127 0.02670
-0.08629 -0.01678 0.08267 0.12067 0.62943 0.895 0.052 1248.157 0.02672
-0.08637 -0.01680 0.08275 0.12078 0.63055 0.803 0.049 1248.187 0.02675
-0.08645 -0.01682 0.08283 0.12090 0.63167 0.934 0.053 1248.216 0.02677
-0.08653 -0.01683 0.08290 0.12101 0.63280 0.877 0.051 1248.246 0.02680
-0.08661 -0.01685 0.08298 0.12112 0.63392 0.880 0.051 1248.276 0.02682
-0.08669 -0.01686 0.08306 0.12124 0.63504 0.853 0.050 1248.306 0.02685
-0.08677 -0.01688 0.08314 0.12135 0.63617 0.950 0.053 1248.336 0.02687
-0.08685 -0.01689 0.08321 0.12146 0.63729 0.936 0.053 1248.366 0.02690
-0.08693 -0.01691 0.08329 0.12158 0.63841 0.945 0.053 1248.396 0.02692
-0.08702 -0.01693 0.08337 0.12169 0.63954 0.937 0.053 1248.426 0.02694
-0.08710 -0.01694 0.08345 0.12180 0.64066 0.919 0.052 1248.455 0.02697
-0.08718 -0.01696 0.08352 0.12192 0.64179 0.865 0.051 1248.485 0.02699
-0.08726 -0.01697 0.08360 0.12203 0.64291 0.808 0.049 1248.515 0.02702
-0.08734 -0.01699 0.08368 0.12214 0.64403 0.687 0.045 1248.545 0.02704
-0.08742 -0.01700 0.08376 0.12226 0.64516 0.556 0.041 1248.575 0.02707
-0.08750 -0.01702 0.08383 0.12237 0.64628 0.466 0.037 1248.605 0.02709
-0.08758 -0.01704 0.08391 0.12248 0.64741 0.446 0.036 1248.635 0.02712
-0.08766 -0.01705 0.08399 0.12260 0.64853 0.447 0.036 1248.665 0.02714
-0.08774 -0.01707 0.08407 0.12271 0.64965 0.311 0.034 1248.694 0.02717
-0.08782 -0.01708 0.08414 0.12282 0.65078 0.331 0.031 1248.724 0.02719
-0.08791 -0.01710 0.08422 0.12294 0.65190 0.359 0.033 1248.754 0.02721
-0.08799 -0.01712 0.08430 0.12305 0.65303 0.495 0.038 1248.784 0.02724
-0.08807 -0.01713 0.08438 0.12316 0.65415 0.625 0.043 1248.814 0.02726
-0.08815 -0.01715 0.08446 0.12328 0.65527 0.710 0.046 1248.844 0.02729
-0.08823 -0.01716 0.08453 0.12339 0.65640 0.659 0.044 1248.874 0.02731
-0.08831 -0.01718 0.08461 0.12350 0.65752 0.725 0.046 1248.904 0.02734
-0.08839 -0.01719 0.08469 0.12362 0.65865 0.712 0.046 1248.933 0.02736
-0.08847 -0.01721 0.08477 0.12373 0.65977 0.701 0.046 1248.963 0.02739
-0.08855 -0.01723 0.08484 0.12384 0.66090 0.888 0.051 1248.993 0.02741
-0.08863 -0.01724 0.08492 0.12396 0.66202 0.977 0.054 1249.023 0.02744
-0.08872 -0.01726 0.08500 0.12407 0.66314 0.944 0.053 1249.053 0.02746
-0.08880 -0.01727 0.08508 0.12418 0.66427 0.941 0.053 1249.083 0.02749
-0.08888 -0.01729 0.08515 0.12430 0.66539 0.940 0.053 1249.113 0.02751
-0.08896 -0.01730 0.08523 0.12441 0.66652 0.935 0.053 1249.143 0.02753
-0.08904 -0.01732 0.08531 0.12452 0.66764 1.017 0.055 1249.173 0.02756
-0.08912 -0.01734 0.08539 0.12464 0.66877 1.053 0.056 1249.202 0.02758
-0.08920 -0.01735 0.08546 0.12475 0.66989 1.046 0.056 1249.232 0.02761
-0.08928 -0.01737 0.08554 0.12486 0.67102 1.020 0.055 1249.262 0.02763
-0.08936 -0.01738 0.08562 0.12498 0.67214 1.013 0.055 1249.292 0.02766
-0.08944 -0.01740 0.08570 0.12509 0.67327 0.969 0.053 1249.322 0.02768
-0.08953 -0.01741 0.08577 0.12520 0.67439 1.167 0.059 1249.352 0.02771
-0.08961 -0.01743 0.08585 0.12532 0.67552 0.907 0.052 1249.382 0.02773
-0.08969 -0.01745 0.08593 0.12543 0.67664 0.945 0.053 1249.412 0.02776
-0.08977 -0.01746 0.08601 0.12554 0.67777 1.036 0.055 1249.441 0.02778
-0.08985 -0.01748 0.08609 0.12566 0.67889 0.962 0.053 1249.471 0.02780
-0.08993 -0.01749 0.08616 0.12577 0.68002 0.936 0.053 1249.501 0.02783
-0.09001 -0.01751 0.08624 0.12588 0.68114 0.906 0.052 1249.531 0.02785
-0.09009 -0.01753 0.08632 0.12600 0.68227 0.988 0.054 1249.561 0.02788
-0.09017 -0.01754 0.08640 0.12611 0.68339 1.032 0.055 1249.591 0.02790
-0.09026 -0.01756 0.08647 0.12622 0.68452 1.096 0.057 1249.621 0.02793
-0.09034 -0.01757 0.08655 0.12634 0.68564 1.071 0.056 1249.651 0.02795
-0.09042 -0.01759 0.08663 0.12645 0.68677 0.963 0.053 1249.680 0.02798
-0.09050 -0.01760 0.08671 0.12656 0.68789 1.044 0.055 1249.710 0.02800
-0.09058 -0.01762 0.08678 0.12668 0.68902 1.112 0.057 1249.740 0.02803
-0.09066 -0.01764 0.08686 0.12679 0.69014 1.017 0.055 1249.770 0.02805
-0.09074 -0.01765 0.08694 0.12690 0.69127 1.041 0.055 1249.800 0.02808
-0.09082 -0.01767 0.08702 0.12702 0.69240 1.066 0.056 1249.830 0.02810
-0.09090 -0.01768 0.08710 0.12713 0.69352 0.962 0.053 1249.860 0.02812
-0.09099 -0.01770 0.08717 0.12724 0.69465 1.036 0.055 1249.890 0.02815
-0.09107 -0.01771 0.08725 0.12736 0.69577 1.007 0.054 1249.919 0.02817
-0.09115 -0.01773 0.08733 0.12747 0.69690 0.993 0.054 1249.949 0.02820
-0.09123 -0.01775 0.08741 0.12758 0.69802 1.046 0.055 1249.979 0.02822
-0.09131 -0.01776 0.08748 0.12770 0.69915 1.018 0.055 1250.009 0.02825
-0.09139 -0.01778 0.08756 0.12781 0.70027 0.920 0.052 1250.039 0.02827
-0.09147 -0.01779 0.08764 0.12792 0.70140 0.898 0.051 1250.069 0.02830
-0.09155 -0.01781 0.08772 0.12804 0.70253 0.859 0.050 1250.099 0.02832
-0.09163 -0.01782 0.08779 0.12815 0.70365 0.898 0.051 1250.129 0.02835
-0.09172 -0.01784 0.08787 0.12826 0.70478 0.892 0.051 1250.158 0.02837
-0.09180 -0.01786 0.08795 0.12838 0.70590 0.873 0.051 1250.188 0.02839
-0.09188 -0.01787 0.08803 0.12849 0.70703 0.794 0.048 1250.218 0.02842
-0.09196 -0.01789 0.08811 0.12860 0.70816 0.908 0.052 1250.248 0.02844
-0.09204 -0.01790 0.08818 0.12872 0.70928 0.835 0.050 1250.278 0.02847
-0.09212 -0.01792 0.08826 0.12883 0.71041 0.864 0.050 1250.308 0.02849
-0.09220 -0.01794 0.08834 0.12894 0.71153 0.884 0.051 1250.338 0.02852
-0.09228 -0.01795 0.08842 0.12906 0.71266 0.819 0.049 1250.368 0.02854
-0.09236 -0.01797 0.08849 0.12917 0.71379 0.682 0.045 1250.398 0.02857
-0.09245 -0.01798 0.08857 0.12928 0.71491 0.518 0.039 1250.427 0.02859
-0.09253 -0.01800 0.08865 0.12940 0.71604 0.409 0.035 1250.457 0.02862
-0.09261 -0.01801 0.08873 0.12951 0.71717 0.263 0.031 1250.487 0.02864
-0.09269 -0.01803 0.08881 0.12962 0.71829 0.193 0.029 1250.517 0.02866
-0.09277 -0.01805 0.08888 0.12974 0.71942 0.193 0.029 1250.547 0.02869
-0.09285 -0.01806 0.08896 0.12985 0.72055 0.234 0.030 1250.577 0.02871
-0.09293 -0.01808 0.08904 0.12997 0.72167 0.380 0.033 1250.607 0.02874
-0.09301 -0.01809 0.08912 0.13008 0.72280 0.404 0.034 1250.637 0.02876
-0.09309 -0.01811 0.08919 0.13019 0.72393 0.506 0.038 1250.666 0.02879
-0.09318 -0.01812 0.08927 0.13031 0.72505 0.418 0.035 1250.696 0.02881
-0.09326 -0.01814 0.08935 0.13042 0.72618 0.419 0.035 1250.726 0.02884
-0.09334 -0.01816 0.08943 0.13053 0.72731 0.275 0.030 1250.756 0.02886
-0.09342 -0.01817 0.08950 0.13065 0.72843 0.211 0.030 1250.786 0.02889
-0.09350 -0.01819 0.08958 0.13076 0.72956 0.173 0.028 1250.816 0.02891
-0.09358 -0.01820 0.08966 0.13087 0.73069 0.196 0.029 1250.846 0.02894
-0.09366 -0.01822 0.08974 0.13099 0.73181 0.167 0.028 1250.876 0.02896
-0.09374 -0.01824 0.08982 0.13110 0.73294 0.199 0.028 1250.905 0.02898
-0.09383 -0.01825 0.08989 0.13121 0.73407 0.194 0.027 1250.935 0.02901
-0.09391 -0.01827 0.08997 0.13133 0.73519 0.351 0.032 1250.965 0.02903
-0.09399 -0.01828 0.09005 0.13144 0.73632 0.459 0.037 1250.995 0.02906
-0.09407 -0.01830 0.09013 0.13155 0.73745 0.541 0.040 1251.025 0.02908
-0.09415 -0.01831 0.09021 0.13167 0.73858 0.737 0.046 1251.055 0.02911
-0.09423 -0.01833 0.09028 0.13178 0.73970 0.906 0.051 1251.085 0.02913
-0.09431 -0.01835 0.09036 0.13190 0.74083 0.804 0.048 1251.115 0.02916
-0.09439 -0.01836 0.09044 0.13201 0.74196 0.859 0.050 1251.144 0.02918
-0.09447 -0.01838 0.09052 0.13212 0.74308 0.964 0.053 1251.174 0.02921
-0.09456 -0.01839 0.09059 0.13224 0.74421 1.047 0.060 1251.204 0.02923
-0.09464 -0.01841 0.09067 0.13235 0.74534 1.036 0.059 1251.234 0.02925
-0.09472 -0.01842 0.09075 0.13246 0.74647 1.007 0.058 1251.264 0.02928
-0.09480 -0.01844 0.09083 0.13258 0.74759 1.118 0.062 1251.294 0.02930
-0.09488 -0.01846 0.09091 0.13269 0.74872 1.125 0.062 1251.324 0.02933
-0.09496 -0.01847 0.09098 0.13280 0.74985 1.013 0.059 1251.354 0.02935
-0.09504 -0.01849 0.09106 0.13292 0.75098 1.060 0.060 1251.384 0.02938
-0.09512 -0.01850 0.09114 0.13303 0.75210 1.036 0.059 1251.413 0.02940
-0.09521 -0.01852 0.09122 0.13315 0.75323 1.029 0.059 1251.443 0.02943
-0.09529 -0.01854 0.09129 0.13326 0.75436 0.942 0.056 1251.473 0.02945
-0.09537 -0.01855 0.09137 0.13337 0.75549 1.069 0.060 1251.503 0.02948
-0.09545 -0.01857 0.09145 0.13349 0.75661 0.950 0.057 1251.533 0.02950
-0.09553 -0.01858 0.09153 0.13360 0.75774 1.125 0.062 1251.563 0.02953
-0.09561 -0.01860 0.09161 0.13371 0.75887 0.964 0.057 1251.593 0.02955
-0.09569 -0.01861 0.09168 0.13383 0.76000 1.070 0.060 1251.623 0.02957
-0.09577 -0.01863 0.09176 0.13394 0.76113 0.980 0.058 1251.652 0.02960
-0.09586 -0.01865 0.09184 0.13405 0.76225 1.095 0.059 1251.682 0.02962
-0.09594 -0.01866 0.09192 0.13417 0.76338 1.032 0.055 1251.712 0.02965
-0.09602 -0.01868 0.09200 0.13428 0.76451 1.062 0.056 1251.742 0.02967
-0.09610 -0.01869 0.09207 0.13439 0.76564 1.010 0.054 1251.772 0.02970
-0.09618 -0.01871 0.09215 0.13451 0.76677 1.080 0.056 1251.802 0.02972
-0.09626 -0.01872 0.09223 0.13462 0.76789 0.910 0.051 1251.832 0.02975
-0.09634 -0.01874 0.09231 0.13474 0.76902 0.865 0.050 1251.862 0.02977
-0.09642 -0.01876 0.09238 0.13485 0.77015 0.897 0.051 1251.891 0.02980
-0.09651 -0.01877 0.09246 0.13496 0.77128 0.854 0.050 1251.921 0.02982
-0.09659 -0.01879 0.09254 0.13508 0.77241 0.953 0.053 1251.951 0.02984
-0.09667 -0.01880 0.09262 0.13519 0.77354 0.996 0.054 1251.981 0.02987
-0.09675 -0.01882 0.09270 0.13530 0.77466 0.969 0.053 1252.011 0.02989
-0.09683 -0.01884 0.09277 0.13542 0.77579 1.016 0.054 1252.041 0.02992
-0.09691 -0.01885 0.09285 0.13553 0.77692 0.993 0.054 1252.071 0.02994
-0.09699 -0.01887 0.09293 0.13565 0.77805 0.987 0.054 1252.101 0.02997
-0.09708 -0.01888 0.09301 0.13576 0.77918 0.958 0.053 1252.130 0.02999
-0.09716 -0.01890 0.09309 0.13587 0.78031 0.992 0.054 1252.160 0.03002
-0.09724 -0.01891 0.09316 0.13599 0.78144 1.057 0.055 1252.190 0.03004
-0.09732 -0.01893 0.09324 0.13610 0.78256 0.972 0.053 1252.220 0.03007
-0.09740 -0.01895 0.09332 0.13621 0.78369 0.969 0.053 1252.250 0.03009
-0.09748 -0.01896 0.09340 0.13633 0.78482 1.088 0.056 1252.280 0.03011
-0.09756 -0.01898 0.09348 0.13644 0.78595 1.004 0.054 1252.310 0.03014
-0.09764 -0.01899 0.09355 0.13656 0.78708 1.047 0.055 1252.340 0.03016
-0.09773 -0.01901 0.09363 0.13667 0.78821 1.024 0.055 1252.370 0.03019
-0.09781 -0.01903 0.09371 0.13678 0.78934 0.911 0.051 1252.399 0.03021
-0.09789 -0.01904 0.09379 0.13690 0.79047 0.969 0.053 1252.429 0.03024
-0.09797 -0.01906 0.09386 0.13701 0.79160 0.984 0.055 1252.459 0.03026
-0.09805 -0.01907 0.09394 0.13712 0.79272 1.032 0.055 1252.489 0.03029
-0.09813 -0.01909 0.09402 0.13724 0.79385 0.980 0.053 1252.519 0.03031
-0.09821 -0.01910 0.09410 0.13735 0.79498 0.887 0.051 1252.549 0.03034
-0.09829 -0.01912 0.09418 0.13747 0.79611 0.928 0.052 1252.579 0.03036
-0.09838 -0.01914 0.09425 0.13758 0.79724 0.890 0.051 1252.609 0.03039
-0.09846 -0.01915 0.09433 0.13769 0.79837 0.944 0.052 1252.638 0.03041
-0.09854 -0.01917 0.09441 0.13781 0.79950 0.977 0.053 1252.668 0.03043
-0.09862 -0.01918 0.09449 0.13792 0.80063 0.866 0.050 1252.698 0.03046
-0.09870 -0.01920 0.09457 0.13803 0.80176 0.892 0.051 1252.728 0.03048
-0.09878 -0.01922 0.09464 0.13815 0.80289 0.802 0.048 1252.758 0.03051
-0.09886 -0.01923 0.09472 0.13826 0.80402 0.823 0.049 1252.788 0.03053
-0.09895 -0.01925 0.09480 0.13838 0.80515 0.808 0.048 1252.818 0.03056
-0.09903 -0.01926 0.09488 0.13849 0.80628 0.863 0.050 1252.848 0.03058
-0.09911 -0.01928 0.09496 0.13860 0.80741 0.811 0.048 1252.877 0.03061
-0.09919 -0.01929 0.09503 0.13872 0.80853 0.909 0.051 1252.907 0.03063
-0.09927 -0.01931 0.09511 0.13883 0.80966 0.860 0.050 1252.937 0.03066
-0.09935 -0.01933 0.09519 0.13894 0.81079 0.862 0.050 1252.967 0.03068
-0.09943 -0.01934 0.09527 0.13906 0.81192 0.874 0.050 1252.997 0.03070
-0.09952 -0.01936 0.09535 0.13917 0.81305 0.883 0.051 1253.027 0.03073
-0.09960 -0.01937 0.09542 0.13929 0.81418 0.816 0.049 1253.057 0.03075
-0.09968 -0.01939 0.09550 0.13940 0.81531 0.949 0.056 1253.087 0.03078
-0.09976 -0.01941 0.09558 0.13951 0.81644 1.046 0.061 1253.116 0.03080
-0.09984 -0.01942 0.09566 0.13963 0.81757 0.925 0.057 1253.146 0.03083
-0.09992 -0.01944 0.09574 0.13974 0.81870 0.799 0.053 1253.176 0.03085
-0.10000 -0.01945 0.09581 0.13986 0.81983 0.854 0.055 1253.206 0.03088
-0.10009 -0.01947 0.09589 0.13997 0.82096 0.764 0.052 1253.236 0.03090
-0.10017 -0.01948 0.09597 0.14008 0.82209 0.689 0.049 1253.266 0.03093
-0.10025 -0.01950 0.09605 0.14020 0.82322 0.732 0.051 1253.296 0.03095
-0.10033 -0.01952 0.09613 0.14031 0.82435 0.784 0.053 1253.326 0.03098
-0.10041 -0.01953 0.09620 0.14042 0.82548 0.799 0.053 1253.356 0.03100
-0.10049 -0.01955 0.09628 0.14054 0.82661 0.727 0.051 1253.385 0.03102
-0.10057 -0.01956 0.09636 0.14065 0.82774 0.805 0.053 1253.415 0.03105
-0.10066 -0.01958 0.09644 0.14077 0.82887 0.918 0.057 1253.445 0.03107
-0.10074 -0.01960 0.09652 0.14088 0.83000 0.798 0.053 1253.475 0.03110
-0.10082 -0.01961 0.09659 0.14099 0.83113 0.893 0.056 1253.505 0.03112
-0.10090 -0.01963 0.09667 0.14111 0.83227 0.897 0.056 1253.535 0.03115
-0.10098 -0.01964 0.09675 0.14122 0.83340 0.835 0.049 1253.565 0.03117
-0.10106 -0.01966 0.09683 0.14134 0.83453 0.875 0.050 1253.595 0.03120
-0.10114 -0.01967 0.09691 0.14145 0.83566 0.731 0.046 1253.624 0.03122
-0.10123 -0.01969 0.09698 0.14156 0.83679 0.636 0.043 1253.654 0.03125
-0.10131 -0.01971 0.09706 0.14168 0.83792 0.419 0.035 1253.684 0.03127
-0.10139 -0.01972 0.09714 0.14179 0.83905 0.387 0.033 1253.714 0.03129
-0.10147 -0.01974 0.09722 0.14190 0.84018 0.361 0.032 1253.744 0.03132
-0.10155 -0.01975 0.09730 0.14202 0.84131 0.300 0.029 1253.774 0.03134
-0.10163 -0.01977 0.09737 0.14213 0.84244 0.444 0.036 1253.804 0.03137
-0.10171 -0.01979 0.09745 0.14225 0.84357 0.554 0.040 1253.834 0.03139
-0.10180 -0.01980 0.09753 0.14236 0.84470 0.649 0.043 1253.863 0.03142
-0.10188 -0.01982 0.09761 0.14247 0.84583 0.779 0.047 1253.893 0.03144
-0.10196 -0.01983 0.09769 0.14259 0.84696 0.818 0.050 1253.923 0.03147
-0.10204 -0.01985 0.09776 0.14270 0.84810 0.902 0.051 1253.953 0.03149
-0.10212 -0.01986 0.09784 0.14282 0.84923 0.803 0.050 1253.983 0.03152
-0.10220 -0.01988 0.09792 0.14293 0.85036 0.780 0.047 1254.013 0.03154
-0.10228 -0.01990 0.09800 0.14304 0.85149 0.872 0.050 1254.043 0.03157
-0.10237 -0.01991 0.09808 0.14316 0.85262 0.922 0.052 1254.073 0.03159
-0.10245 -0.01993 0.09815 0.14327 0.85375 0.811 0.048 1254.102 0.03161
-0.10253 -0.01994 0.09823 0.14339 0.85488 0.958 0.052 1254.132 0.03164
-0.10261 -0.01996 0.09831 0.14350 0.85601 0.904 0.051 1254.162 0.03166
-0.10269 -0.01998 0.09839 0.14361 0.85714 0.838 0.049 1254.192 0.03169
-0.10277 -0.01999 0.09847 0.14373 0.85828 0.809 0.048 1254.222 0.03171
-0.10285 -0.02001 0.09855 0.14384 0.85941 0.780 0.047 1254.252 0.03174
-0.10294 -0.02002 0.09862 0.14396 0.86054 0.644 0.043 1254.282 0.03176
-0.10302 -0.02004 0.09870 0.14407 0.86167 0.590 0.041 1254.312 0.03179
-0.10310 -0.02005 0.09878 0.14418 0.86280 0.668 0.044 1254.342 0.03181
-0.10318 -0.02007 0.09886 0.14430 0.86393 0.721 0.046 1254.371 0.03184
-0.10326 -0.02009 0.09894 0.14441 0.86506 0.736 0.046 1254.401 0.03186
-0.10334 -0.02010 0.09901 0.14453 0.86620 0.859 0.050 1254.431 0.03188
-0.10343 -0.02012 0.09909 0.14464 0.86733 0.892 0.051 1254.461 0.03191
-0.10351 -0.02013 0.09917 0.14475 0.86846 1.015 0.054 1254.491 0.03193
-0.10359 -0.02015 0.09925 0.14487 0.86959 0.908 0.051 1254.521 0.03196
-0.10367 -0.02017 0.09933 0.14498 0.87072 0.956 0.052 1254.551 0.03198
-0.10375 -0.02018 0.09940 0.14510 0.87185 0.996 0.053 1254.581 0.03201
-0.10383 -0.02020 0.09948 0.14521 0.87299 1.048 0.055 1254.610 0.03203
-0.10391 -0.02021 0.09956 0.14532 0.87412 0.994 0.053 1254.640 0.03206
-0.10400 -0.02023 0.09964 0.14544 0.87525 1.015 0.054 1254.670 0.03208
-0.10408 -0.02025 0.09972 0.14555 0.87638 0.973 0.053 1254.700 0.03211
-0.10416 -0.02026 0.09980 0.14567 0.87751 1.034 0.054 1254.730 0.03213
-0.10424 -0.02028 0.09987 0.14578 0.87865 0.961 0.052 1254.760 0.03215
-0.10432 -0.02029 0.09995 0.14589 0.87978 1.034 0.054 1254.790 0.03218
-0.10440 -0.02031 0.10003 0.14601 0.88091 1.036 0.054 1254.820 0.03220
-0.10449 -0.02032 0.10011 0.14612 0.88204 1.051 0.055 1254.849 0.03223
-0.10457 -0.02034 0.10019 0.14624 0.88317 0.994 0.053 1254.879 0.03225
-0.10465 -0.02036 0.10026 0.14635 0.88431 0.940 0.052 1254.909 0.03228
-0.10473 -0.02037 0.10034 0.14646 0.88544 1.085 0.056 1254.939 0.03230
-0.10481 -0.02039 0.10042 0.14658 0.88657 0.845 0.049 1254.969 0.03233
-0.10489 -0.02040 0.10050 0.14669 0.88770 1.045 0.055 1254.999 0.03235
-0.10497 -0.02042 0.10058 0.14681 0.88884 0.965 0.053 1255.029 0.03238
-0.10506 -0.02044 0.10065 0.14692 0.88997 0.980 0.053 1255.059 0.03240
-0.10514 -0.02045 0.10073 0.14704 0.89110 0.984 0.053 1255.088 0.03243
-0.10522 -0.02047 0.10081 0.14715 0.89223 0.986 0.053 1255.118 0.03245
-0.10530 -0.02048 0.10089 0.14726 0.89337 1.007 0.054 1255.148 0.03247
-0.10538 -0.02050 0.10097 0.14738 0.89450 1.007 0.054 1255.178 0.03250
-0.10546 -0.02052 0.10105 0.14749 0.89563 1.022 0.054 1255.208 0.03252
-0.10555 -0.02053 0.10112 0.14761 0.89676 1.059 0.055 1255.238 0.03255
-0.10563 -0.02055 0.10120 0.14772 0.89790 1.022 0.054 1255.268 0.03257
-0.10571 -0.02056 0.10128 0.14783 0.89903 1.004 0.054 1255.298 0.03260
-0.10579 -0.02058 0.10136 0.14795 0.90016 1.035 0.054 1255.328 0.03262
-0.10587 -0.02059 0.10144 0.14806 0.90129 1.018 0.054 1255.357 0.03265
-0.10595 -0.02061 0.10151 0.14818 0.90243 0.963 0.052 1255.387 0.03267
-0.10604 -0.02063 0.10159 0.14829 0.90356 0.935 0.052 1255.417 0.03270
-0.10612 -0.02064 0.10167 0.14840 0.90469 1.069 0.055 1255.447 0.03272
-0.10620 -0.02066 0.10175 0.14852 0.90583 0.997 0.053 1255.477 0.03274
-0.10628 -0.02067 0.10183 0.14863 0.90696 1.069 0.055 1255.507 0.03277
-0.10636 -0.02069 0.10191 0.14875 0.90809 0.988 0.053 1255.537 0.03279
-0.10644 -0.02071 0.10198 0.14886 0.90923 1.051 0.055 1255.567 0.03282
-0.10653 -0.02072 0.10206 0.14898 0.91036 0.951 0.052 1255.596 0.03284
-0.10661 -0.02074 0.10214 0.14909 0.91149 0.997 0.053 1255.626 0.03287
-0.10669 -0.02075 0.10222 0.14920 0.91263 0.974 0.053 1255.656 0.03289
-0.10677 -0.02077 0.10230 0.14932 0.91376 0.968 0.053 1255.686 0.03292
-0.10685 -0.02078 0.10237 0.14943 0.91489 0.907 0.051 1255.716 0.03294
-0.10693 -0.02080 0.10245 0.14955 0.91603 0.965 0.052 1255.746 0.03297
-0.10702 -0.02082 0.10253 0.14966 0.91716 0.907 0.051 1255.776 0.03299
-0.10710 -0.02083 0.10261 0.14977 0.91829 0.956 0.052 1255.806 0.03302
-0.10718 -0.02085 0.10269 0.14989 0.91943 1.007 0.054 1255.835 0.03304
-0.10726 -0.02086 0.10277 0.15000 0.92056 0.926 0.051 1255.865 0.03306
-0.10734 -0.02088 0.10284 0.15012 0.92169 0.944 0.052 1255.895 0.03309
-0.10742 -0.02090 0.10292 0.15023 0.92283 0.878 0.050 1255.925 0.03311
-0.10751 -0.02091 0.10300 0.15035 0.92396 1.079 0.055 1255.955 0.03314
-0.10759 -0.02093 0.10308 0.15046 0.92509 0.955 0.052 1255.985 0.03316
-0.10767 -0.02094 0.10316 0.15057 0.92623 0.962 0.052 1256.015 0.03319
-0.10775 -0.02096 0.10324 0.15069 0.92736 0.966 0.052 1256.045 0.03321
-0.10783 -0.02098 0.10331 0.15080 0.92849 1.004 0.053 1256.074 0.03324
-0.10791 -0.02099 0.10339 0.15092 0.92963 0.990 0.053 1256.104 0.03326
-0.10800 -0.02101 0.10347 0.15103 0.93076 1.036 0.054 1256.134 0.03329
-0.10808 -0.02102 0.10355 0.15115 0.93190 0.998 0.053 1256.164 0.03331
-0.10816 -0.02104 0.10363 0.15126 0.93303 0.952 0.052 1256.194 0.03333
-0.10824 -0.02106 0.10371 0.15137 0.93416 0.932 0.051 1256.224 0.03336
-0.10832 -0.02107 0.10378 0.15149 0.93530 0.921 0.051 1256.254 0.03338
-0.10840 -0.02109 0.10386 0.15160 0.93643 1.039 0.054 1256.284 0.03341
-0.10849 -0.02110 0.10394 0.15172 0.93757 0.906 0.051 1256.314 0.03343
-0.10857 -0.02112 0.10402 0.15183 0.93870 0.926 0.051 1256.343 0.03346
-0.10865 -0.02113 0.10410 0.15195 0.93983 1.031 0.054 1256.373 0.03348
-0.10873 -0.02115 0.10417 0.15206 0.94097 0.974 0.053 1256.403 0.03351
-0.10881 -0.02117 0.10425 0.15217 0.94210 1.088 0.056 1256.433 0.03353
-0.10889 -0.02118 0.10433 0.15229 0.94324 1.016 0.054 1256.463 0.03356
-0.10898 -0.02120 0.10441 0.15240 0.94437 0.965 0.052 1256.493 0.03358
-0.10906 -0.02121 0.10449 0.15252 0.94551 1.034 0.054 1256.523 0.03361
-0.10914 -0.02123 0.10457 0.15263 0.94664 0.954 0.052 1256.553 0.03363
-0.10922 -0.02125 0.10464 0.15275 0.94777 0.923 0.051 1256.582 0.03365
-0.10930 -0.02126 0.10472 0.15286 0.94891 1.008 0.053 1256.612 0.03368
-0.10938 -0.02128 0.10480 0.15297 0.95004 1.012 0.054 1256.642 0.03370
-0.10947 -0.02129 0.10488 0.15309 0.95118 1.004 0.053 1256.672 0.03373
-0.10955 -0.02131 0.10496 0.15320 0.95231 1.013 0.054 1256.702 0.03375
-0.10963 -0.02133 0.10504 0.15332 0.95345 1.028 0.054 1256.732 0.03378
-0.10971 -0.02134 0.10511 0.15343 0.95458 1.069 0.055 1256.762 0.03380
-0.10979 -0.02136 0.10519 0.15355 0.95572 0.971 0.052 1256.792 0.03383
-0.10987 -0.02137 0.10527 0.15366 0.95685 1.058 0.057 1256.821 0.03385
-0.10996 -0.02139 0.10535 0.15377 0.95799 0.946 0.052 1256.851 0.03388
-0.11004 -0.02140 0.10543 0.15389 0.95912 0.968 0.052 1256.881 0.03390
-0.11012 -0.02142 0.10551 0.15400 0.96026 1.035 0.056 1256.911 0.03392
-0.11020 -0.02144 0.10558 0.15412 0.96139 0.990 0.053 1256.941 0.03395
-0.11028 -0.02145 0.10566 0.15423 0.96253 0.956 0.052 1256.971 0.03397
-0.11037 -0.02147 0.10574 0.15435 0.96366 1.077 0.057 1257.001 0.03400
-0.11045 -0.02148 0.10582 0.15446 0.96480 1.004 0.053 1257.031 0.03402
-0.11053 -0.02150 0.10590 0.15457 0.96593 1.018 0.054 1257.060 0.03405
-0.11061 -0.02152 0.10598 0.15469 0.96707 0.973 0.052 1257.090 0.03407
-0.11069 -0.02153 0.10605 0.15480 0.96820 1.013 0.053 1257.120 0.03410
-0.11077 -0.02155 0.10613 0.15492 0.96934 0.964 0.052 1257.150 0.03412
-0.11086 -0.02156 0.10621 0.15503 0.97047 1.003 0.053 1257.180 0.03415
-0.11094 -0.02158 0.10629 0.15515 0.97161 1.093 0.056 1257.210 0.03417
-0.11102 -0.02160 0.10637 0.15526 0.97274 0.957 0.052 1257.240 0.03419
-0.11110 -0.02161 0.10645 0.15537 0.97388 0.934 0.051 1257.270 0.03422
-0.11118 -0.02163 0.10652 0.15549 0.97501 1.026 0.054 1257.300 0.03424
-0.11126 -0.02164 0.10660 0.15560 0.97615 1.036 0.054 1257.329 0.03427
-0.11135 -0.02166 0.10668 0.15572 0.97728 1.026 0.054 1257.359 0.03429
-0.11143 -0.02168 0.10676 0.15583 0.97842 0.961 0.052 1257.389 0.03432
-0.11151 -0.02169 0.10684 0.15595 0.97955 1.014 0.053 1257.419 0.03434
-0.11159 -0.02171 0.10692 0.15606 0.98069 0.922 0.051 1257.449 0.03437
-0.11167 -0.02172 0.10699 0.15618 0.98183 0.949 0.052 1257.479 0.03439
-0.11176 -0.02174 0.10707 0.15629 0.98296 0.981 0.053 1257.509 0.03442
-0.11184 -0.02175 0.10715 0.15640 0.98410 1.049 0.054 1257.539 0.03444
-0.11192 -0.02177 0.10723 0.15652 0.98523 0.948 0.052 1257.568 0.03447
-0.11200 -0.02179 0.10731 0.15663 0.98637 1.038 0.054 1257.598 0.03449
-0.11208 -0.02180 0.10739 0.15675 0.98750 0.965 0.052 1257.628 0.03451
-0.11216 -0.02182 0.10747 0.15686 0.98864 1.059 0.055 1257.658 0.03454
-0.11225 -0.02183 0.10754 0.15698 0.98978 0.995 0.053 1257.688 0.03456
-0.11233 -0.02185 0.10762 0.15709 0.99091 1.097 0.056 1257.718 0.03459
-0.11241 -0.02187 0.10770 0.15721 0.99205 0.989 0.053 1257.748 0.03461
-0.11249 -0.02188 0.10778 0.15732 0.99318 0.950 0.052 1257.778 0.03464
-0.11257 -0.02190 0.10786 0.15743 0.99432 1.057 0.054 1257.807 0.03466
-0.11266 -0.02191 0.10794 0.15755 0.99546 1.045 0.054 1257.837 0.03469
-0.11274 -0.02193 0.10801 0.15766 0.99659 0.958 0.052 1257.867 0.03471
-0.11282 -0.02195 0.10809 0.15778 0.99773 1.025 0.054 1257.897 0.03474
-0.11290 -0.02196 0.10817 0.15789 0.99886 0.887 0.050 1257.927 0.03476
-0.11298 -0.02198 0.10825 0.15801 1.00000 0.952 0.052 1257.957 0.03478
