x y z dist_scaled dist_frac flux_norm sig_norm wavelength redshift
-0.00029 -0.01880 0.05405 0.05723 0.00000 0.608 0.047 1231.237 0.01281
-0.00029 -0.01884 0.05415 0.05734 0.00110 0.575 0.046 1231.267 0.01283
-0.00029 -0.01887 0.05426 0.05745 0.00220 0.683 0.050 1231.297 0.01285
-0.00029 -0.01891 0.05436 0.05756 0.00330 0.762 0.053 1231.326 0.01288
-0.00029 -0.01895 0.05447 0.05767 0.00440 0.845 0.055 1231.356 0.01290
-0.00029 -0.01898 0.05457 0.05778 0.00550 0.797 0.054 1231.386 0.01293
-0.00029 -0.01902 0.05468 0.05789 0.00661 0.843 0.055 1231.416 0.01295
-0.00029 -0.01905 0.05478 0.05800 0.00771 0.857 0.056 1231.446 0.01298
-0.00029 -0.01909 0.05489 0.05811 0.00881 0.910 0.057 1231.476 0.01300
-0.00029 -0.01913 0.05499 0.05822 0.00991 0.843 0.055 1231.506 0.01303
-0.00029 -0.01916 0.05510 0.05834 0.01101 0.915 0.058 1231.536 0.01305
-0.00029 -0.01920 0.05520 0.05845 0.01211 0.925 0.058 1231.566 0.01308
-0.00029 -0.01924 0.05531 0.05856 0.01321 1.033 0.061 1231.595 0.01310
-0.00029 -0.01927 0.05541 0.05867 0.01431 0.995 0.060 1231.625 0.01312
-0.00029 -0.01931 0.05552 0.05878 0.01541 1.011 0.060 1231.655 0.01315
-0.00030 -0.01935 0.05562 0.05889 0.01652 1.076 0.062 1231.685 0.01317
-0.00030 -0.01938 0.05573 0.05900 0.01762 1.039 0.061 1231.715 0.01320
-0.00030 -0.01942 0.05583 0.05911 0.01872 1.019 0.061 1231.745 0.01322
-0.00030 -0.01946 0.05594 0.05922 0.01982 1.036 0.061 1231.775 0.01325
-0.00030 -0.01949 0.05604 0.05933 0.02092 0.971 0.059 1231.805 0.01327
-0.00030 -0.01953 0.05615 0.05945 0.02202 0.947 0.058 1231.835 0.01330
-0.00030 -0.01957 0.05625 0.05956 0.02312 1.006 0.060 1231.864 0.01332
-0.00030 -0.01960 0.05635 0.05967 0.02423 1.020 0.060 1231.894 0.01335
-0.00030 -0.01964 0.05646 0.05978 0.02533 0.935 0.058 1231.924 0.01337
-0.00030 -0.01967 0.05656 0.05989 0.02643 0.966 0.059 1231.954 0.01340
-0.00030 -0.01971 0.05667 0.06000 0.02753 0.930 0.058 1231.984 0.01342
-0.00030 -0.01975 0.05677 0.06011 0.02863 0.950 0.058 1232.014 0.01344
-0.00030 -0.01978 0.05688 0.06022 0.02973 0.995 0.060 1232.044 0.01347
-0.00030 -0.01982 0.05698 0.06033 0.03084 0.950 0.058 1232.074 0.01349
-0.00030 -0.01986 0.05709 0.06044 0.03194 1.041 0.061 1232.104 0.01352
-0.00030 -0.01989 0.05719 0.06056 0.03304 1.126 0.063 1232.134 0.01354
-0.00030 -0.01993 0.05730 0.06067 0.03414 1.093 0.062 1232.163 0.01357
-0.00030 -0.01997 0.05740 0.06078 0.03524 1.014 0.060 1232.193 0.01359
-0.00031 -0.02000 0.05751 0.06089 0.03635 0.946 0.058 1232.223 0.01362
-0.00031 -0.02004 0.05761 0.06100 0.03745 1.006 0.060 1232.253 0.01364
-0.00031 -0.02008 0.05772 0.06111 0.03855 1.065 0.061 1232.283 0.01367
-0.00031 -0.02011 0.05782 0.06122 0.03965 1.160 0.064 1232.313 0.01369
-0.00031 -0.02015 0.05793 0.06133 0.04075 0.965 0.058 1232.343 0.01371
-0.00031 -0.02019 0.05803 0.06144 0.04186 1.017 0.060 1232.373 0.01374
-0.00031 -0.02022 0.05814 0.06156 0.04296 1.058 0.061 1232.403 0.01376
-0.00031 -0.02026 0.05824 0.06167 0.04406 0.942 0.058 1232.432 0.01379
-0.00031 -0.02029 0.05835 0.06178 0.04516 1.120 0.063 1232.462 0.01381
-0.00031 -0.02033 0.05845 0.06189 0.04627 1.007 0.060 1232.492 0.01384
-0.00031 -0.02037 0.05856 0.06200 0.04737 1.045 0.061 1232.522 0.01386
-0.00031 -0.02040 0.05866 0.06211 0.04847 0.939 0.058 1232.552 0.01389
-0.00031 -0.02044 0.05877 0.06222 0.04957 0.984 0.059 1232.582 0.01391
-0.00031 -0.02048 0.05887 0.06233 0.05068 1.050 0.061 1232.612 0.01394
-0.00031 -0.02051 0.05898 0.06244 0.05178 0.927 0.057 1232.642 0.01396
-0.00031 -0.02055 0.05908 0.06256 0.05288 1.007 0.060 1232.672 0.01399
-0.00031 -0.02059 0.05919 0.06267 0.05398 1.031 0.060 1232.701 0.01401
-0.00031 -0.02062 0.05929 0.06278 0.05509 0.978 0.059 1232.731 0.01403
-0.00032 -0.02066 0.05940 0.06289 0.05619 0.844 0.054 1232.761 0.01406
-0.00032 -0.02070 0.05950 0.06300 0.05729 0.906 0.056 1232.791 0.01408
-0.00032 -0.02073 0.05961 0.06311 0.05840 0.899 0.056 1232.821 0.01411
-0.00032 -0.02077 0.05971 0.06322 0.05950 0.920 0.057 1232.851 0.01413
-0.00032 -0.02081 0.05982 0.06333 0.06060 1.027 0.060 1232.881 0.01416
-0.00032 -0.02084 0.05992 0.06344 0.06170 0.936 0.057 1232.911 0.01418
-0.00032 -0.02088 0.06003 0.06356 0.06281 0.817 0.053 1232.941 0.01421
-0.00032 -0.02092 0.06013 0.06367 0.06391 0.904 0.056 1232.970 0.01423
-0.00032 -0.02095 0.06024 0.06378 0.06501 0.980 0.059 1233.000 0.01426
-0.00032 -0.02099 0.06034 0.06389 0.06612 0.920 0.057 1233.030 0.01428
-0.00032 -0.02103 0.06045 0.06400 0.06722 0.978 0.058 1233.060 0.01431
-0.00032 -0.02106 0.06055 0.06411 0.06832 1.006 0.059 1233.090 0.01433
-0.00032 -0.02110 0.06066 0.06422 0.06943 1.015 0.060 1233.120 0.01435
-0.00032 -0.02113 0.06076 0.06433 0.07053 1.025 0.060 1233.150 0.01438
-0.00032 -0.02117 0.06087 0.06445 0.07163 1.046 0.060 1233.180 0.01440
-0.00032 -0.02121 0.06097 0.06456 0.07274 1.049 0.060 1233.210 0.01443
-0.00032 -0.02124 0.06108 0.06467 0.07384 0.896 0.056 1233.240 0.01445
-0.00032 -0.02128 0.06118 0.06478 0.07494 1.058 0.061 1233.269 0.01448
-0.00033 -0.02132 0.06129 0.06489 0.07605 0.922 0.057 1233.299 0.01450
-0.00033 -0.02135 0.06139 0.06500 0.07715 0.991 0.059 1233.329 0.01453
-0.00033 -0.02139 0.06150 0.06511 0.07825 0.932 0.057 1233.359 0.01455
-0.00033 -0.02143 0.06160 0.06522 0.07936 0.987 0.059 1233.389 0.01458
-0.00033 -0.02146 0.06171 0.06534 0.08046 1.052 0.060 1233.419 0.01460
-0.00033 -0.02150 0.06181 0.06545 0.08156 0.826 0.054 1233.449 0.01462
-0.00033 -0.02154 0.06192 0.06556 0.08267 1.113 0.062 1233.479 0.01465
-0.00033 -0.02157 0.06202 0.06567 0.08377 1.016 0.059 1233.509 0.01467
-0.00033 -0.02161 0.06213 0.06578 0.08488 1.042 0.060 1233.538 0.01470
-0.00033 -0.02165 0.06223 0.06589 0.08598 0.970 0.058 1233.568 0.01472
-0.00033 -0.02168 0.06234 0.06600 0.08708 1.012 0.059 1233.598 0.01475
-0.00033 -0.02172 0.06244 0.06611 0.08819 0.998 0.059 1233.628 0.01477
-0.00033 -0.02176 0.06255 0.06623 0.08929 1.135 0.063 1233.658 0.01480
-0.00033 -0.02179 0.06265 0.06634 0.09040 1.004 0.059 1233.688 0.01482
-0.00033 -0.02183 0.06276 0.06645 0.09150 0.988 0.058 1233.718 0.01485
-0.00033 -0.02187 0.06286 0.06656 0.09260 1.001 0.059 1233.748 0.01487
-0.00033 -0.02190 0.06297 0.06667 0.09371 1.050 0.060 1233.778 0.01490
-0.00033 -0.02194 0.06307 0.06678 0.09481 1.011 0.059 1233.807 0.01492
-0.00034 -0.02198 0.06318 0.06689 0.09592 0.997 0.059 1233.837 0.01494
-0.00034 -0.02201 0.06328 0.06700 0.09702 1.019 0.059 1233.867 0.01497
-0.00034 -0.02205 0.06339 0.06712 0.09812 0.943 0.057 1233.897 0.01499
-0.00034 -0.02209 0.06350 0.06723 0.09923 1.028 0.059 1233.927 0.01502
-0.00034 -0.02212 0.06360 0.06734 0.10033 0.984 0.058 1233.957 0.01504
-0.00034 -0.02216 0.06371 0.06745 0.10144 1.097 0.061 1233.987 0.01507
-0.00034 -0.02219 0.06381 0.06756 0.10254 0.983 0.058 1234.017 0.01509
-0.00034 -0.02223 0.06392 0.06767 0.10365 1.011 0.059 1234.047 0.01512
-0.00034 -0.02227 0.06402 0.06778 0.10475 1.108 0.062 1234.077 0.01514
-0.00034 -0.02230 0.06413 0.06790 0.10586 1.054 0.060 1234.106 0.01517
-0.00034 -0.02234 0.06423 0.06801 0.10696 0.999 0.059 1234.136 0.01519
-0.00034 -0.02238 0.06434 0.06812 0.10806 1.022 0.059 1234.166 0.01521
-0.00034 -0.02241 0.06444 0.06823 0.10917 1.066 0.060 1234.196 0.01524
-0.00034 -0.02245 0.06455 0.06834 0.11027 1.056 0.060 1234.226 0.01526
-0.00034 -0.02249 0.06465 0.06845 0.11138 1.096 0.061 1234.256 0.01529
-0.00034 -0.02252 0.06476 0.06856 0.11248 1.051 0.060 1234.286 0.01531
-0.00034 -0.02256 0.06486 0.06867 0.11359 1.026 0.059 1234.316 0.01534
-0.00034 -0.02260 0.06497 0.06879 0.11469 0.999 0.058 1234.346 0.01536
-0.00035 -0.02263 0.06507 0.06890 0.11580 0.907 0.056 1234.375 0.01539
-0.00035 -0.02267 0.06518 0.06901 0.11690 1.001 0.058 1234.405 0.01541
-0.00035 -0.02271 0.06528 0.06912 0.11801 1.049 0.060 1234.435 0.01544
-0.00035 -0.02274 0.06539 0.06923 0.11911 0.994 0.058 1234.465 0.01546
-0.00035 -0.02278 0.06549 0.06934 0.12022 0.970 0.058 1234.495 0.01549
-0.00035 -0.02282 0.06560 0.06945 0.12132 0.998 0.058 1234.525 0.01551
-0.00035 -0.02285 0.06570 0.06957 0.12243 0.946 0.057 1234.555 0.01553
-0.00035 -0.02289 0.06581 0.06968 0.12353 0.913 0.056 1234.585 0.01556
-0.00035 -0.02293 0.06591 0.06979 0.12464 0.827 0.053 1234.615 0.01558
-0.00035 -0.02296 0.06602 0.06990 0.12574 0.925 0.056 1234.644 0.01561
-0.00035 -0.02300 0.06612 0.07001 0.12685 0.977 0.058 1234.674 0.01563
-0.00035 -0.02304 0.06623 0.07012 0.12796 0.952 0.062 1234.704 0.01566
-0.00035 -0.02307 0.06634 0.07023 0.12906 1.027 0.067 1234.734 0.01568
-0.00035 -0.02311 0.06644 0.07035 0.13017 1.007 0.067 1234.764 0.01571
-0.00035 -0.02315 0.06655 0.07046 0.13127 0.969 0.065 1234.794 0.01573
-0.00035 -0.02318 0.06665 0.07057 0.13238 1.047 0.068 1234.824 0.01576
-0.00035 -0.02322 0.06676 0.07068 0.13348 0.935 0.064 1234.854 0.01578
-0.00035 -0.02326 0.06686 0.07079 0.13459 0.905 0.063 1234.884 0.01580
-0.00036 -0.02329 0.06697 0.07090 0.13569 1.044 0.068 1234.913 0.01583
-0.00036 -0.02333 0.06707 0.07101 0.13680 0.944 0.064 1234.943 0.01585
-0.00036 -0.02337 0.06718 0.07113 0.13791 0.964 0.065 1234.973 0.01588
-0.00036 -0.02340 0.06728 0.07124 0.13901 1.062 0.068 1235.003 0.01590
-0.00036 -0.02344 0.06739 0.07135 0.14012 0.833 0.061 1235.033 0.01593
-0.00036 -0.02348 0.06749 0.07146 0.14122 0.924 0.064 1235.063 0.01595
-0.00036 -0.02351 0.06760 0.07157 0.14233 1.104 0.070 1235.093 0.01598
-0.00036 -0.02355 0.06770 0.07168 0.14343 1.055 0.068 1235.123 0.01600
-0.00036 -0.02359 0.06781 0.07179 0.14454 0.984 0.066 1235.153 0.01603
-0.00036 -0.02362 0.06791 0.07191 0.14565 0.936 0.064 1235.183 0.01605
-0.00036 -0.02366 0.06802 0.07202 0.14675 0.984 0.066 1235.212 0.01608
-0.00036 -0.02370 0.06812 0.07213 0.14786 0.970 0.065 1235.242 0.01610
-0.00036 -0.02373 0.06823 0.07224 0.14897 0.948 0.064 1235.272 0.01612
-0.00036 -0.02377 0.06834 0.07235 0.15007 0.970 0.065 1235.302 0.01615
-0.00036 -0.02381 0.06844 0.07246 0.15118 0.908 0.063 1235.332 0.01617
-0.00036 -0.02384 0.06855 0.07257 0.15228 0.916 0.063 1235.362 0.01620
-0.00036 -0.02388 0.06865 0.07269 0.15339 0.969 0.065 1235.392 0.01622
-0.00037 -0.02392 0.06876 0.07280 0.15450 1.126 0.070 1235.422 0.01625
-0.00037 -0.02395 0.06886 0.07291 0.15560 0.973 0.065 1235.452 0.01627
-0.00037 -0.02399 0.06897 0.07302 0.15671 0.985 0.066 1235.481 0.01630
-0.00037 -0.02403 0.06907 0.07313 0.15782 0.998 0.066 1235.511 0.01632
-0.00037 -0.02406 0.06918 0.07324 0.15892 0.945 0.064 1235.541 0.01635
-0.00037 -0.02410 0.06928 0.07336 0.16003 1.023 0.067 1235.571 0.01637
-0.00037 -0.02413 0.06939 0.07347 0.16114 1.088 0.069 1235.601 0.01640
-0.00037 -0.02417 0.06949 0.07358 0.16224 0.958 0.065 1235.631 0.01642
-0.00037 -0.02421 0.06960 0.07369 0.16335 0.987 0.066 1235.661 0.01644
-0.00037 -0.02424 0.06970 0.07380 0.16446 1.018 0.067 1235.691 0.01647
-0.00037 -0.02428 0.06981 0.07391 0.16556 0.917 0.063 1235.721 0.01649
-0.00037 -0.02432 0.06992 0.07402 0.16667 0.965 0.065 1235.750 0.01652
-0.00037 -0.02435 0.07002 0.07414 0.16778 1.004 0.066 1235.780 0.01654
-0.00037 -0.02439 0.07013 0.07425 0.16888 0.969 0.065 1235.810 0.01657
-0.00037 -0.02443 0.07023 0.07436 0.16999 1.008 0.066 1235.840 0.01659
-0.00037 -0.02446 0.07034 0.07447 0.17110 1.028 0.064 1235.870 0.01662
-0.00037 -0.02450 0.07044 0.07458 0.17220 0.990 0.058 1235.900 0.01664
-0.00037 -0.02454 0.07055 0.07469 0.17331 0.903 0.055 1235.930 0.01667
-0.00038 -0.02457 0.07065 0.07481 0.17442 0.997 0.058 1235.960 0.01669
-0.00038 -0.02461 0.07076 0.07492 0.17552 0.965 0.057 1235.990 0.01671
-0.00038 -0.02465 0.07086 0.07503 0.17663 0.970 0.057 1236.020 0.01674
-0.00038 -0.02468 0.07097 0.07514 0.17774 1.050 0.059 1236.049 0.01676
-0.00038 -0.02472 0.07107 0.07525 0.17885 0.928 0.056 1236.079 0.01679
-0.00038 -0.02476 0.07118 0.07536 0.17995 0.938 0.056 1236.109 0.01681
-0.00038 -0.02479 0.07129 0.07548 0.18106 1.055 0.059 1236.139 0.01684
-0.00038 -0.02483 0.07139 0.07559 0.18217 1.108 0.061 1236.169 0.01686
-0.00038 -0.02487 0.07150 0.07570 0.18328 0.997 0.058 1236.199 0.01689
-0.00038 -0.02490 0.07160 0.07581 0.18438 1.003 0.058 1236.229 0.01691
-0.00038 -0.02494 0.07171 0.07592 0.18549 1.051 0.059 1236.259 0.01694
-0.00038 -0.02498 0.07181 0.07603 0.18660 0.973 0.057 1236.289 0.01696
-0.00038 -0.02501 0.07192 0.07615 0.18771 1.025 0.059 1236.318 0.01699
-0.00038 -0.02505 0.07202 0.07626 0.18881 1.052 0.059 1236.348 0.01701
-0.00038 -0.02509 0.07213 0.07637 0.18992 0.969 0.057 1236.378 0.01703
-0.00038 -0.02512 0.07223 0.07648 0.19103 0.986 0.057 1236.408 0.01706
-0.00038 -0.02516 0.07234 0.07659 0.19214 0.989 0.057 1236.438 0.01708
-0.00038 -0.02520 0.07245 0.07670 0.19324 0.983 0.057 1236.468 0.01711
-0.00039 -0.02523 0.07255 0.07682 0.19435 0.955 0.056 1236.498 0.01713
-0.00039 -0.02527 0.07266 0.07693 0.19546 1.039 0.059 1236.528 0.01716
-0.00039 -0.02531 0.07276 0.07704 0.19657 1.032 0.059 1236.558 0.01718
-0.00039 -0.02534 0.07287 0.07715 0.19767 0.975 0.057 1236.587 0.01721
-0.00039 -0.02538 0.07297 0.07726 0.19878 1.035 0.059 1236.617 0.01723
-0.00039 -0.02542 0.07308 0.07737 0.19989 1.001 0.058 1236.647 0.01726
-0.00039 -0.02545 0.07318 0.07749 0.20100 1.051 0.059 1236.677 0.01728
-0.00039 -0.02549 0.07329 0.07760 0.20211 0.981 0.057 1236.707 0.01730
-0.00039 -0.02553 0.07339 0.07771 0.20321 1.018 0.058 1236.737 0.01733
-0.00039 -0.02556 0.07350 0.07782 0.20432 0.974 0.057 1236.767 0.01735
-0.00039 -0.02560 0.07361 0.07793 0.20543 0.961 0.057 1236.797 0.01738
-0.00039 -0.02564 0.07371 0.07804 0.20654 1.003 0.058 1236.827 0.01740
-0.00039 -0.02568 0.07382 0.07816 0.20765 0.957 0.056 1236.856 0.01743
-0.00039 -0.02571 0.07392 0.07827 0.20876 0.983 0.057 1236.886 0.01745
-0.00039 -0.02575 0.07403 0.07838 0.20986 0.946 0.056 1236.916 0.01748
-0.00039 -0.02579 0.07413 0.07849 0.21097 0.877 0.054 1236.946 0.01750
-0.00039 -0.02582 0.07424 0.07860 0.21208 0.883 0.054 1236.976 0.01753
-0.00039 -0.02586 0.07434 0.07871 0.21319 0.846 0.053 1237.006 0.01755
-0.00040 -0.02590 0.07445 0.07883 0.21430 0.876 0.054 1237.036 0.01758
-0.00040 -0.02593 0.07456 0.07894 0.21541 0.922 0.055 1237.066 0.01760
-0.00040 -0.02597 0.07466 0.07905 0.21652 1.091 0.060 1237.096 0.01762
-0.00040 -0.02601 0.07477 0.07916 0.21762 0.965 0.057 1237.126 0.01765
-0.00040 -0.02604 0.07487 0.07927 0.21873 0.912 0.055 1237.155 0.01767
-0.00040 -0.02608 0.07498 0.07938 0.21984 0.978 0.057 1237.185 0.01770
-0.00040 -0.02612 0.07508 0.07950 0.22095 0.918 0.055 1237.215 0.01772
-0.00040 -0.02615 0.07519 0.07961 0.22206 0.991 0.057 1237.245 0.01775
-0.00040 -0.02619 0.07529 0.07972 0.22317 1.000 0.058 1237.275 0.01777
-0.00040 -0.02623 0.07540 0.07983 0.22428 1.077 0.060 1237.305 0.01780
-0.00040 -0.02626 0.07551 0.07994 0.22539 1.017 0.058 1237.335 0.01782
-0.00040 -0.02630 0.07561 0.08005 0.22649 0.967 0.057 1237.365 0.01785
-0.00040 -0.02634 0.07572 0.08017 0.22760 0.967 0.057 1237.395 0.01787
-0.00040 -0.02637 0.07582 0.08028 0.22871 1.010 0.058 1237.424 0.01790
-0.00040 -0.02641 0.07593 0.08039 0.22982 0.957 0.056 1237.454 0.01792
-0.00040 -0.02645 0.07603 0.08050 0.23093 0.940 0.056 1237.484 0.01794
-0.00040 -0.02648 0.07614 0.08061 0.23204 0.933 0.056 1237.514 0.01797
-0.00040 -0.02652 0.07624 0.08073 0.23315 0.963 0.056 1237.544 0.01799
-0.00041 -0.02656 0.07635 0.08084 0.23426 1.009 0.058 1237.574 0.01802
-0.00041 -0.02659 0.07646 0.08095 0.23537 0.906 0.055 1237.604 0.01804
-0.00041 -0.02663 0.07656 0.08106 0.23648 1.058 0.059 1237.634 0.01807
-0.00041 -0.02667 0.07667 0.08117 0.23759 0.886 0.054 1237.664 0.01809
-0.00041 -0.02670 0.07677 0.08128 0.23870 0.892 0.054 1237.693 0.01812
-0.00041 -0.02674 0.07688 0.08140 0.23980 1.027 0.058 1237.723 0.01814
-0.00041 -0.02678 0.07698 0.08151 0.24091 0.892 0.054 1237.753 0.01817
-0.00041 -0.02681 0.07709 0.08162 0.24202 0.902 0.055 1237.783 0.01819
-0.00041 -0.02685 0.07719 0.08173 0.24313 0.920 0.058 1237.813 0.01821
-0.00041 -0.02689 0.07730 0.08184 0.24424 1.029 0.066 1237.843 0.01824
-0.00041 -0.02692 0.07741 0.08196 0.24535 1.003 0.066 1237.873 0.01826
-0.00041 -0.02696 0.07751 0.08207 0.24646 0.955 0.064 1237.903 0.01829
-0.00041 -0.02700 0.07762 0.08218 0.24757 1.007 0.066 1237.933 0.01831
-0.00041 -0.02703 0.07772 0.08229 0.24868 0.857 0.061 1237.963 0.01834
-0.00041 -0.02707 0.07783 0.08240 0.24979 0.908 0.062 1237.992 0.01836
-0.00041 -0.02711 0.07793 0.08252 0.25090 0.882 0.061 1238.022 0.01839
-0.00041 -0.02714 0.07804 0.08263 0.25201 0.989 0.065 1238.052 0.01841
-0.00041 -0.02718 0.07815 0.08274 0.25312 0.975 0.065 1238.082 0.01844
-0.00042 -0.02722 0.07825 0.08285 0.25423 0.963 0.064 1238.112 0.01846
-0.00042 -0.02725 0.07836 0.08296 0.25534 0.915 0.063 1238.142 0.01849
-0.00042 -0.02729 0.07846 0.08307 0.25645 0.911 0.062 1238.172 0.01851
-0.00042 -0.02733 0.07857 0.08319 0.25756 0.975 0.065 1238.202 0.01853
-0.00042 -0.02736 0.07867 0.08330 0.25867 0.997 0.065 1238.232 0.01856
-0.00042 -0.02740 0.07878 0.08341 0.25978 0.870 0.059 1238.261 0.01858
-0.00042 -0.02744 0.07889 0.08352 0.26089 0.956 0.056 1238.291 0.01861
-0.00042 -0.02747 0.07899 0.08363 0.26200 0.913 0.055 1238.321 0.01863
-0.00042 -0.02751 0.07910 0.08375 0.26311 0.850 0.053 1238.351 0.01866
-0.00042 -0.02755 0.07920 0.08386 0.26422 0.873 0.054 1238.381 0.01868
-0.00042 -0.02759 0.07931 0.08397 0.26533 0.890 0.054 1238.411 0.01871
-0.00042 -0.02762 0.07941 0.08408 0.26644 0.771 0.050 1238.441 0.01873
-0.00042 -0.02766 0.07952 0.08419 0.26755 0.801 0.051 1238.471 0.01876
-0.00042 -0.02770 0.07963 0.08431 0.26866 0.719 0.049 1238.501 0.01878
-0.00042 -0.02773 0.07973 0.08442 0.26977 0.748 0.050 1238.530 0.01880
-0.00042 -0.02777 0.07984 0.08453 0.27088 0.679 0.047 1238.560 0.01883
-0.00042 -0.02781 0.07994 0.08464 0.27199 0.676 0.047 1238.590 0.01885
-0.00042 -0.02784 0.08005 0.08475 0.27311 0.734 0.049 1238.620 0.01888
-0.00043 -0.02788 0.08015 0.08487 0.27422 0.734 0.049 1238.650 0.01890
-0.00043 -0.02792 0.08026 0.08498 0.27533 0.597 0.044 1238.680 0.01893
-0.00043 -0.02795 0.08037 0.08509 0.27644 0.656 0.046 1238.710 0.01895
-0.00043 -0.02799 0.08047 0.08520 0.27755 0.731 0.049 1238.740 0.01898
-0.00043 -0.02803 0.08058 0.08531 0.27866 0.787 0.051 1238.770 0.01900
-0.00043 -0.02806 0.08068 0.08542 0.27977 0.639 0.046 1238.799 0.01903
-0.00043 -0.02810 0.08079 0.08554 0.28088 0.612 0.045 1238.829 0.01905
-0.00043 -0.02814 0.08089 0.08565 0.28199 0.770 0.050 1238.859 0.01908
-0.00043 -0.02817 0.08100 0.08576 0.28310 0.786 0.051 1238.889 0.01910
-0.00043 -0.02821 0.08111 0.08587 0.28421 0.861 0.053 1238.919 0.01912
-0.00043 -0.02825 0.08121 0.08598 0.28532 0.956 0.056 1238.949 0.01915
-0.00043 -0.02828 0.08132 0.08610 0.28644 0.973 0.057 1238.979 0.01917
-0.00043 -0.02832 0.08142 0.08621 0.28755 0.970 0.056 1239.009 0.01920
-0.00043 -0.02836 0.08153 0.08632 0.28866 0.917 0.055 1239.039 0.01922
-0.00043 -0.02839 0.08163 0.08643 0.28977 0.956 0.056 1239.069 0.01925
-0.00043 -0.02843 0.08174 0.08654 0.29088 0.940 0.056 1239.098 0.01927
-0.00043 -0.02847 0.08185 0.08666 0.29199 0.963 0.056 1239.128 0.01930
-0.00044 -0.02850 0.08195 0.08677 0.29310 0.969 0.056 1239.158 0.01932
-0.00044 -0.02854 0.08206 0.08688 0.29421 1.015 0.058 1239.188 0.01935
-0.00044 -0.02858 0.08216 0.08699 0.29533 1.012 0.058 1239.218 0.01937
-0.00044 -0.02862 0.08227 0.08710 0.29644 1.071 0.059 1239.248 0.01939
-0.00044 -0.02865 0.08238 0.08722 0.29755 0.936 0.055 1239.278 0.01942
-0.00044 -0.02869 0.08248 0.08733 0.29866 0.982 0.057 1239.308 0.01944
-0.00044 -0.02873 0.08259 0.08744 0.29977 1.057 0.059 1239.338 0.01947
-0.00044 -0.02876 0.08269 0.08755 0.30088 0.965 0.056 1239.367 0.01949
-0.00044 -0.02880 0.08280 0.08767 0.30200 0.850 0.053 1239.397 0.01952
-0.00044 -0.02884 0.08290 0.08778 0.30311 0.927 0.058 1239.427 0.01954
-0.00044 -0.02887 0.08301 0.08789 0.30422 0.915 0.055 1239.457 0.01957
-0.00044 -0.02891 0.08312 0.08800 0.30533 0.905 0.054 1239.487 0.01959
-0.00044 -0.02895 0.08322 0.08811 0.30644 0.941 0.056 1239.517 0.01962
-0.00044 -0.02898 0.08333 0.08823 0.30755 0.980 0.057 1239.547 0.01964
-0.00044 -0.02902 0.08343 0.08834 0.30867 0.918 0.055 1239.577 0.01967
-0.00044 -0.02906 0.08354 0.08845 0.30978 0.924 0.055 1239.607 0.01969
-0.00044 -0.02909 0.08365 0.08856 0.31089 0.908 0.055 1239.636 0.01971
-0.00044 -0.02913 0.08375 0.08867 0.31200 1.013 0.058 1239.666 0.01974
-0.00045 -0.02917 0.08386 0.08879 0.31311 0.934 0.055 1239.696 0.01976
-0.00045 -0.02920 0.08396 0.08890 0.31423 0.967 0.056 1239.726 0.01979
-0.00045 -0.02924 0.08407 0.08901 0.31534 0.961 0.056 1239.756 0.01981
-0.00045 -0.02928 0.08417 0.08912 0.31645 0.855 0.053 1239.786 0.01984
-0.00045 -0.02931 0.08428 0.08923 0.31756 0.925 0.055 1239.816 0.01986
-0.00045 -0.02935 0.08439 0.08935 0.31868 0.904 0.054 1239.846 0.01989
-0.00045 -0.02939 0.08449 0.08946 0.31979 0.902 0.054 1239.876 0.01991
-0.00045 -0.02943 0.08460 0.08957 0.32090 1.017 0.058 1239.906 0.01994
-0.00045 -0.02946 0.08470 0.08968 0.32201 0.827 0.052 1239.935 0.01996
-0.00045 -0.02950 0.08481 0.08979 0.32312 0.929 0.055 1239.965 0.01999
-0.00045 -0.02954 0.08492 0.08991 0.32424 1.002 0.057 1239.995 0.02001
-0.00045 -0.02957 0.08502 0.09002 0.32535 0.990 0.057 1240.025 0.02003
-0.00045 -0.02961 0.08513 0.09013 0.32646 1.060 0.059 1240.055 0.02006
-0.00045 -0.02965 0.08523 0.09024 0.32757 0.946 0.056 1240.085 0.02008
-0.00045 -0.02968 0.08534 0.09036 0.32869 1.008 0.057 1240.115 0.02011
-0.00045 -0.02972 0.08545 0.09047 0.32980 0.947 0.056 1240.145 0.02013
-0.00045 -0.02976 0.08555 0.09058 0.33091 0.913 0.055 1240.175 0.02016
-0.00045 -0.02979 0.08566 0.09069 0.33203 1.100 0.060 1240.204 0.02018
-0.00046 -0.02983 0.08576 0.09080 0.33314 0.989 0.057 1240.234 0.02021
-0.00046 -0.02987 0.08587 0.09092 0.33425 0.981 0.057 1240.264 0.02023
-0.00046 -0.02990 0.08598 0.09103 0.33536 0.968 0.056 1240.294 0.02026
-0.00046 -0.02994 0.08608 0.09114 0.33648 0.989 0.057 1240.324 0.02028
-0.00046 -0.02998 0.08619 0.09125 0.33759 0.882 0.054 1240.354 0.02030
-0.00046 -0.03001 0.08629 0.09137 0.33870 0.985 0.057 1240.384 0.02033
-0.00046 -0.03005 0.08640 0.09148 0.33982 1.002 0.057 1240.414 0.02035
-0.00046 -0.03009 0.08650 0.09159 0.34093 0.997 0.057 1240.444 0.02038
-0.00046 -0.03013 0.08661 0.09170 0.34204 0.941 0.056 1240.473 0.02040
-0.00046 -0.03016 0.08672 0.09181 0.34315 1.101 0.060 1240.503 0.02043
-0.00046 -0.03020 0.08682 0.09193 0.34427 0.944 0.056 1240.533 0.02045
-0.00046 -0.03024 0.08693 0.09204 0.34538 1.010 0.057 1240.563 0.02048
-0.00046 -0.03027 0.08703 0.09215 0.34649 0.987 0.057 1240.593 0.02050
-0.00046 -0.03031 0.08714 0.09226 0.34761 1.072 0.059 1240.623 0.02053
-0.00046 -0.03035 0.08725 0.09237 0.34872 0.944 0.056 1240.653 0.02055
-0.00046 -0.03038 0.08735 0.09249 0.34983 1.010 0.057 1240.683 0.02058
-0.00046 -0.03042 0.08746 0.09260 0.35095 0.994 0.057 1240.713 0.02060
-0.00046 -0.03046 0.08756 0.09271 0.35206 0.983 0.057 1240.742 0.02062
-0.00047 -0.03049 0.08767 0.09282 0.35317 0.989 0.057 1240.772 0.02065
-0.00047 -0.03053 0.08778 0.09294 0.35429 1.016 0.058 1240.802 0.02067
-0.00047 -0.03057 0.08788 0.09305 0.35540 1.026 0.058 1240.832 0.02070
-0.00047 -0.03060 0.08799 0.09316 0.35652 0.989 0.057 1240.862 0.02072
-0.00047 -0.03064 0.08809 0.09327 0.35763 0.957 0.056 1240.892 0.02075
-0.00047 -0.03068 0.08820 0.09339 0.35874 0.941 0.055 1240.922 0.02077
-0.00047 -0.03072 0.08831 0.09350 0.35986 1.035 0.058 1240.952 0.02080
-0.00047 -0.03075 0.08841 0.09361 0.36097 1.095 0.060 1240.982 0.02082
-0.00047 -0.03079 0.08852 0.09372 0.36208 1.052 0.059 1241.012 0.02085
-0.00047 -0.03083 0.08862 0.09383 0.36320 1.129 0.063 1241.041 0.02087
-0.00047 -0.03086 0.08873 0.09395 0.36431 1.024 0.066 1241.071 0.02089
-0.00047 -0.03090 0.08884 0.09406 0.36543 0.829 0.059 1241.101 0.02092
-0.00047 -0.03094 0.08894 0.09417 0.36654 1.118 0.069 1241.131 0.02094
-0.00047 -0.03097 0.08905 0.09428 0.36765 1.024 0.066 1241.161 0.02097
-0.00047 -0.03101 0.08916 0.09440 0.36877 1.066 0.067 1241.191 0.02099
-0.00047 -0.03105 0.08926 0.09451 0.36988 1.085 0.068 1241.221 0.02102
-0.00047 -0.03108 0.08937 0.09462 0.37100 1.063 0.067 1241.251 0.02104
-0.00048 -0.03112 0.08947 0.09473 0.37211 1.050 0.067 1241.281 0.02107
-0.00048 -0.03116 0.08958 0.09484 0.37322 0.940 0.063 1241.310 0.02109
-0.00048 -0.03119 0.08969 0.09496 0.37434 1.059 0.067 1241.340 0.02112
-0.00048 -0.03123 0.08979 0.09507 0.37545 1.075 0.068 1241.370 0.02114
-0.00048 -0.03127 0.08990 0.09518 0.37657 0.995 0.065 1241.400 0.02117
-0.00048 -0.03131 0.09000 0.09529 0.37768 0.974 0.064 1241.430 0.02119
-0.00048 -0.03134 0.09011 0.09541 0.37880 1.135 0.069 1241.460 0.02121
-0.00048 -0.03138 0.09022 0.09552 0.37991 1.025 0.066 1241.490 0.02124
-0.00048 -0.03142 0.09032 0.09563 0.38102 0.943 0.063 1241.520 0.02126
-0.00048 -0.03145 0.09043 0.09574 0.38214 1.000 0.065 1241.550 0.02129
-0.00048 -0.03149 0.09053 0.09586 0.38325 1.042 0.067 1241.579 0.02131
-0.00048 -0.03153 0.09064 0.09597 0.38437 1.088 0.068 1241.609 0.02134
-0.00048 -0.03156 0.09075 0.09608 0.38548 0.999 0.065 1241.639 0.02136
-0.00048 -0.03160 0.09085 0.09619 0.38660 0.935 0.063 1241.669 0.02139
-0.00048 -0.03164 0.09096 0.09631 0.38771 1.015 0.066 1241.699 0.02141
-0.00048 -0.03167 0.09106 0.09642 0.38883 1.003 0.065 1241.729 0.02144
-0.00048 -0.03171 0.09117 0.09653 0.38994 0.969 0.064 1241.759 0.02146
-0.00048 -0.03175 0.09128 0.09664 0.39106 0.960 0.064 1241.789 0.02149
-0.00049 -0.03179 0.09138 0.09675 0.39217 0.965 0.064 1241.819 0.02151
-0.00049 -0.03182 0.09149 0.09687 0.39329 0.991 0.065 1241.849 0.02153
-0.00049 -0.03186 0.09160 0.09698 0.39440 0.884 0.061 1241.878 0.02156
-0.00049 -0.03190 0.09170 0.09709 0.39552 1.062 0.067 1241.908 0.02158
-0.00049 -0.03193 0.09181 0.09720 0.39663 1.050 0.067 1241.938 0.02161
-0.00049 -0.03197 0.09191 0.09732 0.39775 0.994 0.065 1241.968 0.02163
-0.00049 -0.03201 0.09202 0.09743 0.39886 1.035 0.066 1241.998 0.02166
-0.00049 -0.03204 0.09213 0.09754 0.39998 0.976 0.064 1242.028 0.02168
-0.00049 -0.03208 0.09223 0.09765 0.40109 1.016 0.066 1242.058 0.02171
-0.00049 -0.03212 0.09234 0.09777 0.40221 1.085 0.068 1242.088 0.02173
-0.00049 -0.03215 0.09244 0.09788 0.40332 1.065 0.067 1242.118 0.02176
-0.00049 -0.03219 0.09255 0.09799 0.40444 1.011 0.066 1242.147 0.02178
-0.00049 -0.03223 0.09266 0.09810 0.40555 0.993 0.065 1242.177 0.02180
-0.00049 -0.03227 0.09276 0.09822 0.40667 1.113 0.066 1242.207 0.02183
-0.00049 -0.03230 0.09287 0.09833 0.40778 1.098 0.060 1242.237 0.02185
-0.00049 -0.03234 0.09298 0.09844 0.40890 1.012 0.058 1242.267 0.02188
-0.00049 -0.03238 0.09308 0.09855 0.41002 1.073 0.059 1242.297 0.02190
-0.00049 -0.03241 0.09319 0.09867 0.41113 1.048 0.059 1242.327 0.02193
-0.00050 -0.03245 0.09329 0.09878 0.41225 1.024 0.058 1242.357 0.02195
-0.00050 -0.03249 0.09340 0.09889 0.41336 1.033 0.058 1242.387 0.02198
-0.00050 -0.03252 0.09351 0.09900 0.41448 0.983 0.057 1242.416 0.02200
-0.00050 -0.03256 0.09361 0.09912 0.41559 1.048 0.059 1242.446 0.02203
-0.00050 -0.03260 0.09372 0.09923 0.41671 0.995 0.057 1242.476 0.02205
-0.00050 -0.03263 0.09383 0.09934 0.41783 0.957 0.056 1242.506 0.02208
-0.00050 -0.03267 0.09393 0.09945 0.41894 1.071 0.059 1242.536 0.02210
-0.00050 -0.03271 0.09404 0.09957 0.42006 0.985 0.057 1242.566 0.02212
-0.00050 -0.03275 0.09414 0.09968 0.42117 0.937 0.055 1242.596 0.02215
-0.00050 -0.03278 0.09425 0.09979 0.42229 1.054 0.059 1242.626 0.02217
-0.00050 -0.03282 0.09436 0.09990 0.42340 0.861 0.053 1242.656 0.02220
-0.00050 -0.03286 0.09446 0.10002 0.42452 1.041 0.058 1242.685 0.02222
-0.00050 -0.03289 0.09457 0.10013 0.42564 1.035 0.058 1242.715 0.02225
-0.00050 -0.03293 0.09468 0.10024 0.42675 0.940 0.055 1242.745 0.02227
-0.00050 -0.03297 0.09478 0.10035 0.42787 0.979 0.057 1242.775 0.02230
-0.00050 -0.03300 0.09489 0.10047 0.42899 0.915 0.055 1242.805 0.02232
-0.00050 -0.03304 0.09499 0.10058 0.43010 0.944 0.056 1242.835 0.02235
-0.00050 -0.03308 0.09510 0.10069 0.43122 0.985 0.057 1242.865 0.02237
-0.00051 -0.03312 0.09521 0.10080 0.43233 1.023 0.058 1242.895 0.02239
-0.00051 -0.03315 0.09531 0.10092 0.43345 0.940 0.055 1242.925 0.02242
-0.00051 -0.03319 0.09542 0.10103 0.43457 1.102 0.060 1242.955 0.02244
-0.00051 -0.03323 0.09553 0.10114 0.43568 0.971 0.056 1242.984 0.02247
-0.00051 -0.03326 0.09563 0.10125 0.43680 1.042 0.058 1243.014 0.02249
-0.00051 -0.03330 0.09574 0.10137 0.43792 1.045 0.058 1243.044 0.02252
-0.00051 -0.03334 0.09584 0.10148 0.43903 1.041 0.058 1243.074 0.02254
-0.00051 -0.03337 0.09595 0.10159 0.44015 1.043 0.058 1243.104 0.02257
-0.00051 -0.03341 0.09606 0.10170 0.44127 1.039 0.058 1243.134 0.02259
-0.00051 -0.03345 0.09616 0.10182 0.44238 1.042 0.058 1243.164 0.02262
-0.00051 -0.03348 0.09627 0.10193 0.44350 1.018 0.058 1243.194 0.02264
-0.00051 -0.03352 0.09638 0.10204 0.44462 1.125 0.061 1243.224 0.02267
-0.00051 -0.03356 0.09648 0.10215 0.44573 1.061 0.059 1243.253 0.02269
-0.00051 -0.03360 0.09659 0.10227 0.44685 1.106 0.060 1243.283 0.02271
-0.00051 -0.03363 0.09669 0.10238 0.44797 1.113 0.060 1243.313 0.02274
-0.00051 -0.03367 0.09680 0.10249 0.44908 1.001 0.057 1243.343 0.02276
-0.00051 -0.03371 0.09691 0.10260 0.45020 0.983 0.057 1243.373 0.02279
-0.00052 -0.03374 0.09701 0.10272 0.45132 1.009 0.057 1243.403 0.02281
-0.00052 -0.03378 0.09712 0.10283 0.45243 0.948 0.056 1243.433 0.02284
-0.00052 -0.03382 0.09723 0.10294 0.45355 1.131 0.061 1243.463 0.02286
-0.00052 -0.03385 0.09733 0.10305 0.45467 1.013 0.058 1243.493 0.02289
-0.00052 -0.03389 0.09744 0.10317 0.45579 0.865 0.053 1243.522 0.02291
-0.00052 -0.03393 0.09755 0.10328 0.45690 1.055 0.059 1243.552 0.02294
-0.00052 -0.03397 0.09765 0.10339 0.45802 0.840 0.052 1243.582 0.02296
-0.00052 -0.03400 0.09776 0.10350 0.45914 0.964 0.056 1243.612 0.02298
-0.00052 -0.03404 0.09786 0.10362 0.46026 1.026 0.058 1243.642 0.02301
-0.00052 -0.03408 0.09797 0.10373 0.46137 0.967 0.056 1243.672 0.02303
-0.00052 -0.03411 0.09808 0.10384 0.46249 1.000 0.057 1243.702 0.02306
-0.00052 -0.03415 0.09818 0.10395 0.46361 0.970 0.056 1243.732 0.02308
-0.00052 -0.03419 0.09829 0.10407 0.46472 1.014 0.058 1243.762 0.02311
-0.00052 -0.03422 0.09840 0.10418 0.46584 1.091 0.060 1243.792 0.02313
-0.00052 -0.03426 0.09850 0.10429 0.46696 1.111 0.060 1243.821 0.02316
-0.00052 -0.03430 0.09861 0.10441 0.46808 1.033 0.058 1243.851 0.02318
-0.00052 -0.03434 0.09872 0.10452 0.46920 0.971 0.056 1243.881 0.02321
-0.00052 -0.03437 0.09882 0.10463 0.47031 1.033 0.058 1243.911 0.02323
-0.00053 -0.03441 0.09893 0.10474 0.47143 0.993 0.057 1243.941 0.02326
-0.00053 -0.03445 0.09904 0.10486 0.47255 1.026 0.058 1243.971 0.02328
-0.00053 -0.03448 0.09914 0.10497 0.47367 1.089 0.060 1244.001 0.02330
-0.00053 -0.03452 0.09925 0.10508 0.47478 0.915 0.055 1244.031 0.02333
-0.00053 -0.03456 0.09935 0.10519 0.47590 1.034 0.058 1244.061 0.02335
-0.00053 -0.03459 0.09946 0.10531 0.47702 0.971 0.056 1244.090 0.02338
-0.00053 -0.03463 0.09957 0.10542 0.47814 0.948 0.056 1244.120 0.02340
-0.00053 -0.03467 0.09967 0.10553 0.47926 0.864 0.056 1244.150 0.02343
-0.00053 -0.03471 0.09978 0.10564 0.48037 0.975 0.064 1244.180 0.02345
-0.00053 -0.03474 0.09989 0.10576 0.48149 0.942 0.063 1244.210 0.02348
-0.00053 -0.03478 0.09999 0.10587 0.48261 0.912 0.062 1244.240 0.02350
-0.00053 -0.03482 0.10010 0.10598 0.48373 1.027 0.066 1244.270 0.02353
-0.00053 -0.03485 0.10021 0.10610 0.48485 0.980 0.065 1244.300 0.02355
-0.00053 -0.03489 0.10031 0.10621 0.48596 0.903 0.062 1244.330 0.02358
-0.00053 -0.03493 0.10042 0.10632 0.48708 0.958 0.064 1244.359 0.02360
-0.00053 -0.03496 0.10053 0.10643 0.48820 0.916 0.062 1244.389 0.02362
-0.00053 -0.03500 0.10063 0.10655 0.48932 0.899 0.062 1244.419 0.02365
-0.00053 -0.03504 0.10074 0.10666 0.49044 0.988 0.065 1244.449 0.02367
-0.00054 -0.03508 0.10084 0.10677 0.49156 0.867 0.061 1244.479 0.02370
-0.00054 -0.03511 0.10095 0.10688 0.49267 0.848 0.060 1244.509 0.02372
-0.00054 -0.03515 0.10106 0.10700 0.49379 0.975 0.064 1244.539 0.02375
-0.00054 -0.03519 0.10116 0.10711 0.49491 0.941 0.063 1244.569 0.02377
-0.00054 -0.03522 0.10127 0.10722 0.49603 0.767 0.055 1244.599 0.02380
-0.00054 -0.03526 0.10138 0.10734 0.49715 0.660 0.046 1244.629 0.02382
-0.00054 -0.03530 0.10148 0.10745 0.49827 0.603 0.044 1244.658 0.02385
-0.00054 -0.03534 0.10159 0.10756 0.49939 0.667 0.047 1244.688 0.02387
-0.00054 -0.03537 0.10170 0.10767 0.50050 0.525 0.041 1244.718 0.02389
-0.00054 -0.03541 0.10180 0.10779 0.50162 0.473 0.039 1244.748 0.02392
-0.00054 -0.03545 0.10191 0.10790 0.50274 0.508 0.041 1244.778 0.02394
-0.00054 -0.03548 0.10202 0.10801 0.50386 0.519 0.041 1244.808 0.02397
-0.00054 -0.03552 0.10212 0.10813 0.50498 0.587 0.044 1244.838 0.02399
-0.00054 -0.03556 0.10223 0.10824 0.50610 0.705 0.048 1244.868 0.02402
-0.00054 -0.03559 0.10234 0.10835 0.50722 0.776 0.050 1244.898 0.02404
-0.00054 -0.03563 0.10244 0.10846 0.50834 0.929 0.055 1244.927 0.02407
-0.00054 -0.03567 0.10255 0.10858 0.50946 0.942 0.056 1244.957 0.02409
-0.00054 -0.03571 0.10266 0.10869 0.51058 0.949 0.056 1244.987 0.02412
-0.00055 -0.03574 0.10276 0.10880 0.51169 0.917 0.055 1245.017 0.02414
-0.00055 -0.03578 0.10287 0.10891 0.51281 0.963 0.056 1245.047 0.02417
-0.00055 -0.03582 0.10297 0.10903 0.51393 1.136 0.061 1245.077 0.02419
-0.00055 -0.03585 0.10308 0.10914 0.51505 1.018 0.058 1245.107 0.02421
-0.00055 -0.03589 0.10319 0.10925 0.51617 1.041 0.058 1245.137 0.02424
-0.00055 -0.03593 0.10329 0.10937 0.51729 1.005 0.057 1245.167 0.02426
-0.00055 -0.03597 0.10340 0.10948 0.51841 1.005 0.057 1245.196 0.02429
-0.00055 -0.03600 0.10351 0.10959 0.51953 1.041 0.058 1245.226 0.02431
-0.00055 -0.03604 0.10361 0.10970 0.52065 0.985 0.057 1245.256 0.02434
-0.00055 -0.03608 0.10372 0.10982 0.52177 0.982 0.057 1245.286 0.02436
-0.00055 -0.03611 0.10383 0.10993 0.52289 1.015 0.058 1245.316 0.02439
-0.00055 -0.03615 0.10393 0.11004 0.52401 1.035 0.058 1245.346 0.02441
-0.00055 -0.03619 0.10404 0.11016 0.52513 1.005 0.057 1245.376 0.02444
-0.00055 -0.03622 0.10415 0.11027 0.52625 0.992 0.057 1245.406 0.02446
-0.00055 -0.03626 0.10425 0.11038 0.52737 0.910 0.055 1245.436 0.02448
-0.00055 -0.03630 0.10436 0.11049 0.52849 1.107 0.060 1245.465 0.02451
-0.00055 -0.03634 0.10447 0.11061 0.52961 1.090 0.060 1245.495 0.02453
-0.00056 -0.03637 0.10457 0.11072 0.53073 1.087 0.060 1245.525 0.02456
-0.00056 -0.03641 0.10468 0.11083 0.53185 1.025 0.058 1245.555 0.02458
-0.00056 -0.03645 0.10479 0.11095 0.53297 1.087 0.060 1245.585 0.02461
-0.00056 -0.03648 0.10489 0.11106 0.53409 0.999 0.057 1245.615 0.02463
-0.00056 -0.03652 0.10500 0.11117 0.53521 1.091 0.060 1245.645 0.02466
-0.00056 -0.03656 0.10511 0.11128 0.53633 1.074 0.059 1245.675 0.02468
-0.00056 -0.03660 0.10521 0.11140 0.53745 1.032 0.058 1245.705 0.02471
-0.00056 -0.03663 0.10532 0.11151 0.53857 0.992 0.057 1245.735 0.02473
-0.00056 -0.03667 0.10543 0.11162 0.53969 1.097 0.060 1245.764 0.02476
-0.00056 -0.03671 0.10553 0.11174 0.54081 0.989 0.057 1245.794 0.02478
-0.00056 -0.03674 0.10564 0.11185 0.54193 0.943 0.056 1245.824 0.02480
-0.00056 -0.03678 0.10575 0.11196 0.54305 0.930 0.055 1245.854 0.02483
-0.00056 -0.03682 0.10585 0.11207 0.54417 0.969 0.056 1245.884 0.02485
-0.00056 -0.03686 0.10596 0.11219 0.54529 1.107 0.060 1245.914 0.02488
-0.00056 -0.03689 0.10607 0.11230 0.54641 1.093 0.060 1245.944 0.02490
-0.00056 -0.03693 0.10617 0.11241 0.54753 1.008 0.057 1245.974 0.02493
-0.00056 -0.03697 0.10628 0.11253 0.54865 0.920 0.055 1246.004 0.02495
-0.00056 -0.03700 0.10639 0.11264 0.54977 0.911 0.055 1246.033 0.02498
-0.00057 -0.03704 0.10649 0.11275 0.55089 0.956 0.056 1246.063 0.02500
-0.00057 -0.03708 0.10660 0.11287 0.55201 0.956 0.056 1246.093 0.02503
-0.00057 -0.03711 0.10671 0.11298 0.55313 1.022 0.058 1246.123 0.02505
-0.00057 -0.03715 0.10681 0.11309 0.55425 0.976 0.057 1246.153 0.02508
-0.00057 -0.03719 0.10692 0.11320 0.55537 1.045 0.058 1246.183 0.02510
-0.00057 -0.03723 0.10703 0.11332 0.55649 1.051 0.059 1246.213 0.02512
-0.00057 -0.03726 0.10713 0.11343 0.55761 1.078 0.059 1246.243 0.02515
-0.00057 -0.03730 0.10724 0.11354 0.55873 0.989 0.057 1246.273 0.02517
-0.00057 -0.03734 0.10735 0.11366 0.55986 1.074 0.059 1246.302 0.02520
-0.00057 -0.03737 0.10745 0.11377 0.56098 1.033 0.058 1246.332 0.02522
-0.00057 -0.03741 0.10756 0.11388 0.56210 0.993 0.057 1246.362 0.02525
-0.00057 -0.03745 0.10767 0.11400 0.56322 0.993 0.057 1246.392 0.02527
-0.00057 -0.03749 0.10777 0.11411 0.56434 1.016 0.058 1246.422 0.02530
-0.00057 -0.03752 0.10788 0.11422 0.56546 1.006 0.057 1246.452 0.02532
-0.00057 -0.03756 0.10799 0.11433 0.56658 1.010 0.057 1246.482 0.02535
-0.00057 -0.03760 0.10809 0.11445 0.56770 0.964 0.056 1246.512 0.02537
-0.00057 -0.03763 0.10820 0.11456 0.56882 1.016 0.058 1246.542 0.02539
-0.00057 -0.03767 0.10831 0.11467 0.56994 0.889 0.054 1246.572 0.02542
-0.00058 -0.03771 0.10841 0.11479 0.57107 0.856 0.053 1246.601 0.02544
-0.00058 -0.03775 0.10852 0.11490 0.57219 0.843 0.053 1246.631 0.02547
-0.00058 -0.03778 0.10863 0.11501 0.57331 0.915 0.055 1246.661 0.02549
-0.00058 -0.03782 0.10873 0.11513 0.57443 0.620 0.045 1246.691 0.02552
-0.00058 -0.03786 0.10884 0.11524 0.57555 0.603 0.044 1246.721 0.02554
-0.00058 -0.03789 0.10895 0.11535 0.57667 0.620 0.045 1246.751 0.02557
-0.00058 -0.03793 0.10905 0.11546 0.57779 0.416 0.037 1246.781 0.02559
-0.00058 -0.03797 0.10916 0.11558 0.57892 0.498 0.040 1246.811 0.02562
-0.00058 -0.03801 0.10927 0.11569 0.58004 0.363 0.034 1246.841 0.02564
-0.00058 -0.03804 0.10937 0.11580 0.58116 0.308 0.034 1246.870 0.02567
-0.00058 -0.03808 0.10948 0.11592 0.58228 0.180 0.031 1246.900 0.02569
-0.00058 -0.03812 0.10959 0.11603 0.58340 0.114 0.026 1246.930 0.02571
-0.00058 -0.03815 0.10970 0.11614 0.58452 0.098 0.024 1246.960 0.02574
-0.00058 -0.03819 0.10980 0.11626 0.58565 0.045 0.019 1246.990 0.02576
-0.00058 -0.03823 0.10991 0.11637 0.58677 0.052 0.020 1247.020 0.02579
-0.00058 -0.03827 0.11002 0.11648 0.58789 0.052 0.020 1247.050 0.02581
-0.00058 -0.03830 0.11012 0.11660 0.58901 0.032 0.017 1247.080 0.02584
-0.00059 -0.03834 0.11023 0.11671 0.59013 0.065 0.021 1247.110 0.02586
-0.00059 -0.03838 0.11034 0.11682 0.59126 0.049 0.020 1247.139 0.02589
-0.00059 -0.03841 0.11044 0.11693 0.59238 0.095 0.024 1247.169 0.02591
-0.00059 -0.03845 0.11055 0.11705 0.59350 0.193 0.031 1247.199 0.02594
-0.00059 -0.03849 0.11066 0.11716 0.59462 0.367 0.035 1247.229 0.02596
-0.00059 -0.03853 0.11076 0.11727 0.59574 0.459 0.039 1247.259 0.02598
-0.00059 -0.03856 0.11087 0.11739 0.59687 0.711 0.048 1247.289 0.02601
-0.00059 -0.03860 0.11098 0.11750 0.59799 0.833 0.052 1247.319 0.02603
-0.00059 -0.03864 0.11108 0.11761 0.59911 0.890 0.054 1247.349 0.02606
-0.00059 -0.03867 0.11119 0.11773 0.60023 0.879 0.054 1247.379 0.02608
-0.00059 -0.03871 0.11130 0.11784 0.60135 0.918 0.055 1247.408 0.02611
-0.00059 -0.03875 0.11140 0.11795 0.60248 0.950 0.056 1247.438 0.02613
-0.00059 -0.03879 0.11151 0.11807 0.60360 0.978 0.057 1247.468 0.02616
-0.00059 -0.03882 0.11162 0.11818 0.60472 0.980 0.057 1247.498 0.02618
-0.00059 -0.03886 0.11172 0.11829 0.60584 0.993 0.057 1247.528 0.02621
-0.00059 -0.03890 0.11183 0.11840 0.60697 0.941 0.055 1247.558 0.02623
-0.00059 -0.03893 0.11194 0.11852 0.60809 0.948 0.056 1247.588 0.02626
-0.00059 -0.03897 0.11205 0.11863 0.60921 1.059 0.059 1247.618 0.02628
-0.00060 -0.03901 0.11215 0.11874 0.61033 1.112 0.060 1247.648 0.02630
-0.00060 -0.03905 0.11226 0.11886 0.61146 1.003 0.057 1247.678 0.02633
-0.00060 -0.03908 0.11237 0.11897 0.61258 1.118 0.060 1247.707 0.02635
-0.00060 -0.03912 0.11247 0.11908 0.61370 0.928 0.055 1247.737 0.02638
-0.00060 -0.03916 0.11258 0.11920 0.61483 0.980 0.057 1247.767 0.02640
-0.00060 -0.03919 0.11269 0.11931 0.61595 1.088 0.060 1247.797 0.02643
-0.00060 -0.03923 0.11279 0.11942 0.61707 0.968 0.056 1247.827 0.02645
-0.00060 -0.03927 0.11290 0.11954 0.61819 1.079 0.059 1247.857 0.02648
-0.00060 -0.03931 0.11301 0.11965 0.61932 1.076 0.059 1247.887 0.02650
-0.00060 -0.03934 0.11311 0.11976 0.62044 1.083 0.059 1247.917 0.02653
-0.00060 -0.03938 0.11322 0.11988 0.62156 0.964 0.056 1247.947 0.02655
-0.00060 -0.03942 0.11333 0.11999 0.62269 1.062 0.059 1247.976 0.02658
-0.00060 -0.03946 0.11344 0.12010 0.62381 1.070 0.059 1248.006 0.02660
-0.00060 -0.03949 0.11354 0.12022 0.62493 0.947 0.056 1248.036 0.02662
-0.00060 -0.03953 0.11365 0.12033 0.62606 1.013 0.058 1248.066 0.02665
-0.00060 -0.03957 0.11376 0.12044 0.62718 0.996 0.057 1248.096 0.02667
-0.00060 -0.03960 0.11386 0.12056 0.62830 1.127 0.061 1248.126 0.02670
-0.00061 -0.03964 0.11397 0.12067 0.62943 1.088 0.060 1248.156 0.02672
-0.00061 -0.03968 0.11408 0.12078 0.63055 0.953 0.056 1248.186 0.02675
-0.00061 -0.03972 0.11418 0.12090 0.63167 1.081 0.059 1248.216 0.02677
-0.00061 -0.03975 0.11429 0.12101 0.63280 1.062 0.059 1248.245 0.02680
-0.00061 -0.03979 0.11440 0.12112 0.63392 1.010 0.057 1248.275 0.02682
-0.00061 -0.03983 0.11450 0.12123 0.63504 0.783 0.051 1248.305 0.02685
-0.00061 -0.03986 0.11461 0.12135 0.63617 1.138 0.061 1248.335 0.02687
-0.00061 -0.03990 0.11472 0.12146 0.63729 1.009 0.057 1248.365 0.02689
-0.00061 -0.03994 0.11483 0.12157 0.63841 1.053 0.059 1248.395 0.02692
-0.00061 -0.03998 0.11493 0.12169 0.63954 1.030 0.058 1248.425 0.02694
-0.00061 -0.04001 0.11504 0.12180 0.64066 1.111 0.060 1248.455 0.02697
-0.00061 -0.04005 0.11515 0.12191 0.64178 0.940 0.055 1248.485 0.02699
-0.00061 -0.04009 0.11525 0.12203 0.64291 1.116 0.060 1248.515 0.02702
-0.00061 -0.04012 0.11536 0.12214 0.64403 0.963 0.056 1248.544 0.02704
-0.00061 -0.04016 0.11547 0.12225 0.64516 1.091 0.060 1248.574 0.02707
-0.00061 -0.04020 0.11557 0.12237 0.64628 0.968 0.056 1248.604 0.02709
-0.00061 -0.04024 0.11568 0.12248 0.64740 0.909 0.054 1248.634 0.02712
-0.00061 -0.04027 0.11579 0.12259 0.64853 1.076 0.059 1248.664 0.02714
-0.00062 -0.04031 0.11590 0.12271 0.64965 0.916 0.055 1248.694 0.02717
-0.00062 -0.04035 0.11600 0.12282 0.65078 0.977 0.056 1248.724 0.02719
-0.00062 -0.04039 0.11611 0.12293 0.65190 0.958 0.056 1248.754 0.02721
-0.00062 -0.04042 0.11622 0.12305 0.65302 1.045 0.058 1248.784 0.02724
-0.00062 -0.04046 0.11632 0.12316 0.65415 0.985 0.057 1248.813 0.02726
-0.00062 -0.04050 0.11643 0.12327 0.65527 0.987 0.057 1248.843 0.02729
-0.00062 -0.04053 0.11654 0.12339 0.65640 1.024 0.058 1248.873 0.02731
-0.00062 -0.04057 0.11664 0.12350 0.65752 0.923 0.055 1248.903 0.02734
-0.00062 -0.04061 0.11675 0.12361 0.65865 1.001 0.057 1248.933 0.02736
-0.00062 -0.04065 0.11686 0.12373 0.65977 1.005 0.057 1248.963 0.02739
-0.00062 -0.04068 0.11697 0.12384 0.66089 0.968 0.056 1248.993 0.02741
-0.00062 -0.04072 0.11707 0.12395 0.66202 0.974 0.056 1249.023 0.02744
-0.00062 -0.04076 0.11718 0.12407 0.66314 1.076 0.059 1249.053 0.02746
-0.00062 -0.04079 0.11729 0.12418 0.66427 1.092 0.060 1249.082 0.02748
-0.00062 -0.04083 0.11739 0.12429 0.66539 0.994 0.057 1249.112 0.02751
-0.00062 -0.04087 0.11750 0.12441 0.66652 1.083 0.059 1249.142 0.02753
-0.00062 -0.04091 0.11761 0.12452 0.66764 1.082 0.059 1249.172 0.02756
-0.00062 -0.04094 0.11771 0.12463 0.66877 1.063 0.059 1249.202 0.02758
-0.00063 -0.04098 0.11782 0.12475 0.66989 0.948 0.056 1249.232 0.02761
-0.00063 -0.04102 0.11793 0.12486 0.67102 0.981 0.057 1249.262 0.02763
-0.00063 -0.04106 0.11804 0.12497 0.67214 1.139 0.061 1249.292 0.02766
-0.00063 -0.04109 0.11814 0.12509 0.67327 0.963 0.056 1249.322 0.02768
-0.00063 -0.04113 0.11825 0.12520 0.67439 1.009 0.057 1249.351 0.02771
-0.00063 -0.04117 0.11836 0.12531 0.67551 1.045 0.058 1249.381 0.02773
-0.00063 -0.04120 0.11846 0.12543 0.67664 1.006 0.057 1249.411 0.02776
-0.00063 -0.04124 0.11857 0.12554 0.67776 1.025 0.058 1249.441 0.02778
-0.00063 -0.04128 0.11868 0.12565 0.67889 0.982 0.057 1249.471 0.02780
-0.00063 -0.04132 0.11879 0.12577 0.68001 1.049 0.058 1249.501 0.02783
-0.00063 -0.04135 0.11889 0.12588 0.68114 0.910 0.054 1249.531 0.02785
-0.00063 -0.04139 0.11900 0.12599 0.68227 1.003 0.057 1249.561 0.02788
-0.00063 -0.04143 0.11911 0.12611 0.68339 1.077 0.059 1249.591 0.02790
-0.00063 -0.04147 0.11921 0.12622 0.68452 1.038 0.058 1249.621 0.02793
-0.00063 -0.04150 0.11932 0.12633 0.68564 1.064 0.059 1249.650 0.02795
-0.00063 -0.04154 0.11943 0.12645 0.68677 0.986 0.057 1249.680 0.02798
-0.00063 -0.04158 0.11954 0.12656 0.68789 1.041 0.058 1249.710 0.02800
-0.00064 -0.04161 0.11964 0.12668 0.68902 1.064 0.059 1249.740 0.02803
-0.00064 -0.04165 0.11975 0.12679 0.69014 1.091 0.060 1249.770 0.02805
-0.00064 -0.04169 0.11986 0.12690 0.69127 1.039 0.058 1249.800 0.02807
-0.00064 -0.04173 0.11996 0.12702 0.69239 0.998 0.057 1249.830 0.02810
-0.00064 -0.04176 0.12007 0.12713 0.69352 1.051 0.058 1249.860 0.02812
-0.00064 -0.04180 0.12018 0.12724 0.69464 0.985 0.057 1249.890 0.02815
-0.00064 -0.04184 0.12029 0.12736 0.69577 0.943 0.055 1249.919 0.02817
-0.00064 -0.04188 0.12039 0.12747 0.69690 0.936 0.055 1249.949 0.02820
-0.00064 -0.04191 0.12050 0.12758 0.69802 0.962 0.056 1249.979 0.02822
-0.00064 -0.04195 0.12061 0.12770 0.69915 1.034 0.058 1250.009 0.02825
-0.00064 -0.04199 0.12071 0.12781 0.70027 1.091 0.060 1250.039 0.02827
-0.00064 -0.04202 0.12082 0.12792 0.70140 1.025 0.058 1250.069 0.02830
-0.00064 -0.04206 0.12093 0.12804 0.70252 0.953 0.056 1250.099 0.02832
-0.00064 -0.04210 0.12104 0.12815 0.70365 0.946 0.055 1250.129 0.02835
-0.00064 -0.04214 0.12114 0.12826 0.70478 0.991 0.057 1250.159 0.02837
-0.00064 -0.04217 0.12125 0.12838 0.70590 0.985 0.057 1250.188 0.02839
-0.00064 -0.04221 0.12136 0.12849 0.70703 0.945 0.055 1250.218 0.02842
-0.00064 -0.04225 0.12146 0.12860 0.70815 1.070 0.059 1250.248 0.02844
-0.00065 -0.04229 0.12157 0.12872 0.70928 1.105 0.060 1250.278 0.02847
-0.00065 -0.04232 0.12168 0.12883 0.71041 0.877 0.053 1250.308 0.02849
-0.00065 -0.04236 0.12179 0.12894 0.71153 1.001 0.057 1250.338 0.02852
-0.00065 -0.04240 0.12189 0.12906 0.71266 0.952 0.056 1250.368 0.02854
-0.00065 -0.04243 0.12200 0.12917 0.71379 0.934 0.055 1250.398 0.02857
-0.00065 -0.04247 0.12211 0.12929 0.71491 0.705 0.048 1250.428 0.02859
-0.00065 -0.04251 0.12222 0.12940 0.71604 0.604 0.044 1250.458 0.02862
-0.00065 -0.04255 0.12232 0.12951 0.71716 0.610 0.044 1250.487 0.02864
-0.00065 -0.04258 0.12243 0.12963 0.71829 0.451 0.038 1250.517 0.02867
-0.00065 -0.04262 0.12254 0.12974 0.71942 0.536 0.042 1250.547 0.02869
-0.00065 -0.04266 0.12264 0.12985 0.72054 0.678 0.047 1250.577 0.02871
-0.00065 -0.04270 0.12275 0.12997 0.72167 0.792 0.051 1250.607 0.02874
-0.00065 -0.04273 0.12286 0.13008 0.72280 0.850 0.052 1250.637 0.02876
-0.00065 -0.04277 0.12297 0.13019 0.72392 1.001 0.057 1250.667 0.02879
-0.00065 -0.04281 0.12307 0.13031 0.72505 0.906 0.054 1250.697 0.02881
-0.00065 -0.04284 0.12318 0.13042 0.72618 0.944 0.055 1250.727 0.02884
-0.00065 -0.04288 0.12329 0.13053 0.72730 1.013 0.057 1250.756 0.02886
-0.00066 -0.04292 0.12340 0.13065 0.72843 0.945 0.055 1250.786 0.02889
-0.00066 -0.04296 0.12350 0.13076 0.72956 1.006 0.057 1250.816 0.02891
-0.00066 -0.04299 0.12361 0.13088 0.73068 0.946 0.055 1250.846 0.02894
-0.00066 -0.04303 0.12372 0.13099 0.73181 0.936 0.055 1250.876 0.02896
-0.00066 -0.04307 0.12382 0.13110 0.73294 0.994 0.057 1250.906 0.02898
-0.00066 -0.04311 0.12393 0.13122 0.73407 0.920 0.055 1250.936 0.02901
-0.00066 -0.04314 0.12404 0.13133 0.73519 1.023 0.057 1250.966 0.02903
-0.00066 -0.04318 0.12415 0.13144 0.73632 1.059 0.058 1250.996 0.02906
-0.00066 -0.04322 0.12425 0.13156 0.73745 0.994 0.057 1251.025 0.02908
-0.00066 -0.04326 0.12436 0.13167 0.73857 0.993 0.057 1251.055 0.02911
-0.00066 -0.04329 0.12447 0.13178 0.73970 1.036 0.058 1251.085 0.02913
-0.00066 -0.04333 0.12458 0.13190 0.74083 1.035 0.058 1251.115 0.02916
-0.00066 -0.04337 0.12468 0.13201 0.74196 1.003 0.057 1251.145 0.02918
-0.00066 -0.04340 0.12479 0.13212 0.74308 0.970 0.056 1251.175 0.02921
-0.00066 -0.04344 0.12490 0.13224 0.74421 1.067 0.059 1251.205 0.02923
-0.00066 -0.04348 0.12500 0.13235 0.74534 0.966 0.056 1251.235 0.02926
-0.00066 -0.04352 0.12511 0.13247 0.74647 0.930 0.055 1251.265 0.02928
-0.00066 -0.04355 0.12522 0.13258 0.74759 1.066 0.059 1251.294 0.02930
-0.00067 -0.04359 0.12533 0.13269 0.74872 1.093 0.059 1251.324 0.02933
-0.00067 -0.04363 0.12543 0.13281 0.74985 0.981 0.056 1251.354 0.02935
-0.00067 -0.04367 0.12554 0.13292 0.75098 1.007 0.057 1251.384 0.02938
-0.00067 -0.04370 0.12565 0.13303 0.75210 1.027 0.058 1251.414 0.02940
-0.00067 -0.04374 0.12576 0.13315 0.75323 1.050 0.058 1251.444 0.02943
-0.00067 -0.04378 0.12586 0.13326 0.75436 1.139 0.061 1251.474 0.02945
-0.00067 -0.04382 0.12597 0.13337 0.75549 0.940 0.055 1251.504 0.02948
-0.00067 -0.04385 0.12608 0.13349 0.75661 0.975 0.056 1251.534 0.02950
-0.00067 -0.04389 0.12619 0.13360 0.75774 0.957 0.055 1251.564 0.02953
-0.00067 -0.04393 0.12629 0.13372 0.75887 0.970 0.056 1251.593 0.02955
-0.00067 -0.04396 0.12640 0.13383 0.76000 1.025 0.057 1251.623 0.02957
-0.00067 -0.04400 0.12651 0.13394 0.76113 0.986 0.056 1251.653 0.02960
-0.00067 -0.04404 0.12661 0.13406 0.76225 1.008 0.057 1251.683 0.02962
-0.00067 -0.04408 0.12672 0.13417 0.76338 0.948 0.055 1251.713 0.02965
-0.00067 -0.04411 0.12683 0.13428 0.76451 1.002 0.057 1251.743 0.02967
-0.00067 -0.04415 0.12694 0.13440 0.76564 0.989 0.056 1251.773 0.02970
-0.00067 -0.04419 0.12704 0.13451 0.76677 1.086 0.059 1251.803 0.02972
-0.00068 -0.04423 0.12715 0.13463 0.76789 0.953 0.055 1251.833 0.02975
-0.00068 -0.04426 0.12726 0.13474 0.76902 0.930 0.055 1251.862 0.02977
-0.00068 -0.04430 0.12737 0.13485 0.77015 0.985 0.056 1251.892 0.02980
-0.00068 -0.04434 0.12747 0.13497 0.77128 1.033 0.058 1251.922 0.02982
-0.00068 -0.04438 0.12758 0.13508 0.77241 0.888 0.053 1251.952 0.02985
-0.00068 -0.04441 0.12769 0.13519 0.77353 1.116 0.060 1251.982 0.02987
-0.00068 -0.04445 0.12780 0.13531 0.77466 1.132 0.060 1252.012 0.02989
-0.00068 -0.04449 0.12790 0.13542 0.77579 1.051 0.058 1252.042 0.02992
-0.00068 -0.04453 0.12801 0.13554 0.77692 1.013 0.057 1252.072 0.02994
-0.00068 -0.04456 0.12812 0.13565 0.77805 1.083 0.059 1252.102 0.02997
-0.00068 -0.04460 0.12823 0.13576 0.77918 1.068 0.058 1252.131 0.02999
-0.00068 -0.04464 0.12833 0.13588 0.78031 0.996 0.056 1252.161 0.03002
-0.00068 -0.04467 0.12844 0.13599 0.78143 1.092 0.059 1252.191 0.03004
-0.00068 -0.04471 0.12855 0.13610 0.78256 0.996 0.056 1252.221 0.03007
-0.00068 -0.04475 0.12866 0.13622 0.78369 1.053 0.058 1252.251 0.03009
-0.00068 -0.04479 0.12876 0.13633 0.78482 0.935 0.055 1252.281 0.03012
-0.00068 -0.04482 0.12887 0.13645 0.78595 0.885 0.053 1252.311 0.03014
-0.00068 -0.04486 0.12898 0.13656 0.78708 0.944 0.055 1252.341 0.03017
-0.00069 -0.04490 0.12909 0.13667 0.78821 0.957 0.055 1252.371 0.03019
-0.00069 -0.04494 0.12919 0.13679 0.78934 0.866 0.053 1252.401 0.03021
-0.00069 -0.04497 0.12930 0.13690 0.79047 0.708 0.048 1252.430 0.03024
-0.00069 -0.04501 0.12941 0.13701 0.79159 0.792 0.050 1252.460 0.03026
-0.00069 -0.04505 0.12952 0.13713 0.79272 0.656 0.046 1252.490 0.03029
-0.00069 -0.04509 0.12962 0.13724 0.79385 0.579 0.043 1252.520 0.03031
-0.00069 -0.04512 0.12973 0.13736 0.79498 0.569 0.043 1252.550 0.03034
-0.00069 -0.04516 0.12984 0.13747 0.79611 0.534 0.041 1252.580 0.03036
-0.00069 -0.04520 0.12995 0.13758 0.79724 0.527 0.041 1252.610 0.03039
-0.00069 -0.04524 0.13005 0.13770 0.79837 0.553 0.042 1252.640 0.03041
-0.00069 -0.04527 0.13016 0.13781 0.79950 0.565 0.042 1252.670 0.03044
-0.00069 -0.04531 0.13027 0.13792 0.80063 0.565 0.042 1252.699 0.03046
-0.00069 -0.04535 0.13038 0.13804 0.80176 0.385 0.035 1252.729 0.03048
-0.00069 -0.04538 0.13048 0.13815 0.80289 0.353 0.035 1252.759 0.03051
-0.00069 -0.04542 0.13059 0.13827 0.80402 0.193 0.031 1252.789 0.03053
-0.00069 -0.04546 0.13070 0.13838 0.80515 0.210 0.032 1252.819 0.03056
-0.00069 -0.04550 0.13081 0.13849 0.80627 0.223 0.033 1252.849 0.03058
-0.00070 -0.04553 0.13091 0.13861 0.80740 0.373 0.034 1252.879 0.03061
-0.00070 -0.04557 0.13102 0.13872 0.80853 0.588 0.043 1252.909 0.03063
-0.00070 -0.04561 0.13113 0.13884 0.80966 0.657 0.046 1252.939 0.03066
-0.00070 -0.04565 0.13124 0.13895 0.81079 0.783 0.050 1252.968 0.03068
-0.00070 -0.04568 0.13134 0.13906 0.81192 0.995 0.056 1252.998 0.03071
-0.00070 -0.04572 0.13145 0.13918 0.81305 0.974 0.056 1253.028 0.03073
-0.00070 -0.04576 0.13156 0.13929 0.81418 0.936 0.055 1253.058 0.03076
-0.00070 -0.04580 0.13167 0.13941 0.81531 0.999 0.056 1253.088 0.03078
-0.00070 -0.04583 0.13177 0.13952 0.81644 0.950 0.055 1253.118 0.03080
-0.00070 -0.04587 0.13188 0.13963 0.81757 0.908 0.054 1253.148 0.03083
-0.00070 -0.04591 0.13199 0.13975 0.81870 0.995 0.056 1253.178 0.03085
-0.00070 -0.04595 0.13210 0.13986 0.81983 0.841 0.052 1253.208 0.03088
-0.00070 -0.04598 0.13220 0.13997 0.82096 0.988 0.056 1253.237 0.03090
-0.00070 -0.04602 0.13231 0.14009 0.82209 0.954 0.055 1253.267 0.03093
-0.00070 -0.04606 0.13242 0.14020 0.82322 1.026 0.057 1253.297 0.03095
-0.00070 -0.04610 0.13253 0.14032 0.82435 0.939 0.055 1253.327 0.03098
-0.00070 -0.04613 0.13263 0.14043 0.82548 0.891 0.053 1253.357 0.03100
-0.00070 -0.04617 0.13274 0.14054 0.82661 1.005 0.056 1253.387 0.03103
-0.00071 -0.04621 0.13285 0.14066 0.82774 0.967 0.055 1253.417 0.03105
-0.00071 -0.04625 0.13296 0.14077 0.82887 0.820 0.051 1253.447 0.03107
-0.00071 -0.04628 0.13306 0.14089 0.83000 1.062 0.058 1253.477 0.03110
-0.00071 -0.04632 0.13317 0.14100 0.83113 0.934 0.054 1253.507 0.03112
-0.00071 -0.04636 0.13328 0.14111 0.83226 0.912 0.054 1253.536 0.03115
-0.00071 -0.04640 0.13339 0.14123 0.83339 0.940 0.054 1253.566 0.03117
-0.00071 -0.04643 0.13350 0.14134 0.83453 0.799 0.050 1253.596 0.03120
-0.00071 -0.04647 0.13360 0.14146 0.83566 0.888 0.053 1253.626 0.03122
-0.00071 -0.04651 0.13371 0.14157 0.83679 0.521 0.041 1253.656 0.03125
-0.00071 -0.04654 0.13382 0.14168 0.83792 0.394 0.035 1253.686 0.03127
-0.00071 -0.04658 0.13393 0.14180 0.83905 0.327 0.034 1253.716 0.03130
-0.00071 -0.04662 0.13403 0.14191 0.84018 0.326 0.032 1253.746 0.03132
-0.00071 -0.04666 0.13414 0.14203 0.84131 0.330 0.032 1253.776 0.03135
-0.00071 -0.04669 0.13425 0.14214 0.84244 0.508 0.040 1253.805 0.03137
-0.00071 -0.04673 0.13436 0.14225 0.84357 0.590 0.043 1253.835 0.03139
-0.00071 -0.04677 0.13446 0.14237 0.84470 0.767 0.049 1253.865 0.03142
-0.00071 -0.04681 0.13457 0.14248 0.84583 0.910 0.054 1253.895 0.03144
-0.00072 -0.04684 0.13468 0.14260 0.84696 0.815 0.051 1253.925 0.03147
-0.00072 -0.04688 0.13479 0.14271 0.84809 0.900 0.053 1253.955 0.03149
-0.00072 -0.04692 0.13489 0.14282 0.84923 0.959 0.055 1253.985 0.03152
-0.00072 -0.04696 0.13500 0.14294 0.85036 0.940 0.054 1254.015 0.03154
-0.00072 -0.04699 0.13511 0.14305 0.85149 0.790 0.050 1254.045 0.03157
-0.00072 -0.04703 0.13522 0.14317 0.85262 1.079 0.058 1254.074 0.03159
-0.00072 -0.04707 0.13533 0.14328 0.85375 0.897 0.053 1254.104 0.03162
-0.00072 -0.04711 0.13543 0.14339 0.85488 0.967 0.055 1254.134 0.03164
-0.00072 -0.04714 0.13554 0.14351 0.85601 1.087 0.058 1254.164 0.03166
-0.00072 -0.04718 0.13565 0.14362 0.85714 0.877 0.052 1254.194 0.03169
-0.00072 -0.04722 0.13576 0.14374 0.85827 0.997 0.056 1254.224 0.03171
-0.00072 -0.04726 0.13586 0.14385 0.85941 1.031 0.057 1254.254 0.03174
-0.00072 -0.04729 0.13597 0.14396 0.86054 0.930 0.054 1254.284 0.03176
-0.00072 -0.04733 0.13608 0.14408 0.86167 0.939 0.054 1254.314 0.03179
-0.00072 -0.04737 0.13619 0.14419 0.86280 0.942 0.054 1254.344 0.03181
-0.00072 -0.04741 0.13629 0.14431 0.86393 0.976 0.055 1254.373 0.03184
-0.00072 -0.04744 0.13640 0.14442 0.86506 0.939 0.054 1254.403 0.03186
-0.00072 -0.04748 0.13651 0.14453 0.86620 0.925 0.054 1254.433 0.03189
-0.00073 -0.04752 0.13662 0.14465 0.86733 0.947 0.054 1254.463 0.03191
-0.00073 -0.04756 0.13673 0.14476 0.86846 0.906 0.053 1254.493 0.03194
-0.00073 -0.04759 0.13683 0.14488 0.86959 1.013 0.059 1254.523 0.03196
-0.00073 -0.04763 0.13694 0.14499 0.87072 0.886 0.053 1254.553 0.03198
-0.00073 -0.04767 0.13705 0.14510 0.87185 0.911 0.053 1254.583 0.03201
-0.00073 -0.04771 0.13716 0.14522 0.87299 0.996 0.056 1254.613 0.03203
-0.00073 -0.04774 0.13726 0.14533 0.87412 0.942 0.054 1254.642 0.03206
-0.00073 -0.04778 0.13737 0.14545 0.87525 0.994 0.056 1254.672 0.03208
-0.00073 -0.04782 0.13748 0.14556 0.87638 0.836 0.051 1254.702 0.03211
-0.00073 -0.04786 0.13759 0.14567 0.87751 0.925 0.054 1254.732 0.03213
-0.00073 -0.04789 0.13770 0.14579 0.87865 1.053 0.057 1254.762 0.03216
-0.00073 -0.04793 0.13780 0.14590 0.87978 1.043 0.057 1254.792 0.03218
-0.00073 -0.04797 0.13791 0.14602 0.88091 0.914 0.053 1254.822 0.03221
-0.00073 -0.04801 0.13802 0.14613 0.88204 0.954 0.054 1254.852 0.03223
-0.00073 -0.04804 0.13813 0.14625 0.88317 1.033 0.057 1254.882 0.03226
-0.00073 -0.04808 0.13823 0.14636 0.88431 1.094 0.058 1254.911 0.03228
-0.00073 -0.04812 0.13834 0.14647 0.88544 0.976 0.055 1254.941 0.03230
-0.00074 -0.04816 0.13845 0.14659 0.88657 1.012 0.056 1254.971 0.03233
-0.00074 -0.04819 0.13856 0.14670 0.88770 0.927 0.054 1255.001 0.03235
-0.00074 -0.04823 0.13867 0.14682 0.88884 1.023 0.056 1255.031 0.03238
-0.00074 -0.04827 0.13877 0.14693 0.88997 1.092 0.058 1255.061 0.03240
-0.00074 -0.04831 0.13888 0.14704 0.89110 0.923 0.053 1255.091 0.03243
-0.00074 -0.04834 0.13899 0.14716 0.89223 0.901 0.053 1255.121 0.03245
-0.00074 -0.04838 0.13910 0.14727 0.89337 0.990 0.055 1255.151 0.03248
-0.00074 -0.04842 0.13920 0.14739 0.89450 1.021 0.056 1255.180 0.03250
-0.00074 -0.04846 0.13931 0.14750 0.89563 0.877 0.052 1255.210 0.03253
-0.00074 -0.04849 0.13942 0.14761 0.89676 0.942 0.054 1255.240 0.03255
-0.00074 -0.04853 0.13953 0.14773 0.89790 1.017 0.056 1255.270 0.03257
-0.00074 -0.04857 0.13964 0.14784 0.89903 1.001 0.056 1255.300 0.03260
-0.00074 -0.04861 0.13974 0.14796 0.90016 1.018 0.056 1255.330 0.03262
-0.00074 -0.04864 0.13985 0.14807 0.90129 0.944 0.054 1255.360 0.03265
-0.00074 -0.04868 0.13996 0.14819 0.90243 1.017 0.056 1255.390 0.03267
-0.00074 -0.04872 0.14007 0.14830 0.90356 0.983 0.055 1255.420 0.03270
-0.00074 -0.04876 0.14018 0.14841 0.90469 0.917 0.053 1255.450 0.03272
-0.00074 -0.04879 0.14028 0.14853 0.90583 1.001 0.055 1255.479 0.03275
-0.00075 -0.04883 0.14039 0.14864 0.90696 1.059 0.057 1255.509 0.03277
-0.00075 -0.04887 0.14050 0.14876 0.90809 0.923 0.053 1255.539 0.03280
-0.00075 -0.04891 0.14061 0.14887 0.90923 0.993 0.055 1255.569 0.03282
-0.00075 -0.04894 0.14071 0.14899 0.91036 1.060 0.057 1255.599 0.03285
-0.00075 -0.04898 0.14082 0.14910 0.91149 1.036 0.056 1255.629 0.03287
-0.00075 -0.04902 0.14093 0.14921 0.91262 1.023 0.056 1255.659 0.03289
-0.00075 -0.04906 0.14104 0.14933 0.91376 1.013 0.056 1255.689 0.03292
-0.00075 -0.04909 0.14115 0.14944 0.91489 0.981 0.055 1255.719 0.03294
-0.00075 -0.04913 0.14125 0.14956 0.91602 0.994 0.055 1255.748 0.03297
-0.00075 -0.04917 0.14136 0.14967 0.91716 1.031 0.056 1255.778 0.03299
-0.00075 -0.04921 0.14147 0.14978 0.91829 1.061 0.057 1255.808 0.03302
-0.00075 -0.04924 0.14158 0.14990 0.91942 1.051 0.057 1255.838 0.03304
-0.00075 -0.04928 0.14169 0.15001 0.92056 1.026 0.056 1255.868 0.03307
-0.00075 -0.04932 0.14179 0.15013 0.92169 0.951 0.054 1255.898 0.03309
-0.00075 -0.04936 0.14190 0.15024 0.92283 1.058 0.057 1255.928 0.03312
-0.00075 -0.04939 0.14201 0.15036 0.92396 0.958 0.054 1255.958 0.03314
-0.00075 -0.04943 0.14212 0.15047 0.92509 1.038 0.056 1255.988 0.03316
-0.00076 -0.04947 0.14223 0.15058 0.92623 0.835 0.050 1256.017 0.03319
-0.00076 -0.04951 0.14233 0.15070 0.92736 0.943 0.054 1256.047 0.03321
-0.00076 -0.04954 0.14244 0.15081 0.92849 0.936 0.053 1256.077 0.03324
-0.00076 -0.04958 0.14255 0.15093 0.92963 1.010 0.055 1256.107 0.03326
-0.00076 -0.04962 0.14266 0.15104 0.93076 0.941 0.053 1256.137 0.03329
-0.00076 -0.04966 0.14276 0.15116 0.93190 0.949 0.054 1256.167 0.03331
-0.00076 -0.04969 0.14287 0.15127 0.93303 0.958 0.054 1256.197 0.03334
-0.00076 -0.04973 0.14298 0.15138 0.93416 1.053 0.056 1256.227 0.03336
-0.00076 -0.04977 0.14309 0.15150 0.93530 1.062 0.057 1256.257 0.03339
-0.00076 -0.04981 0.14320 0.15161 0.93643 1.009 0.055 1256.287 0.03341
-0.00076 -0.04984 0.14330 0.15173 0.93757 1.072 0.057 1256.316 0.03344
-0.00076 -0.04988 0.14341 0.15184 0.93870 0.998 0.055 1256.346 0.03346
-0.00076 -0.04992 0.14352 0.15196 0.93983 1.028 0.056 1256.376 0.03348
-0.00076 -0.04996 0.14363 0.15207 0.94097 1.016 0.055 1256.406 0.03351
-0.00076 -0.04999 0.14374 0.15218 0.94210 1.015 0.055 1256.436 0.03353
-0.00076 -0.05003 0.14384 0.15230 0.94324 0.874 0.051 1256.466 0.03356
-0.00076 -0.05007 0.14395 0.15241 0.94437 0.956 0.054 1256.496 0.03358
-0.00076 -0.05011 0.14406 0.15253 0.94550 0.988 0.055 1256.526 0.03361
-0.00077 -0.05015 0.14417 0.15264 0.94664 1.015 0.055 1256.556 0.03363
-0.00077 -0.05018 0.14428 0.15276 0.94777 0.975 0.054 1256.585 0.03366
-0.00077 -0.05022 0.14438 0.15287 0.94891 1.060 0.056 1256.615 0.03368
-0.00077 -0.05026 0.14449 0.15299 0.95004 0.940 0.053 1256.645 0.03371
-0.00077 -0.05030 0.14460 0.15310 0.95118 1.007 0.055 1256.675 0.03373
-0.00077 -0.05033 0.14471 0.15321 0.95231 0.887 0.052 1256.705 0.03376
-0.00077 -0.05037 0.14482 0.15333 0.95345 0.907 0.052 1256.735 0.03378
-0.00077 -0.05041 0.14492 0.15344 0.95458 0.911 0.052 1256.765 0.03380
-0.00077 -0.05045 0.14503 0.15356 0.95572 0.862 0.051 1256.795 0.03383
-0.00077 -0.05048 0.14514 0.15367 0.95685 1.046 0.056 1256.825 0.03385
-0.00077 -0.05052 0.14525 0.15379 0.95799 0.950 0.053 1256.854 0.03388
-0.00077 -0.05056 0.14536 0.15390 0.95912 1.013 0.055 1256.884 0.03390
-0.00077 -0.05060 0.14546 0.15401 0.96026 1.011 0.055 1256.914 0.03393
-0.00077 -0.05063 0.14557 0.15413 0.96139 0.911 0.052 1256.944 0.03395
-0.00077 -0.05067 0.14568 0.15424 0.96252 0.847 0.050 1256.974 0.03398
-0.00077 -0.05071 0.14579 0.15436 0.96366 0.915 0.052 1257.004 0.03400
-0.00077 -0.05075 0.14590 0.15447 0.96479 0.914 0.052 1257.034 0.03403
-0.00078 -0.05078 0.14600 0.15459 0.96593 1.072 0.057 1257.064 0.03405
-0.00078 -0.05082 0.14611 0.15470 0.96707 1.049 0.056 1257.094 0.03407
-0.00078 -0.05086 0.14622 0.15482 0.96820 1.035 0.055 1257.123 0.03410
-0.00078 -0.05090 0.14633 0.15493 0.96934 0.933 0.053 1257.153 0.03412
-0.00078 -0.05093 0.14644 0.15504 0.97047 0.859 0.051 1257.183 0.03415
-0.00078 -0.05097 0.14655 0.15516 0.97161 0.890 0.051 1257.213 0.03417
-0.00078 -0.05101 0.14665 0.15527 0.97274 0.845 0.050 1257.243 0.03420
-0.00078 -0.05105 0.14676 0.15539 0.97388 0.997 0.054 1257.273 0.03422
-0.00078 -0.05108 0.14687 0.15550 0.97501 1.015 0.055 1257.303 0.03425
-0.00078 -0.05112 0.14698 0.15562 0.97615 0.964 0.053 1257.333 0.03427
-0.00078 -0.05116 0.14709 0.15573 0.97728 0.855 0.050 1257.363 0.03430
-0.00078 -0.05120 0.14719 0.15585 0.97842 0.929 0.052 1257.393 0.03432
-0.00078 -0.05123 0.14730 0.15596 0.97955 1.001 0.054 1257.422 0.03435
-0.00078 -0.05127 0.14741 0.15607 0.98069 0.851 0.050 1257.452 0.03437
-0.00078 -0.05131 0.14752 0.15619 0.98182 0.985 0.054 1257.482 0.03439
-0.00078 -0.05135 0.14763 0.15630 0.98296 0.916 0.052 1257.512 0.03442
-0.00078 -0.05139 0.14773 0.15642 0.98410 0.876 0.051 1257.542 0.03444
-0.00078 -0.05142 0.14784 0.15653 0.98523 0.881 0.051 1257.572 0.03447
-0.00079 -0.05146 0.14795 0.15665 0.98637 1.000 0.054 1257.602 0.03449
-0.00079 -0.05150 0.14806 0.15676 0.98750 0.976 0.054 1257.632 0.03452
-0.00079 -0.05154 0.14817 0.15688 0.98864 0.942 0.053 1257.662 0.03454
-0.00079 -0.05157 0.14828 0.15699 0.98978 0.966 0.053 1257.691 0.03457
-0.00079 -0.05161 0.14838 0.15710 0.99091 0.955 0.053 1257.721 0.03459
-0.00079 -0.05165 0.14849 0.15722 0.99205 0.893 0.051 1257.751 0.03462
-0.00079 -0.05169 0.14860 0.15733 0.99318 0.907 0.052 1257.781 0.03464
-0.00079 -0.05172 0.14871 0.15745 0.99432 0.924 0.052 1257.811 0.03466
-0.00079 -0.05176 0.14882 0.15756 0.99546 1.054 0.056 1257.841 0.03469
-0.00079 -0.05180 0.14892 0.15768 0.99659 0.988 0.054 1257.871 0.03471
-0.00079 -0.05184 0.14903 0.15779 0.99773 0.917 0.052 1257.901 0.03474
-0.00079 -0.05187 0.14914 0.15791 0.99886 0.975 0.053 1257.931 0.03476
-0.00079 -0.05191 0.14925 0.15802 1.00000 0.903 0.051 1257.960 0.03479
