x y z dist_scaled dist_frac flux_norm sig_norm wavelength redshift
-0.00325 -0.00561 0.05689 0.05726 0.00000 0.911 0.092 1231.247 0.01281
-0.00326 -0.00562 0.05700 0.05737 0.00110 1.044 0.093 1231.277 0.01284
-0.00326 -0.00563 0.05711 0.05748 0.00220 0.910 0.092 1231.306 0.01286
-0.00327 -0.00564 0.05722 0.05760 0.00330 1.001 0.091 1231.336 0.01289
-0.00328 -0.00565 0.05734 0.05771 0.00440 0.892 0.086 1231.366 0.01291
-0.00328 -0.00566 0.05745 0.05782 0.00550 1.049 0.093 1231.396 0.01294
-0.00329 -0.00567 0.05756 0.05793 0.00661 1.115 0.096 1231.426 0.01296
-0.00329 -0.00569 0.05767 0.05804 0.00771 0.924 0.088 1231.456 0.01299
-0.00330 -0.00570 0.05778 0.05815 0.00881 0.908 0.092 1231.486 0.01301
-0.00331 -0.00571 0.05789 0.05826 0.00991 0.957 0.094 1231.516 0.01303
-0.00331 -0.00572 0.05800 0.05837 0.01101 1.122 0.097 1231.546 0.01306
-0.00332 -0.00573 0.05811 0.05848 0.01211 1.113 0.096 1231.576 0.01308
-0.00333 -0.00574 0.05822 0.05859 0.01321 1.088 0.095 1231.605 0.01311
-0.00333 -0.00575 0.05833 0.05871 0.01431 1.072 0.094 1231.635 0.01313
-0.00334 -0.00576 0.05844 0.05882 0.01541 0.971 0.095 1231.665 0.01316
-0.00335 -0.00577 0.05855 0.05893 0.01652 1.021 0.092 1231.695 0.01318
-0.00335 -0.00578 0.05866 0.05904 0.01762 0.910 0.103 1231.725 0.01321
-0.00336 -0.00579 0.05877 0.05915 0.01872 0.988 0.126 1231.755 0.01323
-0.00336 -0.00581 0.05888 0.05926 0.01982 0.876 0.128 1231.785 0.01326
-0.00337 -0.00582 0.05899 0.05937 0.02092 1.247 0.132 1231.815 0.01328
-0.00338 -0.00583 0.05910 0.05948 0.02202 0.987 0.126 1231.845 0.01331
-0.00338 -0.00584 0.05921 0.05959 0.02312 0.739 0.119 1231.874 0.01333
-0.00339 -0.00585 0.05932 0.05970 0.02423 1.096 0.124 1231.904 0.01335
-0.00340 -0.00586 0.05943 0.05982 0.02533 0.973 0.133 1231.934 0.01338
-0.00340 -0.00587 0.05954 0.05993 0.02643 0.956 0.118 1231.964 0.01340
-0.00341 -0.00588 0.05965 0.06004 0.02753 0.927 0.087 1231.994 0.01343
-0.00341 -0.00589 0.05976 0.06015 0.02863 1.001 0.091 1232.024 0.01345
-0.00342 -0.00590 0.05987 0.06026 0.02973 0.934 0.088 1232.054 0.01348
-0.00343 -0.00591 0.05998 0.06037 0.03084 0.977 0.121 1232.084 0.01350
-0.00343 -0.00592 0.06009 0.06048 0.03194 1.072 0.130 1232.114 0.01353
-0.00344 -0.00594 0.06020 0.06059 0.03304 0.715 0.117 1232.143 0.01355
-0.00345 -0.00595 0.06031 0.06070 0.03414 0.992 0.125 1232.173 0.01358
-0.00345 -0.00596 0.06042 0.06081 0.03524 0.757 0.119 1232.203 0.01360
-0.00346 -0.00597 0.06053 0.06093 0.03635 0.935 0.130 1232.233 0.01362
-0.00347 -0.00598 0.06064 0.06104 0.03745 1.116 0.124 1232.263 0.01365
-0.00347 -0.00599 0.06075 0.06115 0.03855 1.124 0.125 1232.293 0.01367
-0.00348 -0.00600 0.06087 0.06126 0.03965 1.052 0.129 1232.323 0.01370
-0.00348 -0.00601 0.06098 0.06137 0.04075 0.975 0.125 1232.353 0.01372
-0.00349 -0.00602 0.06109 0.06148 0.04186 0.803 0.122 1232.383 0.01375
-0.00350 -0.00603 0.06120 0.06159 0.04296 0.948 0.123 1232.413 0.01377
-0.00350 -0.00604 0.06131 0.06170 0.04406 1.097 0.131 1232.442 0.01380
-0.00351 -0.00606 0.06142 0.06181 0.04516 1.188 0.129 1232.472 0.01382
-0.00352 -0.00607 0.06153 0.06193 0.04627 0.835 0.124 1232.502 0.01385
-0.00352 -0.00608 0.06164 0.06204 0.04737 0.957 0.131 1232.532 0.01387
-0.00353 -0.00609 0.06175 0.06215 0.04847 0.964 0.131 1232.562 0.01390
-0.00353 -0.00610 0.06186 0.06226 0.04957 0.998 0.126 1232.592 0.01392
-0.00354 -0.00611 0.06197 0.06237 0.05068 0.991 0.132 1232.622 0.01394
-0.00355 -0.00612 0.06208 0.06248 0.05178 0.956 0.111 1232.652 0.01397
-0.00355 -0.00613 0.06219 0.06259 0.05288 0.979 0.089 1232.682 0.01399
-0.00356 -0.00614 0.06230 0.06270 0.05398 0.738 0.087 1232.711 0.01402
-0.00357 -0.00615 0.06241 0.06281 0.05509 1.122 0.096 1232.741 0.01404
-0.00357 -0.00616 0.06252 0.06293 0.05619 0.901 0.090 1232.771 0.01407
-0.00358 -0.00618 0.06263 0.06304 0.05729 1.015 0.091 1232.801 0.01409
-0.00358 -0.00619 0.06274 0.06315 0.05840 1.088 0.094 1232.831 0.01412
-0.00359 -0.00620 0.06285 0.06326 0.05950 0.948 0.088 1232.861 0.01414
-0.00360 -0.00621 0.06296 0.06337 0.06060 0.996 0.095 1232.891 0.01417
-0.00360 -0.00622 0.06307 0.06348 0.06170 0.956 0.093 1232.921 0.01419
-0.00361 -0.00623 0.06318 0.06359 0.06281 1.028 0.084 1232.951 0.01421
-0.00362 -0.00624 0.06329 0.06370 0.06391 0.909 0.074 1232.980 0.01424
-0.00362 -0.00625 0.06341 0.06382 0.06501 0.890 0.074 1233.010 0.01426
-0.00363 -0.00626 0.06352 0.06393 0.06612 0.969 0.077 1233.040 0.01429
-0.00364 -0.00627 0.06363 0.06404 0.06722 0.999 0.078 1233.070 0.01431
-0.00364 -0.00628 0.06374 0.06415 0.06832 0.950 0.076 1233.100 0.01434
-0.00365 -0.00629 0.06385 0.06426 0.06943 0.980 0.077 1233.130 0.01436
-0.00365 -0.00631 0.06396 0.06437 0.07053 0.889 0.074 1233.160 0.01439
-0.00366 -0.00632 0.06407 0.06448 0.07163 1.094 0.082 1233.190 0.01441
-0.00367 -0.00633 0.06418 0.06459 0.07274 0.930 0.075 1233.220 0.01444
-0.00367 -0.00634 0.06429 0.06471 0.07384 0.966 0.077 1233.249 0.01446
-0.00368 -0.00635 0.06440 0.06482 0.07494 0.886 0.073 1233.279 0.01449
-0.00369 -0.00636 0.06451 0.06493 0.07605 0.917 0.075 1233.309 0.01451
-0.00369 -0.00637 0.06462 0.06504 0.07715 0.940 0.076 1233.339 0.01453
-0.00370 -0.00638 0.06473 0.06515 0.07825 0.922 0.075 1233.369 0.01456
-0.00370 -0.00639 0.06484 0.06526 0.07936 1.036 0.079 1233.399 0.01458
-0.00371 -0.00640 0.06495 0.06537 0.08046 0.994 0.078 1233.429 0.01461
-0.00372 -0.00641 0.06506 0.06548 0.08156 1.047 0.080 1233.459 0.01463
-0.00372 -0.00643 0.06517 0.06560 0.08267 1.102 0.082 1233.489 0.01466
-0.00373 -0.00644 0.06528 0.06571 0.08377 1.047 0.080 1233.519 0.01468
-0.00374 -0.00645 0.06539 0.06582 0.08488 0.932 0.075 1233.548 0.01471
-0.00374 -0.00646 0.06550 0.06593 0.08598 0.968 0.076 1233.578 0.01473
-0.00375 -0.00647 0.06562 0.06604 0.08708 1.124 0.082 1233.608 0.01476
-0.00376 -0.00648 0.06573 0.06615 0.08819 1.009 0.078 1233.638 0.01478
-0.00376 -0.00649 0.06584 0.06626 0.08929 0.912 0.074 1233.668 0.01480
-0.00377 -0.00650 0.06595 0.06637 0.09040 0.984 0.077 1233.698 0.01483
-0.00377 -0.00651 0.06606 0.06649 0.09150 0.953 0.076 1233.728 0.01485
-0.00378 -0.00652 0.06617 0.06660 0.09260 1.079 0.081 1233.758 0.01488
-0.00379 -0.00653 0.06628 0.06671 0.09371 0.868 0.072 1233.788 0.01490
-0.00379 -0.00655 0.06639 0.06682 0.09481 0.862 0.072 1233.817 0.01493
-0.00380 -0.00656 0.06650 0.06693 0.09592 0.862 0.072 1233.847 0.01495
-0.00381 -0.00657 0.06661 0.06704 0.09702 0.952 0.076 1233.877 0.01498
-0.00381 -0.00658 0.06672 0.06715 0.09812 0.946 0.075 1233.907 0.01500
-0.00382 -0.00659 0.06683 0.06726 0.09923 1.083 0.081 1233.937 0.01503
-0.00382 -0.00660 0.06694 0.06738 0.10033 0.957 0.076 1233.967 0.01505
-0.00383 -0.00661 0.06705 0.06749 0.10144 0.920 0.074 1233.997 0.01508
-0.00384 -0.00662 0.06716 0.06760 0.10254 1.028 0.079 1234.027 0.01510
-0.00384 -0.00663 0.06727 0.06771 0.10365 0.931 0.075 1234.057 0.01512
-0.00385 -0.00664 0.06738 0.06782 0.10475 1.009 0.078 1234.086 0.01515
-0.00386 -0.00665 0.06750 0.06793 0.10586 0.907 0.074 1234.116 0.01517
-0.00386 -0.00667 0.06761 0.06804 0.10696 1.103 0.081 1234.146 0.01520
-0.00387 -0.00668 0.06772 0.06815 0.10806 0.995 0.077 1234.176 0.01522
-0.00388 -0.00669 0.06783 0.06827 0.10917 1.001 0.077 1234.206 0.01525
-0.00388 -0.00670 0.06794 0.06838 0.11027 1.155 0.083 1234.236 0.01527
-0.00389 -0.00671 0.06805 0.06849 0.11138 0.958 0.076 1234.266 0.01530
-0.00389 -0.00672 0.06816 0.06860 0.11248 1.100 0.081 1234.296 0.01532
-0.00390 -0.00673 0.06827 0.06871 0.11359 0.909 0.074 1234.326 0.01535
-0.00391 -0.00674 0.06838 0.06882 0.11469 0.903 0.073 1234.356 0.01537
-0.00391 -0.00675 0.06849 0.06893 0.11580 0.944 0.075 1234.385 0.01540
-0.00392 -0.00676 0.06860 0.06905 0.11690 0.949 0.075 1234.415 0.01542
-0.00393 -0.00677 0.06871 0.06916 0.11801 0.878 0.072 1234.445 0.01544
-0.00393 -0.00679 0.06882 0.06927 0.11911 1.038 0.079 1234.475 0.01547
-0.00394 -0.00680 0.06893 0.06938 0.12022 1.103 0.081 1234.505 0.01549
-0.00395 -0.00681 0.06904 0.06949 0.12132 1.014 0.078 1234.535 0.01552
-0.00395 -0.00682 0.06916 0.06960 0.12243 1.090 0.081 1234.565 0.01554
-0.00396 -0.00683 0.06927 0.06971 0.12353 0.989 0.077 1234.595 0.01557
-0.00396 -0.00684 0.06938 0.06983 0.12464 1.167 0.083 1234.625 0.01559
-0.00397 -0.00685 0.06949 0.06994 0.12574 0.911 0.074 1234.654 0.01562
-0.00398 -0.00686 0.06960 0.07005 0.12685 0.978 0.084 1234.684 0.01564
-0.00398 -0.00687 0.06971 0.07016 0.12796 0.922 0.086 1234.714 0.01567
-0.00399 -0.00688 0.06982 0.07027 0.12906 1.008 0.089 1234.744 0.01569
-0.00400 -0.00689 0.06993 0.07038 0.13017 0.992 0.089 1234.774 0.01571
-0.00400 -0.00691 0.07004 0.07049 0.13127 0.928 0.086 1234.804 0.01574
-0.00401 -0.00692 0.07015 0.07061 0.13238 1.062 0.092 1234.834 0.01576
-0.00401 -0.00693 0.07026 0.07072 0.13348 0.935 0.086 1234.864 0.01579
-0.00402 -0.00694 0.07037 0.07083 0.13459 0.950 0.087 1234.894 0.01581
-0.00403 -0.00695 0.07048 0.07094 0.13569 0.903 0.084 1234.923 0.01584
-0.00403 -0.00696 0.07059 0.07105 0.13680 0.886 0.084 1234.953 0.01586
-0.00404 -0.00697 0.07071 0.07116 0.13791 0.925 0.086 1234.983 0.01589
-0.00405 -0.00698 0.07082 0.07127 0.13901 1.091 0.093 1235.013 0.01591
-0.00405 -0.00699 0.07093 0.07139 0.14012 1.058 0.091 1235.043 0.01594
-0.00406 -0.00700 0.07104 0.07150 0.14122 0.963 0.087 1235.073 0.01596
-0.00407 -0.00701 0.07115 0.07161 0.14233 1.003 0.089 1235.103 0.01599
-0.00407 -0.00703 0.07126 0.07172 0.14343 0.915 0.085 1235.133 0.01601
-0.00408 -0.00704 0.07137 0.07183 0.14454 0.859 0.087 1235.163 0.01603
-0.00408 -0.00705 0.07148 0.07194 0.14565 0.891 0.084 1235.192 0.01606
-0.00409 -0.00706 0.07159 0.07205 0.14675 0.867 0.083 1235.222 0.01608
-0.00410 -0.00707 0.07170 0.07217 0.14786 0.882 0.083 1235.252 0.01611
-0.00410 -0.00708 0.07181 0.07228 0.14897 1.047 0.091 1235.282 0.01613
-0.00411 -0.00709 0.07192 0.07239 0.15007 0.929 0.085 1235.312 0.01616
-0.00412 -0.00710 0.07203 0.07250 0.15118 1.251 0.099 1235.342 0.01618
-0.00412 -0.00711 0.07215 0.07261 0.15228 0.952 0.087 1235.372 0.01621
-0.00413 -0.00712 0.07226 0.07272 0.15339 0.920 0.085 1235.402 0.01623
-0.00413 -0.00713 0.07237 0.07284 0.15450 0.951 0.086 1235.432 0.01626
-0.00414 -0.00715 0.07248 0.07295 0.15560 1.021 0.090 1235.462 0.01628
-0.00415 -0.00716 0.07259 0.07306 0.15671 1.017 0.086 1235.491 0.01630
-0.00415 -0.00717 0.07270 0.07317 0.15782 1.015 0.077 1235.521 0.01633
-0.00416 -0.00718 0.07281 0.07328 0.15892 1.068 0.079 1235.551 0.01635
-0.00417 -0.00719 0.07292 0.07339 0.16003 0.927 0.074 1235.581 0.01638
-0.00417 -0.00720 0.07303 0.07350 0.16114 0.927 0.074 1235.611 0.01640
-0.00418 -0.00721 0.07314 0.07362 0.16224 1.043 0.078 1235.641 0.01643
-0.00419 -0.00722 0.07325 0.07373 0.16335 0.996 0.076 1235.671 0.01645
-0.00419 -0.00723 0.07336 0.07384 0.16446 1.121 0.081 1235.701 0.01648
-0.00420 -0.00724 0.07347 0.07395 0.16556 1.097 0.080 1235.731 0.01650
-0.00420 -0.00726 0.07359 0.07406 0.16667 1.047 0.078 1235.760 0.01653
-0.00421 -0.00727 0.07370 0.07417 0.16778 1.035 0.078 1235.790 0.01655
-0.00422 -0.00728 0.07381 0.07429 0.16888 1.068 0.079 1235.820 0.01658
-0.00422 -0.00729 0.07392 0.07440 0.16999 1.121 0.081 1235.850 0.01660
-0.00423 -0.00730 0.07403 0.07451 0.17110 1.104 0.080 1235.880 0.01662
-0.00424 -0.00731 0.07414 0.07462 0.17220 1.077 0.079 1235.910 0.01665
-0.00424 -0.00732 0.07425 0.07473 0.17331 0.991 0.076 1235.940 0.01667
-0.00425 -0.00733 0.07436 0.07484 0.17442 0.863 0.071 1235.970 0.01670
-0.00426 -0.00734 0.07447 0.07495 0.17552 1.121 0.081 1236.000 0.01672
-0.00426 -0.00735 0.07458 0.07507 0.17663 1.000 0.076 1236.029 0.01675
-0.00427 -0.00736 0.07469 0.07518 0.17774 1.045 0.078 1236.059 0.01677
-0.00427 -0.00738 0.07481 0.07529 0.17885 0.908 0.073 1236.089 0.01680
-0.00428 -0.00739 0.07492 0.07540 0.17995 0.945 0.074 1236.119 0.01682
-0.00429 -0.00740 0.07503 0.07551 0.18106 0.843 0.077 1236.149 0.01685
-0.00429 -0.00741 0.07514 0.07562 0.18217 1.049 0.090 1236.179 0.01687
-0.00430 -0.00742 0.07525 0.07574 0.18328 0.971 0.087 1236.209 0.01690
-0.00431 -0.00743 0.07536 0.07585 0.18438 0.855 0.081 1236.239 0.01692
-0.00431 -0.00744 0.07547 0.07596 0.18549 1.009 0.089 1236.269 0.01694
-0.00432 -0.00745 0.07558 0.07607 0.18660 0.955 0.086 1236.299 0.01697
-0.00432 -0.00746 0.07569 0.07618 0.18771 1.085 0.092 1236.328 0.01699
-0.00433 -0.00747 0.07580 0.07629 0.18881 0.961 0.086 1236.358 0.01702
-0.00434 -0.00748 0.07591 0.07641 0.18992 1.093 0.092 1236.388 0.01704
-0.00434 -0.00750 0.07603 0.07652 0.19103 1.000 0.088 1236.418 0.01707
-0.00435 -0.00751 0.07614 0.07663 0.19214 1.185 0.096 1236.448 0.01709
-0.00436 -0.00752 0.07625 0.07674 0.19324 1.138 0.094 1236.478 0.01712
-0.00436 -0.00753 0.07636 0.07685 0.19435 1.022 0.089 1236.508 0.01714
-0.00437 -0.00754 0.07647 0.07696 0.19546 0.952 0.086 1236.538 0.01717
-0.00438 -0.00755 0.07658 0.07708 0.19657 1.190 0.096 1236.568 0.01719
-0.00438 -0.00756 0.07669 0.07719 0.19767 0.874 0.082 1236.597 0.01721
-0.00439 -0.00757 0.07680 0.07730 0.19878 0.935 0.085 1236.627 0.01724
-0.00439 -0.00758 0.07691 0.07741 0.19989 0.873 0.082 1236.657 0.01726
-0.00440 -0.00759 0.07702 0.07752 0.20100 1.019 0.089 1236.687 0.01729
-0.00441 -0.00760 0.07713 0.07763 0.20211 1.065 0.091 1236.717 0.01731
-0.00441 -0.00762 0.07725 0.07775 0.20321 0.988 0.087 1236.747 0.01734
-0.00442 -0.00763 0.07736 0.07786 0.20432 0.953 0.102 1236.777 0.01736
-0.00443 -0.00764 0.07747 0.07797 0.20543 1.114 0.121 1236.807 0.01739
-0.00443 -0.00765 0.07758 0.07808 0.20654 0.791 0.117 1236.837 0.01741
-0.00444 -0.00766 0.07769 0.07819 0.20765 0.940 0.110 1236.866 0.01744
-0.00445 -0.00767 0.07780 0.07830 0.20876 0.687 0.111 1236.896 0.01746
-0.00445 -0.00768 0.07791 0.07842 0.20986 0.905 0.124 1236.926 0.01749
-0.00446 -0.00769 0.07802 0.07853 0.21097 0.836 0.120 1236.956 0.01751
-0.00446 -0.00770 0.07813 0.07864 0.21208 0.939 0.126 1236.986 0.01753
-0.00447 -0.00771 0.07824 0.07875 0.21319 0.870 0.122 1237.016 0.01756
-0.00448 -0.00773 0.07836 0.07886 0.21430 0.961 0.127 1237.046 0.01758
-0.00448 -0.00774 0.07847 0.07897 0.21541 0.971 0.112 1237.076 0.01761
-0.00449 -0.00775 0.07858 0.07909 0.21652 0.891 0.123 1237.106 0.01763
-0.00450 -0.00776 0.07869 0.07920 0.21762 0.854 0.081 1237.135 0.01766
-0.00450 -0.00777 0.07880 0.07931 0.21873 1.052 0.090 1237.165 0.01768
-0.00451 -0.00778 0.07891 0.07942 0.21984 1.029 0.089 1237.195 0.01771
-0.00452 -0.00779 0.07902 0.07953 0.22095 1.135 0.093 1237.225 0.01773
-0.00452 -0.00780 0.07913 0.07965 0.22206 0.906 0.083 1237.255 0.01776
-0.00453 -0.00781 0.07924 0.07976 0.22317 0.927 0.084 1237.285 0.01778
-0.00453 -0.00782 0.07936 0.07987 0.22428 0.757 0.081 1237.315 0.01780
-0.00454 -0.00783 0.07947 0.07998 0.22539 1.000 0.087 1237.345 0.01783
-0.00455 -0.00785 0.07958 0.08009 0.22649 1.010 0.088 1237.375 0.01785
-0.00455 -0.00786 0.07969 0.08020 0.22760 1.050 0.090 1237.405 0.01788
-0.00456 -0.00787 0.07980 0.08032 0.22871 1.084 0.091 1237.434 0.01790
-0.00457 -0.00788 0.07991 0.08043 0.22982 1.050 0.090 1237.464 0.01793
-0.00457 -0.00789 0.08002 0.08054 0.23093 1.044 0.089 1237.494 0.01795
-0.00458 -0.00790 0.08013 0.08065 0.23204 0.875 0.082 1237.524 0.01798
-0.00458 -0.00791 0.08024 0.08076 0.23315 0.835 0.080 1237.554 0.01800
-0.00459 -0.00792 0.08035 0.08087 0.23426 0.981 0.087 1237.584 0.01803
-0.00460 -0.00793 0.08047 0.08099 0.23537 0.844 0.080 1237.614 0.01805
-0.00460 -0.00794 0.08058 0.08110 0.23648 0.959 0.085 1237.644 0.01808
-0.00461 -0.00796 0.08069 0.08121 0.23759 1.122 0.092 1237.674 0.01810
-0.00462 -0.00797 0.08080 0.08132 0.23870 0.901 0.083 1237.703 0.01812
-0.00462 -0.00798 0.08091 0.08143 0.23980 1.075 0.090 1237.733 0.01815
-0.00463 -0.00799 0.08102 0.08155 0.24091 1.020 0.088 1237.763 0.01817
-0.00464 -0.00800 0.08113 0.08166 0.24202 0.951 0.085 1237.793 0.01820
-0.00464 -0.00801 0.08124 0.08177 0.24313 0.959 0.085 1237.823 0.01822
-0.00465 -0.00802 0.08135 0.08188 0.24424 1.057 0.090 1237.853 0.01825
-0.00465 -0.00803 0.08147 0.08199 0.24535 0.958 0.085 1237.883 0.01827
-0.00466 -0.00804 0.08158 0.08210 0.24646 0.957 0.085 1237.913 0.01830
-0.00467 -0.00805 0.08169 0.08222 0.24757 0.927 0.084 1237.943 0.01832
-0.00467 -0.00806 0.08180 0.08233 0.24868 1.017 0.088 1237.972 0.01835
-0.00468 -0.00808 0.08191 0.08244 0.24979 1.018 0.081 1238.002 0.01837
-0.00469 -0.00809 0.08202 0.08255 0.25090 0.993 0.075 1238.032 0.01840
-0.00469 -0.00810 0.08213 0.08266 0.25201 0.913 0.072 1238.062 0.01842
-0.00470 -0.00811 0.08224 0.08278 0.25312 1.043 0.077 1238.092 0.01844
-0.00471 -0.00812 0.08235 0.08289 0.25423 0.946 0.073 1238.122 0.01847
-0.00471 -0.00813 0.08247 0.08300 0.25534 1.036 0.077 1238.152 0.01849
-0.00472 -0.00814 0.08258 0.08311 0.25645 0.878 0.071 1238.182 0.01852
-0.00472 -0.00815 0.08269 0.08322 0.25756 1.052 0.077 1238.212 0.01854
-0.00473 -0.00816 0.08280 0.08334 0.25867 1.057 0.077 1238.242 0.01857
-0.00474 -0.00817 0.08291 0.08345 0.25978 0.995 0.075 1238.271 0.01859
-0.00474 -0.00819 0.08302 0.08356 0.26089 0.944 0.073 1238.301 0.01862
-0.00475 -0.00820 0.08313 0.08367 0.26200 1.028 0.076 1238.331 0.01864
-0.00476 -0.00821 0.08324 0.08378 0.26311 0.972 0.074 1238.361 0.01867
-0.00476 -0.00822 0.08336 0.08390 0.26422 0.903 0.071 1238.391 0.01869
-0.00477 -0.00823 0.08347 0.08401 0.26533 0.977 0.074 1238.421 0.01871
-0.00478 -0.00824 0.08358 0.08412 0.26644 0.897 0.071 1238.451 0.01874
-0.00478 -0.00825 0.08369 0.08423 0.26755 1.060 0.077 1238.481 0.01876
-0.00479 -0.00826 0.08380 0.08434 0.26866 0.869 0.070 1238.511 0.01879
-0.00479 -0.00827 0.08391 0.08445 0.26977 0.998 0.075 1238.540 0.01881
-0.00480 -0.00828 0.08402 0.08457 0.27088 0.936 0.073 1238.570 0.01884
-0.00481 -0.00830 0.08413 0.08468 0.27199 0.783 0.066 1238.600 0.01886
-0.00481 -0.00831 0.08425 0.08479 0.27311 0.952 0.073 1238.630 0.01889
-0.00482 -0.00832 0.08436 0.08490 0.27422 0.912 0.072 1238.660 0.01891
-0.00483 -0.00833 0.08447 0.08501 0.27533 0.946 0.073 1238.690 0.01894
-0.00483 -0.00834 0.08458 0.08513 0.27644 0.732 0.064 1238.720 0.01896
-0.00484 -0.00835 0.08469 0.08524 0.27755 0.822 0.068 1238.750 0.01899
-0.00485 -0.00836 0.08480 0.08535 0.27866 0.805 0.067 1238.780 0.01901
-0.00485 -0.00837 0.08491 0.08546 0.27977 0.844 0.069 1238.809 0.01903
-0.00486 -0.00838 0.08502 0.08557 0.28088 0.697 0.063 1238.839 0.01906
-0.00486 -0.00839 0.08514 0.08569 0.28199 0.843 0.069 1238.869 0.01908
-0.00487 -0.00840 0.08525 0.08580 0.28310 0.904 0.071 1238.899 0.01911
-0.00488 -0.00842 0.08536 0.08591 0.28421 0.764 0.065 1238.929 0.01913
-0.00488 -0.00843 0.08547 0.08602 0.28533 0.981 0.074 1238.959 0.01916
-0.00489 -0.00844 0.08558 0.08613 0.28644 0.904 0.071 1238.989 0.01918
-0.00490 -0.00845 0.08569 0.08625 0.28755 0.972 0.074 1239.019 0.01921
-0.00490 -0.00846 0.08580 0.08636 0.28866 0.924 0.072 1239.049 0.01923
-0.00491 -0.00847 0.08591 0.08647 0.28977 0.883 0.070 1239.078 0.01926
-0.00492 -0.00848 0.08603 0.08658 0.29088 1.009 0.075 1239.108 0.01928
-0.00492 -0.00849 0.08614 0.08669 0.29199 1.000 0.075 1239.138 0.01930
-0.00493 -0.00850 0.08625 0.08681 0.29310 0.963 0.073 1239.168 0.01933
-0.00493 -0.00851 0.08636 0.08692 0.29421 0.943 0.073 1239.198 0.01935
-0.00494 -0.00853 0.08647 0.08703 0.29533 1.010 0.075 1239.228 0.01938
-0.00495 -0.00854 0.08658 0.08714 0.29644 0.868 0.070 1239.258 0.01940
-0.00495 -0.00855 0.08669 0.08725 0.29755 1.051 0.077 1239.288 0.01943
-0.00496 -0.00856 0.08680 0.08737 0.29866 0.910 0.071 1239.318 0.01945
-0.00497 -0.00857 0.08692 0.08748 0.29977 0.839 0.068 1239.348 0.01948
-0.00497 -0.00858 0.08703 0.08759 0.30088 0.987 0.074 1239.377 0.01950
-0.00498 -0.00859 0.08714 0.08770 0.30200 0.992 0.074 1239.407 0.01953
-0.00499 -0.00860 0.08725 0.08781 0.30311 0.911 0.071 1239.437 0.01955
-0.00499 -0.00861 0.08736 0.08793 0.30422 0.919 0.072 1239.467 0.01958
-0.00500 -0.00862 0.08747 0.08804 0.30533 0.852 0.069 1239.497 0.01960
-0.00500 -0.00864 0.08758 0.08815 0.30644 0.919 0.072 1239.527 0.01962
-0.00501 -0.00865 0.08770 0.08826 0.30755 0.951 0.073 1239.557 0.01965
-0.00502 -0.00866 0.08781 0.08837 0.30867 1.022 0.075 1239.587 0.01967
-0.00502 -0.00867 0.08792 0.08849 0.30978 0.978 0.074 1239.617 0.01970
-0.00503 -0.00868 0.08803 0.08860 0.31089 0.889 0.070 1239.646 0.01972
-0.00504 -0.00869 0.08814 0.08871 0.31200 0.955 0.073 1239.676 0.01975
-0.00504 -0.00870 0.08825 0.08882 0.31311 0.943 0.072 1239.706 0.01977
-0.00505 -0.00871 0.08836 0.08894 0.31423 0.932 0.080 1239.736 0.01980
-0.00506 -0.00872 0.08847 0.08905 0.31534 0.875 0.080 1239.766 0.01982
-0.00506 -0.00873 0.08859 0.08916 0.31645 0.778 0.080 1239.796 0.01985
-0.00507 -0.00875 0.08870 0.08927 0.31756 0.911 0.082 1239.826 0.01987
-0.00507 -0.00876 0.08881 0.08938 0.31868 0.785 0.076 1239.856 0.01989
-0.00508 -0.00877 0.08892 0.08950 0.31979 0.792 0.076 1239.886 0.01992
-0.00509 -0.00878 0.08903 0.08961 0.32090 0.763 0.080 1239.915 0.01994
-0.00509 -0.00879 0.08914 0.08972 0.32201 0.755 0.079 1239.945 0.01997
-0.00510 -0.00880 0.08925 0.08983 0.32312 0.652 0.083 1239.975 0.01999
-0.00511 -0.00881 0.08937 0.08994 0.32424 0.637 0.078 1240.005 0.02002
-0.00511 -0.00882 0.08948 0.09006 0.32535 0.644 0.078 1240.035 0.02004
-0.00512 -0.00883 0.08959 0.09017 0.32646 0.820 0.078 1240.065 0.02007
-0.00513 -0.00884 0.08970 0.09028 0.32757 0.886 0.081 1240.095 0.02009
-0.00513 -0.00885 0.08981 0.09039 0.32869 0.959 0.084 1240.125 0.02012
-0.00514 -0.00887 0.08992 0.09051 0.32980 1.017 0.086 1240.155 0.02014
-0.00514 -0.00888 0.09003 0.09062 0.33091 0.892 0.081 1240.185 0.02017
-0.00515 -0.00889 0.09015 0.09073 0.33203 1.031 0.087 1240.214 0.02019
-0.00516 -0.00890 0.09026 0.09084 0.33314 0.825 0.078 1240.244 0.02021
-0.00516 -0.00891 0.09037 0.09095 0.33425 0.906 0.082 1240.274 0.02024
-0.00517 -0.00892 0.09048 0.09107 0.33536 1.008 0.086 1240.304 0.02026
-0.00518 -0.00893 0.09059 0.09118 0.33648 1.022 0.087 1240.334 0.02029
-0.00518 -0.00894 0.09070 0.09129 0.33759 0.882 0.080 1240.364 0.02031
-0.00519 -0.00895 0.09081 0.09140 0.33870 0.816 0.077 1240.394 0.02034
-0.00520 -0.00896 0.09093 0.09151 0.33982 1.152 0.092 1240.424 0.02036
-0.00520 -0.00898 0.09104 0.09163 0.34093 0.932 0.083 1240.454 0.02039
-0.00521 -0.00899 0.09115 0.09174 0.34204 1.107 0.090 1240.483 0.02041
-0.00521 -0.00900 0.09126 0.09185 0.34315 1.114 0.090 1240.513 0.02044
-0.00522 -0.00901 0.09137 0.09196 0.34427 1.070 0.085 1240.543 0.02046
-0.00523 -0.00902 0.09148 0.09208 0.34538 0.960 0.073 1240.573 0.02049
-0.00523 -0.00903 0.09160 0.09219 0.34649 0.966 0.073 1240.603 0.02051
-0.00524 -0.00904 0.09171 0.09230 0.34761 0.939 0.072 1240.633 0.02053
-0.00525 -0.00905 0.09182 0.09241 0.34872 0.883 0.070 1240.663 0.02056
-0.00525 -0.00906 0.09193 0.09252 0.34983 1.082 0.077 1240.693 0.02058
-0.00526 -0.00907 0.09204 0.09264 0.35095 1.008 0.074 1240.723 0.02061
-0.00527 -0.00909 0.09215 0.09275 0.35206 1.009 0.074 1240.752 0.02063
-0.00527 -0.00910 0.09226 0.09286 0.35317 0.948 0.072 1240.782 0.02066
-0.00528 -0.00911 0.09238 0.09297 0.35429 1.148 0.079 1240.812 0.02068
-0.00528 -0.00912 0.09249 0.09309 0.35540 0.978 0.073 1240.842 0.02071
-0.00529 -0.00913 0.09260 0.09320 0.35652 0.888 0.070 1240.872 0.02073
-0.00530 -0.00914 0.09271 0.09331 0.35763 0.936 0.071 1240.902 0.02076
-0.00530 -0.00915 0.09282 0.09342 0.35874 1.031 0.075 1240.932 0.02078
-0.00531 -0.00916 0.09293 0.09353 0.35986 0.914 0.071 1240.962 0.02080
-0.00532 -0.00917 0.09304 0.09365 0.36097 1.076 0.077 1240.992 0.02083
-0.00532 -0.00918 0.09316 0.09376 0.36208 1.069 0.076 1241.021 0.02085
-0.00533 -0.00920 0.09327 0.09387 0.36320 0.971 0.080 1241.051 0.02088
-0.00534 -0.00921 0.09338 0.09398 0.36431 0.946 0.083 1241.081 0.02090
-0.00534 -0.00922 0.09349 0.09410 0.36543 1.076 0.088 1241.111 0.02093
-0.00535 -0.00923 0.09360 0.09421 0.36654 0.967 0.084 1241.141 0.02095
-0.00535 -0.00924 0.09371 0.09432 0.36765 0.945 0.083 1241.171 0.02098
-0.00536 -0.00925 0.09383 0.09443 0.36877 0.930 0.082 1241.201 0.02100
-0.00537 -0.00926 0.09394 0.09455 0.36988 1.045 0.087 1241.231 0.02103
-0.00537 -0.00927 0.09405 0.09466 0.37100 1.045 0.087 1241.261 0.02105
-0.00538 -0.00928 0.09416 0.09477 0.37211 1.052 0.087 1241.291 0.02108
-0.00539 -0.00929 0.09427 0.09488 0.37322 0.856 0.079 1241.320 0.02110
-0.00539 -0.00931 0.09438 0.09499 0.37434 0.813 0.077 1241.350 0.02112
-0.00540 -0.00932 0.09450 0.09511 0.37545 0.841 0.072 1241.380 0.02115
-0.00541 -0.00933 0.09461 0.09522 0.37657 1.025 0.075 1241.410 0.02117
-0.00541 -0.00934 0.09472 0.09533 0.37768 0.921 0.071 1241.440 0.02120
-0.00542 -0.00935 0.09483 0.09544 0.37880 0.997 0.074 1241.470 0.02122
-0.00542 -0.00936 0.09494 0.09556 0.37991 0.899 0.070 1241.500 0.02125
-0.00543 -0.00937 0.09505 0.09567 0.38103 0.910 0.070 1241.530 0.02127
-0.00544 -0.00938 0.09516 0.09578 0.38214 1.087 0.077 1241.560 0.02130
-0.00544 -0.00939 0.09528 0.09589 0.38325 0.952 0.072 1241.589 0.02132
-0.00545 -0.00940 0.09539 0.09601 0.38437 0.844 0.068 1241.619 0.02135
-0.00546 -0.00942 0.09550 0.09612 0.38548 1.048 0.075 1241.649 0.02137
-0.00546 -0.00943 0.09561 0.09623 0.38660 1.042 0.075 1241.679 0.02139
-0.00547 -0.00944 0.09572 0.09634 0.38771 0.923 0.071 1241.709 0.02142
-0.00548 -0.00945 0.09583 0.09645 0.38883 1.009 0.074 1241.739 0.02144
-0.00548 -0.00946 0.09595 0.09657 0.38994 1.068 0.076 1241.769 0.02147
-0.00549 -0.00947 0.09606 0.09668 0.39106 0.986 0.073 1241.799 0.02149
-0.00549 -0.00948 0.09617 0.09679 0.39217 0.932 0.071 1241.829 0.02152
-0.00550 -0.00949 0.09628 0.09690 0.39329 0.975 0.072 1241.858 0.02154
-0.00551 -0.00950 0.09639 0.09702 0.39440 1.033 0.075 1241.888 0.02157
-0.00551 -0.00951 0.09650 0.09713 0.39552 0.952 0.072 1241.918 0.02159
-0.00552 -0.00953 0.09662 0.09724 0.39663 0.887 0.069 1241.948 0.02162
-0.00553 -0.00954 0.09673 0.09735 0.39775 1.064 0.076 1241.978 0.02164
-0.00553 -0.00955 0.09684 0.09747 0.39886 0.962 0.072 1242.008 0.02167
-0.00554 -0.00956 0.09695 0.09758 0.39998 0.811 0.066 1242.038 0.02169
-0.00555 -0.00957 0.09706 0.09769 0.40109 0.977 0.072 1242.068 0.02171
-0.00555 -0.00958 0.09717 0.09780 0.40221 1.004 0.073 1242.098 0.02174
-0.00556 -0.00959 0.09729 0.09792 0.40332 0.933 0.071 1242.128 0.02176
-0.00557 -0.00960 0.09740 0.09803 0.40444 0.890 0.069 1242.157 0.02179
-0.00557 -0.00961 0.09751 0.09814 0.40555 0.874 0.068 1242.187 0.02181
-0.00558 -0.00962 0.09762 0.09825 0.40667 0.921 0.070 1242.217 0.02184
-0.00558 -0.00964 0.09773 0.09837 0.40778 0.979 0.072 1242.247 0.02186
-0.00559 -0.00965 0.09784 0.09848 0.40890 1.102 0.077 1242.277 0.02189
-0.00560 -0.00966 0.09796 0.09859 0.41002 1.000 0.073 1242.307 0.02191
-0.00560 -0.00967 0.09807 0.09870 0.41113 1.010 0.074 1242.337 0.02194
-0.00561 -0.00968 0.09818 0.09882 0.41225 0.999 0.073 1242.367 0.02196
-0.00562 -0.00969 0.09829 0.09893 0.41336 0.823 0.066 1242.397 0.02199
-0.00562 -0.00970 0.09840 0.09904 0.41448 0.871 0.072 1242.426 0.02201
-0.00563 -0.00971 0.09852 0.09915 0.41559 0.955 0.075 1242.456 0.02203
-0.00564 -0.00972 0.09863 0.09927 0.41671 0.934 0.071 1242.486 0.02206
-0.00564 -0.00973 0.09874 0.09938 0.41783 0.864 0.068 1242.516 0.02208
-0.00565 -0.00975 0.09885 0.09949 0.41894 0.923 0.070 1242.546 0.02211
-0.00565 -0.00976 0.09896 0.09960 0.42006 0.896 0.069 1242.576 0.02213
-0.00566 -0.00977 0.09907 0.09972 0.42117 0.832 0.067 1242.606 0.02216
-0.00567 -0.00978 0.09919 0.09983 0.42229 0.916 0.070 1242.636 0.02218
-0.00567 -0.00979 0.09930 0.09994 0.42341 1.044 0.075 1242.666 0.02221
-0.00568 -0.00980 0.09941 0.10005 0.42452 0.985 0.072 1242.695 0.02223
-0.00569 -0.00981 0.09952 0.10017 0.42564 0.910 0.070 1242.725 0.02226
-0.00569 -0.00982 0.09963 0.10028 0.42675 0.904 0.069 1242.755 0.02228
-0.00570 -0.00983 0.09974 0.10039 0.42787 0.883 0.069 1242.785 0.02230
-0.00571 -0.00985 0.09986 0.10050 0.42899 0.856 0.067 1242.815 0.02233
-0.00571 -0.00986 0.09997 0.10062 0.43010 0.871 0.068 1242.845 0.02235
-0.00572 -0.00987 0.10008 0.10073 0.43122 1.020 0.074 1242.875 0.02238
-0.00572 -0.00988 0.10019 0.10084 0.43233 0.913 0.070 1242.905 0.02240
-0.00573 -0.00989 0.10030 0.10095 0.43345 0.923 0.070 1242.935 0.02243
-0.00574 -0.00990 0.10042 0.10107 0.43457 0.891 0.069 1242.964 0.02245
-0.00574 -0.00991 0.10053 0.10118 0.43568 0.912 0.070 1242.994 0.02248
-0.00575 -0.00992 0.10064 0.10129 0.43680 0.795 0.065 1243.024 0.02250
-0.00576 -0.00993 0.10075 0.10140 0.43792 0.916 0.070 1243.054 0.02253
-0.00576 -0.00994 0.10086 0.10152 0.43903 0.799 0.065 1243.084 0.02255
-0.00577 -0.00996 0.10097 0.10163 0.44015 0.863 0.068 1243.114 0.02258
-0.00578 -0.00997 0.10109 0.10174 0.44127 1.058 0.075 1243.144 0.02260
-0.00578 -0.00998 0.10120 0.10185 0.44238 0.915 0.070 1243.174 0.02262
-0.00579 -0.00999 0.10131 0.10197 0.44350 0.952 0.071 1243.204 0.02265
-0.00580 -0.01000 0.10142 0.10208 0.44462 0.983 0.072 1243.234 0.02267
-0.00580 -0.01001 0.10153 0.10219 0.44573 0.941 0.071 1243.263 0.02270
-0.00581 -0.01002 0.10165 0.10230 0.44685 0.998 0.073 1243.293 0.02272
-0.00581 -0.01003 0.10176 0.10242 0.44797 0.903 0.069 1243.323 0.02275
-0.00582 -0.01004 0.10187 0.10253 0.44908 0.976 0.072 1243.353 0.02277
-0.00583 -0.01005 0.10198 0.10264 0.45020 0.987 0.072 1243.383 0.02280
-0.00583 -0.01007 0.10209 0.10275 0.45132 0.997 0.073 1243.413 0.02282
-0.00584 -0.01008 0.10220 0.10287 0.45243 1.054 0.075 1243.443 0.02285
-0.00585 -0.01009 0.10232 0.10298 0.45355 1.075 0.075 1243.473 0.02287
-0.00585 -0.01010 0.10243 0.10309 0.45467 0.917 0.070 1243.503 0.02289
-0.00586 -0.01011 0.10254 0.10320 0.45579 1.027 0.074 1243.532 0.02292
-0.00587 -0.01012 0.10265 0.10332 0.45690 1.089 0.076 1243.562 0.02294
-0.00587 -0.01013 0.10276 0.10343 0.45802 1.110 0.076 1243.592 0.02297
-0.00588 -0.01014 0.10288 0.10354 0.45914 0.925 0.070 1243.622 0.02299
-0.00588 -0.01015 0.10299 0.10365 0.46026 1.004 0.073 1243.652 0.02302
-0.00589 -0.01016 0.10310 0.10377 0.46137 0.909 0.069 1243.682 0.02304
-0.00590 -0.01018 0.10321 0.10388 0.46249 0.945 0.070 1243.712 0.02307
-0.00590 -0.01019 0.10332 0.10399 0.46361 1.044 0.074 1243.742 0.02309
-0.00591 -0.01020 0.10344 0.10411 0.46472 1.097 0.076 1243.772 0.02312
-0.00592 -0.01021 0.10355 0.10422 0.46584 0.970 0.071 1243.801 0.02314
-0.00592 -0.01022 0.10366 0.10433 0.46696 0.960 0.071 1243.831 0.02317
-0.00593 -0.01023 0.10377 0.10444 0.46808 0.954 0.071 1243.861 0.02319
-0.00594 -0.01024 0.10388 0.10456 0.46920 1.006 0.073 1243.891 0.02321
-0.00594 -0.01025 0.10400 0.10467 0.47031 1.027 0.073 1243.921 0.02324
-0.00595 -0.01026 0.10411 0.10478 0.47143 0.958 0.071 1243.951 0.02326
-0.00595 -0.01028 0.10422 0.10489 0.47255 0.973 0.071 1243.981 0.02329
-0.00596 -0.01029 0.10433 0.10501 0.47367 0.942 0.070 1244.011 0.02331
-0.00597 -0.01030 0.10444 0.10512 0.47478 0.888 0.068 1244.041 0.02334
-0.00597 -0.01031 0.10456 0.10523 0.47590 1.031 0.073 1244.071 0.02336
-0.00598 -0.01032 0.10467 0.10534 0.47702 1.022 0.073 1244.100 0.02339
-0.00599 -0.01033 0.10478 0.10546 0.47814 1.042 0.074 1244.130 0.02341
-0.00599 -0.01034 0.10489 0.10557 0.47926 1.005 0.072 1244.160 0.02344
-0.00600 -0.01035 0.10500 0.10568 0.48037 0.996 0.072 1244.190 0.02346
-0.00601 -0.01036 0.10511 0.10580 0.48149 1.017 0.073 1244.220 0.02348
-0.00601 -0.01037 0.10523 0.10591 0.48261 1.022 0.073 1244.250 0.02351
-0.00602 -0.01039 0.10534 0.10602 0.48373 0.786 0.064 1244.280 0.02353
-0.00603 -0.01040 0.10545 0.10613 0.48485 0.932 0.070 1244.310 0.02356
-0.00603 -0.01041 0.10556 0.10625 0.48596 1.082 0.075 1244.340 0.02358
-0.00604 -0.01042 0.10567 0.10636 0.48708 1.108 0.076 1244.369 0.02361
-0.00604 -0.01043 0.10579 0.10647 0.48820 0.937 0.070 1244.399 0.02363
-0.00605 -0.01044 0.10590 0.10658 0.48932 1.059 0.074 1244.429 0.02366
-0.00606 -0.01045 0.10601 0.10670 0.49044 1.029 0.073 1244.459 0.02368
-0.00606 -0.01046 0.10612 0.10681 0.49156 0.892 0.068 1244.489 0.02371
-0.00607 -0.01047 0.10623 0.10692 0.49267 1.118 0.076 1244.519 0.02373
-0.00608 -0.01049 0.10635 0.10704 0.49379 1.109 0.076 1244.549 0.02376
-0.00608 -0.01050 0.10646 0.10715 0.49491 0.915 0.069 1244.579 0.02378
-0.00609 -0.01051 0.10657 0.10726 0.49603 1.153 0.077 1244.609 0.02380
-0.00610 -0.01052 0.10668 0.10737 0.49715 1.023 0.073 1244.638 0.02383
-0.00610 -0.01053 0.10679 0.10749 0.49827 0.986 0.072 1244.668 0.02385
-0.00611 -0.01054 0.10691 0.10760 0.49939 1.048 0.074 1244.698 0.02388
-0.00611 -0.01055 0.10702 0.10771 0.50051 0.985 0.071 1244.728 0.02390
-0.00612 -0.01056 0.10713 0.10782 0.50162 1.021 0.073 1244.758 0.02393
-0.00613 -0.01057 0.10724 0.10794 0.50274 0.968 0.071 1244.788 0.02395
-0.00613 -0.01058 0.10736 0.10805 0.50386 1.056 0.074 1244.818 0.02398
-0.00614 -0.01060 0.10747 0.10816 0.50498 1.169 0.078 1244.848 0.02400
-0.00615 -0.01061 0.10758 0.10828 0.50610 0.952 0.070 1244.878 0.02403
-0.00615 -0.01062 0.10769 0.10839 0.50722 1.008 0.072 1244.907 0.02405
-0.00616 -0.01063 0.10780 0.10850 0.50834 1.059 0.074 1244.937 0.02408
-0.00617 -0.01064 0.10792 0.10861 0.50946 0.981 0.071 1244.967 0.02410
-0.00617 -0.01065 0.10803 0.10873 0.51058 0.966 0.071 1244.997 0.02412
-0.00618 -0.01066 0.10814 0.10884 0.51169 1.012 0.072 1245.027 0.02415
-0.00619 -0.01067 0.10825 0.10895 0.51281 0.991 0.072 1245.057 0.02417
-0.00619 -0.01068 0.10836 0.10907 0.51393 1.021 0.073 1245.087 0.02420
-0.00620 -0.01070 0.10848 0.10918 0.51505 1.046 0.073 1245.117 0.02422
-0.00620 -0.01071 0.10859 0.10929 0.51617 0.917 0.069 1245.147 0.02425
-0.00621 -0.01072 0.10870 0.10940 0.51729 1.040 0.073 1245.177 0.02427
-0.00622 -0.01073 0.10881 0.10952 0.51841 1.040 0.073 1245.206 0.02430
-0.00622 -0.01074 0.10892 0.10963 0.51953 0.967 0.071 1245.236 0.02432
-0.00623 -0.01075 0.10904 0.10974 0.52065 1.070 0.074 1245.266 0.02435
-0.00624 -0.01076 0.10915 0.10985 0.52177 0.905 0.068 1245.296 0.02437
-0.00624 -0.01077 0.10926 0.10997 0.52289 0.853 0.066 1245.326 0.02439
-0.00625 -0.01078 0.10937 0.11008 0.52401 1.022 0.073 1245.356 0.02442
-0.00626 -0.01079 0.10948 0.11019 0.52513 1.042 0.073 1245.386 0.02444
-0.00626 -0.01081 0.10960 0.11031 0.52625 1.001 0.072 1245.416 0.02447
-0.00627 -0.01082 0.10971 0.11042 0.52737 1.001 0.079 1245.446 0.02449
-0.00627 -0.01083 0.10982 0.11053 0.52849 1.124 0.088 1245.475 0.02452
-0.00628 -0.01084 0.10993 0.11064 0.52961 0.973 0.082 1245.505 0.02454
-0.00629 -0.01085 0.11005 0.11076 0.53073 1.075 0.086 1245.535 0.02457
-0.00629 -0.01086 0.11016 0.11087 0.53185 1.122 0.088 1245.565 0.02459
-0.00630 -0.01087 0.11027 0.11098 0.53297 1.074 0.086 1245.595 0.02462
-0.00631 -0.01088 0.11038 0.11110 0.53409 0.896 0.078 1245.625 0.02464
-0.00631 -0.01089 0.11049 0.11121 0.53521 0.903 0.079 1245.655 0.02467
-0.00632 -0.01091 0.11061 0.11132 0.53633 0.957 0.081 1245.685 0.02469
-0.00633 -0.01092 0.11072 0.11144 0.53745 0.964 0.081 1245.715 0.02471
-0.00633 -0.01093 0.11083 0.11155 0.53857 1.164 0.089 1245.744 0.02474
-0.00634 -0.01094 0.11094 0.11166 0.53969 0.985 0.082 1245.774 0.02476
-0.00635 -0.01095 0.11106 0.11177 0.54081 0.934 0.080 1245.804 0.02479
-0.00635 -0.01096 0.11117 0.11189 0.54193 1.076 0.086 1245.834 0.02481
-0.00636 -0.01097 0.11128 0.11200 0.54305 1.090 0.086 1245.864 0.02484
-0.00636 -0.01098 0.11139 0.11211 0.54417 0.946 0.080 1245.894 0.02486
-0.00637 -0.01099 0.11150 0.11223 0.54529 0.986 0.082 1245.924 0.02489
-0.00638 -0.01100 0.11162 0.11234 0.54641 1.070 0.085 1245.954 0.02491
-0.00638 -0.01102 0.11173 0.11245 0.54753 1.098 0.086 1245.984 0.02494
-0.00639 -0.01103 0.11184 0.11256 0.54865 1.072 0.079 1246.014 0.02496
-0.00640 -0.01104 0.11195 0.11268 0.54977 1.013 0.072 1246.043 0.02498
-0.00640 -0.01105 0.11206 0.11279 0.55089 1.000 0.071 1246.073 0.02501
-0.00641 -0.01106 0.11218 0.11290 0.55201 0.944 0.069 1246.103 0.02503
-0.00642 -0.01107 0.11229 0.11302 0.55313 1.026 0.072 1246.133 0.02506
-0.00642 -0.01108 0.11240 0.11313 0.55425 1.004 0.071 1246.163 0.02508
-0.00643 -0.01109 0.11251 0.11324 0.55537 0.850 0.069 1246.193 0.02511
-0.00644 -0.01110 0.11263 0.11335 0.55649 0.952 0.080 1246.223 0.02513
-0.00644 -0.01112 0.11274 0.11347 0.55761 1.053 0.084 1246.253 0.02516
-0.00645 -0.01113 0.11285 0.11358 0.55873 0.863 0.076 1246.283 0.02518
-0.00645 -0.01114 0.11296 0.11369 0.55986 0.897 0.078 1246.312 0.02521
-0.00646 -0.01115 0.11308 0.11381 0.56098 1.039 0.084 1246.342 0.02523
-0.00647 -0.01116 0.11319 0.11392 0.56210 0.950 0.080 1246.372 0.02526
-0.00647 -0.01117 0.11330 0.11403 0.56322 0.903 0.078 1246.402 0.02528
-0.00648 -0.01118 0.11341 0.11415 0.56434 1.064 0.085 1246.432 0.02530
-0.00649 -0.01119 0.11352 0.11426 0.56546 1.050 0.084 1246.462 0.02533
-0.00649 -0.01120 0.11364 0.11437 0.56658 1.178 0.089 1246.492 0.02535
-0.00650 -0.01121 0.11375 0.11448 0.56770 1.205 0.090 1246.522 0.02538
-0.00651 -0.01123 0.11386 0.11460 0.56882 1.003 0.071 1246.552 0.02540
-0.00651 -0.01124 0.11397 0.11471 0.56994 0.866 0.066 1246.581 0.02543
-0.00652 -0.01125 0.11409 0.11482 0.57107 0.891 0.067 1246.611 0.02545
-0.00653 -0.01126 0.11420 0.11494 0.57219 0.931 0.069 1246.641 0.02548
-0.00653 -0.01127 0.11431 0.11505 0.57331 0.990 0.071 1246.671 0.02550
-0.00654 -0.01128 0.11442 0.11516 0.57443 0.970 0.070 1246.701 0.02553
-0.00654 -0.01129 0.11453 0.11528 0.57555 0.980 0.070 1246.731 0.02555
-0.00655 -0.01130 0.11465 0.11539 0.57667 1.045 0.073 1246.761 0.02558
-0.00656 -0.01131 0.11476 0.11550 0.57779 0.994 0.071 1246.791 0.02560
-0.00656 -0.01133 0.11487 0.11562 0.57892 1.034 0.072 1246.821 0.02562
-0.00657 -0.01134 0.11498 0.11573 0.58004 0.999 0.071 1246.850 0.02565
-0.00658 -0.01135 0.11510 0.11584 0.58116 0.897 0.067 1246.880 0.02567
-0.00658 -0.01136 0.11521 0.11595 0.58228 0.922 0.068 1246.910 0.02570
-0.00659 -0.01137 0.11532 0.11607 0.58340 0.977 0.070 1246.940 0.02572
-0.00660 -0.01138 0.11543 0.11618 0.58452 1.017 0.072 1246.970 0.02575
-0.00660 -0.01139 0.11555 0.11629 0.58565 1.082 0.074 1247.000 0.02577
-0.00661 -0.01140 0.11566 0.11641 0.58677 1.197 0.078 1247.030 0.02580
-0.00661 -0.01141 0.11577 0.11652 0.58789 0.860 0.066 1247.060 0.02582
-0.00662 -0.01143 0.11588 0.11663 0.58901 0.839 0.065 1247.090 0.02585
-0.00663 -0.01144 0.11600 0.11675 0.59013 1.040 0.072 1247.120 0.02587
-0.00663 -0.01145 0.11611 0.11686 0.59126 0.979 0.070 1247.149 0.02589
-0.00664 -0.01146 0.11622 0.11697 0.59238 1.114 0.075 1247.179 0.02592
-0.00665 -0.01147 0.11633 0.11709 0.59350 1.023 0.072 1247.209 0.02594
-0.00665 -0.01148 0.11644 0.11720 0.59462 0.828 0.064 1247.239 0.02597
-0.00666 -0.01149 0.11656 0.11731 0.59574 0.903 0.067 1247.269 0.02599
-0.00667 -0.01150 0.11667 0.11742 0.59687 1.073 0.073 1247.299 0.02602
-0.00667 -0.01151 0.11678 0.11754 0.59799 1.043 0.072 1247.329 0.02604
-0.00668 -0.01152 0.11689 0.11765 0.59911 1.049 0.072 1247.359 0.02607
-0.00669 -0.01154 0.11701 0.11776 0.60023 0.930 0.068 1247.389 0.02609
-0.00669 -0.01155 0.11712 0.11788 0.60135 1.097 0.074 1247.418 0.02612
-0.00670 -0.01156 0.11723 0.11799 0.60248 1.040 0.072 1247.448 0.02614
-0.00670 -0.01157 0.11734 0.11810 0.60360 1.098 0.074 1247.478 0.02617
-0.00671 -0.01158 0.11746 0.11822 0.60472 1.087 0.074 1247.508 0.02619
-0.00672 -0.01159 0.11757 0.11833 0.60584 1.006 0.071 1247.538 0.02621
-0.00672 -0.01160 0.11768 0.11844 0.60697 1.138 0.075 1247.568 0.02624
-0.00673 -0.01161 0.11779 0.11856 0.60809 1.017 0.071 1247.598 0.02626
-0.00674 -0.01162 0.11791 0.11867 0.60921 0.951 0.069 1247.628 0.02629
-0.00674 -0.01164 0.11802 0.11878 0.61033 1.046 0.072 1247.658 0.02631
-0.00675 -0.01165 0.11813 0.11890 0.61146 0.902 0.067 1247.687 0.02634
-0.00676 -0.01166 0.11824 0.11901 0.61258 1.177 0.077 1247.717 0.02636
-0.00676 -0.01167 0.11836 0.11912 0.61370 1.055 0.073 1247.747 0.02639
-0.00677 -0.01168 0.11847 0.11923 0.61483 1.003 0.071 1247.777 0.02641
-0.00678 -0.01169 0.11858 0.11935 0.61595 1.035 0.072 1247.807 0.02644
-0.00678 -0.01170 0.11869 0.11946 0.61707 1.027 0.072 1247.837 0.02646
-0.00679 -0.01171 0.11881 0.11957 0.61819 1.033 0.072 1247.867 0.02648
-0.00679 -0.01172 0.11892 0.11969 0.61932 0.916 0.067 1247.897 0.02651
-0.00680 -0.01174 0.11903 0.11980 0.62044 1.025 0.071 1247.927 0.02653
-0.00681 -0.01175 0.11914 0.11991 0.62156 0.875 0.066 1247.957 0.02656
-0.00681 -0.01176 0.11926 0.12003 0.62269 0.959 0.069 1247.986 0.02658
-0.00682 -0.01177 0.11937 0.12014 0.62381 0.925 0.068 1248.016 0.02661
-0.00683 -0.01178 0.11948 0.12025 0.62493 1.132 0.075 1248.046 0.02663
-0.00683 -0.01179 0.11959 0.12037 0.62606 1.003 0.071 1248.076 0.02666
-0.00684 -0.01180 0.11971 0.12048 0.62718 0.898 0.067 1248.106 0.02668
-0.00685 -0.01181 0.11982 0.12059 0.62830 0.982 0.070 1248.136 0.02671
-0.00685 -0.01182 0.11993 0.12071 0.62943 1.091 0.074 1248.166 0.02673
-0.00686 -0.01184 0.12004 0.12082 0.63055 0.967 0.069 1248.196 0.02676
-0.00687 -0.01185 0.12016 0.12093 0.63167 0.976 0.070 1248.226 0.02678
-0.00687 -0.01186 0.12027 0.12105 0.63280 1.099 0.074 1248.255 0.02680
-0.00688 -0.01187 0.12038 0.12116 0.63392 1.065 0.073 1248.285 0.02683
-0.00688 -0.01188 0.12049 0.12127 0.63504 0.975 0.069 1248.315 0.02685
-0.00689 -0.01189 0.12061 0.12139 0.63617 1.059 0.072 1248.345 0.02688
-0.00690 -0.01190 0.12072 0.12150 0.63729 1.019 0.071 1248.375 0.02690
-0.00690 -0.01191 0.12083 0.12161 0.63841 0.915 0.067 1248.405 0.02693
-0.00691 -0.01192 0.12094 0.12173 0.63954 1.092 0.073 1248.435 0.02695
-0.00692 -0.01194 0.12106 0.12184 0.64066 1.033 0.071 1248.465 0.02698
-0.00692 -0.01195 0.12117 0.12195 0.64178 0.993 0.070 1248.495 0.02700
-0.00693 -0.01196 0.12128 0.12207 0.64291 1.002 0.070 1248.524 0.02703
-0.00694 -0.01197 0.12139 0.12218 0.64403 1.016 0.071 1248.554 0.02705
-0.00694 -0.01198 0.12151 0.12229 0.64516 0.997 0.070 1248.584 0.02707
-0.00695 -0.01199 0.12162 0.12241 0.64628 1.006 0.070 1248.614 0.02710
-0.00696 -0.01200 0.12173 0.12252 0.64740 0.966 0.069 1248.644 0.02712
-0.00696 -0.01201 0.12184 0.12263 0.64853 0.981 0.070 1248.674 0.02715
-0.00697 -0.01202 0.12196 0.12275 0.64965 0.936 0.068 1248.704 0.02717
-0.00697 -0.01204 0.12207 0.12286 0.65078 1.049 0.072 1248.734 0.02720
-0.00698 -0.01205 0.12218 0.12297 0.65190 1.009 0.070 1248.764 0.02722
-0.00699 -0.01206 0.12229 0.12308 0.65302 1.008 0.070 1248.793 0.02725
-0.00699 -0.01207 0.12241 0.12320 0.65415 0.939 0.068 1248.823 0.02727
-0.00700 -0.01208 0.12252 0.12331 0.65527 0.997 0.070 1248.853 0.02730
-0.00701 -0.01209 0.12263 0.12342 0.65640 0.929 0.068 1248.883 0.02732
-0.00701 -0.01210 0.12274 0.12354 0.65752 1.026 0.071 1248.913 0.02735
-0.00702 -0.01211 0.12286 0.12365 0.65865 1.012 0.070 1248.943 0.02737
-0.00703 -0.01212 0.12297 0.12376 0.65977 0.947 0.068 1248.973 0.02739
-0.00703 -0.01214 0.12308 0.12388 0.66089 0.981 0.069 1249.003 0.02742
-0.00704 -0.01215 0.12319 0.12399 0.66202 1.127 0.074 1249.033 0.02744
-0.00705 -0.01216 0.12331 0.12410 0.66314 1.101 0.073 1249.063 0.02747
-0.00705 -0.01217 0.12342 0.12422 0.66427 1.007 0.070 1249.092 0.02749
-0.00706 -0.01218 0.12353 0.12433 0.66539 1.120 0.074 1249.122 0.02752
-0.00706 -0.01219 0.12364 0.12444 0.66652 1.055 0.072 1249.152 0.02754
-0.00707 -0.01220 0.12376 0.12456 0.66764 1.056 0.072 1249.182 0.02757
-0.00708 -0.01221 0.12387 0.12467 0.66877 1.041 0.071 1249.212 0.02759
-0.00708 -0.01222 0.12398 0.12479 0.66989 0.833 0.064 1249.242 0.02762
-0.00709 -0.01223 0.12410 0.12490 0.67102 1.002 0.070 1249.272 0.02764
-0.00710 -0.01225 0.12421 0.12501 0.67214 1.243 0.078 1249.302 0.02767
-0.00710 -0.01226 0.12432 0.12513 0.67327 0.880 0.066 1249.332 0.02769
-0.00711 -0.01227 0.12443 0.12524 0.67439 1.152 0.075 1249.361 0.02771
-0.00712 -0.01228 0.12455 0.12535 0.67551 1.024 0.071 1249.391 0.02774
-0.00712 -0.01229 0.12466 0.12547 0.67664 0.994 0.070 1249.421 0.02776
-0.00713 -0.01230 0.12477 0.12558 0.67776 0.906 0.066 1249.451 0.02779
-0.00714 -0.01231 0.12488 0.12569 0.67889 1.124 0.074 1249.481 0.02781
-0.00714 -0.01232 0.12500 0.12581 0.68002 1.028 0.071 1249.511 0.02784
-0.00715 -0.01233 0.12511 0.12592 0.68114 1.033 0.071 1249.541 0.02786
-0.00715 -0.01235 0.12522 0.12603 0.68227 0.969 0.069 1249.571 0.02789
-0.00716 -0.01236 0.12533 0.12615 0.68339 0.808 0.063 1249.601 0.02791
-0.00717 -0.01237 0.12545 0.12626 0.68452 0.890 0.066 1249.630 0.02794
-0.00717 -0.01238 0.12556 0.12637 0.68564 0.924 0.067 1249.660 0.02796
-0.00718 -0.01239 0.12567 0.12649 0.68677 0.744 0.060 1249.690 0.02798
-0.00719 -0.01240 0.12579 0.12660 0.68789 0.890 0.066 1249.720 0.02801
-0.00719 -0.01241 0.12590 0.12671 0.68902 0.967 0.069 1249.750 0.02803
-0.00720 -0.01242 0.12601 0.12683 0.69014 0.991 0.069 1249.780 0.02806
-0.00721 -0.01243 0.12612 0.12694 0.69127 1.063 0.072 1249.810 0.02808
-0.00721 -0.01245 0.12624 0.12705 0.69239 1.077 0.072 1249.840 0.02811
-0.00722 -0.01246 0.12635 0.12717 0.69352 0.926 0.067 1249.870 0.02813
-0.00723 -0.01247 0.12646 0.12728 0.69464 0.989 0.069 1249.900 0.02816
-0.00723 -0.01248 0.12657 0.12739 0.69577 1.203 0.076 1249.929 0.02818
-0.00724 -0.01249 0.12669 0.12751 0.69690 1.037 0.071 1249.959 0.02821
-0.00725 -0.01250 0.12680 0.12762 0.69802 1.046 0.071 1249.989 0.02823
-0.00725 -0.01251 0.12691 0.12773 0.69915 1.052 0.071 1250.019 0.02826
-0.00726 -0.01252 0.12703 0.12785 0.70027 0.978 0.069 1250.049 0.02828
-0.00726 -0.01253 0.12714 0.12796 0.70140 0.901 0.066 1250.079 0.02830
-0.00727 -0.01255 0.12725 0.12807 0.70253 0.837 0.064 1250.109 0.02833
-0.00728 -0.01256 0.12736 0.12819 0.70365 1.037 0.075 1250.139 0.02835
-0.00728 -0.01257 0.12748 0.12830 0.70478 1.066 0.083 1250.169 0.02838
-0.00729 -0.01258 0.12759 0.12841 0.70590 1.047 0.082 1250.198 0.02840
-0.00730 -0.01259 0.12770 0.12853 0.70703 0.866 0.075 1250.228 0.02843
-0.00730 -0.01260 0.12781 0.12864 0.70816 0.969 0.079 1250.258 0.02845
-0.00731 -0.01261 0.12793 0.12876 0.70928 0.905 0.076 1250.288 0.02848
-0.00732 -0.01262 0.12804 0.12887 0.71041 1.116 0.085 1250.318 0.02850
-0.00732 -0.01264 0.12815 0.12898 0.71153 0.935 0.078 1250.348 0.02853
-0.00733 -0.01265 0.12827 0.12910 0.71266 0.704 0.071 1250.378 0.02855
-0.00734 -0.01266 0.12838 0.12921 0.71379 0.587 0.069 1250.408 0.02857
-0.00734 -0.01267 0.12849 0.12932 0.71491 0.626 0.067 1250.438 0.02860
-0.00735 -0.01268 0.12860 0.12944 0.71604 0.651 0.069 1250.467 0.02862
-0.00735 -0.01269 0.12872 0.12955 0.71717 0.709 0.067 1250.497 0.02865
-0.00736 -0.01270 0.12883 0.12966 0.71829 0.554 0.072 1250.527 0.02867
-0.00737 -0.01271 0.12894 0.12978 0.71942 0.593 0.070 1250.557 0.02870
-0.00737 -0.01272 0.12906 0.12989 0.72054 0.714 0.091 1250.587 0.02872
-0.00738 -0.01274 0.12917 0.13000 0.72167 0.769 0.104 1250.617 0.02875
-0.00739 -0.01275 0.12928 0.13012 0.72280 0.894 0.098 1250.647 0.02877
-0.00739 -0.01276 0.12939 0.13023 0.72392 1.000 0.104 1250.677 0.02880
-0.00740 -0.01277 0.12951 0.13035 0.72505 1.048 0.100 1250.707 0.02882
-0.00741 -0.01278 0.12962 0.13046 0.72618 1.047 0.105 1250.737 0.02885
-0.00741 -0.01279 0.12973 0.13057 0.72730 1.018 0.099 1250.766 0.02887
-0.00742 -0.01280 0.12985 0.13069 0.72843 1.066 0.101 1250.796 0.02889
-0.00743 -0.01281 0.12996 0.13080 0.72956 0.960 0.096 1250.826 0.02892
-0.00743 -0.01282 0.13007 0.13091 0.73068 0.835 0.101 1250.856 0.02894
-0.00744 -0.01284 0.13018 0.13103 0.73181 0.854 0.102 1250.886 0.02897
-0.00744 -0.01285 0.13030 0.13114 0.73294 1.094 0.102 1250.916 0.02899
-0.00745 -0.01286 0.13041 0.13125 0.73407 1.113 0.103 1250.946 0.02902
-0.00746 -0.01287 0.13052 0.13137 0.73519 1.295 0.111 1250.976 0.02904
-0.00746 -0.01288 0.13064 0.13148 0.73632 0.996 0.103 1251.006 0.02907
-0.00747 -0.01289 0.13075 0.13159 0.73745 0.958 0.096 1251.035 0.02909
-0.00748 -0.01290 0.13086 0.13171 0.73857 0.871 0.097 1251.065 0.02912
-0.00748 -0.01291 0.13097 0.13182 0.73970 0.948 0.095 1251.095 0.02914
-0.00749 -0.01292 0.13109 0.13194 0.74083 1.024 0.099 1251.125 0.02917
-0.00750 -0.01294 0.13120 0.13205 0.74196 0.978 0.097 1251.155 0.02919
-0.00750 -0.01295 0.13131 0.13216 0.74308 1.017 0.080 1251.185 0.02921
-0.00751 -0.01296 0.13143 0.13228 0.74421 1.016 0.080 1251.215 0.02924
-0.00752 -0.01297 0.13154 0.13239 0.74534 1.104 0.084 1251.245 0.02926
-0.00752 -0.01298 0.13165 0.13250 0.74647 1.028 0.081 1251.275 0.02929
-0.00753 -0.01299 0.13176 0.13262 0.74759 0.913 0.076 1251.304 0.02931
-0.00754 -0.01300 0.13188 0.13273 0.74872 0.887 0.075 1251.334 0.02934
-0.00754 -0.01301 0.13199 0.13284 0.74985 0.983 0.068 1251.364 0.02936
-0.00755 -0.01302 0.13210 0.13296 0.75098 0.921 0.066 1251.394 0.02939
-0.00755 -0.01304 0.13222 0.13307 0.75210 1.025 0.070 1251.424 0.02941
-0.00756 -0.01305 0.13233 0.13319 0.75323 0.934 0.067 1251.454 0.02944
-0.00757 -0.01306 0.13244 0.13330 0.75436 1.086 0.072 1251.484 0.02946
-0.00757 -0.01307 0.13255 0.13341 0.75549 1.087 0.072 1251.514 0.02948
-0.00758 -0.01308 0.13267 0.13353 0.75661 0.943 0.067 1251.544 0.02951
-0.00759 -0.01309 0.13278 0.13364 0.75774 1.067 0.071 1251.573 0.02953
-0.00759 -0.01310 0.13289 0.13375 0.75887 0.994 0.069 1251.603 0.02956
-0.00760 -0.01311 0.13301 0.13387 0.76000 0.824 0.063 1251.633 0.02958
-0.00761 -0.01312 0.13312 0.13398 0.76113 0.885 0.065 1251.663 0.02961
-0.00761 -0.01314 0.13323 0.13409 0.76225 0.974 0.068 1251.693 0.02963
-0.00762 -0.01315 0.13335 0.13421 0.76338 1.022 0.070 1251.723 0.02966
-0.00763 -0.01316 0.13346 0.13432 0.76451 1.017 0.069 1251.753 0.02968
-0.00763 -0.01317 0.13357 0.13444 0.76564 1.050 0.071 1251.783 0.02971
-0.00764 -0.01318 0.13368 0.13455 0.76677 0.950 0.067 1251.813 0.02973
-0.00764 -0.01319 0.13380 0.13466 0.76789 0.897 0.065 1251.843 0.02976
-0.00765 -0.01320 0.13391 0.13478 0.76902 0.944 0.067 1251.872 0.02978
-0.00766 -0.01321 0.13402 0.13489 0.77015 1.010 0.069 1251.902 0.02980
-0.00766 -0.01322 0.13414 0.13500 0.77128 1.119 0.073 1251.932 0.02983
-0.00767 -0.01324 0.13425 0.13512 0.77241 1.000 0.069 1251.962 0.02985
-0.00768 -0.01325 0.13436 0.13523 0.77353 0.933 0.066 1251.992 0.02988
-0.00768 -0.01326 0.13448 0.13535 0.77466 1.075 0.071 1252.022 0.02990
-0.00769 -0.01327 0.13459 0.13546 0.77579 1.036 0.070 1252.052 0.02993
-0.00770 -0.01328 0.13470 0.13557 0.77692 0.942 0.067 1252.082 0.02995
-0.00770 -0.01329 0.13481 0.13569 0.77805 0.955 0.067 1252.112 0.02998
-0.00771 -0.01330 0.13493 0.13580 0.77918 1.111 0.072 1252.141 0.03000
-0.00772 -0.01331 0.13504 0.13591 0.78031 0.941 0.067 1252.171 0.03003
-0.00772 -0.01333 0.13515 0.13603 0.78143 1.015 0.069 1252.201 0.03005
-0.00773 -0.01334 0.13527 0.13614 0.78256 0.984 0.068 1252.231 0.03007
-0.00774 -0.01335 0.13538 0.13626 0.78369 1.021 0.069 1252.261 0.03010
-0.00774 -0.01336 0.13549 0.13637 0.78482 0.988 0.068 1252.291 0.03012
-0.00775 -0.01337 0.13561 0.13648 0.78595 1.043 0.070 1252.321 0.03015
-0.00775 -0.01338 0.13572 0.13660 0.78708 0.953 0.067 1252.351 0.03017
-0.00776 -0.01339 0.13583 0.13671 0.78821 0.966 0.067 1252.381 0.03020
-0.00777 -0.01340 0.13594 0.13682 0.78934 1.032 0.070 1252.410 0.03022
-0.00777 -0.01341 0.13606 0.13694 0.79047 1.044 0.070 1252.440 0.03025
-0.00778 -0.01343 0.13617 0.13705 0.79159 1.060 0.071 1252.470 0.03027
-0.00779 -0.01344 0.13628 0.13717 0.79272 1.099 0.072 1252.500 0.03030
-0.00779 -0.01345 0.13640 0.13728 0.79385 1.141 0.073 1252.530 0.03032
-0.00780 -0.01346 0.13651 0.13739 0.79498 0.976 0.068 1252.560 0.03035
-0.00781 -0.01347 0.13662 0.13751 0.79611 1.072 0.071 1252.590 0.03037
-0.00781 -0.01348 0.13674 0.13762 0.79724 1.059 0.071 1252.620 0.03039
-0.00782 -0.01349 0.13685 0.13774 0.79837 0.946 0.067 1252.650 0.03042
-0.00783 -0.01350 0.13696 0.13785 0.79950 1.043 0.070 1252.680 0.03044
-0.00783 -0.01351 0.13708 0.13796 0.80063 1.078 0.071 1252.709 0.03047
-0.00784 -0.01353 0.13719 0.13808 0.80176 0.960 0.067 1252.739 0.03049
-0.00785 -0.01354 0.13730 0.13819 0.80289 0.986 0.068 1252.769 0.03052
-0.00785 -0.01355 0.13742 0.13830 0.80402 1.066 0.071 1252.799 0.03054
-0.00786 -0.01356 0.13753 0.13842 0.80515 0.984 0.068 1252.829 0.03057
-0.00786 -0.01357 0.13764 0.13853 0.80627 0.960 0.067 1252.859 0.03059
-0.00787 -0.01358 0.13775 0.13865 0.80740 1.025 0.069 1252.889 0.03062
-0.00788 -0.01359 0.13787 0.13876 0.80853 0.981 0.068 1252.919 0.03064
-0.00788 -0.01360 0.13798 0.13887 0.80966 0.947 0.067 1252.949 0.03067
-0.00789 -0.01362 0.13809 0.13899 0.81079 0.919 0.066 1252.978 0.03069
-0.00790 -0.01363 0.13821 0.13910 0.81192 1.069 0.071 1253.008 0.03071
-0.00790 -0.01364 0.13832 0.13922 0.81305 1.026 0.069 1253.038 0.03074
-0.00791 -0.01365 0.13843 0.13933 0.81418 0.919 0.066 1253.068 0.03076
-0.00792 -0.01366 0.13855 0.13944 0.81531 1.037 0.077 1253.098 0.03079
-0.00792 -0.01367 0.13866 0.13956 0.81644 0.927 0.076 1253.128 0.03081
-0.00793 -0.01368 0.13877 0.13967 0.81757 1.120 0.083 1253.158 0.03084
-0.00794 -0.01369 0.13889 0.13978 0.81870 0.914 0.075 1253.188 0.03086
-0.00794 -0.01370 0.13900 0.13990 0.81983 0.895 0.075 1253.218 0.03089
-0.00795 -0.01372 0.13911 0.14001 0.82096 1.139 0.084 1253.247 0.03091
-0.00796 -0.01373 0.13923 0.14013 0.82209 0.919 0.076 1253.277 0.03094
-0.00796 -0.01374 0.13934 0.14024 0.82322 0.926 0.076 1253.307 0.03096
-0.00797 -0.01375 0.13945 0.14035 0.82435 0.943 0.077 1253.337 0.03098
-0.00797 -0.01376 0.13956 0.14047 0.82548 0.838 0.072 1253.367 0.03101
-0.00798 -0.01377 0.13968 0.14058 0.82661 0.981 0.078 1253.397 0.03103
-0.00799 -0.01378 0.13979 0.14070 0.82774 0.868 0.073 1253.427 0.03106
-0.00799 -0.01379 0.13990 0.14081 0.82887 0.918 0.075 1253.457 0.03108
-0.00800 -0.01380 0.14002 0.14092 0.83000 0.806 0.071 1253.487 0.03111
-0.00801 -0.01382 0.14013 0.14104 0.83113 0.830 0.072 1253.516 0.03113
-0.00801 -0.01383 0.14024 0.14115 0.83226 0.929 0.076 1253.546 0.03116
-0.00802 -0.01384 0.14036 0.14127 0.83339 0.748 0.068 1253.576 0.03118
-0.00803 -0.01385 0.14047 0.14138 0.83453 0.718 0.070 1253.606 0.03121
-0.00803 -0.01386 0.14058 0.14149 0.83566 0.438 0.064 1253.636 0.03123
-0.00804 -0.01387 0.14070 0.14161 0.83679 0.500 0.063 1253.666 0.03126
-0.00805 -0.01388 0.14081 0.14172 0.83792 0.456 0.065 1253.696 0.03128
-0.00805 -0.01389 0.14092 0.14184 0.83905 0.369 0.059 1253.726 0.03130
-0.00806 -0.01391 0.14104 0.14195 0.84018 0.455 0.065 1253.756 0.03133
-0.00806 -0.01392 0.14115 0.14206 0.84131 0.430 0.063 1253.786 0.03135
-0.00807 -0.01393 0.14126 0.14218 0.84244 0.648 0.067 1253.815 0.03138
-0.00808 -0.01394 0.14138 0.14229 0.84357 1.068 0.081 1253.845 0.03140
-0.00808 -0.01395 0.14149 0.14241 0.84470 0.901 0.075 1253.875 0.03143
-0.00809 -0.01396 0.14160 0.14252 0.84583 0.821 0.065 1253.905 0.03145
-0.00810 -0.01397 0.14172 0.14263 0.84696 0.919 0.065 1253.935 0.03148
-0.00810 -0.01398 0.14183 0.14275 0.84809 0.980 0.067 1253.965 0.03150
-0.00811 -0.01399 0.14194 0.14286 0.84923 0.872 0.063 1253.995 0.03153
-0.00812 -0.01401 0.14206 0.14298 0.85036 1.043 0.069 1254.025 0.03155
-0.00812 -0.01402 0.14217 0.14309 0.85149 1.099 0.071 1254.055 0.03157
-0.00813 -0.01403 0.14228 0.14320 0.85262 0.950 0.066 1254.084 0.03160
-0.00814 -0.01404 0.14240 0.14332 0.85375 0.941 0.066 1254.114 0.03162
-0.00814 -0.01405 0.14251 0.14343 0.85488 1.010 0.068 1254.144 0.03165
-0.00815 -0.01406 0.14262 0.14355 0.85601 0.990 0.068 1254.174 0.03167
-0.00816 -0.01407 0.14274 0.14366 0.85714 0.958 0.066 1254.204 0.03170
-0.00816 -0.01408 0.14285 0.14377 0.85827 0.991 0.068 1254.234 0.03172
-0.00817 -0.01410 0.14296 0.14389 0.85941 0.994 0.068 1254.264 0.03175
-0.00818 -0.01411 0.14308 0.14400 0.86054 0.880 0.064 1254.294 0.03177
-0.00818 -0.01412 0.14319 0.14412 0.86167 1.033 0.069 1254.324 0.03180
-0.00819 -0.01413 0.14330 0.14423 0.86280 1.103 0.071 1254.353 0.03182
-0.00819 -0.01414 0.14342 0.14434 0.86393 0.867 0.063 1254.383 0.03185
-0.00820 -0.01415 0.14353 0.14446 0.86506 0.949 0.066 1254.413 0.03187
-0.00821 -0.01416 0.14364 0.14457 0.86620 1.061 0.070 1254.443 0.03189
-0.00821 -0.01417 0.14376 0.14469 0.86733 0.985 0.067 1254.473 0.03192
-0.00822 -0.01418 0.14387 0.14480 0.86846 1.008 0.068 1254.503 0.03194
-0.00823 -0.01420 0.14398 0.14491 0.86959 0.988 0.067 1254.533 0.03197
-0.00823 -0.01421 0.14410 0.14503 0.87072 0.959 0.066 1254.563 0.03199
-0.00824 -0.01422 0.14421 0.14514 0.87185 0.941 0.066 1254.593 0.03202
-0.00825 -0.01423 0.14432 0.14526 0.87299 0.906 0.065 1254.623 0.03204
-0.00825 -0.01424 0.14444 0.14537 0.87412 0.954 0.066 1254.652 0.03207
-0.00826 -0.01425 0.14455 0.14548 0.87525 0.889 0.064 1254.682 0.03209
-0.00827 -0.01426 0.14466 0.14560 0.87638 1.013 0.068 1254.712 0.03212
-0.00827 -0.01427 0.14478 0.14571 0.87751 0.980 0.067 1254.742 0.03214
-0.00828 -0.01429 0.14489 0.14583 0.87865 0.934 0.065 1254.772 0.03216
-0.00829 -0.01430 0.14500 0.14594 0.87978 1.081 0.070 1254.802 0.03219
-0.00829 -0.01431 0.14512 0.14606 0.88091 1.085 0.071 1254.832 0.03221
-0.00830 -0.01432 0.14523 0.14617 0.88204 0.970 0.067 1254.862 0.03224
-0.00830 -0.01433 0.14534 0.14628 0.88317 1.024 0.068 1254.892 0.03226
-0.00831 -0.01434 0.14546 0.14640 0.88431 0.973 0.067 1254.921 0.03229
-0.00832 -0.01435 0.14557 0.14651 0.88544 0.922 0.065 1254.951 0.03231
-0.00832 -0.01436 0.14568 0.14663 0.88657 0.973 0.067 1254.981 0.03234
-0.00833 -0.01437 0.14580 0.14674 0.88770 1.032 0.069 1255.011 0.03236
-0.00834 -0.01439 0.14591 0.14685 0.88884 0.904 0.064 1255.041 0.03239
-0.00834 -0.01440 0.14602 0.14697 0.88997 0.973 0.067 1255.071 0.03241
-0.00835 -0.01441 0.14614 0.14708 0.89110 0.949 0.066 1255.101 0.03244
-0.00836 -0.01442 0.14625 0.14720 0.89223 0.995 0.067 1255.131 0.03246
-0.00836 -0.01443 0.14636 0.14731 0.89337 0.943 0.066 1255.161 0.03248
-0.00837 -0.01444 0.14648 0.14742 0.89450 0.922 0.065 1255.190 0.03251
-0.00838 -0.01445 0.14659 0.14754 0.89563 0.934 0.069 1255.220 0.03253
-0.00838 -0.01446 0.14670 0.14765 0.89676 0.989 0.070 1255.250 0.03256
-0.00839 -0.01448 0.14682 0.14777 0.89790 0.879 0.063 1255.280 0.03258
-0.00840 -0.01449 0.14693 0.14788 0.89903 0.931 0.075 1255.310 0.03261
-0.00840 -0.01450 0.14704 0.14800 0.90016 1.151 0.084 1255.340 0.03263
-0.00841 -0.01451 0.14716 0.14811 0.90129 0.851 0.072 1255.370 0.03266
-0.00841 -0.01452 0.14727 0.14822 0.90243 0.973 0.077 1255.400 0.03268
-0.00842 -0.01453 0.14738 0.14834 0.90356 1.034 0.079 1255.430 0.03271
-0.00843 -0.01454 0.14750 0.14845 0.90469 0.887 0.073 1255.459 0.03273
-0.00843 -0.01455 0.14761 0.14857 0.90583 1.051 0.080 1255.489 0.03276
-0.00844 -0.01456 0.14772 0.14868 0.90696 0.808 0.070 1255.519 0.03278
-0.00845 -0.01458 0.14784 0.14879 0.90809 0.930 0.075 1255.549 0.03280
-0.00845 -0.01459 0.14795 0.14891 0.90923 0.844 0.072 1255.579 0.03283
-0.00846 -0.01460 0.14807 0.14902 0.91036 1.020 0.079 1255.609 0.03285
-0.00847 -0.01461 0.14818 0.14914 0.91149 0.953 0.076 1255.639 0.03288
-0.00847 -0.01462 0.14829 0.14925 0.91262 1.025 0.079 1255.669 0.03290
-0.00848 -0.01463 0.14841 0.14937 0.91376 0.910 0.074 1255.699 0.03293
-0.00849 -0.01464 0.14852 0.14948 0.91489 1.001 0.078 1255.729 0.03295
-0.00849 -0.01465 0.14863 0.14959 0.91602 1.007 0.078 1255.758 0.03298
-0.00850 -0.01467 0.14875 0.14971 0.91716 0.855 0.072 1255.788 0.03300
-0.00851 -0.01468 0.14886 0.14982 0.91829 0.897 0.074 1255.818 0.03303
-0.00851 -0.01469 0.14897 0.14994 0.91942 1.058 0.080 1255.848 0.03305
-0.00852 -0.01470 0.14909 0.15005 0.92056 0.940 0.075 1255.878 0.03307
-0.00852 -0.01471 0.14920 0.15017 0.92169 1.029 0.079 1255.908 0.03310
-0.00853 -0.01472 0.14931 0.15028 0.92283 0.925 0.075 1255.938 0.03312
-0.00854 -0.01473 0.14943 0.15039 0.92396 0.879 0.073 1255.968 0.03315
-0.00854 -0.01474 0.14954 0.15051 0.92509 0.955 0.076 1255.998 0.03317
-0.00855 -0.01475 0.14965 0.15062 0.92623 1.191 0.085 1256.027 0.03320
-0.00856 -0.01477 0.14977 0.15074 0.92736 1.056 0.080 1256.057 0.03322
-0.00856 -0.01478 0.14988 0.15085 0.92849 1.041 0.079 1256.087 0.03325
-0.00857 -0.01479 0.14999 0.15097 0.92963 0.954 0.076 1256.117 0.03327
-0.00858 -0.01480 0.15011 0.15108 0.93076 0.881 0.073 1256.147 0.03330
-0.00858 -0.01481 0.15022 0.15119 0.93190 0.908 0.074 1256.177 0.03332
-0.00859 -0.01482 0.15034 0.15131 0.93303 1.056 0.080 1256.207 0.03335
-0.00860 -0.01483 0.15045 0.15142 0.93416 1.056 0.080 1256.237 0.03337
-0.00860 -0.01484 0.15056 0.15154 0.93530 0.996 0.077 1256.267 0.03339
-0.00861 -0.01486 0.15068 0.15165 0.93643 0.941 0.075 1256.296 0.03342
-0.00862 -0.01487 0.15079 0.15177 0.93757 0.917 0.074 1256.326 0.03344
-0.00862 -0.01488 0.15090 0.15188 0.93870 0.868 0.072 1256.356 0.03347
-0.00863 -0.01489 0.15102 0.15199 0.93983 0.836 0.071 1256.386 0.03349
-0.00864 -0.01490 0.15113 0.15211 0.94097 0.903 0.074 1256.416 0.03352
-0.00864 -0.01491 0.15124 0.15222 0.94210 0.867 0.072 1256.446 0.03354
-0.00865 -0.01492 0.15136 0.15234 0.94324 0.969 0.076 1256.476 0.03357
-0.00865 -0.01493 0.15147 0.15245 0.94437 0.953 0.073 1256.506 0.03359
-0.00866 -0.01495 0.15159 0.15257 0.94550 0.958 0.066 1256.536 0.03362
-0.00867 -0.01496 0.15170 0.15268 0.94664 1.076 0.070 1256.566 0.03364
-0.00867 -0.01497 0.15181 0.15279 0.94777 0.958 0.066 1256.595 0.03366
-0.00868 -0.01498 0.15193 0.15291 0.94891 0.962 0.066 1256.625 0.03369
-0.00869 -0.01499 0.15204 0.15302 0.95004 0.903 0.064 1256.655 0.03371
-0.00869 -0.01500 0.15215 0.15314 0.95118 0.835 0.061 1256.685 0.03374
-0.00870 -0.01501 0.15227 0.15325 0.95231 0.934 0.065 1256.715 0.03376
-0.00871 -0.01502 0.15238 0.15337 0.95345 1.011 0.067 1256.745 0.03379
-0.00871 -0.01503 0.15249 0.15348 0.95458 0.916 0.064 1256.775 0.03381
-0.00872 -0.01505 0.15261 0.15360 0.95572 0.992 0.067 1256.805 0.03384
-0.00873 -0.01506 0.15272 0.15371 0.95685 0.997 0.067 1256.835 0.03386
-0.00873 -0.01507 0.15283 0.15382 0.95799 0.893 0.063 1256.864 0.03389
-0.00874 -0.01508 0.15295 0.15394 0.95912 0.951 0.065 1256.894 0.03391
-0.00875 -0.01509 0.15306 0.15405 0.96026 0.883 0.063 1256.924 0.03394
-0.00875 -0.01510 0.15318 0.15417 0.96139 1.027 0.068 1256.954 0.03396
-0.00876 -0.01511 0.15329 0.15428 0.96252 0.928 0.065 1256.984 0.03398
-0.00877 -0.01512 0.15340 0.15440 0.96366 0.937 0.065 1257.014 0.03401
-0.00877 -0.01514 0.15352 0.15451 0.96479 1.035 0.068 1257.044 0.03403
-0.00878 -0.01515 0.15363 0.15462 0.96593 1.098 0.070 1257.074 0.03406
-0.00878 -0.01516 0.15374 0.15474 0.96707 0.986 0.066 1257.104 0.03408
-0.00879 -0.01517 0.15386 0.15485 0.96820 1.067 0.069 1257.133 0.03411
-0.00880 -0.01518 0.15397 0.15497 0.96934 0.900 0.063 1257.163 0.03413
-0.00880 -0.01519 0.15409 0.15508 0.97047 0.927 0.064 1257.193 0.03416
-0.00881 -0.01520 0.15420 0.15520 0.97161 1.039 0.068 1257.223 0.03418
-0.00882 -0.01521 0.15431 0.15531 0.97274 0.868 0.062 1257.253 0.03421
-0.00882 -0.01523 0.15443 0.15543 0.97388 0.998 0.067 1257.283 0.03423
-0.00883 -0.01524 0.15454 0.15554 0.97501 0.899 0.063 1257.313 0.03426
-0.00884 -0.01525 0.15465 0.15565 0.97615 0.952 0.065 1257.343 0.03428
-0.00884 -0.01526 0.15477 0.15577 0.97728 1.065 0.069 1257.373 0.03430
-0.00885 -0.01527 0.15488 0.15588 0.97842 0.974 0.066 1257.402 0.03433
-0.00886 -0.01528 0.15499 0.15600 0.97955 1.015 0.067 1257.432 0.03435
-0.00886 -0.01529 0.15511 0.15611 0.98069 0.907 0.064 1257.462 0.03438
-0.00887 -0.01530 0.15522 0.15623 0.98182 0.853 0.062 1257.492 0.03440
-0.00888 -0.01532 0.15534 0.15634 0.98296 0.943 0.065 1257.522 0.03443
-0.00888 -0.01533 0.15545 0.15646 0.98410 1.055 0.069 1257.552 0.03445
-0.00889 -0.01534 0.15556 0.15657 0.98523 0.829 0.061 1257.582 0.03448
-0.00890 -0.01535 0.15568 0.15668 0.98637 1.114 0.070 1257.612 0.03450
-0.00890 -0.01536 0.15579 0.15680 0.98750 0.992 0.066 1257.642 0.03453
-0.00891 -0.01537 0.15590 0.15691 0.98864 0.870 0.062 1257.672 0.03455
-0.00891 -0.01538 0.15602 0.15703 0.98978 0.985 0.066 1257.701 0.03457
-0.00892 -0.01539 0.15613 0.15714 0.99091 1.053 0.068 1257.731 0.03460
-0.00893 -0.01540 0.15625 0.15726 0.99205 0.960 0.065 1257.761 0.03462
-0.00893 -0.01542 0.15636 0.15737 0.99318 1.023 0.067 1257.791 0.03465
-0.00894 -0.01543 0.15647 0.15749 0.99432 0.930 0.064 1257.821 0.03467
-0.00895 -0.01544 0.15659 0.15760 0.99546 1.025 0.068 1257.851 0.03470
-0.00895 -0.01545 0.15670 0.15772 0.99659 0.899 0.063 1257.881 0.03472
-0.00896 -0.01546 0.15682 0.15783 0.99773 1.045 0.068 1257.911 0.03475
-0.00897 -0.01547 0.15693 0.15794 0.99886 0.923 0.064 1257.941 0.03477
-0.00897 -0.01548 0.15704 0.15806 1.00000 0.942 0.065 1257.970 0.03480
