x y z dist_scaled dist_frac flux_norm sig_norm wavelength redshift
0.03361 0.02594 0.03841 0.05726 0.00000 1.051 0.053 1231.245 0.01281
0.03368 0.02599 0.03848 0.05737 0.00110 0.982 0.051 1231.275 0.01284
0.03374 0.02604 0.03856 0.05748 0.00220 1.056 0.053 1231.305 0.01286
0.03381 0.02610 0.03863 0.05759 0.00330 1.120 0.055 1231.335 0.01289
0.03387 0.02615 0.03871 0.05770 0.00440 0.971 0.051 1231.365 0.01291
0.03394 0.02620 0.03878 0.05781 0.00550 0.979 0.051 1231.395 0.01293
0.03400 0.02625 0.03886 0.05792 0.00661 0.946 0.050 1231.425 0.01296
0.03407 0.02630 0.03893 0.05803 0.00771 1.080 0.053 1231.454 0.01298
0.03414 0.02635 0.03901 0.05814 0.00881 0.998 0.051 1231.484 0.01301
0.03420 0.02640 0.03908 0.05826 0.00991 1.005 0.052 1231.514 0.01303
0.03427 0.02645 0.03915 0.05837 0.01101 1.007 0.052 1231.544 0.01306
0.03433 0.02650 0.03923 0.05848 0.01211 1.048 0.053 1231.574 0.01308
0.03440 0.02655 0.03930 0.05859 0.01321 1.062 0.053 1231.604 0.01311
0.03446 0.02660 0.03938 0.05870 0.01431 0.930 0.050 1231.634 0.01313
0.03453 0.02665 0.03945 0.05881 0.01541 1.003 0.051 1231.664 0.01316
0.03459 0.02670 0.03953 0.05892 0.01652 1.052 0.053 1231.693 0.01318
0.03466 0.02675 0.03960 0.05903 0.01762 1.053 0.053 1231.723 0.01321
0.03472 0.02680 0.03968 0.05914 0.01872 1.003 0.051 1231.753 0.01323
0.03479 0.02685 0.03975 0.05925 0.01982 1.055 0.053 1231.783 0.01325
0.03485 0.02690 0.03982 0.05936 0.02092 1.042 0.052 1231.813 0.01328
0.03492 0.02695 0.03990 0.05948 0.02202 0.836 0.047 1231.843 0.01330
0.03498 0.02700 0.03997 0.05959 0.02312 0.924 0.049 1231.873 0.01333
0.03505 0.02705 0.04005 0.05970 0.02423 1.067 0.053 1231.903 0.01335
0.03511 0.02710 0.04012 0.05981 0.02533 1.018 0.052 1231.932 0.01338
0.03518 0.02715 0.04020 0.05992 0.02643 1.011 0.051 1231.962 0.01340
0.03524 0.02720 0.04027 0.06003 0.02753 1.085 0.053 1231.992 0.01343
0.03531 0.02725 0.04035 0.06014 0.02863 0.901 0.048 1232.022 0.01345
0.03537 0.02730 0.04042 0.06025 0.02973 0.926 0.049 1232.052 0.01348
0.03544 0.02735 0.04049 0.06036 0.03084 0.920 0.049 1232.082 0.01350
0.03550 0.02740 0.04057 0.06047 0.03194 1.091 0.053 1232.112 0.01352
0.03557 0.02745 0.04064 0.06059 0.03304 0.993 0.051 1232.142 0.01355
0.03563 0.02750 0.04072 0.06070 0.03414 0.941 0.049 1232.171 0.01357
0.03570 0.02755 0.04079 0.06081 0.03524 0.981 0.050 1232.201 0.01360
0.03576 0.02760 0.04087 0.06092 0.03635 1.045 0.052 1232.231 0.01362
0.03583 0.02765 0.04094 0.06103 0.03745 0.947 0.050 1232.261 0.01365
0.03589 0.02770 0.04102 0.06114 0.03855 1.016 0.051 1232.291 0.01367
0.03596 0.02775 0.04109 0.06125 0.03965 0.934 0.049 1232.321 0.01370
0.03602 0.02781 0.04116 0.06136 0.04075 1.019 0.051 1232.351 0.01372
0.03609 0.02786 0.04124 0.06147 0.04186 1.019 0.051 1232.381 0.01375
0.03616 0.02791 0.04131 0.06159 0.04296 0.965 0.050 1232.411 0.01377
0.03622 0.02796 0.04139 0.06170 0.04406 1.003 0.051 1232.440 0.01380
0.03629 0.02801 0.04146 0.06181 0.04516 1.004 0.051 1232.470 0.01382
0.03635 0.02806 0.04154 0.06192 0.04627 0.987 0.050 1232.500 0.01384
0.03642 0.02811 0.04161 0.06203 0.04737 1.061 0.052 1232.530 0.01387
0.03648 0.02816 0.04169 0.06214 0.04847 0.914 0.049 1232.560 0.01389
0.03655 0.02821 0.04176 0.06225 0.04957 1.004 0.051 1232.590 0.01392
0.03661 0.02826 0.04184 0.06236 0.05068 1.064 0.052 1232.620 0.01394
0.03668 0.02831 0.04191 0.06247 0.05178 0.987 0.050 1232.650 0.01397
0.03674 0.02836 0.04198 0.06258 0.05288 1.009 0.051 1232.679 0.01399
0.03681 0.02841 0.04206 0.06270 0.05398 1.042 0.052 1232.709 0.01402
0.03687 0.02846 0.04213 0.06281 0.05509 0.966 0.050 1232.739 0.01404
0.03694 0.02851 0.04221 0.06292 0.05619 1.047 0.052 1232.769 0.01407
0.03700 0.02856 0.04228 0.06303 0.05729 1.060 0.052 1232.799 0.01409
0.03707 0.02861 0.04236 0.06314 0.05840 0.978 0.050 1232.829 0.01411
0.03713 0.02866 0.04243 0.06325 0.05950 0.990 0.050 1232.859 0.01414
0.03720 0.02871 0.04251 0.06336 0.06060 0.966 0.050 1232.889 0.01416
0.03726 0.02876 0.04258 0.06347 0.06170 1.025 0.051 1232.918 0.01419
0.03733 0.02881 0.04266 0.06358 0.06281 0.997 0.050 1232.948 0.01421
0.03739 0.02886 0.04273 0.06370 0.06391 0.964 0.050 1232.978 0.01424
0.03746 0.02891 0.04280 0.06381 0.06501 1.040 0.052 1233.008 0.01426
0.03752 0.02896 0.04288 0.06392 0.06612 0.957 0.049 1233.038 0.01429
0.03759 0.02901 0.04295 0.06403 0.06722 0.960 0.049 1233.068 0.01431
0.03766 0.02906 0.04303 0.06414 0.06832 0.956 0.049 1233.098 0.01434
0.03772 0.02911 0.04310 0.06425 0.06943 1.061 0.052 1233.128 0.01436
0.03779 0.02916 0.04318 0.06436 0.07053 0.922 0.048 1233.157 0.01439
0.03785 0.02921 0.04325 0.06447 0.07163 0.927 0.049 1233.187 0.01441
0.03792 0.02927 0.04333 0.06459 0.07274 0.961 0.049 1233.217 0.01443
0.03798 0.02932 0.04340 0.06470 0.07384 0.999 0.050 1233.247 0.01446
0.03805 0.02937 0.04348 0.06481 0.07494 1.012 0.051 1233.277 0.01448
0.03811 0.02942 0.04355 0.06492 0.07605 0.964 0.049 1233.307 0.01451
0.03818 0.02947 0.04362 0.06503 0.07715 1.013 0.051 1233.337 0.01453
0.03824 0.02952 0.04370 0.06514 0.07825 0.920 0.048 1233.367 0.01456
0.03831 0.02957 0.04377 0.06525 0.07936 1.061 0.052 1233.397 0.01458
0.03837 0.02962 0.04385 0.06536 0.08046 0.939 0.049 1233.426 0.01461
0.03844 0.02967 0.04392 0.06547 0.08156 0.938 0.049 1233.456 0.01463
0.03850 0.02972 0.04400 0.06559 0.08267 0.958 0.049 1233.486 0.01466
0.03857 0.02977 0.04407 0.06570 0.08377 0.923 0.048 1233.516 0.01468
0.03863 0.02982 0.04415 0.06581 0.08488 0.945 0.049 1233.546 0.01470
0.03870 0.02987 0.04422 0.06592 0.08598 1.027 0.051 1233.576 0.01473
0.03877 0.02992 0.04430 0.06603 0.08708 0.989 0.050 1233.606 0.01475
0.03883 0.02997 0.04437 0.06614 0.08819 0.956 0.049 1233.636 0.01478
0.03890 0.03002 0.04444 0.06625 0.08929 0.997 0.050 1233.665 0.01480
0.03896 0.03007 0.04452 0.06636 0.09040 0.916 0.048 1233.695 0.01483
0.03903 0.03012 0.04459 0.06648 0.09150 0.984 0.050 1233.725 0.01485
0.03909 0.03017 0.04467 0.06659 0.09260 1.006 0.050 1233.755 0.01488
0.03916 0.03022 0.04474 0.06670 0.09371 1.048 0.051 1233.785 0.01490
0.03922 0.03027 0.04482 0.06681 0.09481 1.053 0.051 1233.815 0.01493
0.03929 0.03032 0.04489 0.06692 0.09592 0.998 0.050 1233.845 0.01495
0.03935 0.03037 0.04497 0.06703 0.09702 1.041 0.051 1233.875 0.01497
0.03942 0.03042 0.04504 0.06714 0.09813 0.961 0.049 1233.904 0.01500
0.03948 0.03047 0.04512 0.06725 0.09923 0.958 0.049 1233.934 0.01502
0.03955 0.03052 0.04519 0.06737 0.10033 0.912 0.048 1233.964 0.01505
0.03961 0.03058 0.04527 0.06748 0.10144 0.930 0.048 1233.994 0.01507
0.03968 0.03063 0.04534 0.06759 0.10254 0.942 0.049 1234.024 0.01510
0.03974 0.03068 0.04542 0.06770 0.10365 1.018 0.050 1234.054 0.01512
0.03981 0.03073 0.04549 0.06781 0.10475 1.036 0.051 1234.084 0.01515
0.03988 0.03078 0.04556 0.06792 0.10586 0.973 0.049 1234.114 0.01517
0.03994 0.03083 0.04564 0.06803 0.10696 0.835 0.046 1234.143 0.01520
0.04001 0.03088 0.04571 0.06814 0.10807 0.868 0.047 1234.173 0.01522
0.04007 0.03093 0.04579 0.06826 0.10917 0.960 0.049 1234.203 0.01525
0.04014 0.03098 0.04586 0.06837 0.11028 0.832 0.046 1234.233 0.01527
0.04020 0.03103 0.04594 0.06848 0.11138 0.896 0.047 1234.263 0.01529
0.04027 0.03108 0.04601 0.06859 0.11248 1.017 0.050 1234.293 0.01532
0.04033 0.03113 0.04609 0.06870 0.11359 0.937 0.048 1234.323 0.01534
0.04040 0.03118 0.04616 0.06881 0.11469 0.997 0.050 1234.353 0.01537
0.04046 0.03123 0.04624 0.06892 0.11580 1.010 0.050 1234.383 0.01539
0.04053 0.03128 0.04631 0.06904 0.11690 1.043 0.051 1234.412 0.01542
0.04059 0.03133 0.04639 0.06915 0.11801 1.056 0.051 1234.442 0.01544
0.04066 0.03138 0.04646 0.06926 0.11911 0.946 0.049 1234.472 0.01547
0.04072 0.03143 0.04654 0.06937 0.12022 0.963 0.049 1234.502 0.01549
0.04079 0.03148 0.04661 0.06948 0.12132 0.958 0.049 1234.532 0.01552
0.04086 0.03153 0.04668 0.06959 0.12243 0.995 0.052 1234.562 0.01554
0.04092 0.03158 0.04676 0.06970 0.12354 0.947 0.049 1234.592 0.01556
0.04099 0.03163 0.04683 0.06981 0.12464 1.011 0.050 1234.622 0.01559
0.04105 0.03169 0.04691 0.06993 0.12575 0.941 0.048 1234.651 0.01561
0.04112 0.03174 0.04698 0.07004 0.12685 0.985 0.049 1234.681 0.01564
0.04118 0.03179 0.04706 0.07015 0.12796 0.970 0.049 1234.711 0.01566
0.04125 0.03184 0.04713 0.07026 0.12906 0.917 0.048 1234.741 0.01569
0.04131 0.03189 0.04721 0.07037 0.13017 0.883 0.047 1234.771 0.01571
0.04138 0.03194 0.04728 0.07048 0.13127 0.943 0.048 1234.801 0.01574
0.04144 0.03199 0.04736 0.07059 0.13238 0.937 0.048 1234.831 0.01576
0.04151 0.03204 0.04743 0.07071 0.13348 0.929 0.048 1234.861 0.01579
0.04157 0.03209 0.04751 0.07082 0.13459 0.927 0.048 1234.890 0.01581
0.04164 0.03214 0.04758 0.07093 0.13570 1.036 0.051 1234.920 0.01584
0.04171 0.03219 0.04766 0.07104 0.13680 0.913 0.048 1234.950 0.01586
0.04177 0.03224 0.04773 0.07115 0.13791 0.942 0.048 1234.980 0.01588
0.04184 0.03229 0.04781 0.07126 0.13901 0.877 0.047 1235.010 0.01591
0.04190 0.03234 0.04788 0.07137 0.14012 0.991 0.049 1235.040 0.01593
0.04197 0.03239 0.04795 0.07149 0.14122 0.946 0.048 1235.070 0.01596
0.04203 0.03244 0.04803 0.07160 0.14233 1.001 0.050 1235.100 0.01598
0.04210 0.03249 0.04810 0.07171 0.14344 0.921 0.048 1235.129 0.01601
0.04216 0.03254 0.04818 0.07182 0.14454 0.899 0.047 1235.159 0.01603
0.04223 0.03259 0.04825 0.07193 0.14565 0.911 0.047 1235.189 0.01606
0.04229 0.03264 0.04833 0.07204 0.14675 1.007 0.050 1235.219 0.01608
0.04236 0.03269 0.04840 0.07215 0.14786 1.039 0.051 1235.249 0.01611
0.04243 0.03275 0.04848 0.07227 0.14897 0.973 0.049 1235.279 0.01613
0.04249 0.03280 0.04855 0.07238 0.15007 1.067 0.051 1235.309 0.01615
0.04256 0.03285 0.04863 0.07249 0.15118 0.951 0.048 1235.339 0.01618
0.04262 0.03290 0.04870 0.07260 0.15228 0.930 0.048 1235.369 0.01620
0.04269 0.03295 0.04878 0.07271 0.15339 0.915 0.047 1235.398 0.01623
0.04275 0.03300 0.04885 0.07282 0.15450 0.998 0.050 1235.428 0.01625
0.04282 0.03305 0.04893 0.07293 0.15560 0.942 0.048 1235.458 0.01628
0.04288 0.03310 0.04900 0.07305 0.15671 0.883 0.047 1235.488 0.01630
0.04295 0.03315 0.04908 0.07316 0.15782 0.851 0.046 1235.518 0.01633
0.04301 0.03320 0.04915 0.07327 0.15892 0.912 0.049 1235.548 0.01635
0.04308 0.03325 0.04923 0.07338 0.16003 0.771 0.043 1235.578 0.01638
0.04315 0.03330 0.04930 0.07349 0.16114 0.717 0.042 1235.608 0.01640
0.04321 0.03335 0.04938 0.07360 0.16224 0.766 0.043 1235.637 0.01643
0.04328 0.03340 0.04945 0.07371 0.16335 0.712 0.042 1235.667 0.01645
0.04334 0.03345 0.04953 0.07383 0.16446 0.902 0.047 1235.697 0.01647
0.04341 0.03350 0.04960 0.07394 0.16556 0.794 0.044 1235.727 0.01650
0.04347 0.03355 0.04967 0.07405 0.16667 0.767 0.043 1235.757 0.01652
0.04354 0.03360 0.04975 0.07416 0.16778 0.765 0.043 1235.787 0.01655
0.04360 0.03365 0.04982 0.07427 0.16888 0.645 0.040 1235.817 0.01657
0.04367 0.03370 0.04990 0.07438 0.16999 0.681 0.041 1235.847 0.01660
0.04373 0.03376 0.04997 0.07450 0.17110 0.686 0.041 1235.876 0.01662
0.04380 0.03381 0.05005 0.07461 0.17220 0.807 0.044 1235.906 0.01665
0.04387 0.03386 0.05012 0.07472 0.17331 0.769 0.043 1235.936 0.01667
0.04393 0.03391 0.05020 0.07483 0.17442 0.844 0.045 1235.966 0.01670
0.04400 0.03396 0.05027 0.07494 0.17553 0.677 0.041 1235.996 0.01672
0.04406 0.03401 0.05035 0.07505 0.17663 0.745 0.043 1236.026 0.01674
0.04413 0.03406 0.05042 0.07516 0.17774 0.811 0.044 1236.056 0.01677
0.04419 0.03411 0.05050 0.07528 0.17885 0.838 0.045 1236.086 0.01679
0.04426 0.03416 0.05057 0.07539 0.17995 0.854 0.046 1236.115 0.01682
0.04432 0.03421 0.05065 0.07550 0.18106 0.855 0.046 1236.145 0.01684
0.04439 0.03426 0.05072 0.07561 0.18217 0.780 0.044 1236.175 0.01687
0.04445 0.03431 0.05080 0.07572 0.18328 0.857 0.046 1236.205 0.01689
0.04452 0.03436 0.05087 0.07583 0.18438 0.851 0.046 1236.235 0.01692
0.04459 0.03441 0.05095 0.07595 0.18549 0.901 0.047 1236.265 0.01694
0.04465 0.03446 0.05102 0.07606 0.18660 0.925 0.047 1236.295 0.01697
0.04472 0.03451 0.05110 0.07617 0.18771 0.981 0.049 1236.325 0.01699
0.04478 0.03456 0.05117 0.07628 0.18881 0.888 0.046 1236.355 0.01701
0.04485 0.03461 0.05125 0.07639 0.18992 0.884 0.046 1236.384 0.01704
0.04491 0.03467 0.05132 0.07650 0.19103 0.897 0.047 1236.414 0.01706
0.04498 0.03472 0.05140 0.07661 0.19214 0.819 0.045 1236.444 0.01709
0.04504 0.03477 0.05147 0.07673 0.19324 0.977 0.049 1236.474 0.01711
0.04511 0.03482 0.05155 0.07684 0.19435 1.050 0.050 1236.504 0.01714
0.04518 0.03487 0.05162 0.07695 0.19546 0.888 0.046 1236.534 0.01716
0.04524 0.03492 0.05170 0.07706 0.19657 0.854 0.046 1236.564 0.01719
0.04531 0.03497 0.05177 0.07717 0.19768 0.946 0.048 1236.594 0.01721
0.04537 0.03502 0.05185 0.07728 0.19878 0.842 0.045 1236.623 0.01724
0.04544 0.03507 0.05192 0.07740 0.19989 0.886 0.046 1236.653 0.01726
0.04550 0.03512 0.05199 0.07751 0.20100 1.051 0.050 1236.683 0.01729
0.04557 0.03517 0.05207 0.07762 0.20211 0.904 0.047 1236.713 0.01731
0.04563 0.03522 0.05214 0.07773 0.20322 0.953 0.048 1236.743 0.01733
0.04570 0.03527 0.05222 0.07784 0.20432 0.960 0.048 1236.773 0.01736
0.04577 0.03532 0.05229 0.07795 0.20543 1.019 0.050 1236.803 0.01738
0.04583 0.03537 0.05237 0.07807 0.20654 0.991 0.049 1236.833 0.01741
0.04590 0.03542 0.05244 0.07818 0.20765 0.932 0.047 1236.862 0.01743
0.04596 0.03547 0.05252 0.07829 0.20876 0.921 0.047 1236.892 0.01746
0.04603 0.03553 0.05259 0.07840 0.20987 0.884 0.046 1236.922 0.01748
0.04609 0.03558 0.05267 0.07851 0.21097 0.935 0.048 1236.952 0.01751
0.04616 0.03563 0.05274 0.07862 0.21208 0.966 0.048 1236.982 0.01753
0.04622 0.03568 0.05282 0.07874 0.21319 0.892 0.046 1237.012 0.01756
0.04629 0.03573 0.05289 0.07885 0.21430 0.913 0.047 1237.042 0.01758
0.04636 0.03578 0.05297 0.07896 0.21541 1.001 0.049 1237.072 0.01760
0.04642 0.03583 0.05304 0.07907 0.21652 0.954 0.048 1237.101 0.01763
0.04649 0.03588 0.05312 0.07918 0.21762 0.992 0.049 1237.131 0.01765
0.04655 0.03593 0.05319 0.07929 0.21873 1.025 0.050 1237.161 0.01768
0.04662 0.03598 0.05327 0.07941 0.21984 1.001 0.049 1237.191 0.01770
0.04668 0.03603 0.05334 0.07952 0.22095 0.968 0.048 1237.221 0.01773
0.04675 0.03608 0.05342 0.07963 0.22206 0.856 0.045 1237.251 0.01775
0.04681 0.03613 0.05349 0.07974 0.22317 0.897 0.047 1237.281 0.01778
0.04688 0.03618 0.05357 0.07985 0.22428 0.897 0.047 1237.311 0.01780
0.04695 0.03623 0.05364 0.07996 0.22539 0.846 0.045 1237.341 0.01783
0.04701 0.03628 0.05372 0.08008 0.22650 0.921 0.047 1237.370 0.01785
0.04708 0.03634 0.05379 0.08019 0.22760 0.899 0.047 1237.400 0.01788
0.04714 0.03639 0.05387 0.08030 0.22871 0.933 0.047 1237.430 0.01790
0.04721 0.03644 0.05394 0.08041 0.22982 0.923 0.047 1237.460 0.01792
0.04727 0.03649 0.05402 0.08052 0.23093 1.035 0.050 1237.490 0.01795
0.04734 0.03654 0.05409 0.08064 0.23204 0.950 0.048 1237.520 0.01797
0.04740 0.03659 0.05417 0.08075 0.23315 0.930 0.047 1237.550 0.01800
0.04747 0.03664 0.05424 0.08086 0.23426 0.867 0.046 1237.580 0.01802
0.04754 0.03669 0.05432 0.08097 0.23537 0.908 0.047 1237.609 0.01805
0.04760 0.03674 0.05439 0.08108 0.23648 1.012 0.049 1237.639 0.01807
0.04767 0.03679 0.05447 0.08119 0.23759 0.923 0.047 1237.669 0.01810
0.04773 0.03684 0.05454 0.08131 0.23870 1.001 0.052 1237.699 0.01812
0.04780 0.03689 0.05462 0.08142 0.23981 0.940 0.048 1237.729 0.01815
0.04786 0.03694 0.05469 0.08153 0.24092 0.966 0.048 1237.759 0.01817
0.04793 0.03699 0.05477 0.08164 0.24202 0.910 0.047 1237.789 0.01819
0.04800 0.03704 0.05484 0.08175 0.24313 0.903 0.047 1237.819 0.01822
0.04806 0.03709 0.05492 0.08186 0.24424 0.915 0.047 1237.848 0.01824
0.04813 0.03715 0.05499 0.08198 0.24535 0.932 0.047 1237.878 0.01827
0.04819 0.03720 0.05507 0.08209 0.24646 0.965 0.048 1237.908 0.01829
0.04826 0.03725 0.05514 0.08220 0.24757 0.925 0.047 1237.938 0.01832
0.04832 0.03730 0.05522 0.08231 0.24868 1.025 0.050 1237.968 0.01834
0.04839 0.03735 0.05529 0.08242 0.24979 0.991 0.049 1237.998 0.01837
0.04845 0.03740 0.05537 0.08254 0.25090 1.052 0.050 1238.028 0.01839
0.04852 0.03745 0.05544 0.08265 0.25201 0.967 0.048 1238.058 0.01842
0.04859 0.03750 0.05552 0.08276 0.25312 1.009 0.049 1238.087 0.01844
0.04865 0.03755 0.05559 0.08287 0.25423 0.912 0.047 1238.117 0.01847
0.04872 0.03760 0.05567 0.08298 0.25534 0.917 0.047 1238.147 0.01849
0.04878 0.03765 0.05574 0.08309 0.25645 0.928 0.047 1238.177 0.01851
0.04885 0.03770 0.05582 0.08321 0.25756 1.016 0.049 1238.207 0.01854
0.04891 0.03775 0.05589 0.08332 0.25867 0.981 0.049 1238.237 0.01856
0.04898 0.03780 0.05597 0.08343 0.25978 0.967 0.048 1238.267 0.01859
0.04905 0.03785 0.05604 0.08354 0.26089 1.017 0.049 1238.297 0.01861
0.04911 0.03791 0.05612 0.08365 0.26200 0.986 0.049 1238.327 0.01864
0.04918 0.03796 0.05619 0.08377 0.26311 0.988 0.049 1238.356 0.01866
0.04924 0.03801 0.05627 0.08388 0.26422 0.979 0.048 1238.386 0.01869
0.04931 0.03806 0.05634 0.08399 0.26533 0.917 0.047 1238.416 0.01871
0.04937 0.03811 0.05642 0.08410 0.26644 0.914 0.047 1238.446 0.01874
0.04944 0.03816 0.05649 0.08421 0.26755 1.048 0.050 1238.476 0.01876
0.04951 0.03821 0.05657 0.08432 0.26866 0.998 0.049 1238.506 0.01878
0.04957 0.03826 0.05664 0.08444 0.26978 0.881 0.046 1238.536 0.01881
0.04964 0.03831 0.05672 0.08455 0.27089 0.925 0.047 1238.566 0.01883
0.04970 0.03836 0.05679 0.08466 0.27200 0.876 0.046 1238.595 0.01886
0.04977 0.03841 0.05687 0.08477 0.27311 0.950 0.048 1238.625 0.01888
0.04983 0.03846 0.05694 0.08488 0.27422 0.998 0.049 1238.655 0.01891
0.04990 0.03851 0.05702 0.08500 0.27533 0.822 0.044 1238.685 0.01893
0.04996 0.03856 0.05709 0.08511 0.27644 0.864 0.045 1238.715 0.01896
0.05003 0.03862 0.05717 0.08522 0.27755 0.862 0.045 1238.745 0.01898
0.05010 0.03867 0.05724 0.08533 0.27866 0.862 0.045 1238.775 0.01901
0.05016 0.03872 0.05732 0.08544 0.27977 0.886 0.046 1238.805 0.01903
0.05023 0.03877 0.05739 0.08556 0.28088 0.931 0.047 1238.834 0.01905
0.05029 0.03882 0.05747 0.08567 0.28199 0.837 0.045 1238.864 0.01908
0.05036 0.03887 0.05754 0.08578 0.28310 0.946 0.048 1238.894 0.01910
0.05042 0.03892 0.05762 0.08589 0.28422 0.895 0.046 1238.924 0.01913
0.05049 0.03897 0.05769 0.08600 0.28533 0.932 0.047 1238.954 0.01915
0.05056 0.03902 0.05777 0.08612 0.28644 0.836 0.045 1238.984 0.01918
0.05062 0.03907 0.05784 0.08623 0.28755 0.895 0.046 1239.014 0.01920
0.05069 0.03912 0.05792 0.08634 0.28866 0.979 0.048 1239.044 0.01923
0.05075 0.03917 0.05799 0.08645 0.28977 0.881 0.046 1239.073 0.01925
0.05082 0.03922 0.05807 0.08656 0.29088 0.923 0.047 1239.103 0.01928
0.05089 0.03927 0.05814 0.08668 0.29199 0.897 0.046 1239.133 0.01930
0.05095 0.03933 0.05822 0.08679 0.29310 0.975 0.048 1239.163 0.01933
0.05102 0.03938 0.05830 0.08690 0.29422 0.946 0.048 1239.193 0.01935
0.05108 0.03943 0.05837 0.08701 0.29533 0.824 0.044 1239.223 0.01937
0.05115 0.03948 0.05845 0.08712 0.29644 0.934 0.047 1239.253 0.01940
0.05121 0.03953 0.05852 0.08724 0.29755 1.017 0.049 1239.283 0.01942
0.05128 0.03958 0.05860 0.08735 0.29866 1.049 0.050 1239.313 0.01945
0.05135 0.03963 0.05867 0.08746 0.29977 1.023 0.049 1239.342 0.01947
0.05141 0.03968 0.05875 0.08757 0.30089 0.962 0.048 1239.372 0.01950
0.05148 0.03973 0.05882 0.08768 0.30200 0.950 0.048 1239.402 0.01952
0.05154 0.03978 0.05890 0.08780 0.30311 0.865 0.045 1239.432 0.01955
0.05161 0.03983 0.05897 0.08791 0.30422 0.920 0.047 1239.462 0.01957
0.05167 0.03988 0.05905 0.08802 0.30533 0.973 0.048 1239.492 0.01960
0.05174 0.03993 0.05912 0.08813 0.30644 0.987 0.049 1239.522 0.01962
0.05181 0.03999 0.05920 0.08824 0.30756 0.989 0.049 1239.552 0.01964
0.05187 0.04004 0.05927 0.08836 0.30867 1.012 0.049 1239.581 0.01967
0.05194 0.04009 0.05935 0.08847 0.30978 0.850 0.045 1239.611 0.01969
0.05200 0.04014 0.05942 0.08858 0.31089 1.001 0.049 1239.641 0.01972
0.05207 0.04019 0.05950 0.08869 0.31200 0.917 0.047 1239.671 0.01974
0.05213 0.04024 0.05957 0.08880 0.31312 0.998 0.049 1239.701 0.01977
0.05220 0.04029 0.05965 0.08892 0.31423 0.906 0.046 1239.731 0.01979
0.05227 0.04034 0.05972 0.08903 0.31534 0.926 0.047 1239.761 0.01982
0.05233 0.04039 0.05980 0.08914 0.31645 0.918 0.047 1239.791 0.01984
0.05240 0.04044 0.05987 0.08925 0.31756 0.823 0.044 1239.820 0.01987
0.05246 0.04049 0.05995 0.08936 0.31868 0.905 0.046 1239.850 0.01989
0.05253 0.04054 0.06002 0.08948 0.31979 0.784 0.050 1239.880 0.01992
0.05259 0.04059 0.06010 0.08959 0.32090 0.845 0.052 1239.910 0.01994
0.05266 0.04065 0.06017 0.08970 0.32201 0.881 0.053 1239.940 0.01996
0.05273 0.04070 0.06025 0.08981 0.32313 0.883 0.053 1239.970 0.01999
0.05279 0.04075 0.06032 0.08992 0.32424 0.923 0.047 1240.000 0.02001
0.05286 0.04080 0.06040 0.09004 0.32535 0.988 0.049 1240.030 0.02004
0.05292 0.04085 0.06047 0.09015 0.32646 0.913 0.047 1240.059 0.02006
0.05299 0.04090 0.06055 0.09026 0.32758 1.058 0.050 1240.089 0.02009
0.05306 0.04095 0.06063 0.09037 0.32869 0.985 0.048 1240.119 0.02011
0.05312 0.04100 0.06070 0.09048 0.32980 1.049 0.050 1240.149 0.02014
0.05319 0.04105 0.06078 0.09060 0.33091 1.022 0.049 1240.179 0.02016
0.05325 0.04110 0.06085 0.09071 0.33203 0.941 0.047 1240.209 0.02019
0.05332 0.04115 0.06093 0.09082 0.33314 0.876 0.046 1240.239 0.02021
0.05338 0.04120 0.06100 0.09093 0.33425 1.005 0.049 1240.269 0.02023
0.05345 0.04125 0.06108 0.09105 0.33537 0.990 0.049 1240.299 0.02026
0.05352 0.04131 0.06115 0.09116 0.33648 0.994 0.049 1240.328 0.02028
0.05358 0.04136 0.06123 0.09127 0.33759 1.037 0.050 1240.358 0.02031
0.05365 0.04141 0.06130 0.09138 0.33870 0.899 0.046 1240.388 0.02033
0.05371 0.04146 0.06138 0.09149 0.33982 0.927 0.047 1240.418 0.02036
0.05378 0.04151 0.06145 0.09161 0.34093 0.956 0.048 1240.448 0.02038
0.05385 0.04156 0.06153 0.09172 0.34204 1.009 0.049 1240.478 0.02041
0.05391 0.04161 0.06160 0.09183 0.34316 0.952 0.048 1240.508 0.02043
0.05398 0.04166 0.06168 0.09194 0.34427 0.953 0.048 1240.538 0.02046
0.05404 0.04171 0.06175 0.09205 0.34538 1.090 0.051 1240.567 0.02048
0.05411 0.04176 0.06183 0.09217 0.34650 1.003 0.049 1240.597 0.02050
0.05417 0.04181 0.06190 0.09228 0.34761 0.968 0.048 1240.627 0.02053
0.05424 0.04186 0.06198 0.09239 0.34872 1.005 0.049 1240.657 0.02055
0.05431 0.04192 0.06205 0.09250 0.34984 1.048 0.050 1240.687 0.02058
0.05437 0.04197 0.06213 0.09262 0.35095 0.985 0.048 1240.717 0.02060
0.05444 0.04202 0.06220 0.09273 0.35206 0.941 0.047 1240.747 0.02063
0.05450 0.04207 0.06228 0.09284 0.35318 0.990 0.049 1240.777 0.02065
0.05457 0.04212 0.06236 0.09295 0.35429 1.067 0.050 1240.806 0.02068
0.05464 0.04217 0.06243 0.09306 0.35540 0.994 0.049 1240.836 0.02070
0.05470 0.04222 0.06251 0.09318 0.35652 0.992 0.049 1240.866 0.02073
0.05477 0.04227 0.06258 0.09329 0.35763 1.029 0.049 1240.896 0.02075
0.05483 0.04232 0.06266 0.09340 0.35874 1.002 0.049 1240.926 0.02078
0.05490 0.04237 0.06273 0.09351 0.35986 1.167 0.053 1240.956 0.02080
0.05496 0.04242 0.06281 0.09362 0.36097 0.984 0.048 1240.986 0.02082
0.05503 0.04247 0.06288 0.09374 0.36209 0.988 0.048 1241.016 0.02085
0.05510 0.04253 0.06296 0.09385 0.36320 1.075 0.051 1241.045 0.02087
0.05516 0.04258 0.06303 0.09396 0.36431 1.040 0.052 1241.075 0.02090
0.05523 0.04263 0.06311 0.09407 0.36543 0.967 0.050 1241.105 0.02092
0.05529 0.04268 0.06318 0.09419 0.36654 1.002 0.049 1241.135 0.02095
0.05536 0.04273 0.06326 0.09430 0.36766 0.997 0.049 1241.165 0.02097
0.05543 0.04278 0.06333 0.09441 0.36877 0.959 0.048 1241.195 0.02100
0.05549 0.04283 0.06341 0.09452 0.36988 0.971 0.048 1241.225 0.02102
0.05556 0.04288 0.06348 0.09463 0.37100 0.970 0.048 1241.255 0.02105
0.05562 0.04293 0.06356 0.09475 0.37211 0.942 0.047 1241.285 0.02107
0.05569 0.04298 0.06364 0.09486 0.37323 1.092 0.051 1241.314 0.02109
0.05576 0.04303 0.06371 0.09497 0.37434 1.059 0.050 1241.344 0.02112
0.05582 0.04308 0.06379 0.09508 0.37545 1.061 0.050 1241.374 0.02114
0.05589 0.04314 0.06386 0.09520 0.37657 1.014 0.049 1241.404 0.02117
0.05595 0.04319 0.06394 0.09531 0.37768 1.085 0.051 1241.434 0.02119
0.05602 0.04324 0.06401 0.09542 0.37880 1.071 0.050 1241.464 0.02122
0.05609 0.04329 0.06409 0.09553 0.37991 1.007 0.049 1241.494 0.02124
0.05615 0.04334 0.06416 0.09565 0.38103 1.054 0.050 1241.524 0.02127
0.05622 0.04339 0.06424 0.09576 0.38214 1.039 0.050 1241.553 0.02129
0.05628 0.04344 0.06431 0.09587 0.38326 1.040 0.050 1241.583 0.02132
0.05635 0.04349 0.06439 0.09598 0.38437 0.888 0.046 1241.613 0.02134
0.05641 0.04354 0.06446 0.09609 0.38549 0.963 0.048 1241.643 0.02137
0.05648 0.04359 0.06454 0.09621 0.38660 0.987 0.048 1241.673 0.02139
0.05655 0.04364 0.06461 0.09632 0.38771 1.064 0.050 1241.703 0.02141
0.05661 0.04370 0.06469 0.09643 0.38883 0.918 0.047 1241.733 0.02144
0.05668 0.04375 0.06477 0.09654 0.38994 1.038 0.050 1241.763 0.02146
0.05674 0.04380 0.06484 0.09666 0.39106 1.006 0.049 1241.792 0.02149
0.05681 0.04385 0.06492 0.09677 0.39217 1.048 0.050 1241.822 0.02151
0.05688 0.04390 0.06499 0.09688 0.39329 0.981 0.050 1241.852 0.02154
0.05694 0.04395 0.06507 0.09699 0.39440 0.907 0.051 1241.882 0.02156
0.05701 0.04400 0.06514 0.09711 0.39552 1.085 0.056 1241.912 0.02159
0.05707 0.04405 0.06522 0.09722 0.39663 0.978 0.053 1241.942 0.02161
0.05714 0.04410 0.06529 0.09733 0.39775 0.967 0.051 1241.972 0.02164
0.05721 0.04415 0.06537 0.09744 0.39886 0.963 0.048 1242.002 0.02166
0.05727 0.04420 0.06544 0.09755 0.39998 1.049 0.050 1242.031 0.02168
0.05734 0.04426 0.06552 0.09767 0.40109 1.112 0.051 1242.061 0.02171
0.05740 0.04431 0.06559 0.09778 0.40221 1.083 0.051 1242.091 0.02173
0.05747 0.04436 0.06567 0.09789 0.40332 0.958 0.048 1242.121 0.02176
0.05754 0.04441 0.06574 0.09800 0.40444 0.999 0.049 1242.151 0.02178
0.05760 0.04446 0.06582 0.09812 0.40556 0.964 0.048 1242.181 0.02181
0.05767 0.04451 0.06590 0.09823 0.40667 1.021 0.049 1242.211 0.02183
0.05773 0.04456 0.06597 0.09834 0.40779 1.008 0.049 1242.241 0.02186
0.05780 0.04461 0.06605 0.09845 0.40890 1.021 0.049 1242.271 0.02188
0.05787 0.04466 0.06612 0.09857 0.41002 0.997 0.049 1242.300 0.02191
0.05793 0.04471 0.06620 0.09868 0.41113 0.926 0.047 1242.330 0.02193
0.05800 0.04476 0.06627 0.09879 0.41225 0.930 0.047 1242.360 0.02196
0.05806 0.04482 0.06635 0.09890 0.41336 0.937 0.047 1242.390 0.02198
0.05813 0.04487 0.06642 0.09902 0.41448 0.980 0.048 1242.420 0.02200
0.05820 0.04492 0.06650 0.09913 0.41560 0.996 0.049 1242.450 0.02203
0.05826 0.04497 0.06657 0.09924 0.41671 0.884 0.046 1242.480 0.02205
0.05833 0.04502 0.06665 0.09935 0.41783 0.891 0.046 1242.510 0.02208
0.05839 0.04507 0.06672 0.09947 0.41894 0.915 0.047 1242.539 0.02210
0.05846 0.04512 0.06680 0.09958 0.42006 0.901 0.046 1242.569 0.02213
0.05853 0.04517 0.06688 0.09969 0.42117 0.919 0.047 1242.599 0.02215
0.05859 0.04522 0.06695 0.09980 0.42229 0.863 0.045 1242.629 0.02218
0.05866 0.04527 0.06703 0.09992 0.42341 0.891 0.046 1242.659 0.02220
0.05872 0.04532 0.06710 0.10003 0.42452 0.865 0.045 1242.689 0.02223
0.05879 0.04538 0.06718 0.10014 0.42564 0.855 0.045 1242.719 0.02225
0.05886 0.04543 0.06725 0.10025 0.42675 0.898 0.046 1242.749 0.02227
0.05892 0.04548 0.06733 0.10036 0.42787 0.889 0.046 1242.778 0.02230
0.05899 0.04553 0.06740 0.10048 0.42899 0.836 0.046 1242.808 0.02232
0.05905 0.04558 0.06748 0.10059 0.43010 0.860 0.045 1242.838 0.02235
0.05912 0.04563 0.06755 0.10070 0.43122 0.959 0.048 1242.868 0.02237
0.05919 0.04568 0.06763 0.10081 0.43234 0.921 0.047 1242.898 0.02240
0.05925 0.04573 0.06771 0.10093 0.43345 0.985 0.048 1242.928 0.02242
0.05932 0.04578 0.06778 0.10104 0.43457 1.010 0.049 1242.958 0.02245
0.05938 0.04583 0.06786 0.10115 0.43569 1.012 0.049 1242.988 0.02247
0.05945 0.04589 0.06793 0.10126 0.43680 1.010 0.049 1243.017 0.02250
0.05952 0.04594 0.06801 0.10138 0.43792 1.044 0.050 1243.047 0.02252
0.05958 0.04599 0.06808 0.10149 0.43903 0.953 0.048 1243.077 0.02254
0.05965 0.04604 0.06816 0.10160 0.44015 0.980 0.048 1243.107 0.02257
0.05971 0.04609 0.06823 0.10171 0.44127 1.024 0.049 1243.137 0.02259
0.05978 0.04614 0.06831 0.10183 0.44238 0.998 0.049 1243.167 0.02262
0.05985 0.04619 0.06838 0.10194 0.44350 1.139 0.052 1243.197 0.02264
0.05991 0.04624 0.06846 0.10205 0.44462 1.054 0.050 1243.227 0.02267
0.05998 0.04629 0.06854 0.10216 0.44574 1.084 0.051 1243.257 0.02269
0.06004 0.04634 0.06861 0.10228 0.44685 1.101 0.051 1243.286 0.02272
0.06011 0.04640 0.06869 0.10239 0.44797 1.031 0.050 1243.316 0.02274
0.06018 0.04645 0.06876 0.10250 0.44909 1.027 0.049 1243.346 0.02277
0.06024 0.04650 0.06884 0.10261 0.45020 1.013 0.049 1243.376 0.02279
0.06031 0.04655 0.06891 0.10273 0.45132 0.973 0.048 1243.406 0.02282
0.06037 0.04660 0.06899 0.10284 0.45244 1.002 0.049 1243.436 0.02284
0.06044 0.04665 0.06906 0.10295 0.45355 1.043 0.050 1243.466 0.02286
0.06051 0.04670 0.06914 0.10307 0.45467 0.967 0.048 1243.496 0.02289
0.06057 0.04675 0.06922 0.10318 0.45579 0.969 0.048 1243.525 0.02291
0.06064 0.04680 0.06929 0.10329 0.45691 1.068 0.050 1243.555 0.02294
0.06071 0.04685 0.06937 0.10340 0.45802 1.063 0.050 1243.585 0.02296
0.06077 0.04691 0.06944 0.10352 0.45914 1.067 0.050 1243.615 0.02299
0.06084 0.04696 0.06952 0.10363 0.46026 0.991 0.049 1243.645 0.02301
0.06090 0.04701 0.06959 0.10374 0.46137 1.070 0.051 1243.675 0.02304
0.06097 0.04706 0.06967 0.10385 0.46249 0.990 0.049 1243.705 0.02306
0.06104 0.04711 0.06974 0.10397 0.46361 0.979 0.048 1243.735 0.02309
0.06110 0.04716 0.06982 0.10408 0.46473 0.968 0.048 1243.764 0.02311
0.06117 0.04721 0.06989 0.10419 0.46584 0.964 0.048 1243.794 0.02313
0.06123 0.04726 0.06997 0.10430 0.46696 1.046 0.050 1243.824 0.02316
0.06130 0.04731 0.07005 0.10442 0.46808 1.012 0.049 1243.854 0.02318
0.06137 0.04736 0.07012 0.10453 0.46920 0.987 0.049 1243.884 0.02321
0.06143 0.04742 0.07020 0.10464 0.47031 1.051 0.050 1243.914 0.02323
0.06150 0.04747 0.07027 0.10475 0.47143 1.031 0.050 1243.944 0.02326
0.06156 0.04752 0.07035 0.10487 0.47255 1.110 0.051 1243.974 0.02328
0.06163 0.04757 0.07042 0.10498 0.47367 0.993 0.049 1244.003 0.02331
0.06170 0.04762 0.07050 0.10509 0.47479 0.989 0.049 1244.033 0.02333
0.06176 0.04767 0.07057 0.10520 0.47590 1.053 0.050 1244.063 0.02336
0.06183 0.04772 0.07065 0.10532 0.47702 0.975 0.048 1244.093 0.02338
0.06190 0.04777 0.07073 0.10543 0.47814 1.028 0.050 1244.123 0.02341
0.06196 0.04782 0.07080 0.10554 0.47926 1.015 0.049 1244.153 0.02343
0.06203 0.04787 0.07088 0.10565 0.48038 1.017 0.049 1244.183 0.02345
0.06209 0.04793 0.07095 0.10577 0.48149 1.000 0.049 1244.213 0.02348
0.06216 0.04798 0.07103 0.10588 0.48261 1.015 0.049 1244.243 0.02350
0.06223 0.04803 0.07110 0.10599 0.48373 1.143 0.052 1244.272 0.02353
0.06229 0.04808 0.07118 0.10611 0.48485 1.033 0.050 1244.302 0.02355
0.06236 0.04813 0.07125 0.10622 0.48597 0.936 0.047 1244.332 0.02358
0.06242 0.04818 0.07133 0.10633 0.48708 1.019 0.049 1244.362 0.02360
0.06249 0.04823 0.07141 0.10644 0.48820 0.961 0.048 1244.392 0.02363
0.06256 0.04828 0.07148 0.10656 0.48932 0.901 0.046 1244.422 0.02365
0.06262 0.04833 0.07156 0.10667 0.49044 0.998 0.049 1244.452 0.02368
0.06269 0.04839 0.07163 0.10678 0.49156 0.990 0.049 1244.482 0.02370
0.06275 0.04844 0.07171 0.10689 0.49268 1.026 0.050 1244.511 0.02372
0.06282 0.04849 0.07178 0.10701 0.49379 1.026 0.050 1244.541 0.02375
0.06289 0.04854 0.07186 0.10712 0.49491 1.009 0.049 1244.571 0.02377
0.06295 0.04859 0.07194 0.10723 0.49603 1.075 0.051 1244.601 0.02380
0.06302 0.04864 0.07201 0.10734 0.49715 1.021 0.049 1244.631 0.02382
0.06309 0.04869 0.07209 0.10746 0.49827 1.038 0.050 1244.661 0.02385
0.06315 0.04874 0.07216 0.10757 0.49939 1.055 0.050 1244.691 0.02387
0.06322 0.04879 0.07224 0.10768 0.50051 0.937 0.047 1244.721 0.02390
0.06328 0.04884 0.07231 0.10780 0.50163 1.079 0.051 1244.750 0.02392
0.06335 0.04890 0.07239 0.10791 0.50274 1.059 0.050 1244.780 0.02395
0.06342 0.04895 0.07246 0.10802 0.50386 0.981 0.048 1244.810 0.02397
0.06348 0.04900 0.07254 0.10813 0.50498 1.143 0.052 1244.840 0.02400
0.06355 0.04905 0.07262 0.10825 0.50610 1.020 0.049 1244.870 0.02402
0.06362 0.04910 0.07269 0.10836 0.50722 0.988 0.049 1244.900 0.02404
0.06368 0.04915 0.07277 0.10847 0.50834 0.963 0.048 1244.930 0.02407
0.06375 0.04920 0.07284 0.10858 0.50946 0.959 0.048 1244.960 0.02409
0.06381 0.04925 0.07292 0.10870 0.51058 1.092 0.051 1244.989 0.02412
0.06388 0.04930 0.07299 0.10881 0.51170 1.113 0.052 1245.019 0.02414
0.06395 0.04936 0.07307 0.10892 0.51282 1.075 0.051 1245.049 0.02417
0.06401 0.04941 0.07315 0.10904 0.51393 0.983 0.049 1245.079 0.02419
0.06408 0.04946 0.07322 0.10915 0.51505 1.012 0.049 1245.109 0.02422
0.06414 0.04951 0.07330 0.10926 0.51617 1.005 0.049 1245.139 0.02424
0.06421 0.04956 0.07337 0.10937 0.51729 1.075 0.051 1245.169 0.02427
0.06428 0.04961 0.07345 0.10949 0.51841 1.020 0.049 1245.199 0.02429
0.06434 0.04966 0.07352 0.10960 0.51953 1.037 0.050 1245.229 0.02431
0.06441 0.04971 0.07360 0.10971 0.52065 0.975 0.048 1245.258 0.02434
0.06448 0.04976 0.07367 0.10983 0.52177 1.083 0.051 1245.288 0.02436
0.06454 0.04982 0.07375 0.10994 0.52289 1.092 0.051 1245.318 0.02439
0.06461 0.04987 0.07383 0.11005 0.52401 1.085 0.051 1245.348 0.02441
0.06467 0.04992 0.07390 0.11016 0.52513 0.958 0.048 1245.378 0.02444
0.06474 0.04997 0.07398 0.11028 0.52625 1.112 0.052 1245.408 0.02446
0.06481 0.05002 0.07405 0.11039 0.52737 1.096 0.051 1245.438 0.02449
0.06487 0.05007 0.07413 0.11050 0.52849 0.978 0.048 1245.468 0.02451
0.06494 0.05012 0.07420 0.11061 0.52961 0.977 0.048 1245.497 0.02454
0.06501 0.05017 0.07428 0.11073 0.53073 1.037 0.050 1245.527 0.02456
0.06507 0.05022 0.07436 0.11084 0.53185 1.057 0.050 1245.557 0.02458
0.06514 0.05028 0.07443 0.11095 0.53297 0.971 0.048 1245.587 0.02461
0.06520 0.05033 0.07451 0.11107 0.53409 0.993 0.049 1245.617 0.02463
0.06527 0.05038 0.07458 0.11118 0.53521 1.040 0.050 1245.647 0.02466
0.06534 0.05043 0.07466 0.11129 0.53633 0.981 0.049 1245.677 0.02468
0.06540 0.05048 0.07473 0.11140 0.53745 1.037 0.050 1245.707 0.02471
0.06547 0.05053 0.07481 0.11152 0.53857 1.053 0.050 1245.736 0.02473
0.06554 0.05058 0.07489 0.11163 0.53969 1.038 0.053 1245.766 0.02476
0.06560 0.05063 0.07496 0.11174 0.54081 1.040 0.050 1245.796 0.02478
0.06567 0.05068 0.07504 0.11186 0.54193 0.987 0.049 1245.826 0.02481
0.06573 0.05074 0.07511 0.11197 0.54305 1.008 0.049 1245.856 0.02483
0.06580 0.05079 0.07519 0.11208 0.54417 1.022 0.050 1245.886 0.02486
0.06587 0.05084 0.07526 0.11219 0.54529 1.054 0.050 1245.916 0.02488
0.06593 0.05089 0.07534 0.11231 0.54641 1.072 0.051 1245.946 0.02490
0.06600 0.05094 0.07542 0.11242 0.54753 1.039 0.050 1245.975 0.02493
0.06607 0.05099 0.07549 0.11253 0.54865 1.020 0.050 1246.005 0.02495
0.06613 0.05104 0.07557 0.11265 0.54977 0.947 0.048 1246.035 0.02498
0.06620 0.05109 0.07564 0.11276 0.55089 0.986 0.049 1246.065 0.02500
0.06626 0.05115 0.07572 0.11287 0.55201 0.965 0.048 1246.095 0.02503
0.06633 0.05120 0.07579 0.11299 0.55313 1.026 0.050 1246.125 0.02505
0.06640 0.05125 0.07587 0.11310 0.55425 0.948 0.048 1246.155 0.02508
0.06646 0.05130 0.07595 0.11321 0.55537 0.889 0.046 1246.185 0.02510
0.06653 0.05135 0.07602 0.11332 0.55649 0.972 0.048 1246.215 0.02513
0.06660 0.05140 0.07610 0.11344 0.55762 0.942 0.048 1246.244 0.02515
0.06666 0.05145 0.07617 0.11355 0.55874 1.075 0.051 1246.274 0.02517
0.06673 0.05150 0.07625 0.11366 0.55986 0.979 0.049 1246.304 0.02520
0.06679 0.05155 0.07632 0.11378 0.56098 1.004 0.049 1246.334 0.02522
0.06686 0.05161 0.07640 0.11389 0.56210 0.925 0.047 1246.364 0.02525
0.06693 0.05166 0.07648 0.11400 0.56322 0.873 0.048 1246.394 0.02527
0.06699 0.05171 0.07655 0.11411 0.56434 1.020 0.050 1246.424 0.02530
0.06706 0.05176 0.07663 0.11423 0.56546 0.946 0.048 1246.454 0.02532
0.06713 0.05181 0.07670 0.11434 0.56658 1.076 0.051 1246.483 0.02535
0.06719 0.05186 0.07678 0.11445 0.56770 0.951 0.048 1246.513 0.02537
0.06726 0.05191 0.07686 0.11457 0.56883 1.038 0.050 1246.543 0.02540
0.06733 0.05196 0.07693 0.11468 0.56995 0.997 0.049 1246.573 0.02542
0.06739 0.05201 0.07701 0.11479 0.57107 0.930 0.047 1246.603 0.02545
0.06746 0.05207 0.07708 0.11490 0.57219 1.014 0.049 1246.633 0.02547
0.06752 0.05212 0.07716 0.11502 0.57331 0.990 0.049 1246.663 0.02549
0.06759 0.05217 0.07723 0.11513 0.57443 0.913 0.047 1246.693 0.02552
0.06766 0.05222 0.07731 0.11524 0.57555 0.965 0.048 1246.722 0.02554
0.06772 0.05227 0.07739 0.11536 0.57667 1.037 0.050 1246.752 0.02557
0.06779 0.05232 0.07746 0.11547 0.57780 1.027 0.050 1246.782 0.02559
0.06786 0.05237 0.07754 0.11558 0.57892 0.962 0.048 1246.812 0.02562
0.06792 0.05242 0.07761 0.11570 0.58004 0.984 0.049 1246.842 0.02564
0.06799 0.05248 0.07769 0.11581 0.58116 0.979 0.049 1246.872 0.02567
0.06805 0.05253 0.07776 0.11592 0.58228 0.932 0.047 1246.902 0.02569
0.06812 0.05258 0.07784 0.11603 0.58340 0.911 0.047 1246.932 0.02572
0.06819 0.05263 0.07792 0.11615 0.58453 1.061 0.051 1246.961 0.02574
0.06825 0.05268 0.07799 0.11626 0.58565 0.958 0.048 1246.991 0.02576
0.06832 0.05273 0.07807 0.11637 0.58677 0.979 0.049 1247.021 0.02579
0.06839 0.05278 0.07814 0.11649 0.58789 1.038 0.050 1247.051 0.02581
0.06845 0.05283 0.07822 0.11660 0.58901 0.971 0.048 1247.081 0.02584
0.06852 0.05289 0.07830 0.11671 0.59013 1.045 0.050 1247.111 0.02586
0.06859 0.05294 0.07837 0.11683 0.59126 0.999 0.049 1247.141 0.02589
0.06865 0.05299 0.07845 0.11694 0.59238 0.958 0.048 1247.171 0.02591
0.06872 0.05304 0.07852 0.11705 0.59350 1.078 0.051 1247.201 0.02594
0.06878 0.05309 0.07860 0.11717 0.59462 0.971 0.048 1247.230 0.02596
0.06885 0.05314 0.07867 0.11728 0.59575 0.916 0.047 1247.260 0.02599
0.06892 0.05319 0.07875 0.11739 0.59687 0.975 0.049 1247.290 0.02601
0.06898 0.05324 0.07883 0.11750 0.59799 1.025 0.050 1247.320 0.02604
0.06905 0.05330 0.07890 0.11762 0.59911 1.045 0.050 1247.350 0.02606
0.06912 0.05335 0.07898 0.11773 0.60023 1.076 0.051 1247.380 0.02608
0.06918 0.05340 0.07905 0.11784 0.60136 0.916 0.047 1247.410 0.02611
0.06925 0.05345 0.07913 0.11796 0.60248 1.076 0.051 1247.440 0.02613
0.06932 0.05350 0.07921 0.11807 0.60360 1.000 0.049 1247.469 0.02616
0.06938 0.05355 0.07928 0.11818 0.60472 1.028 0.050 1247.499 0.02618
0.06945 0.05360 0.07936 0.11830 0.60585 1.066 0.051 1247.529 0.02621
0.06952 0.05365 0.07943 0.11841 0.60697 0.995 0.049 1247.559 0.02623
0.06958 0.05371 0.07951 0.11852 0.60809 0.865 0.046 1247.589 0.02626
0.06965 0.05376 0.07958 0.11864 0.60921 0.936 0.048 1247.619 0.02628
0.06971 0.05381 0.07966 0.11875 0.61034 0.978 0.049 1247.649 0.02631
0.06978 0.05386 0.07974 0.11886 0.61146 0.900 0.047 1247.679 0.02633
0.06985 0.05391 0.07981 0.11897 0.61258 0.949 0.048 1247.708 0.02635
0.06991 0.05396 0.07989 0.11909 0.61370 0.908 0.047 1247.738 0.02638
0.06998 0.05401 0.07996 0.11920 0.61483 1.035 0.050 1247.768 0.02640
0.07005 0.05406 0.08004 0.11931 0.61595 0.969 0.048 1247.798 0.02643
0.07011 0.05412 0.08012 0.11943 0.61707 1.022 0.050 1247.828 0.02645
0.07018 0.05417 0.08019 0.11954 0.61820 0.924 0.047 1247.858 0.02648
0.07025 0.05422 0.08027 0.11965 0.61932 0.870 0.046 1247.888 0.02650
0.07031 0.05427 0.08034 0.11977 0.62044 1.014 0.050 1247.918 0.02653
0.07038 0.05432 0.08042 0.11988 0.62156 0.977 0.049 1247.947 0.02655
0.07044 0.05437 0.08050 0.11999 0.62269 0.975 0.049 1247.977 0.02658
0.07051 0.05442 0.08057 0.12011 0.62381 0.996 0.049 1248.007 0.02660
0.07058 0.05447 0.08065 0.12022 0.62493 0.934 0.048 1248.037 0.02662
0.07064 0.05453 0.08072 0.12033 0.62606 0.959 0.048 1248.067 0.02665
0.07071 0.05458 0.08080 0.12045 0.62718 1.060 0.051 1248.097 0.02667
0.07078 0.05463 0.08087 0.12056 0.62830 0.937 0.048 1248.127 0.02670
0.07084 0.05468 0.08095 0.12067 0.62943 0.966 0.048 1248.157 0.02672
0.07091 0.05473 0.08103 0.12078 0.63055 0.973 0.049 1248.187 0.02675
0.07098 0.05478 0.08110 0.12090 0.63167 0.892 0.046 1248.216 0.02677
0.07104 0.05483 0.08118 0.12101 0.63280 1.012 0.050 1248.246 0.02680
0.07111 0.05488 0.08125 0.12112 0.63392 0.910 0.047 1248.276 0.02682
0.07118 0.05494 0.08133 0.12124 0.63504 0.885 0.046 1248.306 0.02685
0.07124 0.05499 0.08141 0.12135 0.63617 0.852 0.045 1248.336 0.02687
0.07131 0.05504 0.08148 0.12146 0.63729 0.879 0.046 1248.366 0.02690
0.07138 0.05509 0.08156 0.12158 0.63841 0.745 0.042 1248.396 0.02692
0.07144 0.05514 0.08163 0.12169 0.63954 0.780 0.043 1248.426 0.02694
0.07151 0.05519 0.08171 0.12180 0.64066 0.726 0.042 1248.455 0.02697
0.07157 0.05524 0.08179 0.12192 0.64179 0.849 0.045 1248.485 0.02699
0.07164 0.05529 0.08186 0.12203 0.64291 0.845 0.045 1248.515 0.02702
0.07171 0.05535 0.08194 0.12214 0.64403 0.821 0.045 1248.545 0.02704
0.07177 0.05540 0.08201 0.12226 0.64516 0.953 0.048 1248.575 0.02707
0.07184 0.05545 0.08209 0.12237 0.64628 0.923 0.047 1248.605 0.02709
0.07191 0.05550 0.08217 0.12248 0.64741 0.937 0.048 1248.635 0.02712
0.07197 0.05555 0.08224 0.12260 0.64853 0.891 0.047 1248.665 0.02714
0.07204 0.05560 0.08232 0.12271 0.64965 1.014 0.050 1248.694 0.02717
0.07211 0.05565 0.08239 0.12282 0.65078 1.014 0.050 1248.724 0.02719
0.07217 0.05571 0.08247 0.12294 0.65190 0.962 0.048 1248.754 0.02721
0.07224 0.05576 0.08255 0.12305 0.65303 1.028 0.050 1248.784 0.02724
0.07231 0.05581 0.08262 0.12316 0.65415 0.952 0.048 1248.814 0.02726
0.07237 0.05586 0.08270 0.12328 0.65527 1.054 0.051 1248.844 0.02729
0.07244 0.05591 0.08277 0.12339 0.65640 1.061 0.051 1248.874 0.02731
0.07251 0.05596 0.08285 0.12350 0.65752 1.019 0.050 1248.904 0.02734
0.07257 0.05601 0.08293 0.12362 0.65865 0.967 0.048 1248.933 0.02736
0.07264 0.05606 0.08300 0.12373 0.65977 1.088 0.051 1248.963 0.02739
0.07270 0.05612 0.08308 0.12384 0.66090 0.981 0.049 1248.993 0.02741
0.07277 0.05617 0.08315 0.12396 0.66202 1.003 0.049 1249.023 0.02744
0.07284 0.05622 0.08323 0.12407 0.66314 0.985 0.049 1249.053 0.02746
0.07290 0.05627 0.08331 0.12418 0.66427 0.991 0.049 1249.083 0.02749
0.07297 0.05632 0.08338 0.12430 0.66539 1.092 0.052 1249.113 0.02751
0.07304 0.05637 0.08346 0.12441 0.66652 1.047 0.050 1249.143 0.02753
0.07310 0.05642 0.08353 0.12452 0.66764 0.865 0.046 1249.173 0.02756
0.07317 0.05648 0.08361 0.12464 0.66877 0.973 0.049 1249.202 0.02758
0.07324 0.05653 0.08369 0.12475 0.66989 1.006 0.049 1249.232 0.02761
0.07330 0.05658 0.08376 0.12486 0.67102 0.977 0.049 1249.262 0.02763
0.07337 0.05663 0.08384 0.12498 0.67214 1.043 0.050 1249.292 0.02766
0.07344 0.05668 0.08391 0.12509 0.67327 0.946 0.048 1249.322 0.02768
0.07350 0.05673 0.08399 0.12520 0.67439 1.011 0.050 1249.352 0.02771
0.07357 0.05678 0.08407 0.12532 0.67552 0.866 0.046 1249.382 0.02773
0.07364 0.05683 0.08414 0.12543 0.67664 0.969 0.049 1249.412 0.02776
0.07370 0.05689 0.08422 0.12554 0.67777 1.007 0.050 1249.441 0.02778
0.07377 0.05694 0.08429 0.12566 0.67889 1.031 0.050 1249.471 0.02780
0.07384 0.05699 0.08437 0.12577 0.68002 1.088 0.051 1249.501 0.02783
0.07390 0.05704 0.08445 0.12588 0.68114 0.992 0.049 1249.531 0.02785
0.07397 0.05709 0.08452 0.12600 0.68227 1.011 0.050 1249.561 0.02788
0.07404 0.05714 0.08460 0.12611 0.68339 0.973 0.049 1249.591 0.02790
0.07410 0.05719 0.08467 0.12622 0.68452 1.001 0.049 1249.621 0.02793
0.07417 0.05725 0.08475 0.12634 0.68564 0.965 0.048 1249.651 0.02795
0.07424 0.05730 0.08483 0.12645 0.68677 1.028 0.050 1249.680 0.02798
0.07430 0.05735 0.08490 0.12656 0.68789 1.013 0.050 1249.710 0.02800
0.07437 0.05740 0.08498 0.12668 0.68902 0.900 0.047 1249.740 0.02803
0.07443 0.05745 0.08505 0.12679 0.69014 0.949 0.048 1249.770 0.02805
0.07450 0.05750 0.08513 0.12690 0.69127 1.011 0.050 1249.800 0.02808
0.07457 0.05755 0.08521 0.12702 0.69240 1.077 0.051 1249.830 0.02810
0.07463 0.05761 0.08528 0.12713 0.69352 1.055 0.051 1249.860 0.02812
0.07470 0.05766 0.08536 0.12724 0.69465 1.016 0.050 1249.890 0.02815
0.07477 0.05771 0.08543 0.12736 0.69577 1.019 0.050 1249.919 0.02817
0.07483 0.05776 0.08551 0.12747 0.69690 0.989 0.049 1249.949 0.02820
0.07490 0.05781 0.08559 0.12758 0.69802 1.043 0.050 1249.979 0.02822
0.07497 0.05786 0.08566 0.12770 0.69915 1.034 0.050 1250.009 0.02825
0.07503 0.05791 0.08574 0.12781 0.70027 0.935 0.049 1250.039 0.02827
0.07510 0.05796 0.08582 0.12792 0.70140 1.029 0.050 1250.069 0.02830
0.07517 0.05802 0.08589 0.12804 0.70253 1.010 0.050 1250.099 0.02832
0.07523 0.05807 0.08597 0.12815 0.70365 0.951 0.048 1250.129 0.02835
0.07530 0.05812 0.08604 0.12826 0.70478 0.928 0.048 1250.158 0.02837
0.07537 0.05817 0.08612 0.12838 0.70590 0.972 0.049 1250.188 0.02839
0.07543 0.05822 0.08620 0.12849 0.70703 0.920 0.047 1250.218 0.02842
0.07550 0.05827 0.08627 0.12860 0.70816 0.910 0.047 1250.248 0.02844
0.07557 0.05832 0.08635 0.12872 0.70928 0.988 0.049 1250.278 0.02847
0.07563 0.05838 0.08642 0.12883 0.71041 0.990 0.049 1250.308 0.02849
0.07570 0.05843 0.08650 0.12894 0.71153 1.036 0.050 1250.338 0.02852
0.07577 0.05848 0.08658 0.12906 0.71266 0.970 0.049 1250.368 0.02854
0.07583 0.05853 0.08665 0.12917 0.71379 0.791 0.044 1250.398 0.02857
0.07590 0.05858 0.08673 0.12928 0.71491 0.852 0.046 1250.427 0.02859
0.07597 0.05863 0.08680 0.12940 0.71604 0.818 0.045 1250.457 0.02862
0.07603 0.05868 0.08688 0.12951 0.71717 0.749 0.043 1250.487 0.02864
0.07610 0.05874 0.08696 0.12962 0.71829 0.660 0.040 1250.517 0.02866
0.07617 0.05879 0.08703 0.12974 0.71942 0.462 0.034 1250.547 0.02869
0.07623 0.05884 0.08711 0.12985 0.72055 0.388 0.031 1250.577 0.02871
0.07630 0.05889 0.08719 0.12997 0.72167 0.354 0.029 1250.607 0.02874
0.07637 0.05894 0.08726 0.13008 0.72280 0.498 0.035 1250.637 0.02876
0.07643 0.05899 0.08734 0.13019 0.72393 0.618 0.039 1250.666 0.02879
0.07650 0.05904 0.08741 0.13031 0.72505 0.849 0.046 1250.696 0.02881
0.07657 0.05910 0.08749 0.13042 0.72618 0.797 0.044 1250.726 0.02884
0.07663 0.05915 0.08757 0.13053 0.72731 0.859 0.046 1250.756 0.02886
0.07670 0.05920 0.08764 0.13065 0.72843 0.902 0.047 1250.786 0.02889
0.07677 0.05925 0.08772 0.13076 0.72956 0.860 0.046 1250.816 0.02891
0.07683 0.05930 0.08779 0.13087 0.73069 0.930 0.048 1250.846 0.02894
0.07690 0.05935 0.08787 0.13099 0.73181 0.936 0.048 1250.876 0.02896
0.07697 0.05940 0.08795 0.13110 0.73294 0.848 0.046 1250.905 0.02898
0.07703 0.05946 0.08802 0.13121 0.73407 0.790 0.044 1250.935 0.02901
0.07710 0.05951 0.08810 0.13133 0.73519 0.737 0.042 1250.965 0.02903
0.07717 0.05956 0.08818 0.13144 0.73632 0.734 0.042 1250.995 0.02906
0.07723 0.05961 0.08825 0.13155 0.73745 0.648 0.040 1251.025 0.02908
0.07730 0.05966 0.08833 0.13167 0.73858 0.573 0.037 1251.055 0.02911
0.07737 0.05971 0.08840 0.13178 0.73970 0.628 0.039 1251.085 0.02913
0.07743 0.05976 0.08848 0.13190 0.74083 0.651 0.040 1251.115 0.02916
0.07750 0.05982 0.08856 0.13201 0.74196 0.507 0.035 1251.144 0.02918
0.07757 0.05987 0.08863 0.13212 0.74308 0.559 0.037 1251.174 0.02921
0.07763 0.05992 0.08871 0.13224 0.74421 0.479 0.034 1251.204 0.02923
0.07770 0.05997 0.08879 0.13235 0.74534 0.401 0.031 1251.234 0.02925
0.07777 0.06002 0.08886 0.13246 0.74647 0.295 0.027 1251.264 0.02928
0.07783 0.06007 0.08894 0.13258 0.74759 0.261 0.025 1251.294 0.02930
0.07790 0.06013 0.08901 0.13269 0.74872 0.123 0.022 1251.324 0.02933
0.07797 0.06018 0.08909 0.13280 0.74985 0.129 0.022 1251.354 0.02935
0.07803 0.06023 0.08917 0.13292 0.75098 0.104 0.020 1251.384 0.02938
0.07810 0.06028 0.08924 0.13303 0.75210 0.093 0.020 1251.413 0.02940
0.07817 0.06033 0.08932 0.13315 0.75323 0.085 0.019 1251.443 0.02943
0.07823 0.06038 0.08939 0.13326 0.75436 0.113 0.021 1251.473 0.02945
0.07830 0.06043 0.08947 0.13337 0.75549 0.142 0.023 1251.503 0.02948
0.07837 0.06049 0.08955 0.13349 0.75661 0.151 0.024 1251.533 0.02950
0.07843 0.06054 0.08962 0.13360 0.75774 0.165 0.025 1251.563 0.02953
0.07850 0.06059 0.08970 0.13371 0.75887 0.198 0.027 1251.593 0.02955
0.07857 0.06064 0.08978 0.13383 0.76000 0.217 0.024 1251.623 0.02957
0.07863 0.06069 0.08985 0.13394 0.76113 0.194 0.026 1251.652 0.02960
0.07870 0.06074 0.08993 0.13405 0.76225 0.159 0.024 1251.682 0.02962
0.07877 0.06079 0.09000 0.13417 0.76338 0.167 0.025 1251.712 0.02965
0.07883 0.06085 0.09008 0.13428 0.76451 0.155 0.024 1251.742 0.02967
0.07890 0.06090 0.09016 0.13439 0.76564 0.149 0.024 1251.772 0.02970
0.07897 0.06095 0.09023 0.13451 0.76677 0.132 0.023 1251.802 0.02972
0.07903 0.06100 0.09031 0.13462 0.76789 0.149 0.024 1251.832 0.02975
0.07910 0.06105 0.09039 0.13474 0.76902 0.249 0.026 1251.862 0.02977
0.07917 0.06110 0.09046 0.13485 0.77015 0.266 0.026 1251.891 0.02980
0.07923 0.06116 0.09054 0.13496 0.77128 0.459 0.034 1251.921 0.02982
0.07930 0.06121 0.09061 0.13508 0.77241 0.527 0.036 1251.951 0.02984
0.07937 0.06126 0.09069 0.13519 0.77354 0.727 0.042 1251.981 0.02987
0.07943 0.06131 0.09077 0.13530 0.77466 0.753 0.043 1252.011 0.02989
0.07950 0.06136 0.09084 0.13542 0.77579 0.751 0.043 1252.041 0.02992
0.07957 0.06141 0.09092 0.13553 0.77692 0.916 0.047 1252.071 0.02994
0.07963 0.06146 0.09100 0.13565 0.77805 0.929 0.048 1252.101 0.02997
0.07970 0.06152 0.09107 0.13576 0.77918 1.043 0.051 1252.130 0.02999
0.07977 0.06157 0.09115 0.13587 0.78031 0.867 0.046 1252.160 0.03002
0.07983 0.06162 0.09122 0.13599 0.78144 1.018 0.050 1252.190 0.03004
0.07990 0.06167 0.09130 0.13610 0.78256 0.981 0.049 1252.220 0.03007
0.07997 0.06172 0.09138 0.13621 0.78369 0.951 0.048 1252.250 0.03009
0.08003 0.06177 0.09145 0.13633 0.78482 0.998 0.049 1252.280 0.03011
0.08010 0.06182 0.09153 0.13644 0.78595 1.011 0.050 1252.310 0.03014
0.08017 0.06188 0.09161 0.13656 0.78708 1.022 0.050 1252.340 0.03016
0.08024 0.06193 0.09168 0.13667 0.78821 1.066 0.051 1252.370 0.03019
0.08030 0.06198 0.09176 0.13678 0.78934 1.050 0.051 1252.399 0.03021
0.08037 0.06203 0.09184 0.13690 0.79047 1.047 0.051 1252.429 0.03024
0.08044 0.06208 0.09191 0.13701 0.79160 0.964 0.049 1252.459 0.03026
0.08050 0.06213 0.09199 0.13712 0.79272 0.989 0.049 1252.489 0.03029
0.08057 0.06219 0.09206 0.13724 0.79385 0.993 0.049 1252.519 0.03031
0.08064 0.06224 0.09214 0.13735 0.79498 1.060 0.051 1252.549 0.03034
0.08070 0.06229 0.09222 0.13747 0.79611 0.871 0.046 1252.579 0.03036
0.08077 0.06234 0.09229 0.13758 0.79724 1.001 0.049 1252.609 0.03039
0.08084 0.06239 0.09237 0.13769 0.79837 0.971 0.049 1252.638 0.03041
0.08090 0.06244 0.09245 0.13781 0.79950 0.961 0.048 1252.668 0.03043
0.08097 0.06249 0.09252 0.13792 0.80063 0.990 0.049 1252.698 0.03046
0.08104 0.06255 0.09260 0.13803 0.80176 0.972 0.049 1252.728 0.03048
0.08110 0.06260 0.09267 0.13815 0.80289 1.116 0.052 1252.758 0.03051
0.08117 0.06265 0.09275 0.13826 0.80402 1.002 0.050 1252.788 0.03053
0.08124 0.06270 0.09283 0.13838 0.80515 1.090 0.052 1252.818 0.03056
0.08130 0.06275 0.09290 0.13849 0.80628 1.037 0.050 1252.848 0.03058
0.08137 0.06280 0.09298 0.13860 0.80741 1.093 0.052 1252.877 0.03061
0.08144 0.06286 0.09306 0.13872 0.80853 1.019 0.050 1252.907 0.03063
0.08150 0.06291 0.09313 0.13883 0.80966 0.983 0.049 1252.937 0.03066
0.08157 0.06296 0.09321 0.13894 0.81079 1.038 0.050 1252.967 0.03068
0.08164 0.06301 0.09329 0.13906 0.81192 1.052 0.051 1252.997 0.03070
0.08170 0.06306 0.09336 0.13917 0.81305 0.950 0.048 1253.027 0.03073
0.08177 0.06311 0.09344 0.13929 0.81418 1.011 0.050 1253.057 0.03075
0.08184 0.06317 0.09351 0.13940 0.81531 1.057 0.051 1253.087 0.03078
0.08191 0.06322 0.09359 0.13951 0.81644 1.063 0.051 1253.116 0.03080
0.08197 0.06327 0.09367 0.13963 0.81757 1.033 0.050 1253.146 0.03083
0.08204 0.06332 0.09374 0.13974 0.81870 1.119 0.052 1253.176 0.03085
0.08211 0.06337 0.09382 0.13986 0.81983 0.938 0.048 1253.206 0.03088
0.08217 0.06342 0.09390 0.13997 0.82096 0.966 0.049 1253.236 0.03090
0.08224 0.06347 0.09397 0.14008 0.82209 1.067 0.051 1253.266 0.03093
0.08231 0.06353 0.09405 0.14020 0.82322 0.934 0.048 1253.296 0.03095
0.08237 0.06358 0.09413 0.14031 0.82435 0.981 0.049 1253.326 0.03098
0.08244 0.06363 0.09420 0.14042 0.82548 0.961 0.048 1253.356 0.03100
0.08251 0.06368 0.09428 0.14054 0.82661 1.070 0.051 1253.385 0.03102
0.08257 0.06373 0.09435 0.14065 0.82774 0.988 0.049 1253.415 0.03105
0.08264 0.06378 0.09443 0.14077 0.82887 0.917 0.047 1253.445 0.03107
0.08271 0.06384 0.09451 0.14088 0.83000 0.998 0.049 1253.475 0.03110
0.08277 0.06389 0.09458 0.14099 0.83113 0.887 0.047 1253.505 0.03112
0.08284 0.06394 0.09466 0.14111 0.83227 0.926 0.048 1253.535 0.03115
0.08291 0.06399 0.09474 0.14122 0.83340 0.937 0.048 1253.565 0.03117
0.08297 0.06404 0.09481 0.14134 0.83453 0.731 0.042 1253.595 0.03120
0.08304 0.06409 0.09489 0.14145 0.83566 0.802 0.044 1253.624 0.03122
0.08311 0.06415 0.09497 0.14156 0.83679 0.788 0.044 1253.654 0.03125
0.08318 0.06420 0.09504 0.14168 0.83792 0.709 0.042 1253.684 0.03127
0.08324 0.06425 0.09512 0.14179 0.83905 0.598 0.038 1253.714 0.03129
0.08331 0.06430 0.09519 0.14190 0.84018 0.494 0.035 1253.744 0.03132
0.08338 0.06435 0.09527 0.14202 0.84131 0.336 0.029 1253.774 0.03134
0.08344 0.06440 0.09535 0.14213 0.84244 0.207 0.026 1253.804 0.03137
0.08351 0.06446 0.09542 0.14225 0.84357 0.364 0.030 1253.834 0.03139
0.08358 0.06451 0.09550 0.14236 0.84470 0.517 0.036 1253.863 0.03142
0.08364 0.06456 0.09558 0.14247 0.84583 0.708 0.042 1253.893 0.03144
0.08371 0.06461 0.09565 0.14259 0.84696 0.775 0.044 1253.923 0.03147
0.08378 0.06466 0.09573 0.14270 0.84810 0.947 0.048 1253.953 0.03149
0.08384 0.06471 0.09581 0.14282 0.84923 1.032 0.050 1253.983 0.03152
0.08391 0.06477 0.09588 0.14293 0.85036 0.877 0.046 1254.013 0.03154
0.08398 0.06482 0.09596 0.14304 0.85149 0.940 0.048 1254.043 0.03157
0.08404 0.06487 0.09604 0.14316 0.85262 1.014 0.050 1254.073 0.03159
0.08411 0.06492 0.09611 0.14327 0.85375 0.952 0.048 1254.102 0.03161
0.08418 0.06497 0.09619 0.14339 0.85488 1.060 0.051 1254.132 0.03164
0.08425 0.06502 0.09627 0.14350 0.85601 1.042 0.050 1254.162 0.03166
0.08431 0.06507 0.09634 0.14361 0.85714 1.029 0.050 1254.192 0.03169
0.08438 0.06513 0.09642 0.14373 0.85828 0.904 0.047 1254.222 0.03171
0.08445 0.06518 0.09649 0.14384 0.85941 0.971 0.049 1254.252 0.03174
0.08451 0.06523 0.09657 0.14396 0.86054 0.961 0.048 1254.282 0.03176
0.08458 0.06528 0.09665 0.14407 0.86167 1.034 0.050 1254.312 0.03179
0.08465 0.06533 0.09672 0.14418 0.86280 0.962 0.048 1254.342 0.03181
0.08471 0.06538 0.09680 0.14430 0.86393 1.111 0.052 1254.371 0.03184
0.08478 0.06544 0.09688 0.14441 0.86506 1.010 0.050 1254.401 0.03186
0.08485 0.06549 0.09695 0.14453 0.86620 0.952 0.048 1254.431 0.03188
0.08491 0.06554 0.09703 0.14464 0.86733 0.919 0.047 1254.461 0.03191
0.08498 0.06559 0.09711 0.14475 0.86846 0.952 0.048 1254.491 0.03193
0.08505 0.06564 0.09718 0.14487 0.86959 1.024 0.050 1254.521 0.03196
0.08512 0.06569 0.09726 0.14498 0.87072 0.938 0.048 1254.551 0.03198
0.08518 0.06575 0.09734 0.14510 0.87185 0.978 0.049 1254.581 0.03201
0.08525 0.06580 0.09741 0.14521 0.87299 1.057 0.051 1254.610 0.03203
0.08532 0.06585 0.09749 0.14532 0.87412 1.000 0.049 1254.640 0.03206
0.08538 0.06590 0.09757 0.14544 0.87525 1.065 0.051 1254.670 0.03208
0.08545 0.06595 0.09764 0.14555 0.87638 0.953 0.048 1254.700 0.03211
0.08552 0.06600 0.09772 0.14567 0.87751 1.042 0.050 1254.730 0.03213
0.08558 0.06606 0.09779 0.14578 0.87865 0.934 0.048 1254.760 0.03215
0.08565 0.06611 0.09787 0.14589 0.87978 0.987 0.049 1254.790 0.03218
0.08572 0.06616 0.09795 0.14601 0.88091 1.057 0.051 1254.820 0.03220
0.08579 0.06621 0.09802 0.14612 0.88204 1.046 0.050 1254.849 0.03223
0.08585 0.06626 0.09810 0.14624 0.88317 1.088 0.051 1254.879 0.03225
0.08592 0.06631 0.09818 0.14635 0.88431 1.080 0.051 1254.909 0.03228
0.08599 0.06637 0.09825 0.14646 0.88544 1.061 0.051 1254.939 0.03230
0.08605 0.06642 0.09833 0.14658 0.88657 1.059 0.051 1254.969 0.03233
0.08612 0.06647 0.09841 0.14669 0.88770 1.043 0.050 1254.999 0.03235
0.08619 0.06652 0.09848 0.14681 0.88884 0.918 0.047 1255.029 0.03238
0.08625 0.06657 0.09856 0.14692 0.88997 1.004 0.049 1255.059 0.03240
0.08632 0.06663 0.09864 0.14704 0.89110 1.094 0.054 1255.088 0.03243
0.08639 0.06668 0.09871 0.14715 0.89223 1.019 0.050 1255.118 0.03245
0.08645 0.06673 0.09879 0.14726 0.89337 1.019 0.050 1255.148 0.03247
0.08652 0.06678 0.09887 0.14738 0.89450 0.980 0.049 1255.178 0.03250
0.08659 0.06683 0.09894 0.14749 0.89563 0.929 0.048 1255.208 0.03252
0.08666 0.06688 0.09902 0.14761 0.89676 1.047 0.050 1255.238 0.03255
0.08672 0.06694 0.09910 0.14772 0.89790 0.927 0.047 1255.268 0.03257
0.08679 0.06699 0.09917 0.14783 0.89903 0.957 0.048 1255.298 0.03260
0.08686 0.06704 0.09925 0.14795 0.90016 0.968 0.049 1255.328 0.03262
0.08692 0.06709 0.09933 0.14806 0.90129 0.930 0.048 1255.357 0.03265
0.08699 0.06714 0.09940 0.14818 0.90243 1.037 0.050 1255.387 0.03267
0.08706 0.06719 0.09948 0.14829 0.90356 1.019 0.050 1255.417 0.03270
0.08712 0.06725 0.09956 0.14840 0.90469 1.042 0.050 1255.447 0.03272
0.08719 0.06730 0.09963 0.14852 0.90583 1.059 0.051 1255.477 0.03274
0.08726 0.06735 0.09971 0.14863 0.90696 0.951 0.048 1255.507 0.03277
0.08733 0.06740 0.09978 0.14875 0.90809 0.951 0.048 1255.537 0.03279
0.08739 0.06745 0.09986 0.14886 0.90923 0.982 0.049 1255.567 0.03282
0.08746 0.06750 0.09994 0.14898 0.91036 1.067 0.051 1255.596 0.03284
0.08753 0.06756 0.10001 0.14909 0.91149 0.980 0.049 1255.626 0.03287
0.08759 0.06761 0.10009 0.14920 0.91263 1.060 0.051 1255.656 0.03289
0.08766 0.06766 0.10017 0.14932 0.91376 1.038 0.050 1255.686 0.03292
0.08773 0.06771 0.10024 0.14943 0.91489 1.003 0.049 1255.716 0.03294
0.08780 0.06776 0.10032 0.14955 0.91603 0.995 0.049 1255.746 0.03297
0.08786 0.06781 0.10040 0.14966 0.91716 1.013 0.050 1255.776 0.03299
0.08793 0.06787 0.10047 0.14977 0.91829 0.988 0.049 1255.806 0.03302
0.08800 0.06792 0.10055 0.14989 0.91943 1.060 0.051 1255.835 0.03304
0.08806 0.06797 0.10063 0.15000 0.92056 0.992 0.049 1255.865 0.03306
0.08813 0.06802 0.10070 0.15012 0.92169 1.004 0.049 1255.895 0.03309
0.08820 0.06807 0.10078 0.15023 0.92283 1.032 0.050 1255.925 0.03311
0.08826 0.06813 0.10086 0.15035 0.92396 0.984 0.049 1255.955 0.03314
0.08833 0.06818 0.10093 0.15046 0.92509 0.924 0.047 1255.985 0.03316
0.08840 0.06823 0.10101 0.15057 0.92623 0.971 0.048 1256.015 0.03319
0.08847 0.06828 0.10109 0.15069 0.92736 1.009 0.049 1256.045 0.03321
0.08853 0.06833 0.10116 0.15080 0.92849 1.015 0.050 1256.074 0.03324
0.08860 0.06838 0.10124 0.15092 0.92963 0.973 0.049 1256.104 0.03326
0.08867 0.06844 0.10132 0.15103 0.93076 1.042 0.050 1256.134 0.03329
0.08873 0.06849 0.10139 0.15115 0.93190 1.040 0.050 1256.164 0.03331
0.08880 0.06854 0.10147 0.15126 0.93303 1.071 0.051 1256.194 0.03333
0.08887 0.06859 0.10155 0.15137 0.93416 1.101 0.052 1256.224 0.03336
0.08894 0.06864 0.10162 0.15149 0.93530 0.938 0.048 1256.254 0.03338
0.08900 0.06869 0.10170 0.15160 0.93643 1.103 0.052 1256.284 0.03341
0.08907 0.06875 0.10178 0.15172 0.93757 1.013 0.049 1256.314 0.03343
0.08914 0.06880 0.10185 0.15183 0.93870 0.933 0.047 1256.343 0.03346
0.08920 0.06885 0.10193 0.15195 0.93983 0.997 0.049 1256.373 0.03348
0.08927 0.06890 0.10201 0.15206 0.94097 1.029 0.050 1256.403 0.03351
0.08934 0.06895 0.10208 0.15217 0.94210 0.937 0.048 1256.433 0.03353
0.08940 0.06901 0.10216 0.15229 0.94324 0.864 0.046 1256.463 0.03356
0.08947 0.06906 0.10224 0.15240 0.94437 0.949 0.048 1256.493 0.03358
0.08954 0.06911 0.10231 0.15252 0.94551 0.964 0.048 1256.523 0.03361
0.08961 0.06916 0.10239 0.15263 0.94664 0.791 0.044 1256.553 0.03363
0.08967 0.06921 0.10247 0.15275 0.94777 0.863 0.046 1256.582 0.03365
0.08974 0.06926 0.10254 0.15286 0.94891 0.989 0.049 1256.612 0.03368
0.08981 0.06932 0.10262 0.15297 0.95004 1.030 0.050 1256.642 0.03370
0.08987 0.06937 0.10270 0.15309 0.95118 1.084 0.051 1256.672 0.03373
0.08994 0.06942 0.10277 0.15320 0.95231 0.956 0.048 1256.702 0.03375
0.09001 0.06947 0.10285 0.15332 0.95345 0.997 0.049 1256.732 0.03378
0.09008 0.06952 0.10293 0.15343 0.95458 1.027 0.050 1256.762 0.03380
0.09014 0.06957 0.10300 0.15355 0.95572 1.032 0.050 1256.792 0.03383
0.09021 0.06963 0.10308 0.15366 0.95685 0.992 0.049 1256.821 0.03385
0.09028 0.06968 0.10316 0.15377 0.95799 0.990 0.049 1256.851 0.03388
0.09034 0.06973 0.10323 0.15389 0.95912 1.043 0.050 1256.881 0.03390
0.09041 0.06978 0.10331 0.15400 0.96026 0.947 0.048 1256.911 0.03392
0.09048 0.06983 0.10339 0.15412 0.96139 0.909 0.047 1256.941 0.03395
0.09055 0.06989 0.10346 0.15423 0.96253 0.936 0.050 1256.971 0.03397
0.09061 0.06994 0.10354 0.15435 0.96366 0.923 0.047 1257.001 0.03400
0.09068 0.06999 0.10362 0.15446 0.96480 0.921 0.047 1257.031 0.03402
0.09075 0.07004 0.10369 0.15457 0.96593 1.005 0.049 1257.060 0.03405
0.09081 0.07009 0.10377 0.15469 0.96707 0.974 0.048 1257.090 0.03407
0.09088 0.07014 0.10385 0.15480 0.96820 0.882 0.046 1257.120 0.03410
0.09095 0.07020 0.10392 0.15492 0.96934 0.987 0.049 1257.150 0.03412
0.09102 0.07025 0.10400 0.15503 0.97047 0.985 0.050 1257.180 0.03415
0.09108 0.07030 0.10408 0.15515 0.97161 1.011 0.051 1257.210 0.03417
0.09115 0.07035 0.10415 0.15526 0.97274 1.074 0.051 1257.240 0.03419
0.09122 0.07040 0.10423 0.15537 0.97388 1.008 0.051 1257.270 0.03422
0.09128 0.07046 0.10431 0.15549 0.97501 1.064 0.050 1257.300 0.03424
0.09135 0.07051 0.10438 0.15560 0.97615 0.877 0.046 1257.329 0.03427
0.09142 0.07056 0.10446 0.15572 0.97728 1.041 0.050 1257.359 0.03429
0.09149 0.07061 0.10454 0.15583 0.97842 0.981 0.048 1257.389 0.03432
0.09155 0.07066 0.10461 0.15595 0.97955 0.963 0.048 1257.419 0.03434
0.09162 0.07072 0.10469 0.15606 0.98069 0.948 0.048 1257.449 0.03437
0.09169 0.07077 0.10477 0.15618 0.98183 1.093 0.051 1257.479 0.03439
0.09175 0.07082 0.10485 0.15629 0.98296 1.085 0.051 1257.509 0.03442
0.09182 0.07087 0.10492 0.15640 0.98410 1.055 0.050 1257.539 0.03444
0.09189 0.07092 0.10500 0.15652 0.98523 0.969 0.048 1257.568 0.03447
0.09196 0.07097 0.10508 0.15663 0.98637 0.998 0.049 1257.598 0.03449
0.09202 0.07103 0.10515 0.15675 0.98750 1.015 0.049 1257.628 0.03451
0.09209 0.07108 0.10523 0.15686 0.98864 0.991 0.049 1257.658 0.03454
0.09216 0.07113 0.10531 0.15698 0.98978 0.956 0.048 1257.688 0.03456
0.09222 0.07118 0.10538 0.15709 0.99091 0.972 0.048 1257.718 0.03459
0.09229 0.07123 0.10546 0.15721 0.99205 1.089 0.051 1257.748 0.03461
0.09236 0.07129 0.10554 0.15732 0.99318 0.951 0.048 1257.778 0.03464
0.09243 0.07134 0.10561 0.15743 0.99432 1.080 0.051 1257.807 0.03466
0.09249 0.07139 0.10569 0.15755 0.99546 0.938 0.047 1257.837 0.03469
0.09256 0.07144 0.10577 0.15766 0.99659 0.957 0.048 1257.867 0.03471
0.09263 0.07149 0.10584 0.15778 0.99773 0.951 0.048 1257.897 0.03474
0.09269 0.07154 0.10592 0.15789 0.99886 0.973 0.048 1257.927 0.03476
0.09276 0.07160 0.10600 0.15801 1.00000 0.902 0.046 1257.957 0.03478
