x y z dist_scaled dist_frac flux_norm sig_norm wavelength redshift
-0.02482 -0.00003 0.05160 0.05726 0.00000 0.448 0.093 1231.247 0.01281
-0.02487 -0.00003 0.05170 0.05737 0.00110 0.692 0.110 1231.277 0.01284
-0.02492 -0.00003 0.05180 0.05748 0.00220 0.794 0.117 1231.306 0.01286
-0.02497 -0.00003 0.05190 0.05760 0.00330 0.903 0.123 1231.336 0.01289
-0.02501 -0.00003 0.05200 0.05771 0.00440 0.896 0.115 1231.366 0.01291
-0.02506 -0.00003 0.05210 0.05782 0.00550 1.073 0.118 1231.396 0.01294
-0.02511 -0.00003 0.05220 0.05793 0.00661 0.976 0.112 1231.426 0.01296
-0.02516 -0.00003 0.05230 0.05804 0.00771 0.975 0.119 1231.456 0.01299
-0.02521 -0.00003 0.05240 0.05815 0.00881 0.975 0.119 1231.486 0.01301
-0.02526 -0.00003 0.05250 0.05826 0.00991 1.009 0.121 1231.516 0.01303
-0.02530 -0.00003 0.05260 0.05837 0.01101 0.735 0.112 1231.546 0.01306
-0.02535 -0.00003 0.05270 0.05848 0.01211 0.862 0.113 1231.576 0.01308
-0.02540 -0.00003 0.05280 0.05859 0.01321 1.038 0.116 1231.605 0.01311
-0.02545 -0.00003 0.05290 0.05871 0.01431 1.205 0.124 1231.635 0.01313
-0.02550 -0.00003 0.05300 0.05882 0.01541 0.973 0.119 1231.665 0.01316
-0.02554 -0.00003 0.05310 0.05893 0.01652 0.963 0.111 1231.695 0.01318
-0.02559 -0.00003 0.05320 0.05904 0.01762 0.896 0.122 1231.725 0.01321
-0.02564 -0.00003 0.05330 0.05915 0.01872 1.124 0.119 1231.755 0.01323
-0.02569 -0.00003 0.05340 0.05926 0.01982 1.044 0.115 1231.785 0.01326
-0.02574 -0.00003 0.05350 0.05937 0.02092 1.022 0.121 1231.815 0.01328
-0.02578 -0.00003 0.05360 0.05948 0.02202 1.081 0.118 1231.845 0.01331
-0.02583 -0.00003 0.05370 0.05959 0.02312 1.081 0.118 1231.874 0.01333
-0.02588 -0.00003 0.05380 0.05970 0.02423 1.081 0.118 1231.904 0.01335
-0.02593 -0.00003 0.05390 0.05982 0.02533 1.126 0.113 1231.934 0.01338
-0.02598 -0.00004 0.05400 0.05993 0.02643 1.103 0.112 1231.964 0.01340
-0.02603 -0.00004 0.05410 0.06004 0.02753 0.866 0.120 1231.994 0.01343
-0.02607 -0.00004 0.05420 0.06015 0.02863 1.024 0.121 1232.024 0.01345
-0.02612 -0.00004 0.05430 0.06026 0.02973 0.955 0.118 1232.054 0.01348
-0.02617 -0.00004 0.05440 0.06037 0.03084 1.125 0.126 1232.084 0.01350
-0.02622 -0.00004 0.05450 0.06048 0.03194 1.068 0.117 1232.114 0.01353
-0.02627 -0.00004 0.05460 0.06059 0.03304 1.046 0.116 1232.143 0.01355
-0.02631 -0.00004 0.05470 0.06070 0.03414 0.967 0.119 1232.173 0.01358
-0.02636 -0.00004 0.05480 0.06081 0.03524 1.091 0.118 1232.203 0.01360
-0.02641 -0.00004 0.05490 0.06093 0.03635 0.921 0.116 1232.233 0.01362
-0.02646 -0.00004 0.05500 0.06104 0.03745 1.033 0.115 1232.263 0.01365
-0.02651 -0.00004 0.05510 0.06115 0.03855 1.111 0.119 1232.293 0.01367
-0.02655 -0.00004 0.05520 0.06126 0.03965 1.202 0.117 1232.323 0.01370
-0.02660 -0.00004 0.05530 0.06137 0.04075 0.976 0.126 1232.353 0.01372
-0.02665 -0.00004 0.05540 0.06148 0.04186 0.874 0.113 1232.383 0.01375
-0.02670 -0.00004 0.05550 0.06159 0.04296 1.110 0.119 1232.413 0.01377
-0.02675 -0.00004 0.05561 0.06170 0.04406 0.952 0.124 1232.442 0.01380
-0.02680 -0.00004 0.05571 0.06181 0.04516 0.907 0.115 1232.472 0.01382
-0.02684 -0.00004 0.05581 0.06193 0.04627 0.974 0.119 1232.502 0.01385
-0.02689 -0.00004 0.05591 0.06204 0.04737 0.782 0.115 1232.532 0.01387
-0.02694 -0.00004 0.05601 0.06215 0.04847 0.961 0.118 1232.562 0.01390
-0.02699 -0.00004 0.05611 0.06226 0.04957 0.928 0.109 1232.592 0.01392
-0.02704 -0.00004 0.05621 0.06237 0.05068 0.893 0.121 1232.622 0.01394
-0.02708 -0.00004 0.05631 0.06248 0.05178 0.948 0.117 1232.652 0.01397
-0.02713 -0.00004 0.05641 0.06259 0.05288 1.082 0.117 1232.682 0.01399
-0.02718 -0.00004 0.05651 0.06270 0.05398 1.037 0.122 1232.711 0.01402
-0.02723 -0.00004 0.05661 0.06281 0.05509 0.969 0.118 1232.741 0.01404
-0.02728 -0.00004 0.05671 0.06293 0.05619 0.980 0.119 1232.771 0.01407
-0.02733 -0.00004 0.05681 0.06304 0.05729 0.868 0.113 1232.801 0.01409
-0.02737 -0.00004 0.05691 0.06315 0.05840 0.957 0.118 1232.831 0.01412
-0.02742 -0.00004 0.05701 0.06326 0.05950 1.080 0.118 1232.861 0.01414
-0.02747 -0.00004 0.05711 0.06337 0.06060 0.968 0.118 1232.891 0.01417
-0.02752 -0.00004 0.05721 0.06348 0.06170 0.844 0.111 1232.921 0.01419
-0.02757 -0.00004 0.05731 0.06359 0.06281 1.045 0.116 1232.951 0.01421
-0.02761 -0.00004 0.05741 0.06370 0.06391 0.921 0.123 1232.980 0.01424
-0.02766 -0.00004 0.05751 0.06382 0.06501 1.066 0.116 1233.010 0.01426
-0.02771 -0.00004 0.05761 0.06393 0.06612 0.976 0.118 1233.040 0.01429
-0.02776 -0.00004 0.05771 0.06404 0.06722 0.909 0.122 1233.070 0.01431
-0.02781 -0.00004 0.05781 0.06415 0.06832 0.785 0.115 1233.100 0.01434
-0.02786 -0.00004 0.05791 0.06426 0.06943 0.931 0.123 1233.130 0.01436
-0.02790 -0.00004 0.05801 0.06437 0.07053 0.919 0.123 1233.160 0.01439
-0.02795 -0.00004 0.05811 0.06448 0.07163 1.009 0.120 1233.190 0.01441
-0.02800 -0.00004 0.05821 0.06459 0.07274 1.020 0.114 1233.220 0.01444
-0.02805 -0.00004 0.05831 0.06471 0.07384 1.043 0.115 1233.249 0.01446
-0.02810 -0.00004 0.05841 0.06482 0.07494 0.898 0.121 1233.279 0.01449
-0.02814 -0.00004 0.05851 0.06493 0.07605 0.886 0.114 1233.309 0.01451
-0.02819 -0.00004 0.05861 0.06504 0.07715 0.919 0.115 1233.339 0.01453
-0.02824 -0.00004 0.05871 0.06515 0.07825 1.020 0.121 1233.369 0.01456
-0.02829 -0.00004 0.05881 0.06526 0.07936 0.998 0.120 1233.399 0.01458
-0.02834 -0.00004 0.05891 0.06537 0.08046 0.919 0.115 1233.429 0.01461
-0.02839 -0.00004 0.05901 0.06548 0.08156 1.042 0.115 1233.459 0.01463
-0.02843 -0.00004 0.05911 0.06560 0.08267 1.153 0.120 1233.489 0.01466
-0.02848 -0.00004 0.05921 0.06571 0.08377 0.942 0.117 1233.519 0.01468
-0.02853 -0.00004 0.05931 0.06582 0.08488 0.741 0.112 1233.548 0.01471
-0.02858 -0.00004 0.05941 0.06593 0.08598 0.785 0.115 1233.578 0.01473
-0.02863 -0.00004 0.05951 0.06604 0.08708 0.930 0.116 1233.608 0.01476
-0.02868 -0.00004 0.05961 0.06615 0.08819 1.097 0.118 1233.638 0.01478
-0.02872 -0.00004 0.05971 0.06626 0.08929 1.041 0.122 1233.668 0.01480
-0.02877 -0.00004 0.05981 0.06637 0.09040 0.885 0.120 1233.698 0.01483
-0.02882 -0.00004 0.05991 0.06649 0.09150 1.273 0.119 1233.728 0.01485
-0.02887 -0.00004 0.06001 0.06660 0.09260 1.118 0.112 1233.758 0.01488
-0.02892 -0.00004 0.06011 0.06671 0.09371 1.217 0.117 1233.788 0.01490
-0.02896 -0.00004 0.06021 0.06682 0.09481 0.995 0.120 1233.817 0.01493
-0.02901 -0.00004 0.06032 0.06693 0.09592 0.961 0.124 1233.847 0.01495
-0.02906 -0.00004 0.06042 0.06704 0.09702 1.094 0.118 1233.877 0.01498
-0.02911 -0.00004 0.06052 0.06715 0.09812 0.927 0.122 1233.907 0.01500
-0.02916 -0.00004 0.06062 0.06726 0.09923 1.093 0.118 1233.937 0.01503
-0.02921 -0.00004 0.06072 0.06738 0.10033 0.871 0.119 1233.967 0.01505
-0.02925 -0.00004 0.06082 0.06749 0.10144 0.839 0.117 1233.997 0.01508
-0.02930 -0.00004 0.06092 0.06760 0.10254 0.900 0.113 1234.027 0.01510
-0.02935 -0.00004 0.06102 0.06771 0.10365 0.921 0.122 1234.057 0.01512
-0.02940 -0.00004 0.06112 0.06782 0.10475 1.092 0.117 1234.086 0.01515
-0.02945 -0.00004 0.06122 0.06793 0.10586 0.986 0.119 1234.116 0.01517
-0.02950 -0.00004 0.06132 0.06804 0.10696 0.878 0.113 1234.146 0.01520
-0.02954 -0.00004 0.06142 0.06815 0.10806 0.853 0.111 1234.176 0.01522
-0.02959 -0.00004 0.06152 0.06827 0.10917 1.036 0.115 1234.206 0.01525
-0.02964 -0.00004 0.06162 0.06838 0.11027 1.036 0.114 1234.236 0.01527
-0.02969 -0.00004 0.06172 0.06849 0.11138 1.010 0.119 1234.266 0.01530
-0.02974 -0.00004 0.06182 0.06860 0.11248 1.164 0.114 1234.296 0.01532
-0.02979 -0.00004 0.06192 0.06871 0.11359 1.112 0.118 1234.326 0.01535
-0.02983 -0.00004 0.06202 0.06882 0.11469 0.867 0.112 1234.356 0.01537
-0.02988 -0.00004 0.06212 0.06893 0.11580 1.049 0.115 1234.385 0.01540
-0.02993 -0.00004 0.06222 0.06905 0.11690 1.015 0.120 1234.415 0.01542
-0.02998 -0.00004 0.06232 0.06916 0.11801 1.041 0.121 1234.445 0.01544
-0.03003 -0.00004 0.06242 0.06927 0.11911 1.044 0.121 1234.475 0.01547
-0.03008 -0.00004 0.06252 0.06938 0.12022 1.031 0.114 1234.505 0.01549
-0.03012 -0.00004 0.06262 0.06949 0.12132 0.844 0.118 1234.535 0.01552
-0.03017 -0.00004 0.06272 0.06960 0.12243 1.091 0.123 1234.565 0.01554
-0.03022 -0.00004 0.06282 0.06971 0.12353 0.908 0.114 1234.595 0.01557
-0.03027 -0.00004 0.06292 0.06983 0.12464 1.144 0.120 1234.625 0.01559
-0.03032 -0.00004 0.06302 0.06994 0.12574 1.120 0.112 1234.654 0.01562
-0.03036 -0.00004 0.06313 0.07005 0.12685 0.965 0.110 1234.684 0.01564
-0.03041 -0.00004 0.06323 0.07016 0.12796 0.843 0.110 1234.714 0.01567
-0.03046 -0.00004 0.06333 0.07027 0.12906 0.865 0.119 1234.744 0.01569
-0.03051 -0.00004 0.06343 0.07038 0.13017 0.976 0.118 1234.774 0.01571
-0.03056 -0.00004 0.06353 0.07049 0.13127 1.108 0.118 1234.804 0.01574
-0.03061 -0.00004 0.06363 0.07061 0.13238 1.085 0.117 1234.834 0.01576
-0.03065 -0.00004 0.06373 0.07072 0.13348 1.174 0.120 1234.864 0.01579
-0.03070 -0.00004 0.06383 0.07083 0.13459 0.887 0.120 1234.894 0.01581
-0.03075 -0.00004 0.06393 0.07094 0.13569 0.920 0.114 1234.923 0.01584
-0.03080 -0.00004 0.06403 0.07105 0.13680 0.930 0.122 1234.953 0.01586
-0.03085 -0.00004 0.06413 0.07116 0.13791 1.117 0.111 1234.983 0.01589
-0.03090 -0.00004 0.06423 0.07127 0.13901 1.117 0.111 1235.013 0.01591
-0.03094 -0.00004 0.06433 0.07139 0.14012 0.929 0.115 1235.043 0.01594
-0.03099 -0.00004 0.06443 0.07150 0.14122 1.028 0.120 1235.073 0.01596
-0.03104 -0.00004 0.06453 0.07161 0.14233 1.050 0.115 1235.103 0.01599
-0.03109 -0.00004 0.06463 0.07172 0.14343 1.127 0.118 1235.133 0.01601
-0.03114 -0.00004 0.06473 0.07183 0.14454 0.961 0.124 1235.163 0.01603
-0.03119 -0.00004 0.06483 0.07194 0.14565 1.093 0.110 1235.192 0.01606
-0.03123 -0.00004 0.06493 0.07205 0.14675 0.796 0.115 1235.222 0.01608
-0.03128 -0.00004 0.06503 0.07217 0.14786 0.785 0.114 1235.252 0.01611
-0.03133 -0.00004 0.06513 0.07228 0.14897 1.082 0.122 1235.282 0.01613
-0.03138 -0.00004 0.06523 0.07239 0.15007 1.037 0.121 1235.312 0.01616
-0.03143 -0.00004 0.06533 0.07250 0.15118 1.071 0.116 1235.342 0.01618
-0.03148 -0.00004 0.06544 0.07261 0.15228 0.960 0.116 1235.372 0.01621
-0.03152 -0.00004 0.06554 0.07272 0.15339 0.872 0.119 1235.402 0.01623
-0.03157 -0.00004 0.06564 0.07284 0.15450 1.059 0.115 1235.432 0.01626
-0.03162 -0.00004 0.06574 0.07295 0.15560 0.916 0.114 1235.462 0.01628
-0.03167 -0.00004 0.06584 0.07306 0.15671 0.992 0.112 1235.491 0.01630
-0.03172 -0.00004 0.06594 0.07317 0.15782 1.003 0.119 1235.521 0.01633
-0.03177 -0.00004 0.06604 0.07328 0.15892 0.860 0.111 1235.551 0.01635
-0.03181 -0.00004 0.06614 0.07339 0.16003 0.903 0.106 1235.581 0.01638
-0.03186 -0.00004 0.06624 0.07350 0.16114 0.935 0.115 1235.611 0.01640
-0.03191 -0.00004 0.06634 0.07362 0.16224 0.946 0.116 1235.641 0.01643
-0.03196 -0.00004 0.06644 0.07373 0.16335 0.946 0.116 1235.671 0.01645
-0.03201 -0.00004 0.06654 0.07384 0.16446 1.012 0.119 1235.701 0.01648
-0.03206 -0.00004 0.06664 0.07395 0.16556 1.045 0.114 1235.731 0.01650
-0.03210 -0.00004 0.06674 0.07406 0.16667 1.053 0.131 1235.760 0.01653
-0.03215 -0.00004 0.06684 0.07417 0.16778 1.090 0.117 1235.790 0.01655
-0.03220 -0.00004 0.06694 0.07429 0.16888 1.200 0.121 1235.820 0.01658
-0.03225 -0.00004 0.06704 0.07440 0.16999 0.949 0.124 1235.850 0.01660
-0.03230 -0.00004 0.06714 0.07451 0.17110 1.100 0.117 1235.880 0.01662
-0.03235 -0.00004 0.06724 0.07462 0.17220 1.034 0.113 1235.910 0.01665
-0.03239 -0.00004 0.06735 0.07473 0.17331 0.858 0.128 1235.940 0.01667
-0.03244 -0.00004 0.06745 0.07484 0.17442 0.849 0.117 1235.970 0.01670
-0.03249 -0.00004 0.06755 0.07495 0.17552 0.860 0.118 1236.000 0.01672
-0.03254 -0.00004 0.06765 0.07507 0.17663 0.995 0.124 1236.029 0.01675
-0.03259 -0.00004 0.06775 0.07518 0.17774 0.959 0.110 1236.059 0.01677
-0.03264 -0.00004 0.06785 0.07529 0.17885 0.937 0.115 1236.089 0.01680
-0.03269 -0.00004 0.06795 0.07540 0.17995 0.941 0.122 1236.119 0.01682
-0.03273 -0.00004 0.06805 0.07551 0.18106 0.875 0.112 1236.149 0.01685
-0.03278 -0.00004 0.06815 0.07562 0.18217 0.948 0.116 1236.179 0.01687
-0.03283 -0.00004 0.06825 0.07574 0.18328 1.064 0.108 1236.209 0.01690
-0.03288 -0.00004 0.06835 0.07585 0.18438 1.011 0.112 1236.239 0.01692
-0.03293 -0.00004 0.06845 0.07596 0.18549 0.838 0.109 1236.269 0.01694
-0.03298 -0.00004 0.06855 0.07607 0.18660 1.062 0.108 1236.299 0.01697
-0.03302 -0.00004 0.06865 0.07618 0.18771 1.196 0.115 1236.328 0.01699
-0.03307 -0.00004 0.06875 0.07629 0.18881 1.134 0.112 1236.358 0.01702
-0.03312 -0.00004 0.06885 0.07641 0.18992 1.208 0.115 1236.388 0.01704
-0.03317 -0.00004 0.06895 0.07652 0.19103 0.934 0.115 1236.418 0.01707
-0.03322 -0.00004 0.06906 0.07663 0.19214 1.148 0.119 1236.448 0.01709
-0.03327 -0.00004 0.06916 0.07674 0.19324 1.218 0.116 1236.478 0.01712
-0.03331 -0.00004 0.06926 0.07685 0.19435 1.050 0.114 1236.508 0.01714
-0.03336 -0.00004 0.06936 0.07696 0.19546 1.023 0.113 1236.538 0.01717
-0.03341 -0.00005 0.06946 0.07708 0.19657 1.116 0.117 1236.568 0.01719
-0.03346 -0.00005 0.06956 0.07719 0.19767 1.062 0.122 1236.597 0.01721
-0.03351 -0.00005 0.06966 0.07730 0.19878 1.081 0.109 1236.627 0.01724
-0.03356 -0.00005 0.06976 0.07741 0.19989 0.928 0.107 1236.657 0.01726
-0.03360 -0.00005 0.06986 0.07752 0.20100 0.994 0.118 1236.687 0.01729
-0.03365 -0.00005 0.06996 0.07763 0.20211 0.801 0.113 1236.717 0.01731
-0.03370 -0.00005 0.07006 0.07775 0.20321 0.663 0.105 1236.747 0.01734
-0.03375 -0.00005 0.07016 0.07786 0.20432 0.683 0.107 1236.777 0.01736
-0.03380 -0.00005 0.07026 0.07797 0.20543 0.846 0.109 1236.807 0.01739
-0.03385 -0.00005 0.07036 0.07808 0.20654 0.987 0.111 1236.837 0.01741
-0.03390 -0.00005 0.07046 0.07819 0.20765 0.932 0.114 1236.866 0.01744
-0.03394 -0.00005 0.07056 0.07830 0.20876 1.149 0.112 1236.896 0.01746
-0.03399 -0.00005 0.07067 0.07842 0.20986 0.921 0.114 1236.926 0.01749
-0.03404 -0.00005 0.07077 0.07853 0.21097 0.953 0.116 1236.956 0.01751
-0.03409 -0.00005 0.07087 0.07864 0.21208 0.866 0.117 1236.986 0.01753
-0.03414 -0.00005 0.07097 0.07875 0.21319 0.919 0.113 1237.016 0.01756
-0.03419 -0.00005 0.07107 0.07886 0.21430 0.898 0.113 1237.046 0.01758
-0.03423 -0.00005 0.07117 0.07897 0.21541 0.875 0.118 1237.076 0.01761
-0.03428 -0.00005 0.07127 0.07909 0.21652 0.940 0.115 1237.106 0.01763
-0.03433 -0.00005 0.07137 0.07920 0.21762 0.897 0.119 1237.135 0.01766
-0.03438 -0.00005 0.07147 0.07931 0.21873 1.190 0.120 1237.165 0.01768
-0.03443 -0.00005 0.07157 0.07942 0.21984 0.799 0.114 1237.195 0.01771
-0.03448 -0.00005 0.07167 0.07953 0.22095 1.146 0.118 1237.225 0.01773
-0.03452 -0.00005 0.07177 0.07965 0.22206 1.081 0.115 1237.255 0.01776
-0.03457 -0.00005 0.07187 0.07976 0.22317 1.005 0.110 1237.285 0.01778
-0.03462 -0.00005 0.07197 0.07987 0.22428 1.145 0.118 1237.315 0.01780
-0.03467 -0.00005 0.07208 0.07998 0.22539 1.220 0.115 1237.345 0.01783
-0.03472 -0.00005 0.07218 0.08009 0.22649 1.057 0.114 1237.375 0.01785
-0.03477 -0.00005 0.07228 0.08020 0.22760 1.198 0.114 1237.405 0.01788
-0.03482 -0.00005 0.07238 0.08032 0.22871 1.024 0.106 1237.434 0.01790
-0.03486 -0.00005 0.07248 0.08043 0.22982 1.207 0.115 1237.464 0.01793
-0.03491 -0.00005 0.07258 0.08054 0.23093 1.012 0.112 1237.494 0.01795
-0.03496 -0.00005 0.07268 0.08065 0.23204 1.131 0.118 1237.524 0.01798
-0.03501 -0.00005 0.07278 0.08076 0.23315 1.229 0.116 1237.554 0.01800
-0.03506 -0.00005 0.07288 0.08087 0.23426 1.076 0.115 1237.584 0.01803
-0.03511 -0.00005 0.07298 0.08099 0.23537 1.044 0.107 1237.614 0.01805
-0.03515 -0.00005 0.07308 0.08110 0.23648 1.012 0.112 1237.644 0.01808
-0.03520 -0.00005 0.07318 0.08121 0.23759 0.969 0.116 1237.674 0.01810
-0.03525 -0.00005 0.07328 0.08132 0.23870 1.174 0.113 1237.703 0.01812
-0.03530 -0.00005 0.07339 0.08143 0.23980 1.099 0.109 1237.733 0.01815
-0.03535 -0.00005 0.07349 0.08155 0.24091 1.110 0.110 1237.763 0.01817
-0.03540 -0.00005 0.07359 0.08166 0.24202 1.088 0.109 1237.793 0.01820
-0.03545 -0.00005 0.07369 0.08177 0.24313 0.892 0.112 1237.823 0.01822
-0.03549 -0.00005 0.07379 0.08188 0.24424 1.087 0.115 1237.853 0.01825
-0.03554 -0.00005 0.07389 0.08199 0.24535 0.968 0.108 1237.883 0.01827
-0.03559 -0.00005 0.07399 0.08210 0.24646 1.087 0.115 1237.913 0.01830
-0.03564 -0.00005 0.07409 0.08222 0.24757 1.281 0.118 1237.943 0.01832
-0.03569 -0.00005 0.07419 0.08233 0.24868 1.087 0.122 1237.972 0.01835
-0.03574 -0.00005 0.07429 0.08244 0.24979 0.859 0.117 1238.002 0.01837
-0.03578 -0.00005 0.07439 0.08255 0.25090 0.740 0.110 1238.032 0.01840
-0.03583 -0.00005 0.07449 0.08266 0.25201 0.761 0.104 1238.062 0.01842
-0.03588 -0.00005 0.07459 0.08278 0.25312 0.859 0.110 1238.092 0.01844
-0.03593 -0.00005 0.07470 0.08289 0.25423 0.783 0.112 1238.122 0.01847
-0.03598 -0.00005 0.07480 0.08300 0.25534 0.911 0.112 1238.152 0.01849
-0.03603 -0.00005 0.07490 0.08311 0.25645 1.052 0.114 1238.182 0.01852
-0.03608 -0.00005 0.07500 0.08322 0.25756 1.008 0.117 1238.212 0.01854
-0.03612 -0.00005 0.07510 0.08334 0.25867 0.825 0.108 1238.242 0.01857
-0.03617 -0.00005 0.07520 0.08345 0.25978 1.094 0.109 1238.271 0.01859
-0.03622 -0.00005 0.07530 0.08356 0.26089 0.998 0.117 1238.301 0.01862
-0.03627 -0.00005 0.07540 0.08367 0.26200 1.192 0.120 1238.331 0.01864
-0.03632 -0.00005 0.07550 0.08378 0.26311 0.976 0.116 1238.361 0.01867
-0.03637 -0.00005 0.07560 0.08390 0.26422 0.910 0.113 1238.391 0.01869
-0.03642 -0.00005 0.07570 0.08401 0.26533 0.781 0.112 1238.421 0.01871
-0.03646 -0.00005 0.07580 0.08412 0.26644 0.975 0.109 1238.451 0.01874
-0.03651 -0.00005 0.07591 0.08423 0.26755 0.986 0.116 1238.481 0.01876
-0.03656 -0.00005 0.07601 0.08434 0.26866 0.834 0.108 1238.511 0.01879
-0.03661 -0.00005 0.07611 0.08445 0.26977 0.780 0.112 1238.540 0.01881
-0.03666 -0.00005 0.07621 0.08457 0.27088 0.834 0.115 1238.570 0.01884
-0.03671 -0.00005 0.07631 0.08468 0.27199 0.759 0.111 1238.600 0.01886
-0.03676 -0.00005 0.07641 0.08479 0.27311 0.812 0.114 1238.630 0.01889
-0.03680 -0.00005 0.07651 0.08490 0.27422 0.822 0.114 1238.660 0.01891
-0.03685 -0.00005 0.07661 0.08501 0.27533 0.811 0.114 1238.690 0.01894
-0.03690 -0.00005 0.07671 0.08513 0.27644 1.047 0.113 1238.720 0.01896
-0.03695 -0.00005 0.07681 0.08524 0.27755 0.897 0.112 1238.750 0.01899
-0.03700 -0.00005 0.07691 0.08535 0.27866 0.854 0.116 1238.780 0.01901
-0.03705 -0.00005 0.07702 0.08546 0.27977 1.090 0.121 1238.809 0.01903
-0.03709 -0.00005 0.07712 0.08557 0.28088 0.876 0.110 1238.839 0.01906
-0.03714 -0.00005 0.07722 0.08569 0.28199 0.876 0.117 1238.869 0.01908
-0.03719 -0.00005 0.07732 0.08580 0.28310 0.973 0.115 1238.899 0.01911
-0.03724 -0.00005 0.07742 0.08591 0.28421 0.887 0.118 1238.929 0.01913
-0.03729 -0.00005 0.07752 0.08602 0.28533 1.219 0.121 1238.959 0.01916
-0.03734 -0.00005 0.07762 0.08613 0.28644 1.027 0.112 1238.989 0.01918
-0.03739 -0.00005 0.07772 0.08625 0.28755 1.059 0.114 1239.019 0.01921
-0.03743 -0.00005 0.07782 0.08636 0.28866 0.922 0.106 1239.049 0.01923
-0.03748 -0.00005 0.07792 0.08647 0.28977 1.097 0.109 1239.078 0.01926
-0.03753 -0.00005 0.07802 0.08658 0.29088 0.780 0.112 1239.108 0.01928
-0.03758 -0.00005 0.07813 0.08669 0.29199 0.971 0.109 1239.138 0.01930
-0.03763 -0.00005 0.07823 0.08681 0.29310 1.012 0.111 1239.168 0.01933
-0.03768 -0.00005 0.07833 0.08692 0.29421 1.007 0.118 1239.198 0.01935
-0.03773 -0.00005 0.07843 0.08703 0.29533 0.869 0.110 1239.228 0.01938
-0.03777 -0.00005 0.07853 0.08714 0.29644 0.841 0.115 1239.258 0.01940
-0.03782 -0.00005 0.07863 0.08725 0.29755 0.597 0.100 1239.288 0.01943
-0.03787 -0.00005 0.07873 0.08737 0.29866 0.589 0.100 1239.318 0.01945
-0.03792 -0.00005 0.07883 0.08748 0.29977 0.814 0.106 1239.348 0.01948
-0.03797 -0.00005 0.07893 0.08759 0.30088 0.829 0.115 1239.377 0.01950
-0.03802 -0.00005 0.07903 0.08770 0.30200 1.000 0.110 1239.407 0.01953
-0.03807 -0.00005 0.07914 0.08781 0.30311 0.876 0.110 1239.437 0.01955
-0.03811 -0.00005 0.07924 0.08793 0.30422 0.957 0.115 1239.467 0.01958
-0.03816 -0.00005 0.07934 0.08804 0.30533 0.991 0.110 1239.497 0.01960
-0.03821 -0.00005 0.07944 0.08815 0.30644 0.982 0.110 1239.527 0.01962
-0.03826 -0.00005 0.07954 0.08826 0.30755 0.773 0.111 1239.557 0.01965
-0.03831 -0.00005 0.07964 0.08837 0.30867 0.969 0.115 1239.587 0.01967
-0.03836 -0.00005 0.07974 0.08849 0.30978 0.918 0.105 1239.617 0.01970
-0.03841 -0.00005 0.07984 0.08860 0.31089 1.166 0.112 1239.646 0.01972
-0.03845 -0.00005 0.07994 0.08871 0.31200 0.997 0.117 1239.676 0.01975
-0.03850 -0.00005 0.08004 0.08882 0.31311 1.005 0.110 1239.706 0.01977
-0.03855 -0.00005 0.08015 0.08894 0.31423 0.856 0.109 1239.736 0.01980
-0.03860 -0.00005 0.08025 0.08905 0.31534 1.072 0.107 1239.766 0.01982
-0.03865 -0.00005 0.08035 0.08916 0.31645 0.808 0.113 1239.796 0.01985
-0.03870 -0.00005 0.08045 0.08927 0.31756 1.103 0.115 1239.826 0.01987
-0.03875 -0.00005 0.08055 0.08938 0.31868 1.046 0.113 1239.856 0.01989
-0.03879 -0.00005 0.08065 0.08950 0.31979 0.880 0.110 1239.886 0.01992
-0.03884 -0.00005 0.08075 0.08961 0.32090 1.006 0.111 1239.915 0.01994
-0.03889 -0.00005 0.08085 0.08972 0.32201 0.914 0.112 1239.945 0.01997
-0.03894 -0.00005 0.08095 0.08983 0.32312 0.933 0.106 1239.975 0.01999
-0.03899 -0.00005 0.08105 0.08994 0.32424 0.660 0.104 1240.005 0.02002
-0.03904 -0.00005 0.08116 0.09006 0.32535 0.400 0.086 1240.035 0.02004
-0.03909 -0.00005 0.08126 0.09017 0.32646 0.368 0.082 1240.065 0.02007
-0.03914 -0.00005 0.08136 0.09028 0.32757 0.153 0.060 1240.095 0.02009
-0.03918 -0.00005 0.08146 0.09039 0.32869 0.162 0.061 1240.125 0.02012
-0.03923 -0.00005 0.08156 0.09051 0.32980 0.157 0.061 1240.155 0.02014
-0.03928 -0.00005 0.08166 0.09062 0.33091 0.209 0.068 1240.185 0.02017
-0.03933 -0.00005 0.08176 0.09073 0.33203 0.304 0.077 1240.214 0.02019
-0.03938 -0.00005 0.08186 0.09084 0.33314 0.347 0.081 1240.244 0.02021
-0.03943 -0.00005 0.08196 0.09095 0.33425 0.868 0.109 1240.274 0.02024
-0.03948 -0.00005 0.08207 0.09107 0.33536 0.688 0.106 1240.304 0.02026
-0.03952 -0.00005 0.08217 0.09118 0.33648 0.901 0.118 1240.334 0.02029
-0.03957 -0.00005 0.08227 0.09129 0.33759 0.964 0.108 1240.364 0.02031
-0.03962 -0.00005 0.08237 0.09140 0.33870 0.793 0.105 1240.394 0.02034
-0.03967 -0.00005 0.08247 0.09151 0.33982 0.686 0.106 1240.424 0.02036
-0.03972 -0.00005 0.08257 0.09163 0.34093 0.526 0.095 1240.454 0.02039
-0.03977 -0.00005 0.08267 0.09174 0.34204 0.621 0.101 1240.483 0.02041
-0.03982 -0.00005 0.08277 0.09185 0.34315 0.483 0.092 1240.513 0.02044
-0.03986 -0.00005 0.08287 0.09196 0.34427 0.335 0.080 1240.543 0.02046
-0.03991 -0.00005 0.08298 0.09208 0.34538 0.154 0.061 1240.573 0.02049
-0.03996 -0.00005 0.08308 0.09219 0.34649 0.080 0.051 1240.603 0.02051
-0.04001 -0.00005 0.08318 0.09230 0.34761 0.101 0.054 1240.633 0.02053
-0.04006 -0.00005 0.08328 0.09241 0.34872 0.048 0.044 1240.663 0.02056
-0.04011 -0.00005 0.08338 0.09252 0.34983 0.027 0.042 1240.693 0.02058
-0.04016 -0.00005 0.08348 0.09264 0.35095 -0.015 0.034 1240.723 0.02061
-0.04021 -0.00005 0.08358 0.09275 0.35206 -0.004 0.037 1240.752 0.02063
-0.04025 -0.00005 0.08368 0.09286 0.35317 0.017 0.037 1240.782 0.02066
-0.04030 -0.00005 0.08378 0.09297 0.35429 0.070 0.049 1240.812 0.02068
-0.04035 -0.00005 0.08389 0.09309 0.35540 0.029 0.040 1240.842 0.02071
-0.04040 -0.00005 0.08399 0.09320 0.35652 0.071 0.049 1240.872 0.02073
-0.04045 -0.00005 0.08409 0.09331 0.35763 0.008 0.034 1240.902 0.02076
-0.04050 -0.00005 0.08419 0.09342 0.35874 0.050 0.044 1240.932 0.02078
-0.04055 -0.00005 0.08429 0.09353 0.35986 0.093 0.052 1240.962 0.02080
-0.04059 -0.00005 0.08439 0.09365 0.36097 0.093 0.052 1240.992 0.02083
-0.04064 -0.00005 0.08449 0.09376 0.36208 0.242 0.070 1241.021 0.02085
-0.04069 -0.00005 0.08459 0.09387 0.36320 0.220 0.069 1241.051 0.02088
-0.04074 -0.00005 0.08469 0.09398 0.36431 0.590 0.099 1241.081 0.02090
-0.04079 -0.00005 0.08480 0.09410 0.36543 0.781 0.111 1241.111 0.02093
-0.04084 -0.00006 0.08490 0.09421 0.36654 0.749 0.109 1241.141 0.02095
-0.04089 -0.00006 0.08500 0.09432 0.36765 1.003 0.116 1241.171 0.02098
-0.04093 -0.00006 0.08510 0.09443 0.36877 0.918 0.106 1241.201 0.02100
-0.04098 -0.00006 0.08520 0.09455 0.36988 0.939 0.113 1241.231 0.02103
-0.04103 -0.00006 0.08530 0.09466 0.37100 0.653 0.103 1241.261 0.02105
-0.04108 -0.00006 0.08540 0.09477 0.37211 0.928 0.105 1241.291 0.02108
-0.04113 -0.00006 0.08550 0.09488 0.37322 0.864 0.109 1241.320 0.02110
-0.04118 -0.00006 0.08561 0.09499 0.37434 0.970 0.108 1241.350 0.02112
-0.04123 -0.00006 0.08571 0.09511 0.37545 0.663 0.104 1241.380 0.02115
-0.04128 -0.00006 0.08581 0.09522 0.37657 0.863 0.116 1241.410 0.02117
-0.04132 -0.00006 0.08591 0.09533 0.37768 0.842 0.114 1241.440 0.02120
-0.04137 -0.00006 0.08601 0.09544 0.37880 0.842 0.114 1241.470 0.02122
-0.04142 -0.00006 0.08611 0.09556 0.37991 0.853 0.108 1241.500 0.02125
-0.04147 -0.00006 0.08621 0.09567 0.38103 0.937 0.113 1241.530 0.02127
-0.04152 -0.00006 0.08631 0.09578 0.38214 0.852 0.115 1241.560 0.02130
-0.04157 -0.00006 0.08642 0.09589 0.38325 0.799 0.112 1241.589 0.02132
-0.04162 -0.00006 0.08652 0.09601 0.38437 1.052 0.118 1241.619 0.02135
-0.04167 -0.00006 0.08662 0.09612 0.38548 0.958 0.114 1241.649 0.02137
-0.04171 -0.00006 0.08672 0.09623 0.38660 1.009 0.110 1241.679 0.02139
-0.04176 -0.00006 0.08682 0.09634 0.38771 1.019 0.110 1241.709 0.02142
-0.04181 -0.00006 0.08692 0.09645 0.38883 0.975 0.115 1241.739 0.02144
-0.04186 -0.00006 0.08702 0.09657 0.38994 0.911 0.118 1241.769 0.02147
-0.04191 -0.00006 0.08712 0.09668 0.39106 0.932 0.112 1241.799 0.02149
-0.04196 -0.00006 0.08723 0.09679 0.39217 0.869 0.109 1241.829 0.02152
-0.04201 -0.00006 0.08733 0.09690 0.39329 1.163 0.111 1241.858 0.02154
-0.04206 -0.00006 0.08743 0.09702 0.39440 1.131 0.116 1241.888 0.02157
-0.04210 -0.00006 0.08753 0.09713 0.39552 0.953 0.107 1241.918 0.02159
-0.04215 -0.00006 0.08763 0.09724 0.39663 0.942 0.113 1241.948 0.02162
-0.04220 -0.00006 0.08773 0.09735 0.39775 0.994 0.109 1241.978 0.02164
-0.04225 -0.00006 0.08783 0.09747 0.39886 0.877 0.116 1242.008 0.02167
-0.04230 -0.00006 0.08793 0.09758 0.39998 0.961 0.114 1242.038 0.02169
-0.04235 -0.00006 0.08804 0.09769 0.40109 1.214 0.114 1242.068 0.02171
-0.04240 -0.00006 0.08814 0.09780 0.40221 0.908 0.111 1242.098 0.02174
-0.04244 -0.00006 0.08824 0.09792 0.40332 0.950 0.107 1242.128 0.02176
-0.04249 -0.00006 0.08834 0.09803 0.40444 0.993 0.109 1242.157 0.02179
-0.04254 -0.00006 0.08844 0.09814 0.40555 0.846 0.114 1242.187 0.02181
-0.04259 -0.00006 0.08854 0.09825 0.40667 0.846 0.114 1242.217 0.02184
-0.04264 -0.00006 0.08864 0.09837 0.40778 0.910 0.104 1242.247 0.02186
-0.04269 -0.00006 0.08874 0.09848 0.40890 0.994 0.109 1242.277 0.02189
-0.04274 -0.00006 0.08885 0.09859 0.41002 0.899 0.111 1242.307 0.02191
-0.04279 -0.00006 0.08895 0.09870 0.41113 0.730 0.108 1242.337 0.02194
-0.04283 -0.00006 0.08905 0.09882 0.41225 1.046 0.112 1242.367 0.02196
-0.04288 -0.00006 0.08915 0.09893 0.41336 1.131 0.116 1242.397 0.02199
-0.04293 -0.00006 0.08925 0.09904 0.41448 0.899 0.117 1242.426 0.02201
-0.04298 -0.00006 0.08935 0.09915 0.41559 0.786 0.104 1242.456 0.02203
-0.04303 -0.00006 0.08945 0.09927 0.41671 0.908 0.111 1242.486 0.02206
-0.04308 -0.00006 0.08956 0.09938 0.41783 0.645 0.102 1242.516 0.02208
-0.04313 -0.00006 0.08966 0.09949 0.41894 0.788 0.104 1242.546 0.02211
-0.04318 -0.00006 0.08976 0.09960 0.42006 0.938 0.113 1242.576 0.02213
-0.04322 -0.00006 0.08986 0.09972 0.42117 0.990 0.115 1242.606 0.02216
-0.04327 -0.00006 0.08996 0.09983 0.42229 0.934 0.112 1242.636 0.02218
-0.04332 -0.00006 0.09006 0.09994 0.42341 0.823 0.106 1242.666 0.02221
-0.04337 -0.00006 0.09016 0.10005 0.42452 0.771 0.110 1242.695 0.02223
-0.04342 -0.00006 0.09027 0.10017 0.42564 0.989 0.109 1242.725 0.02226
-0.04347 -0.00006 0.09037 0.10028 0.42675 1.026 0.110 1242.755 0.02228
-0.04352 -0.00006 0.09047 0.10039 0.42787 1.155 0.111 1242.785 0.02230
-0.04357 -0.00006 0.09057 0.10050 0.42899 0.955 0.107 1242.815 0.02233
-0.04361 -0.00006 0.09067 0.10062 0.43010 1.047 0.112 1242.845 0.02235
-0.04366 -0.00006 0.09077 0.10073 0.43122 0.892 0.109 1242.875 0.02238
-0.04371 -0.00006 0.09087 0.10084 0.43233 1.079 0.113 1242.905 0.02240
-0.04376 -0.00006 0.09097 0.10095 0.43345 0.925 0.105 1242.935 0.02243
-0.04381 -0.00006 0.09108 0.10107 0.43457 0.894 0.110 1242.964 0.02245
-0.04386 -0.00006 0.09118 0.10118 0.43568 0.931 0.112 1242.994 0.02248
-0.04391 -0.00006 0.09128 0.10129 0.43680 1.015 0.110 1243.024 0.02250
-0.04396 -0.00006 0.09138 0.10140 0.43792 1.036 0.111 1243.054 0.02253
-0.04401 -0.00006 0.09148 0.10152 0.43903 0.690 0.105 1243.084 0.02255
-0.04405 -0.00006 0.09158 0.10163 0.44015 0.826 0.113 1243.114 0.02258
-0.04410 -0.00006 0.09168 0.10174 0.44127 0.553 0.096 1243.144 0.02260
-0.04415 -0.00006 0.09179 0.10185 0.44238 0.709 0.106 1243.174 0.02262
-0.04420 -0.00006 0.09189 0.10197 0.44350 0.782 0.110 1243.204 0.02265
-0.04425 -0.00006 0.09199 0.10208 0.44462 0.949 0.113 1243.234 0.02267
-0.04430 -0.00006 0.09209 0.10219 0.44573 0.687 0.105 1243.263 0.02270
-0.04435 -0.00006 0.09219 0.10230 0.44685 1.074 0.113 1243.293 0.02272
-0.04440 -0.00006 0.09229 0.10242 0.44797 1.053 0.112 1243.323 0.02275
-0.04444 -0.00006 0.09239 0.10253 0.44908 1.074 0.112 1243.353 0.02277
-0.04449 -0.00006 0.09250 0.10264 0.45020 0.959 0.107 1243.383 0.02280
-0.04454 -0.00006 0.09260 0.10275 0.45132 1.001 0.109 1243.413 0.02282
-0.04459 -0.00006 0.09270 0.10287 0.45243 1.158 0.116 1243.443 0.02285
-0.04464 -0.00006 0.09280 0.10298 0.45355 1.011 0.109 1243.473 0.02287
-0.04469 -0.00006 0.09290 0.10309 0.45467 1.063 0.106 1243.503 0.02289
-0.04474 -0.00006 0.09300 0.10320 0.45579 1.032 0.104 1243.532 0.02292
-0.04479 -0.00006 0.09311 0.10332 0.45690 1.032 0.117 1243.562 0.02294
-0.04483 -0.00006 0.09321 0.10343 0.45802 0.927 0.111 1243.592 0.02297
-0.04488 -0.00006 0.09331 0.10354 0.45914 1.032 0.104 1243.622 0.02299
-0.04493 -0.00006 0.09341 0.10365 0.46026 1.021 0.110 1243.652 0.02302
-0.04498 -0.00006 0.09351 0.10377 0.46137 0.907 0.111 1243.682 0.02304
-0.04503 -0.00006 0.09361 0.10388 0.46249 0.981 0.114 1243.712 0.02307
-0.04508 -0.00006 0.09371 0.10399 0.46361 1.044 0.111 1243.742 0.02309
-0.04513 -0.00006 0.09382 0.10411 0.46472 0.980 0.108 1243.772 0.02312
-0.04518 -0.00006 0.09392 0.10422 0.46584 1.294 0.117 1243.801 0.02314
-0.04523 -0.00006 0.09402 0.10433 0.46696 1.230 0.114 1243.831 0.02317
-0.04527 -0.00006 0.09412 0.10444 0.46808 1.032 0.111 1243.861 0.02319
-0.04532 -0.00006 0.09422 0.10456 0.46920 1.167 0.117 1243.891 0.02321
-0.04537 -0.00006 0.09432 0.10467 0.47031 1.032 0.111 1243.921 0.02324
-0.04542 -0.00006 0.09442 0.10478 0.47143 1.230 0.114 1243.951 0.02326
-0.04547 -0.00006 0.09453 0.10489 0.47255 0.854 0.101 1243.981 0.02329
-0.04552 -0.00006 0.09463 0.10501 0.47367 1.053 0.112 1244.011 0.02331
-0.04557 -0.00006 0.09473 0.10512 0.47478 0.938 0.106 1244.041 0.02334
-0.04562 -0.00006 0.09483 0.10523 0.47590 0.990 0.102 1244.071 0.02336
-0.04566 -0.00006 0.09493 0.10534 0.47702 0.802 0.111 1244.100 0.02339
-0.04571 -0.00006 0.09503 0.10546 0.47814 0.927 0.105 1244.130 0.02341
-0.04576 -0.00006 0.09514 0.10557 0.47926 1.021 0.110 1244.160 0.02344
-0.04581 -0.00006 0.09524 0.10568 0.48037 0.916 0.111 1244.190 0.02346
-0.04586 -0.00006 0.09534 0.10580 0.48149 0.948 0.112 1244.220 0.02348
-0.04591 -0.00006 0.09544 0.10591 0.48261 0.968 0.114 1244.250 0.02351
-0.04596 -0.00006 0.09554 0.10602 0.48373 0.781 0.110 1244.280 0.02353
-0.04601 -0.00006 0.09564 0.10613 0.48485 0.896 0.110 1244.310 0.02356
-0.04606 -0.00006 0.09574 0.10625 0.48596 0.958 0.107 1244.340 0.02358
-0.04610 -0.00006 0.09585 0.10636 0.48708 1.094 0.113 1244.369 0.02361
-0.04615 -0.00006 0.09595 0.10647 0.48820 0.989 0.108 1244.399 0.02363
-0.04620 -0.00006 0.09605 0.10658 0.48932 0.958 0.106 1244.429 0.02366
-0.04625 -0.00006 0.09615 0.10670 0.49044 1.135 0.109 1244.459 0.02368
-0.04630 -0.00006 0.09625 0.10681 0.49156 0.989 0.108 1244.489 0.02371
-0.04635 -0.00006 0.09635 0.10692 0.49267 1.114 0.114 1244.519 0.02373
-0.04640 -0.00006 0.09646 0.10704 0.49379 0.850 0.114 1244.549 0.02376
-0.04645 -0.00006 0.09656 0.10715 0.49491 1.112 0.108 1244.579 0.02378
-0.04650 -0.00006 0.09666 0.10726 0.49603 1.109 0.108 1244.609 0.02380
-0.04654 -0.00006 0.09676 0.10737 0.49715 1.183 0.111 1244.638 0.02383
-0.04659 -0.00006 0.09686 0.10749 0.49827 0.905 0.103 1244.668 0.02385
-0.04664 -0.00006 0.09696 0.10760 0.49939 0.921 0.105 1244.698 0.02388
-0.04669 -0.00006 0.09707 0.10771 0.50051 1.154 0.116 1244.728 0.02390
-0.04674 -0.00006 0.09717 0.10782 0.50162 1.052 0.112 1244.758 0.02393
-0.04679 -0.00006 0.09727 0.10794 0.50274 1.075 0.113 1244.788 0.02395
-0.04684 -0.00006 0.09737 0.10805 0.50386 0.936 0.111 1244.818 0.02398
-0.04689 -0.00006 0.09747 0.10816 0.50498 0.983 0.108 1244.848 0.02400
-0.04694 -0.00006 0.09757 0.10828 0.50610 1.030 0.111 1244.878 0.02403
-0.04698 -0.00006 0.09768 0.10839 0.50722 1.095 0.113 1244.907 0.02405
-0.04703 -0.00006 0.09778 0.10850 0.50834 1.256 0.115 1244.937 0.02408
-0.04708 -0.00006 0.09788 0.10861 0.50946 1.126 0.109 1244.967 0.02410
-0.04713 -0.00006 0.09798 0.10873 0.51058 0.979 0.108 1244.997 0.02412
-0.04718 -0.00006 0.09808 0.10884 0.51169 1.246 0.114 1245.027 0.02415
-0.04723 -0.00006 0.09818 0.10895 0.51281 1.016 0.109 1245.057 0.02417
-0.04728 -0.00006 0.09829 0.10907 0.51393 1.003 0.115 1245.087 0.02420
-0.04733 -0.00006 0.09839 0.10918 0.51505 0.909 0.110 1245.117 0.02422
-0.04738 -0.00006 0.09849 0.10929 0.51617 1.033 0.111 1245.147 0.02425
-0.04742 -0.00006 0.09859 0.10940 0.51729 1.075 0.112 1245.177 0.02427
-0.04747 -0.00006 0.09869 0.10952 0.51841 0.909 0.117 1245.206 0.02430
-0.04752 -0.00006 0.09879 0.10963 0.51953 0.898 0.109 1245.236 0.02432
-0.04757 -0.00006 0.09890 0.10974 0.52065 1.063 0.105 1245.266 0.02435
-0.04762 -0.00006 0.09900 0.10985 0.52177 1.032 0.104 1245.296 0.02437
-0.04767 -0.00006 0.09910 0.10997 0.52289 1.063 0.105 1245.326 0.02439
-0.04772 -0.00006 0.09920 0.11008 0.52401 1.115 0.108 1245.356 0.02442
-0.04777 -0.00006 0.09930 0.11019 0.52513 1.281 0.116 1245.386 0.02444
-0.04782 -0.00006 0.09940 0.11031 0.52625 0.918 0.117 1245.416 0.02447
-0.04786 -0.00006 0.09951 0.11042 0.52737 1.062 0.105 1245.446 0.02449
-0.04791 -0.00006 0.09961 0.11053 0.52849 1.073 0.112 1245.475 0.02452
-0.04796 -0.00006 0.09971 0.11064 0.52961 0.948 0.106 1245.505 0.02454
-0.04801 -0.00006 0.09981 0.11076 0.53073 0.968 0.107 1245.535 0.02457
-0.04806 -0.00006 0.09991 0.11087 0.53185 0.905 0.110 1245.565 0.02459
-0.04811 -0.00006 0.10001 0.11098 0.53297 0.956 0.112 1245.595 0.02462
-0.04816 -0.00006 0.10012 0.11110 0.53409 1.060 0.111 1245.625 0.02464
-0.04821 -0.00006 0.10022 0.11121 0.53521 1.010 0.115 1245.655 0.02467
-0.04826 -0.00007 0.10032 0.11132 0.53633 1.041 0.104 1245.685 0.02469
-0.04831 -0.00007 0.10042 0.11144 0.53745 1.040 0.110 1245.715 0.02471
-0.04835 -0.00007 0.10052 0.11155 0.53857 0.978 0.107 1245.744 0.02474
-0.04840 -0.00007 0.10062 0.11166 0.53969 1.050 0.111 1245.774 0.02476
-0.04845 -0.00007 0.10073 0.11177 0.54081 0.874 0.108 1245.804 0.02479
-0.04850 -0.00007 0.10083 0.11189 0.54193 0.832 0.113 1245.834 0.02481
-0.04855 -0.00007 0.10093 0.11200 0.54305 0.895 0.116 1245.864 0.02484
-0.04860 -0.00007 0.10103 0.11211 0.54417 1.165 0.110 1245.894 0.02486
-0.04865 -0.00007 0.10113 0.11223 0.54529 1.001 0.108 1245.924 0.02489
-0.04870 -0.00007 0.10124 0.11234 0.54641 0.814 0.111 1245.954 0.02491
-0.04875 -0.00007 0.10134 0.11245 0.54753 1.103 0.107 1245.984 0.02494
-0.04879 -0.00007 0.10144 0.11256 0.54865 0.730 0.107 1246.014 0.02496
-0.04884 -0.00007 0.10154 0.11268 0.54977 0.761 0.108 1246.043 0.02498
-0.04889 -0.00007 0.10164 0.11279 0.55089 0.512 0.092 1246.073 0.02501
-0.04894 -0.00007 0.10174 0.11290 0.55201 0.553 0.095 1246.103 0.02503
-0.04899 -0.00007 0.10185 0.11302 0.55313 0.575 0.097 1246.133 0.02506
-0.04904 -0.00007 0.10195 0.11313 0.55425 0.523 0.093 1246.163 0.02508
-0.04909 -0.00007 0.10205 0.11324 0.55537 0.813 0.111 1246.193 0.02511
-0.04914 -0.00007 0.10215 0.11335 0.55649 0.948 0.106 1246.223 0.02513
-0.04919 -0.00007 0.10225 0.11347 0.55761 0.917 0.103 1246.253 0.02516
-0.04924 -0.00007 0.10235 0.11358 0.55873 0.989 0.107 1246.283 0.02518
-0.04928 -0.00007 0.10246 0.11369 0.55986 0.989 0.108 1246.312 0.02521
-0.04933 -0.00007 0.10256 0.11381 0.56098 1.072 0.106 1246.342 0.02523
-0.04938 -0.00007 0.10266 0.11392 0.56210 1.020 0.109 1246.372 0.02526
-0.04943 -0.00007 0.10276 0.11403 0.56322 1.092 0.112 1246.402 0.02528
-0.04948 -0.00007 0.10286 0.11415 0.56434 1.019 0.115 1246.432 0.02530
-0.04953 -0.00007 0.10297 0.11426 0.56546 0.988 0.107 1246.462 0.02533
-0.04958 -0.00007 0.10307 0.11437 0.56658 0.927 0.105 1246.492 0.02535
-0.04963 -0.00007 0.10317 0.11448 0.56770 0.886 0.102 1246.522 0.02538
-0.04968 -0.00007 0.10327 0.11460 0.56882 1.071 0.106 1246.552 0.02540
-0.04973 -0.00007 0.10337 0.11471 0.56994 0.979 0.107 1246.581 0.02543
-0.04977 -0.00007 0.10347 0.11482 0.57107 0.886 0.102 1246.611 0.02545
-0.04982 -0.00007 0.10358 0.11494 0.57219 0.978 0.113 1246.641 0.02548
-0.04987 -0.00007 0.10368 0.11505 0.57331 1.205 0.112 1246.671 0.02550
-0.04992 -0.00007 0.10378 0.11516 0.57443 1.205 0.112 1246.701 0.02553
-0.04997 -0.00007 0.10388 0.11528 0.57555 1.112 0.113 1246.731 0.02555
-0.05002 -0.00007 0.10398 0.11539 0.57667 1.246 0.114 1246.761 0.02558
-0.05007 -0.00007 0.10409 0.11550 0.57779 0.895 0.109 1246.791 0.02560
-0.05012 -0.00007 0.10419 0.11562 0.57892 0.926 0.105 1246.821 0.02562
-0.05017 -0.00007 0.10429 0.11573 0.58004 0.967 0.112 1246.850 0.02565
-0.05022 -0.00007 0.10439 0.11584 0.58116 1.276 0.115 1246.880 0.02567
-0.05026 -0.00007 0.10449 0.11595 0.58228 0.853 0.113 1246.910 0.02570
-0.05031 -0.00007 0.10460 0.11607 0.58340 0.894 0.109 1246.940 0.02572
-0.05036 -0.00007 0.10470 0.11618 0.58452 1.019 0.103 1246.970 0.02575
-0.05041 -0.00007 0.10480 0.11629 0.58565 1.039 0.110 1247.000 0.02577
-0.05046 -0.00007 0.10490 0.11641 0.58677 1.030 0.115 1247.030 0.02580
-0.05051 -0.00007 0.10500 0.11652 0.58789 0.947 0.112 1247.060 0.02582
-0.05056 -0.00007 0.10510 0.11663 0.58901 0.988 0.108 1247.090 0.02585
-0.05061 -0.00007 0.10521 0.11675 0.59013 1.039 0.110 1247.120 0.02587
-0.05066 -0.00007 0.10531 0.11686 0.59126 0.905 0.103 1247.149 0.02589
-0.05071 -0.00007 0.10541 0.11697 0.59238 0.626 0.100 1247.179 0.02592
-0.05075 -0.00007 0.10551 0.11709 0.59350 0.873 0.108 1247.209 0.02594
-0.05080 -0.00007 0.10561 0.11720 0.59462 0.719 0.105 1247.239 0.02597
-0.05085 -0.00007 0.10572 0.11731 0.59574 0.781 0.102 1247.269 0.02599
-0.05090 -0.00007 0.10582 0.11742 0.59687 0.874 0.101 1247.299 0.02602
-0.05095 -0.00007 0.10592 0.11754 0.59799 0.770 0.102 1247.329 0.02604
-0.05100 -0.00007 0.10602 0.11765 0.59911 1.110 0.113 1247.359 0.02607
-0.05105 -0.00007 0.10612 0.11776 0.60023 1.039 0.110 1247.389 0.02609
-0.05110 -0.00007 0.10623 0.11788 0.60135 0.884 0.108 1247.418 0.02612
-0.05115 -0.00007 0.10633 0.11799 0.60248 0.874 0.107 1247.448 0.02614
-0.05120 -0.00007 0.10643 0.11810 0.60360 1.006 0.108 1247.478 0.02617
-0.05124 -0.00007 0.10653 0.11822 0.60472 1.157 0.109 1247.508 0.02619
-0.05129 -0.00007 0.10663 0.11833 0.60584 0.850 0.107 1247.538 0.02621
-0.05134 -0.00007 0.10674 0.11844 0.60697 1.038 0.110 1247.568 0.02624
-0.05139 -0.00007 0.10684 0.11856 0.60809 0.840 0.106 1247.598 0.02626
-0.05144 -0.00007 0.10694 0.11867 0.60921 1.084 0.112 1247.628 0.02629
-0.05149 -0.00007 0.10704 0.11878 0.61033 1.112 0.113 1247.658 0.02631
-0.05154 -0.00007 0.10714 0.11890 0.61146 0.951 0.112 1247.687 0.02634
-0.05159 -0.00007 0.10725 0.11901 0.61258 0.976 0.107 1247.717 0.02636
-0.05164 -0.00007 0.10735 0.11912 0.61370 1.087 0.112 1247.747 0.02639
-0.05169 -0.00007 0.10745 0.11923 0.61483 0.956 0.106 1247.777 0.02641
-0.05174 -0.00007 0.10755 0.11935 0.61595 1.039 0.104 1247.807 0.02644
-0.05178 -0.00007 0.10765 0.11946 0.61707 1.013 0.109 1247.837 0.02646
-0.05183 -0.00007 0.10776 0.11957 0.61819 1.052 0.111 1247.867 0.02648
-0.05188 -0.00007 0.10786 0.11969 0.61932 1.061 0.105 1247.897 0.02651
-0.05193 -0.00007 0.10796 0.11980 0.62044 1.029 0.110 1247.927 0.02653
-0.05198 -0.00007 0.10806 0.11991 0.62156 1.267 0.114 1247.957 0.02656
-0.05203 -0.00007 0.10816 0.12003 0.62269 0.903 0.109 1247.986 0.02658
-0.05208 -0.00007 0.10827 0.12014 0.62381 1.190 0.111 1248.016 0.02661
-0.05213 -0.00007 0.10837 0.12025 0.62493 0.988 0.107 1248.046 0.02663
-0.05218 -0.00007 0.10847 0.12037 0.62606 1.028 0.109 1248.076 0.02666
-0.05223 -0.00007 0.10857 0.12048 0.62718 0.658 0.101 1248.106 0.02668
-0.05227 -0.00007 0.10867 0.12059 0.62830 0.610 0.099 1248.136 0.02671
-0.05232 -0.00007 0.10878 0.12071 0.62943 0.519 0.092 1248.166 0.02673
-0.05237 -0.00007 0.10888 0.12082 0.63055 0.438 0.087 1248.196 0.02676
-0.05242 -0.00007 0.10898 0.12093 0.63167 0.308 0.076 1248.226 0.02678
-0.05247 -0.00007 0.10908 0.12105 0.63280 0.362 0.081 1248.255 0.02680
-0.05252 -0.00007 0.10918 0.12116 0.63392 0.342 0.079 1248.285 0.02683
-0.05257 -0.00007 0.10929 0.12127 0.63504 0.257 0.072 1248.315 0.02685
-0.05262 -0.00007 0.10939 0.12139 0.63617 0.379 0.082 1248.345 0.02688
-0.05267 -0.00007 0.10949 0.12150 0.63729 0.446 0.087 1248.375 0.02690
-0.05272 -0.00007 0.10959 0.12161 0.63841 0.339 0.079 1248.405 0.02693
-0.05277 -0.00007 0.10969 0.12173 0.63954 0.303 0.075 1248.435 0.02695
-0.05281 -0.00007 0.10980 0.12184 0.64066 0.379 0.082 1248.465 0.02698
-0.05286 -0.00007 0.10990 0.12195 0.64178 0.395 0.083 1248.495 0.02700
-0.05291 -0.00007 0.11000 0.12207 0.64291 0.371 0.081 1248.524 0.02703
-0.05296 -0.00007 0.11010 0.12218 0.64403 0.527 0.092 1248.554 0.02705
-0.05301 -0.00007 0.11020 0.12229 0.64516 0.575 0.096 1248.584 0.02707
-0.05306 -0.00007 0.11031 0.12241 0.64628 0.646 0.100 1248.614 0.02710
-0.05311 -0.00007 0.11041 0.12252 0.64740 0.451 0.087 1248.644 0.02712
-0.05316 -0.00007 0.11051 0.12263 0.64853 0.532 0.093 1248.674 0.02715
-0.05321 -0.00007 0.11061 0.12275 0.64965 0.584 0.096 1248.704 0.02717
-0.05326 -0.00007 0.11072 0.12286 0.65078 0.604 0.098 1248.734 0.02720
-0.05331 -0.00007 0.11082 0.12297 0.65190 0.626 0.099 1248.764 0.02722
-0.05336 -0.00007 0.11092 0.12308 0.65302 0.370 0.080 1248.793 0.02725
-0.05340 -0.00007 0.11102 0.12320 0.65415 0.340 0.078 1248.823 0.02727
-0.05345 -0.00007 0.11112 0.12331 0.65527 0.369 0.080 1248.853 0.02730
-0.05350 -0.00007 0.11123 0.12342 0.65640 0.410 0.084 1248.883 0.02732
-0.05355 -0.00007 0.11133 0.12354 0.65752 0.409 0.084 1248.913 0.02735
-0.05360 -0.00007 0.11143 0.12365 0.65865 0.603 0.098 1248.943 0.02737
-0.05365 -0.00007 0.11153 0.12376 0.65977 0.510 0.091 1248.973 0.02739
-0.05370 -0.00007 0.11163 0.12388 0.66089 0.634 0.092 1249.003 0.02742
-0.05375 -0.00007 0.11174 0.12399 0.66202 0.449 0.087 1249.033 0.02744
-0.05380 -0.00007 0.11184 0.12410 0.66314 0.439 0.086 1249.063 0.02747
-0.05385 -0.00007 0.11194 0.12422 0.66427 0.623 0.099 1249.092 0.02749
-0.05390 -0.00007 0.11204 0.12433 0.66539 0.808 0.104 1249.122 0.02752
-0.05394 -0.00007 0.11215 0.12444 0.66652 0.716 0.098 1249.152 0.02754
-0.05399 -0.00007 0.11225 0.12456 0.66764 0.593 0.097 1249.182 0.02757
-0.05404 -0.00007 0.11235 0.12467 0.66877 0.838 0.105 1249.212 0.02759
-0.05409 -0.00007 0.11245 0.12479 0.66989 0.880 0.107 1249.242 0.02762
-0.05414 -0.00007 0.11255 0.12490 0.67102 0.890 0.108 1249.272 0.02764
-0.05419 -0.00007 0.11266 0.12501 0.67214 0.807 0.103 1249.302 0.02767
-0.05424 -0.00007 0.11276 0.12513 0.67327 1.124 0.108 1249.332 0.02769
-0.05429 -0.00007 0.11286 0.12524 0.67439 0.929 0.110 1249.361 0.02771
-0.05434 -0.00007 0.11296 0.12535 0.67551 0.981 0.100 1249.391 0.02774
-0.05439 -0.00007 0.11306 0.12547 0.67664 1.093 0.118 1249.421 0.02776
-0.05444 -0.00007 0.11317 0.12558 0.67776 1.062 0.110 1249.451 0.02779
-0.05449 -0.00007 0.11327 0.12569 0.67889 0.960 0.106 1249.481 0.02781
-0.05453 -0.00007 0.11337 0.12581 0.68002 1.103 0.106 1249.511 0.02784
-0.05458 -0.00007 0.11347 0.12592 0.68114 1.011 0.108 1249.541 0.02786
-0.05463 -0.00007 0.11358 0.12603 0.68227 1.153 0.109 1249.571 0.02789
-0.05468 -0.00007 0.11368 0.12615 0.68339 0.958 0.105 1249.601 0.02791
-0.05473 -0.00007 0.11378 0.12626 0.68452 0.958 0.105 1249.630 0.02794
-0.05478 -0.00007 0.11388 0.12637 0.68564 0.877 0.100 1249.660 0.02796
-0.05483 -0.00007 0.11398 0.12649 0.68677 1.204 0.111 1249.690 0.02798
-0.05488 -0.00007 0.11409 0.12660 0.68789 0.917 0.104 1249.720 0.02801
-0.05493 -0.00007 0.11419 0.12671 0.68902 1.152 0.109 1249.750 0.02803
-0.05498 -0.00007 0.11429 0.12683 0.69014 1.050 0.110 1249.780 0.02806
-0.05503 -0.00007 0.11439 0.12694 0.69127 0.978 0.106 1249.810 0.02808
-0.05508 -0.00007 0.11450 0.12705 0.69239 0.928 0.104 1249.840 0.02811
-0.05512 -0.00007 0.11460 0.12717 0.69352 1.040 0.109 1249.870 0.02813
-0.05517 -0.00007 0.11470 0.12728 0.69464 1.061 0.110 1249.900 0.02816
-0.05522 -0.00007 0.11480 0.12739 0.69577 0.959 0.105 1249.929 0.02818
-0.05527 -0.00007 0.11490 0.12751 0.69690 0.899 0.109 1249.959 0.02821
-0.05532 -0.00007 0.11501 0.12762 0.69802 1.276 0.114 1249.989 0.02823
-0.05537 -0.00007 0.11511 0.12773 0.69915 1.133 0.108 1250.019 0.02826
-0.05542 -0.00007 0.11521 0.12785 0.70027 1.051 0.110 1250.049 0.02828
-0.05547 -0.00007 0.11531 0.12796 0.70140 0.867 0.106 1250.079 0.02830
-0.05552 -0.00007 0.11542 0.12807 0.70253 1.010 0.108 1250.109 0.02833
-0.05557 -0.00007 0.11552 0.12819 0.70365 0.785 0.102 1250.139 0.02835
-0.05562 -0.00007 0.11562 0.12830 0.70478 0.734 0.105 1250.169 0.02838
-0.05567 -0.00008 0.11572 0.12841 0.70590 0.581 0.096 1250.198 0.02840
-0.05571 -0.00008 0.11582 0.12853 0.70703 0.295 0.073 1250.228 0.02843
-0.05576 -0.00008 0.11593 0.12864 0.70816 0.336 0.078 1250.258 0.02845
-0.05581 -0.00008 0.11603 0.12876 0.70928 0.326 0.076 1250.288 0.02848
-0.05586 -0.00008 0.11613 0.12887 0.71041 0.480 0.088 1250.318 0.02850
-0.05591 -0.00008 0.11623 0.12898 0.71153 0.592 0.097 1250.348 0.02853
-0.05596 -0.00008 0.11634 0.12910 0.71266 0.541 0.093 1250.378 0.02855
-0.05601 -0.00008 0.11644 0.12921 0.71379 0.582 0.096 1250.408 0.02857
-0.05606 -0.00008 0.11654 0.12932 0.71491 0.470 0.088 1250.438 0.02860
-0.05611 -0.00008 0.11664 0.12944 0.71604 0.500 0.090 1250.467 0.02862
-0.05616 -0.00008 0.11675 0.12955 0.71717 0.439 0.086 1250.497 0.02865
-0.05621 -0.00008 0.11685 0.12966 0.71829 0.561 0.094 1250.527 0.02867
-0.05626 -0.00008 0.11695 0.12978 0.71942 0.673 0.102 1250.557 0.02870
-0.05631 -0.00008 0.11705 0.12989 0.72054 0.673 0.102 1250.587 0.02872
-0.05635 -0.00008 0.11715 0.13000 0.72167 0.704 0.103 1250.617 0.02875
-0.05640 -0.00008 0.11726 0.13012 0.72280 0.714 0.104 1250.647 0.02877
-0.05645 -0.00008 0.11736 0.13023 0.72392 0.785 0.108 1250.677 0.02880
-0.05650 -0.00008 0.11746 0.13035 0.72505 0.572 0.095 1250.707 0.02882
-0.05655 -0.00008 0.11756 0.13046 0.72618 0.572 0.095 1250.737 0.02885
-0.05660 -0.00008 0.11767 0.13057 0.72730 0.551 0.094 1250.766 0.02887
-0.05665 -0.00008 0.11777 0.13069 0.72843 0.734 0.105 1250.796 0.02889
-0.05670 -0.00008 0.11787 0.13080 0.72956 0.520 0.092 1250.826 0.02892
-0.05675 -0.00008 0.11797 0.13091 0.73068 0.576 0.096 1250.856 0.02894
-0.05680 -0.00008 0.11808 0.13103 0.73181 0.427 0.086 1250.886 0.02897
-0.05685 -0.00008 0.11818 0.13114 0.73294 0.614 0.098 1250.916 0.02899
-0.05690 -0.00008 0.11828 0.13125 0.73407 0.587 0.096 1250.946 0.02902
-0.05695 -0.00008 0.11838 0.13137 0.73519 0.731 0.105 1250.976 0.02904
-0.05699 -0.00008 0.11849 0.13148 0.73632 0.923 0.110 1251.006 0.02907
-0.05704 -0.00008 0.11859 0.13159 0.73745 1.021 0.102 1251.035 0.02909
-0.05709 -0.00008 0.11869 0.13171 0.73857 1.091 0.111 1251.065 0.02912
-0.05714 -0.00008 0.11879 0.13182 0.73970 1.191 0.110 1251.095 0.02914
-0.05719 -0.00008 0.11890 0.13194 0.74083 1.152 0.109 1251.125 0.02917
-0.05724 -0.00008 0.11900 0.13205 0.74196 0.802 0.109 1251.155 0.02919
-0.05729 -0.00008 0.11910 0.13216 0.74308 0.898 0.108 1251.185 0.02921
-0.05734 -0.00008 0.11920 0.13228 0.74421 0.809 0.103 1251.215 0.02924
-0.05739 -0.00008 0.11930 0.13239 0.74534 0.719 0.104 1251.245 0.02926
-0.05744 -0.00008 0.11941 0.13250 0.74647 1.020 0.102 1251.275 0.02929
-0.05749 -0.00008 0.11951 0.13262 0.74759 0.708 0.104 1251.304 0.02931
-0.05754 -0.00008 0.11961 0.13273 0.74872 0.639 0.108 1251.334 0.02934
-0.05759 -0.00008 0.11971 0.13284 0.74985 0.809 0.110 1251.364 0.02936
-0.05763 -0.00008 0.11982 0.13296 0.75098 0.610 0.097 1251.394 0.02939
-0.05768 -0.00008 0.11992 0.13307 0.75210 0.680 0.107 1251.424 0.02941
-0.05773 -0.00008 0.12002 0.13319 0.75323 1.067 0.110 1251.454 0.02944
-0.05778 -0.00008 0.12012 0.13330 0.75436 1.046 0.109 1251.484 0.02946
-0.05783 -0.00008 0.12023 0.13341 0.75549 0.884 0.113 1251.514 0.02948
-0.05788 -0.00008 0.12033 0.13353 0.75661 0.924 0.110 1251.544 0.02951
-0.05793 -0.00008 0.12043 0.13364 0.75774 0.944 0.098 1251.573 0.02953
-0.05798 -0.00008 0.12053 0.13375 0.75887 1.003 0.119 1251.603 0.02956
-0.05803 -0.00008 0.12064 0.13387 0.76000 1.157 0.109 1251.633 0.02958
-0.05808 -0.00008 0.12074 0.13398 0.76113 0.985 0.100 1251.663 0.02961
-0.05813 -0.00008 0.12084 0.13409 0.76225 1.259 0.113 1251.693 0.02963
-0.05818 -0.00008 0.12094 0.13421 0.76338 1.086 0.105 1251.723 0.02966
-0.05823 -0.00008 0.12105 0.13432 0.76451 0.934 0.104 1251.753 0.02968
-0.05828 -0.00008 0.12115 0.13444 0.76564 1.106 0.112 1251.783 0.02971
-0.05832 -0.00008 0.12125 0.13455 0.76677 1.106 0.106 1251.813 0.02973
-0.05837 -0.00008 0.12135 0.13466 0.76789 1.015 0.107 1251.843 0.02976
-0.05842 -0.00008 0.12146 0.13478 0.76902 1.066 0.110 1251.872 0.02978
-0.05847 -0.00008 0.12156 0.13489 0.77015 1.157 0.109 1251.902 0.02980
-0.05852 -0.00008 0.12166 0.13500 0.77128 0.863 0.105 1251.932 0.02983
-0.05857 -0.00008 0.12176 0.13512 0.77241 1.035 0.109 1251.962 0.02985
-0.05862 -0.00008 0.12187 0.13523 0.77353 1.045 0.109 1251.992 0.02988
-0.05867 -0.00008 0.12197 0.13535 0.77466 1.197 0.110 1252.022 0.02990
-0.05872 -0.00008 0.12207 0.13546 0.77579 0.994 0.107 1252.052 0.02993
-0.05877 -0.00008 0.12217 0.13557 0.77692 1.015 0.102 1252.082 0.02995
-0.05882 -0.00008 0.12228 0.13569 0.77805 1.034 0.108 1252.112 0.02998
-0.05887 -0.00008 0.12238 0.13580 0.77918 0.983 0.106 1252.141 0.03000
-0.05892 -0.00008 0.12248 0.13591 0.78031 1.115 0.107 1252.171 0.03003
-0.05897 -0.00008 0.12258 0.13603 0.78143 0.952 0.111 1252.201 0.03005
-0.05902 -0.00008 0.12269 0.13614 0.78256 0.972 0.106 1252.231 0.03007
-0.05906 -0.00008 0.12279 0.13626 0.78369 0.993 0.107 1252.261 0.03010
-0.05911 -0.00008 0.12289 0.13637 0.78482 1.024 0.108 1252.291 0.03012
-0.05916 -0.00008 0.12299 0.13648 0.78595 1.034 0.103 1252.321 0.03015
-0.05921 -0.00008 0.12310 0.13660 0.78708 1.044 0.109 1252.351 0.03017
-0.05926 -0.00008 0.12320 0.13671 0.78821 1.126 0.107 1252.381 0.03020
-0.05931 -0.00008 0.12330 0.13682 0.78934 1.065 0.104 1252.410 0.03022
-0.05936 -0.00008 0.12340 0.13694 0.79047 0.912 0.102 1252.440 0.03025
-0.05941 -0.00008 0.12351 0.13705 0.79159 1.105 0.112 1252.470 0.03027
-0.05946 -0.00008 0.12361 0.13717 0.79272 1.044 0.103 1252.500 0.03030
-0.05951 -0.00008 0.12371 0.13728 0.79385 0.933 0.109 1252.530 0.03032
-0.05956 -0.00008 0.12381 0.13739 0.79498 1.075 0.105 1252.560 0.03035
-0.05961 -0.00008 0.12392 0.13751 0.79611 1.135 0.108 1252.590 0.03037
-0.05966 -0.00008 0.12402 0.13762 0.79724 0.943 0.104 1252.620 0.03039
-0.05971 -0.00008 0.12412 0.13774 0.79837 1.033 0.103 1252.650 0.03042
-0.05976 -0.00008 0.12422 0.13785 0.79950 0.790 0.101 1252.680 0.03044
-0.05980 -0.00008 0.12433 0.13796 0.80063 1.246 0.113 1252.709 0.03047
-0.05985 -0.00008 0.12443 0.13808 0.80176 0.932 0.109 1252.739 0.03049
-0.05990 -0.00008 0.12453 0.13819 0.80289 1.043 0.109 1252.769 0.03052
-0.05995 -0.00008 0.12463 0.13830 0.80402 1.145 0.108 1252.799 0.03054
-0.06000 -0.00008 0.12474 0.13842 0.80515 0.902 0.108 1252.829 0.03057
-0.06005 -0.00008 0.12484 0.13853 0.80627 0.911 0.102 1252.859 0.03059
-0.06010 -0.00008 0.12494 0.13865 0.80740 0.942 0.110 1252.889 0.03062
-0.06015 -0.00008 0.12505 0.13876 0.80853 0.628 0.098 1252.919 0.03064
-0.06020 -0.00008 0.12515 0.13887 0.80966 0.497 0.090 1252.949 0.03067
-0.06025 -0.00008 0.12525 0.13899 0.81079 0.511 0.092 1252.978 0.03069
-0.06030 -0.00008 0.12535 0.13910 0.81192 0.616 0.098 1253.008 0.03071
-0.06035 -0.00008 0.12546 0.13922 0.81305 0.893 0.100 1253.038 0.03074
-0.06040 -0.00008 0.12556 0.13933 0.81418 1.169 0.115 1253.068 0.03076
-0.06045 -0.00008 0.12566 0.13944 0.81531 0.946 0.110 1253.098 0.03079
-0.06050 -0.00008 0.12576 0.13956 0.81644 0.969 0.105 1253.128 0.03081
-0.06054 -0.00008 0.12587 0.13967 0.81757 1.061 0.110 1253.158 0.03084
-0.06059 -0.00008 0.12597 0.13978 0.81870 0.920 0.103 1253.188 0.03086
-0.06064 -0.00008 0.12607 0.13990 0.81983 0.944 0.098 1253.218 0.03089
-0.06069 -0.00008 0.12617 0.14001 0.82096 0.837 0.104 1253.247 0.03091
-0.06074 -0.00008 0.12628 0.14013 0.82209 1.042 0.109 1253.277 0.03094
-0.06079 -0.00008 0.12638 0.14024 0.82322 0.911 0.108 1253.307 0.03096
-0.06084 -0.00008 0.12648 0.14035 0.82435 0.919 0.103 1253.337 0.03098
-0.06089 -0.00008 0.12658 0.14047 0.82548 0.871 0.106 1253.367 0.03101
-0.06094 -0.00008 0.12669 0.14058 0.82661 0.725 0.098 1253.397 0.03103
-0.06099 -0.00008 0.12679 0.14070 0.82774 0.400 0.083 1253.427 0.03106
-0.06104 -0.00008 0.12689 0.14081 0.82887 0.295 0.073 1253.457 0.03108
-0.06109 -0.00008 0.12700 0.14092 0.83000 0.182 0.062 1253.487 0.03111
-0.06114 -0.00008 0.12710 0.14104 0.83113 0.201 0.064 1253.516 0.03113
-0.06119 -0.00008 0.12720 0.14115 0.83226 0.253 0.069 1253.546 0.03116
-0.06124 -0.00008 0.12730 0.14127 0.83339 0.303 0.074 1253.576 0.03118
-0.06129 -0.00008 0.12741 0.14138 0.83453 0.383 0.081 1253.606 0.03121
-0.06133 -0.00008 0.12751 0.14149 0.83566 0.363 0.079 1253.636 0.03123
-0.06138 -0.00008 0.12761 0.14161 0.83679 0.120 0.054 1253.666 0.03126
-0.06143 -0.00008 0.12771 0.14172 0.83792 0.240 0.068 1253.696 0.03128
-0.06148 -0.00008 0.12782 0.14184 0.83905 0.170 0.061 1253.726 0.03130
-0.06153 -0.00008 0.12792 0.14195 0.84018 0.352 0.078 1253.756 0.03133
-0.06158 -0.00008 0.12802 0.14206 0.84131 0.514 0.091 1253.786 0.03135
-0.06163 -0.00008 0.12812 0.14218 0.84244 0.545 0.093 1253.815 0.03138
-0.06168 -0.00008 0.12823 0.14229 0.84357 0.535 0.092 1253.845 0.03140
-0.06173 -0.00008 0.12833 0.14241 0.84470 0.889 0.107 1253.875 0.03143
-0.06178 -0.00008 0.12843 0.14252 0.84583 0.879 0.100 1253.905 0.03145
-0.06183 -0.00008 0.12854 0.14263 0.84696 0.919 0.109 1253.935 0.03148
-0.06188 -0.00008 0.12864 0.14275 0.84809 0.959 0.110 1253.965 0.03150
-0.06193 -0.00008 0.12874 0.14286 0.84923 0.928 0.109 1253.995 0.03153
-0.06198 -0.00008 0.12884 0.14298 0.85036 1.020 0.108 1254.025 0.03155
-0.06203 -0.00008 0.12895 0.14309 0.85149 1.009 0.101 1254.055 0.03157
-0.06208 -0.00008 0.12905 0.14320 0.85262 1.050 0.103 1254.084 0.03160
-0.06213 -0.00008 0.12915 0.14332 0.85375 1.120 0.107 1254.114 0.03162
-0.06217 -0.00008 0.12925 0.14343 0.85488 1.150 0.108 1254.144 0.03165
-0.06222 -0.00008 0.12936 0.14355 0.85601 1.028 0.108 1254.174 0.03167
-0.06227 -0.00008 0.12946 0.14366 0.85714 1.018 0.108 1254.204 0.03170
-0.06232 -0.00008 0.12956 0.14377 0.85827 1.068 0.104 1254.234 0.03172
-0.06237 -0.00008 0.12967 0.14389 0.85941 1.382 0.118 1254.264 0.03175
-0.06242 -0.00008 0.12977 0.14400 0.86054 0.997 0.106 1254.294 0.03177
-0.06247 -0.00008 0.12987 0.14412 0.86167 0.947 0.110 1254.324 0.03180
-0.06252 -0.00008 0.12997 0.14423 0.86280 0.937 0.104 1254.353 0.03182
-0.06257 -0.00008 0.13008 0.14434 0.86393 0.896 0.108 1254.383 0.03185
-0.06262 -0.00008 0.13018 0.14446 0.86506 1.149 0.108 1254.413 0.03187
-0.06267 -0.00008 0.13028 0.14457 0.86620 0.926 0.103 1254.443 0.03189
-0.06272 -0.00008 0.13039 0.14469 0.86733 1.128 0.107 1254.473 0.03192
-0.06277 -0.00008 0.13049 0.14480 0.86846 1.108 0.106 1254.503 0.03194
-0.06282 -0.00008 0.13059 0.14491 0.86959 1.047 0.103 1254.533 0.03197
-0.06287 -0.00008 0.13069 0.14503 0.87072 1.037 0.108 1254.563 0.03199
-0.06292 -0.00008 0.13080 0.14514 0.87185 1.098 0.105 1254.593 0.03202
-0.06297 -0.00008 0.13090 0.14526 0.87299 1.017 0.107 1254.623 0.03204
-0.06302 -0.00008 0.13100 0.14537 0.87412 1.058 0.115 1254.652 0.03207
-0.06306 -0.00009 0.13111 0.14548 0.87525 0.725 0.104 1254.682 0.03209
-0.06311 -0.00009 0.13121 0.14560 0.87638 0.856 0.106 1254.712 0.03212
-0.06316 -0.00009 0.13131 0.14571 0.87751 0.867 0.105 1254.742 0.03214
-0.06321 -0.00009 0.13141 0.14583 0.87865 1.027 0.102 1254.772 0.03216
-0.06326 -0.00009 0.13152 0.14594 0.87978 0.845 0.099 1254.802 0.03219
-0.06331 -0.00009 0.13162 0.14606 0.88091 0.955 0.110 1254.832 0.03221
-0.06336 -0.00009 0.13172 0.14617 0.88204 1.004 0.101 1254.862 0.03224
-0.06341 -0.00009 0.13182 0.14628 0.88317 0.823 0.104 1254.892 0.03226
-0.06346 -0.00009 0.13193 0.14640 0.88431 0.774 0.101 1254.921 0.03229
-0.06351 -0.00009 0.13203 0.14651 0.88544 0.915 0.108 1254.951 0.03231
-0.06356 -0.00009 0.13213 0.14663 0.88657 0.764 0.100 1254.981 0.03234
-0.06361 -0.00009 0.13224 0.14674 0.88770 0.804 0.109 1255.011 0.03236
-0.06366 -0.00009 0.13234 0.14685 0.88884 0.744 0.105 1255.041 0.03239
-0.06371 -0.00009 0.13244 0.14697 0.88997 0.633 0.099 1255.071 0.03241
-0.06376 -0.00009 0.13254 0.14708 0.89110 0.734 0.105 1255.101 0.03244
-0.06381 -0.00009 0.13265 0.14720 0.89223 0.592 0.096 1255.131 0.03246
-0.06386 -0.00009 0.13275 0.14731 0.89337 0.521 0.091 1255.161 0.03248
-0.06391 -0.00009 0.13285 0.14742 0.89450 0.552 0.093 1255.190 0.03251
-0.06396 -0.00009 0.13296 0.14754 0.89563 0.481 0.088 1255.220 0.03253
-0.06400 -0.00009 0.13306 0.14765 0.89676 0.491 0.089 1255.250 0.03256
-0.06405 -0.00009 0.13316 0.14777 0.89790 0.522 0.091 1255.280 0.03258
-0.06410 -0.00009 0.13327 0.14788 0.89903 0.694 0.102 1255.310 0.03261
-0.06415 -0.00009 0.13337 0.14800 0.90016 0.754 0.106 1255.340 0.03263
-0.06420 -0.00009 0.13347 0.14811 0.90129 0.553 0.093 1255.370 0.03266
-0.06425 -0.00009 0.13357 0.14822 0.90243 0.644 0.099 1255.400 0.03268
-0.06430 -0.00009 0.13368 0.14834 0.90356 0.663 0.100 1255.430 0.03271
-0.06435 -0.00009 0.13378 0.14845 0.90469 0.693 0.102 1255.459 0.03273
-0.06440 -0.00009 0.13388 0.14857 0.90583 0.603 0.096 1255.489 0.03276
-0.06445 -0.00009 0.13399 0.14868 0.90696 0.854 0.105 1255.519 0.03278
-0.06450 -0.00009 0.13409 0.14879 0.90809 0.742 0.105 1255.549 0.03280
-0.06455 -0.00009 0.13419 0.14891 0.90923 0.984 0.106 1255.579 0.03283
-0.06460 -0.00009 0.13429 0.14902 0.91036 0.701 0.103 1255.609 0.03285
-0.06465 -0.00009 0.13440 0.14914 0.91149 0.672 0.101 1255.639 0.03288
-0.06470 -0.00009 0.13450 0.14925 0.91262 0.591 0.096 1255.669 0.03290
-0.06475 -0.00009 0.13460 0.14937 0.91376 0.591 0.096 1255.699 0.03293
-0.06480 -0.00009 0.13471 0.14948 0.91489 0.591 0.096 1255.729 0.03295
-0.06485 -0.00009 0.13481 0.14959 0.91602 0.481 0.088 1255.758 0.03298
-0.06490 -0.00009 0.13491 0.14971 0.91716 0.420 0.084 1255.788 0.03300
-0.06495 -0.00009 0.13501 0.14982 0.91829 0.562 0.094 1255.818 0.03303
-0.06500 -0.00009 0.13512 0.14994 0.91942 0.572 0.094 1255.848 0.03305
-0.06504 -0.00009 0.13522 0.15005 0.92056 0.865 0.106 1255.878 0.03307
-0.06509 -0.00009 0.13532 0.15017 0.92169 0.848 0.105 1255.908 0.03310
-0.06514 -0.00009 0.13543 0.15028 0.92283 0.792 0.102 1255.938 0.03312
-0.06519 -0.00009 0.13553 0.15039 0.92396 0.666 0.101 1255.968 0.03315
-0.06524 -0.00009 0.13563 0.15051 0.92509 0.728 0.105 1255.998 0.03317
-0.06529 -0.00009 0.13574 0.15062 0.92623 0.767 0.107 1256.027 0.03320
-0.06534 -0.00009 0.13584 0.15074 0.92736 0.755 0.099 1256.057 0.03322
-0.06539 -0.00009 0.13594 0.15085 0.92849 0.814 0.103 1256.087 0.03325
-0.06544 -0.00009 0.13604 0.15097 0.92963 0.970 0.105 1256.117 0.03327
-0.06549 -0.00009 0.13615 0.15108 0.93076 0.928 0.103 1256.147 0.03330
-0.06554 -0.00009 0.13625 0.15119 0.93190 0.874 0.100 1256.177 0.03332
-0.06559 -0.00009 0.13635 0.15131 0.93303 0.769 0.107 1256.207 0.03335
-0.06564 -0.00009 0.13646 0.15142 0.93416 0.962 0.105 1256.237 0.03337
-0.06569 -0.00009 0.13656 0.15154 0.93530 0.859 0.099 1256.267 0.03339
-0.06574 -0.00009 0.13666 0.15165 0.93643 0.598 0.096 1256.296 0.03342
-0.06579 -0.00009 0.13677 0.15177 0.93757 0.383 0.081 1256.326 0.03344
-0.06584 -0.00009 0.13687 0.15188 0.93870 0.253 0.069 1256.356 0.03347
-0.06589 -0.00009 0.13697 0.15199 0.93983 0.273 0.071 1256.386 0.03349
-0.06594 -0.00009 0.13707 0.15211 0.94097 0.313 0.075 1256.416 0.03352
-0.06599 -0.00009 0.13718 0.15222 0.94210 0.639 0.092 1256.446 0.03354
-0.06604 -0.00009 0.13728 0.15234 0.94324 0.572 0.095 1256.476 0.03357
-0.06609 -0.00009 0.13738 0.15245 0.94437 0.656 0.100 1256.506 0.03359
-0.06613 -0.00009 0.13749 0.15257 0.94550 1.058 0.109 1256.536 0.03362
-0.06618 -0.00009 0.13759 0.15268 0.94664 1.001 0.107 1256.566 0.03364
-0.06623 -0.00009 0.13769 0.15279 0.94777 1.068 0.104 1256.595 0.03366
-0.06628 -0.00009 0.13780 0.15291 0.94891 0.912 0.107 1256.625 0.03369
-0.06633 -0.00009 0.13790 0.15302 0.95004 0.914 0.109 1256.655 0.03371
-0.06638 -0.00009 0.13800 0.15314 0.95118 1.124 0.106 1256.685 0.03374
-0.06643 -0.00009 0.13811 0.15325 0.95231 1.015 0.101 1256.715 0.03376
-0.06648 -0.00009 0.13821 0.15337 0.95345 0.909 0.107 1256.745 0.03379
-0.06653 -0.00009 0.13831 0.15348 0.95458 0.715 0.104 1256.775 0.03381
-0.06658 -0.00009 0.13841 0.15360 0.95572 0.829 0.110 1256.805 0.03384
-0.06663 -0.00009 0.13852 0.15371 0.95685 0.921 0.103 1256.835 0.03386
-0.06668 -0.00009 0.13862 0.15382 0.95799 1.165 0.108 1256.864 0.03389
-0.06673 -0.00009 0.13872 0.15394 0.95912 0.797 0.102 1256.894 0.03391
-0.06678 -0.00009 0.13883 0.15405 0.96026 0.971 0.105 1256.924 0.03394
-0.06683 -0.00009 0.13893 0.15417 0.96139 1.112 0.106 1256.954 0.03396
-0.06688 -0.00009 0.13903 0.15428 0.96252 0.996 0.100 1256.984 0.03398
-0.06693 -0.00009 0.13914 0.15440 0.96366 1.097 0.105 1257.014 0.03401
-0.06698 -0.00009 0.13924 0.15451 0.96479 1.117 0.112 1257.044 0.03403
-0.06703 -0.00009 0.13934 0.15462 0.96593 0.945 0.103 1257.074 0.03406
-0.06708 -0.00009 0.13945 0.15474 0.96707 1.137 0.107 1257.104 0.03408
-0.06713 -0.00009 0.13955 0.15485 0.96820 1.137 0.107 1257.133 0.03411
-0.06718 -0.00009 0.13965 0.15497 0.96934 0.946 0.104 1257.163 0.03413
-0.06723 -0.00009 0.13975 0.15508 0.97047 1.147 0.108 1257.193 0.03416
-0.06728 -0.00009 0.13986 0.15520 0.97161 1.086 0.105 1257.223 0.03418
-0.06732 -0.00009 0.13996 0.15531 0.97274 1.026 0.102 1257.253 0.03421
-0.06737 -0.00009 0.14006 0.15543 0.97388 1.086 0.105 1257.283 0.03423
-0.06742 -0.00009 0.14017 0.15554 0.97501 1.036 0.102 1257.313 0.03426
-0.06747 -0.00009 0.14027 0.15565 0.97615 1.077 0.104 1257.343 0.03428
-0.06752 -0.00009 0.14037 0.15577 0.97728 1.078 0.110 1257.373 0.03430
-0.06757 -0.00009 0.14048 0.15588 0.97842 0.705 0.102 1257.402 0.03433
-0.06762 -0.00009 0.14058 0.15600 0.97955 0.785 0.101 1257.432 0.03435
-0.06767 -0.00009 0.14068 0.15611 0.98069 0.655 0.099 1257.462 0.03438
-0.06772 -0.00009 0.14079 0.15623 0.98182 0.664 0.100 1257.492 0.03440
-0.06777 -0.00009 0.14089 0.15634 0.98296 0.554 0.093 1257.522 0.03443
-0.06782 -0.00009 0.14099 0.15646 0.98410 0.775 0.106 1257.552 0.03445
-0.06787 -0.00009 0.14110 0.15657 0.98523 0.856 0.111 1257.582 0.03448
-0.06792 -0.00009 0.14120 0.15668 0.98637 0.896 0.107 1257.612 0.03450
-0.06797 -0.00009 0.14130 0.15680 0.98750 0.927 0.102 1257.642 0.03453
-0.06802 -0.00009 0.14140 0.15691 0.98864 1.057 0.103 1257.672 0.03455
-0.06807 -0.00009 0.14151 0.15703 0.98978 1.168 0.108 1257.701 0.03457
-0.06812 -0.00009 0.14161 0.15714 0.99091 1.087 0.105 1257.731 0.03460
-0.06817 -0.00009 0.14171 0.15726 0.99205 0.896 0.107 1257.761 0.03462
-0.06822 -0.00009 0.14182 0.15737 0.99318 1.066 0.104 1257.791 0.03465
-0.06827 -0.00009 0.14192 0.15749 0.99432 1.097 0.105 1257.821 0.03467
-0.06832 -0.00009 0.14202 0.15760 0.99546 0.806 0.102 1257.851 0.03470
-0.06837 -0.00009 0.14213 0.15772 0.99659 0.957 0.104 1257.881 0.03472
-0.06842 -0.00009 0.14223 0.15783 0.99773 1.158 0.108 1257.911 0.03475
-0.06847 -0.00009 0.14233 0.15794 0.99886 1.067 0.104 1257.941 0.03477
-0.06852 -0.00009 0.14244 0.15806 1.00000 0.998 0.106 1257.970 0.03480
