x y z dist_scaled dist_frac flux_norm sig_norm wavelength redshift
-0.02084 0.03294 0.04194 0.05726 0.00000 1.001 0.127 1231.245 0.01281
-0.02088 0.03301 0.04202 0.05737 0.00110 1.163 0.128 1231.275 0.01284
-0.02092 0.03307 0.04210 0.05748 0.00220 0.976 0.124 1231.305 0.01286
-0.02096 0.03314 0.04218 0.05759 0.00330 1.113 0.134 1231.335 0.01289
-0.02100 0.03320 0.04226 0.05770 0.00440 0.715 0.119 1231.365 0.01291
-0.02104 0.03326 0.04234 0.05781 0.00550 0.814 0.125 1231.395 0.01293
-0.02108 0.03333 0.04243 0.05792 0.00661 1.138 0.126 1231.425 0.01296
-0.02112 0.03339 0.04251 0.05803 0.00771 1.139 0.135 1231.454 0.01298
-0.02116 0.03345 0.04259 0.05814 0.00881 0.890 0.129 1231.484 0.01301
-0.02120 0.03352 0.04267 0.05826 0.00991 0.742 0.120 1231.514 0.01303
-0.02124 0.03358 0.04275 0.05837 0.01101 0.978 0.125 1231.544 0.01306
-0.02128 0.03365 0.04283 0.05848 0.01211 1.065 0.131 1231.574 0.01308
-0.02132 0.03371 0.04291 0.05859 0.01321 1.339 0.129 1231.604 0.01311
-0.02136 0.03377 0.04299 0.05870 0.01431 0.792 0.123 1231.634 0.01313
-0.02140 0.03384 0.04308 0.05881 0.01541 0.954 0.124 1231.664 0.01316
-0.02144 0.03390 0.04316 0.05892 0.01652 1.015 0.128 1231.693 0.01318
-0.02148 0.03397 0.04324 0.05903 0.01762 1.103 0.125 1231.723 0.01321
-0.02152 0.03403 0.04332 0.05914 0.01872 0.854 0.127 1231.753 0.01323
-0.02156 0.03409 0.04340 0.05925 0.01982 1.103 0.125 1231.783 0.01325
-0.02160 0.03416 0.04348 0.05936 0.02092 1.090 0.132 1231.813 0.01328
-0.02164 0.03422 0.04356 0.05948 0.02202 0.767 0.122 1231.843 0.01330
-0.02168 0.03428 0.04365 0.05959 0.02312 0.953 0.132 1231.873 0.01333
-0.02173 0.03435 0.04373 0.05970 0.02423 1.027 0.136 1231.903 0.01335
-0.02177 0.03441 0.04381 0.05981 0.02533 0.977 0.134 1231.932 0.01338
-0.02181 0.03448 0.04389 0.05992 0.02643 0.964 0.133 1231.962 0.01340
-0.02185 0.03454 0.04397 0.06003 0.02753 1.015 0.136 1231.992 0.01343
-0.02189 0.03460 0.04405 0.06014 0.02863 1.001 0.127 1232.022 0.01345
-0.02193 0.03467 0.04413 0.06025 0.02973 0.989 0.134 1232.052 0.01348
-0.02197 0.03473 0.04421 0.06036 0.03084 1.076 0.131 1232.082 0.01350
-0.02201 0.03480 0.04430 0.06047 0.03194 0.952 0.132 1232.112 0.01352
-0.02205 0.03486 0.04438 0.06059 0.03304 0.990 0.134 1232.142 0.01355
-0.02209 0.03492 0.04446 0.06070 0.03414 0.975 0.134 1232.171 0.01357
-0.02213 0.03499 0.04454 0.06081 0.03524 0.703 0.117 1232.201 0.01360
-0.02217 0.03505 0.04462 0.06092 0.03635 0.890 0.120 1232.231 0.01362
-0.02221 0.03512 0.04470 0.06103 0.03745 0.902 0.121 1232.261 0.01365
-0.02225 0.03518 0.04478 0.06114 0.03855 0.940 0.132 1232.291 0.01367
-0.02229 0.03524 0.04486 0.06125 0.03965 1.040 0.137 1232.321 0.01370
-0.02233 0.03531 0.04495 0.06136 0.04075 1.076 0.131 1232.351 0.01372
-0.02237 0.03537 0.04503 0.06147 0.04186 0.971 0.141 1232.381 0.01375
-0.02241 0.03543 0.04511 0.06159 0.04296 0.952 0.132 1232.411 0.01377
-0.02245 0.03550 0.04519 0.06170 0.04406 0.965 0.125 1232.440 0.01380
-0.02249 0.03556 0.04527 0.06181 0.04516 1.000 0.127 1232.470 0.01382
-0.02253 0.03563 0.04535 0.06192 0.04627 1.037 0.129 1232.500 0.01384
-0.02257 0.03569 0.04543 0.06203 0.04737 0.988 0.125 1232.530 0.01387
-0.02261 0.03575 0.04552 0.06214 0.04847 1.124 0.125 1232.560 0.01389
-0.02265 0.03582 0.04560 0.06225 0.04957 1.248 0.124 1232.590 0.01392
-0.02270 0.03588 0.04568 0.06236 0.05068 0.887 0.129 1232.620 0.01394
-0.02274 0.03595 0.04576 0.06247 0.05178 0.987 0.126 1232.650 0.01397
-0.02278 0.03601 0.04584 0.06258 0.05288 1.012 0.127 1232.679 0.01399
-0.02282 0.03607 0.04592 0.06270 0.05398 1.046 0.130 1232.709 0.01402
-0.02286 0.03614 0.04600 0.06281 0.05509 1.071 0.130 1232.739 0.01404
-0.02290 0.03620 0.04609 0.06292 0.05619 1.023 0.128 1232.769 0.01407
-0.02294 0.03627 0.04617 0.06303 0.05729 1.097 0.132 1232.799 0.01409
-0.02298 0.03633 0.04625 0.06314 0.05840 1.147 0.127 1232.829 0.01411
-0.02302 0.03639 0.04633 0.06325 0.05950 1.010 0.127 1232.859 0.01414
-0.02306 0.03646 0.04641 0.06336 0.06060 0.973 0.125 1232.889 0.01416
-0.02310 0.03652 0.04649 0.06347 0.06170 0.960 0.125 1232.918 0.01419
-0.02314 0.03659 0.04657 0.06358 0.06281 0.762 0.121 1232.948 0.01421
-0.02318 0.03665 0.04666 0.06370 0.06391 0.960 0.132 1232.978 0.01424
-0.02322 0.03671 0.04674 0.06381 0.06501 0.973 0.125 1233.008 0.01426
-0.02326 0.03678 0.04682 0.06392 0.06612 0.861 0.118 1233.038 0.01429
-0.02330 0.03684 0.04690 0.06403 0.06722 1.021 0.128 1233.068 0.01431
-0.02334 0.03690 0.04698 0.06414 0.06832 0.885 0.128 1233.098 0.01434
-0.02338 0.03697 0.04706 0.06425 0.06943 1.021 0.128 1233.128 0.01436
-0.02342 0.03703 0.04714 0.06436 0.07053 0.971 0.125 1233.157 0.01439
-0.02346 0.03710 0.04722 0.06447 0.07163 0.910 0.129 1233.187 0.01441
-0.02350 0.03716 0.04731 0.06459 0.07274 1.071 0.131 1233.217 0.01443
-0.02354 0.03722 0.04739 0.06470 0.07384 0.797 0.123 1233.247 0.01446
-0.02358 0.03729 0.04747 0.06481 0.07494 1.081 0.131 1233.277 0.01448
-0.02363 0.03735 0.04755 0.06492 0.07605 1.045 0.129 1233.307 0.01451
-0.02367 0.03742 0.04763 0.06503 0.07715 0.847 0.126 1233.337 0.01453
-0.02371 0.03748 0.04771 0.06514 0.07825 1.094 0.132 1233.367 0.01456
-0.02375 0.03754 0.04779 0.06525 0.07936 1.045 0.137 1233.397 0.01458
-0.02379 0.03761 0.04788 0.06536 0.08046 1.119 0.133 1233.426 0.01461
-0.02383 0.03767 0.04796 0.06547 0.08156 0.859 0.118 1233.456 0.01463
-0.02387 0.03774 0.04804 0.06559 0.08267 1.019 0.119 1233.486 0.01466
-0.02391 0.03780 0.04812 0.06570 0.08377 0.907 0.121 1233.516 0.01468
-0.02395 0.03786 0.04820 0.06581 0.08488 1.006 0.127 1233.546 0.01470
-0.02399 0.03793 0.04828 0.06592 0.08598 0.945 0.123 1233.576 0.01473
-0.02403 0.03799 0.04837 0.06603 0.08708 1.005 0.127 1233.606 0.01475
-0.02407 0.03806 0.04845 0.06614 0.08819 1.190 0.129 1233.636 0.01478
-0.02411 0.03812 0.04853 0.06625 0.08929 1.006 0.119 1233.665 0.01480
-0.02415 0.03818 0.04861 0.06636 0.09040 0.882 0.128 1233.695 0.01483
-0.02419 0.03825 0.04869 0.06648 0.09150 0.771 0.121 1233.725 0.01485
-0.02423 0.03831 0.04877 0.06659 0.09260 0.894 0.120 1233.755 0.01488
-0.02427 0.03838 0.04885 0.06670 0.09371 1.031 0.120 1233.785 0.01490
-0.02431 0.03844 0.04894 0.06681 0.09481 1.079 0.131 1233.815 0.01493
-0.02435 0.03850 0.04902 0.06692 0.09592 1.042 0.129 1233.845 0.01495
-0.02439 0.03857 0.04910 0.06703 0.09702 1.003 0.127 1233.875 0.01497
-0.02443 0.03863 0.04918 0.06714 0.09813 0.856 0.126 1233.904 0.01500
-0.02448 0.03870 0.04926 0.06725 0.09923 1.092 0.124 1233.934 0.01502
-0.02452 0.03876 0.04934 0.06737 0.10033 0.883 0.119 1233.964 0.01505
-0.02456 0.03882 0.04942 0.06748 0.10144 0.870 0.127 1233.994 0.01507
-0.02460 0.03889 0.04951 0.06759 0.10254 0.944 0.131 1234.024 0.01510
-0.02464 0.03895 0.04959 0.06770 0.10365 1.164 0.127 1234.054 0.01512
-0.02468 0.03902 0.04967 0.06781 0.10475 1.115 0.124 1234.084 0.01515
-0.02472 0.03908 0.04975 0.06792 0.10586 1.079 0.131 1234.114 0.01517
-0.02476 0.03914 0.04983 0.06803 0.10696 0.968 0.125 1234.143 0.01520
-0.02480 0.03921 0.04991 0.06814 0.10807 0.832 0.125 1234.173 0.01522
-0.02484 0.03927 0.05000 0.06826 0.10917 0.930 0.122 1234.203 0.01525
-0.02488 0.03934 0.05008 0.06837 0.11028 1.128 0.125 1234.233 0.01527
-0.02492 0.03940 0.05016 0.06848 0.11138 1.080 0.131 1234.263 0.01529
-0.02496 0.03946 0.05024 0.06859 0.11248 0.893 0.128 1234.293 0.01532
-0.02500 0.03953 0.05032 0.06870 0.11359 1.113 0.124 1234.323 0.01534
-0.02504 0.03959 0.05040 0.06881 0.11469 0.978 0.125 1234.353 0.01537
-0.02508 0.03966 0.05048 0.06892 0.11580 1.003 0.127 1234.383 0.01539
-0.02512 0.03972 0.05057 0.06904 0.11690 0.940 0.131 1234.412 0.01542
-0.02516 0.03979 0.05065 0.06915 0.11801 0.942 0.123 1234.442 0.01544
-0.02520 0.03985 0.05073 0.06926 0.11911 0.905 0.143 1234.472 0.01547
-0.02524 0.03991 0.05081 0.06937 0.12022 0.799 0.167 1234.502 0.01549
-0.02529 0.03998 0.05089 0.06948 0.12132 1.024 0.183 1234.532 0.01552
-0.02533 0.04004 0.05097 0.06959 0.12243 1.127 0.190 1234.562 0.01554
-0.02537 0.04011 0.05106 0.06970 0.12354 0.842 0.170 1234.592 0.01556
-0.02541 0.04017 0.05114 0.06981 0.12464 1.149 0.191 1234.622 0.01559
-0.02545 0.04023 0.05122 0.06993 0.12575 1.005 0.182 1234.651 0.01561
-0.02549 0.04030 0.05130 0.07004 0.12685 1.067 0.186 1234.681 0.01564
-0.02553 0.04036 0.05138 0.07015 0.12796 0.903 0.174 1234.711 0.01566
-0.02557 0.04043 0.05146 0.07026 0.12906 1.113 0.177 1234.741 0.01569
-0.02561 0.04049 0.05154 0.07037 0.13017 1.164 0.127 1234.771 0.01571
-0.02565 0.04055 0.05163 0.07048 0.13127 0.955 0.132 1234.801 0.01574
-0.02569 0.04062 0.05171 0.07059 0.13238 0.917 0.129 1234.831 0.01576
-0.02573 0.04068 0.05179 0.07071 0.13348 0.918 0.129 1234.861 0.01579
-0.02577 0.04075 0.05187 0.07082 0.13459 0.881 0.127 1234.890 0.01581
-0.02581 0.04081 0.05195 0.07093 0.13570 1.041 0.128 1234.920 0.01584
-0.02585 0.04087 0.05203 0.07104 0.13680 1.054 0.129 1234.950 0.01586
-0.02589 0.04094 0.05212 0.07115 0.13791 0.919 0.129 1234.980 0.01588
-0.02593 0.04100 0.05220 0.07126 0.13901 1.065 0.130 1235.010 0.01591
-0.02597 0.04107 0.05228 0.07137 0.14012 1.029 0.120 1235.040 0.01593
-0.02602 0.04113 0.05236 0.07149 0.14122 1.165 0.119 1235.070 0.01596
-0.02606 0.04119 0.05244 0.07160 0.14233 1.040 0.128 1235.100 0.01598
-0.02610 0.04126 0.05252 0.07171 0.14344 1.066 0.129 1235.129 0.01601
-0.02614 0.04132 0.05261 0.07182 0.14454 1.090 0.123 1235.159 0.01603
-0.02618 0.04139 0.05269 0.07193 0.14565 0.857 0.126 1235.189 0.01606
-0.02622 0.04145 0.05277 0.07204 0.14675 1.213 0.129 1235.219 0.01608
-0.02626 0.04152 0.05285 0.07215 0.14786 1.015 0.127 1235.249 0.01611
-0.02630 0.04158 0.05293 0.07227 0.14897 0.906 0.128 1235.279 0.01613
-0.02634 0.04164 0.05301 0.07238 0.15007 0.895 0.120 1235.309 0.01615
-0.02638 0.04171 0.05310 0.07249 0.15118 0.905 0.129 1235.339 0.01618
-0.02642 0.04177 0.05318 0.07260 0.15228 1.028 0.120 1235.369 0.01620
-0.02646 0.04184 0.05326 0.07271 0.15339 1.227 0.122 1235.398 0.01623
-0.02650 0.04190 0.05334 0.07282 0.15450 0.838 0.124 1235.428 0.01625
-0.02654 0.04196 0.05342 0.07293 0.15560 1.247 0.123 1235.458 0.01628
-0.02658 0.04203 0.05350 0.07305 0.15671 1.205 0.121 1235.488 0.01630
-0.02662 0.04209 0.05358 0.07316 0.15782 1.026 0.134 1235.518 0.01633
-0.02666 0.04216 0.05367 0.07327 0.15892 0.909 0.128 1235.548 0.01635
-0.02670 0.04222 0.05375 0.07338 0.16003 0.895 0.119 1235.578 0.01638
-0.02675 0.04229 0.05383 0.07349 0.16114 1.102 0.131 1235.608 0.01640
-0.02679 0.04235 0.05391 0.07360 0.16224 0.855 0.116 1235.637 0.01643
-0.02683 0.04241 0.05399 0.07371 0.16335 1.207 0.129 1235.667 0.01645
-0.02687 0.04248 0.05407 0.07383 0.16446 0.895 0.127 1235.697 0.01647
-0.02691 0.04254 0.05416 0.07394 0.16556 1.227 0.130 1235.727 0.01650
-0.02695 0.04261 0.05424 0.07405 0.16667 1.051 0.128 1235.757 0.01652
-0.02699 0.04267 0.05432 0.07416 0.16778 0.902 0.127 1235.787 0.01655
-0.02703 0.04273 0.05440 0.07427 0.16888 1.251 0.124 1235.817 0.01657
-0.02707 0.04280 0.05448 0.07438 0.16999 1.053 0.128 1235.847 0.01660
-0.02711 0.04286 0.05457 0.07450 0.17110 1.191 0.128 1235.876 0.01662
-0.02715 0.04293 0.05465 0.07461 0.17220 0.906 0.120 1235.906 0.01665
-0.02719 0.04299 0.05473 0.07472 0.17331 1.223 0.130 1235.936 0.01667
-0.02723 0.04306 0.05481 0.07483 0.17442 1.048 0.121 1235.966 0.01670
-0.02727 0.04312 0.05489 0.07494 0.17553 0.740 0.110 1235.996 0.01672
-0.02731 0.04318 0.05497 0.07505 0.17663 1.207 0.129 1236.026 0.01674
-0.02735 0.04325 0.05506 0.07516 0.17774 1.023 0.127 1236.056 0.01677
-0.02739 0.04331 0.05514 0.07528 0.17885 1.157 0.127 1236.086 0.01679
-0.02744 0.04338 0.05522 0.07539 0.17995 0.925 0.129 1236.115 0.01682
-0.02748 0.04344 0.05530 0.07550 0.18106 1.033 0.135 1236.145 0.01684
-0.02752 0.04350 0.05538 0.07561 0.18217 0.961 0.131 1236.175 0.01687
-0.02756 0.04357 0.05546 0.07572 0.18328 1.253 0.124 1236.205 0.01689
-0.02760 0.04363 0.05555 0.07583 0.18438 0.923 0.121 1236.235 0.01692
-0.02764 0.04370 0.05563 0.07595 0.18549 0.960 0.123 1236.265 0.01694
-0.02768 0.04376 0.05571 0.07606 0.18660 1.082 0.130 1236.295 0.01697
-0.02772 0.04383 0.05579 0.07617 0.18771 1.132 0.124 1236.325 0.01699
-0.02776 0.04389 0.05587 0.07628 0.18881 1.022 0.127 1236.355 0.01701
-0.02780 0.04395 0.05595 0.07639 0.18992 0.985 0.125 1236.384 0.01704
-0.02784 0.04402 0.05604 0.07650 0.19103 0.912 0.129 1236.414 0.01706
-0.02788 0.04408 0.05612 0.07661 0.19214 0.866 0.126 1236.444 0.01709
-0.02792 0.04415 0.05620 0.07673 0.19324 1.137 0.125 1236.474 0.01711
-0.02796 0.04421 0.05628 0.07684 0.19435 0.895 0.126 1236.504 0.01714
-0.02800 0.04427 0.05636 0.07695 0.19546 0.887 0.126 1236.534 0.01716
-0.02804 0.04434 0.05644 0.07706 0.19657 0.948 0.122 1236.564 0.01719
-0.02808 0.04440 0.05653 0.07717 0.19768 1.095 0.130 1236.594 0.01721
-0.02813 0.04447 0.05661 0.07728 0.19878 1.076 0.129 1236.623 0.01724
-0.02817 0.04453 0.05669 0.07740 0.19989 1.088 0.130 1236.653 0.01726
-0.02821 0.04460 0.05677 0.07751 0.20100 1.152 0.133 1236.683 0.01729
-0.02825 0.04466 0.05685 0.07762 0.20211 1.112 0.124 1236.713 0.01731
-0.02829 0.04472 0.05694 0.07773 0.20322 0.990 0.124 1236.743 0.01733
-0.02833 0.04479 0.05702 0.07784 0.20432 1.013 0.133 1236.773 0.01736
-0.02837 0.04485 0.05710 0.07795 0.20543 1.046 0.128 1236.803 0.01738
-0.02841 0.04492 0.05718 0.07807 0.20654 1.007 0.125 1236.833 0.01741
-0.02845 0.04498 0.05726 0.07818 0.20765 1.207 0.129 1236.862 0.01743
-0.02849 0.04505 0.05734 0.07829 0.20876 0.975 0.124 1236.892 0.01746
-0.02853 0.04511 0.05743 0.07840 0.20987 0.949 0.123 1236.922 0.01748
-0.02857 0.04517 0.05751 0.07851 0.21097 1.121 0.132 1236.952 0.01751
-0.02861 0.04524 0.05759 0.07862 0.21208 1.156 0.119 1236.982 0.01753
-0.02865 0.04530 0.05767 0.07874 0.21319 0.949 0.122 1237.012 0.01756
-0.02869 0.04537 0.05775 0.07885 0.21430 1.024 0.134 1237.042 0.01758
-0.02874 0.04543 0.05783 0.07896 0.21541 0.903 0.128 1237.072 0.01760
-0.02878 0.04550 0.05792 0.07907 0.21652 0.974 0.132 1237.101 0.01763
-0.02882 0.04556 0.05800 0.07918 0.21762 0.937 0.130 1237.131 0.01765
-0.02886 0.04562 0.05808 0.07929 0.21873 1.303 0.133 1237.161 0.01768
-0.02890 0.04569 0.05816 0.07941 0.21984 1.023 0.126 1237.191 0.01770
-0.02894 0.04575 0.05824 0.07952 0.22095 1.206 0.121 1237.221 0.01773
-0.02898 0.04582 0.05833 0.07963 0.22206 0.988 0.132 1237.251 0.01775
-0.02902 0.04588 0.05841 0.07974 0.22317 1.022 0.127 1237.281 0.01778
-0.02906 0.04595 0.05849 0.07985 0.22428 1.180 0.127 1237.311 0.01780
-0.02910 0.04601 0.05857 0.07996 0.22539 0.996 0.125 1237.341 0.01783
-0.02914 0.04607 0.05865 0.08008 0.22650 0.862 0.125 1237.370 0.01785
-0.02918 0.04614 0.05873 0.08019 0.22760 1.045 0.128 1237.400 0.01788
-0.02922 0.04620 0.05882 0.08030 0.22871 1.167 0.127 1237.430 0.01790
-0.02926 0.04627 0.05890 0.08041 0.22982 0.984 0.132 1237.460 0.01792
-0.02930 0.04633 0.05898 0.08052 0.23093 1.058 0.128 1237.490 0.01795
-0.02934 0.04640 0.05906 0.08064 0.23204 0.949 0.130 1237.520 0.01797
-0.02939 0.04646 0.05914 0.08075 0.23315 1.021 0.126 1237.550 0.01800
-0.02943 0.04652 0.05923 0.08086 0.23426 0.922 0.129 1237.580 0.01802
-0.02947 0.04659 0.05931 0.08097 0.23537 1.081 0.122 1237.609 0.01805
-0.02951 0.04665 0.05939 0.08108 0.23648 0.958 0.131 1237.639 0.01807
-0.02955 0.04672 0.05947 0.08119 0.23759 0.918 0.129 1237.669 0.01810
-0.02959 0.04678 0.05955 0.08131 0.23870 1.126 0.125 1237.699 0.01812
-0.02963 0.04685 0.05964 0.08142 0.23981 0.909 0.128 1237.729 0.01815
-0.02967 0.04691 0.05972 0.08153 0.24092 1.102 0.131 1237.759 0.01817
-0.02971 0.04697 0.05980 0.08164 0.24202 1.319 0.126 1237.789 0.01819
-0.02975 0.04704 0.05988 0.08175 0.24313 0.929 0.121 1237.819 0.01822
-0.02979 0.04710 0.05996 0.08186 0.24424 1.089 0.131 1237.848 0.01824
-0.02983 0.04717 0.06004 0.08198 0.24535 0.967 0.123 1237.878 0.01827
-0.02987 0.04723 0.06013 0.08209 0.24646 0.905 0.128 1237.908 0.01829
-0.02991 0.04730 0.06021 0.08220 0.24757 1.087 0.130 1237.938 0.01832
-0.02996 0.04736 0.06029 0.08231 0.24868 1.147 0.125 1237.968 0.01834
-0.03000 0.04742 0.06037 0.08242 0.24979 1.245 0.130 1237.998 0.01837
-0.03004 0.04749 0.06045 0.08254 0.25090 0.807 0.122 1238.028 0.01839
-0.03008 0.04755 0.06054 0.08265 0.25201 1.147 0.126 1238.058 0.01842
-0.03012 0.04762 0.06062 0.08276 0.25312 0.953 0.130 1238.087 0.01844
-0.03016 0.04768 0.06070 0.08287 0.25423 1.097 0.131 1238.117 0.01847
-0.03020 0.04775 0.06078 0.08298 0.25534 1.109 0.124 1238.147 0.01849
-0.03024 0.04781 0.06086 0.08309 0.25645 0.952 0.122 1238.177 0.01851
-0.03028 0.04787 0.06095 0.08321 0.25756 1.146 0.118 1238.207 0.01854
-0.03032 0.04794 0.06103 0.08332 0.25867 0.878 0.118 1238.237 0.01856
-0.03036 0.04800 0.06111 0.08343 0.25978 0.951 0.130 1238.267 0.01859
-0.03040 0.04807 0.06119 0.08354 0.26089 1.172 0.126 1238.297 0.01861
-0.03044 0.04813 0.06127 0.08365 0.26200 0.903 0.128 1238.327 0.01864
-0.03048 0.04820 0.06136 0.08377 0.26311 0.989 0.124 1238.356 0.01866
-0.03052 0.04826 0.06144 0.08388 0.26422 0.859 0.125 1238.386 0.01869
-0.03057 0.04833 0.06152 0.08399 0.26533 0.759 0.119 1238.416 0.01871
-0.03061 0.04839 0.06160 0.08410 0.26644 1.000 0.143 1238.446 0.01874
-0.03065 0.04845 0.06168 0.08421 0.26755 0.915 0.128 1238.476 0.01876
-0.03069 0.04852 0.06177 0.08432 0.26866 0.975 0.124 1238.506 0.01878
-0.03073 0.04858 0.06185 0.08444 0.26978 0.867 0.125 1238.536 0.01881
-0.03077 0.04865 0.06193 0.08455 0.27089 0.806 0.122 1238.566 0.01883
-0.03081 0.04871 0.06201 0.08466 0.27200 0.927 0.129 1238.595 0.01886
-0.03085 0.04878 0.06209 0.08477 0.27311 1.012 0.126 1238.625 0.01888
-0.03089 0.04884 0.06217 0.08488 0.27422 0.952 0.122 1238.655 0.01891
-0.03093 0.04890 0.06226 0.08500 0.27533 0.854 0.125 1238.685 0.01893
-0.03097 0.04897 0.06234 0.08511 0.27644 1.060 0.128 1238.715 0.01896
-0.03101 0.04903 0.06242 0.08522 0.27755 1.013 0.133 1238.745 0.01898
-0.03105 0.04910 0.06250 0.08533 0.27866 0.951 0.122 1238.775 0.01901
-0.03109 0.04916 0.06258 0.08544 0.27977 0.868 0.117 1238.805 0.01903
-0.03114 0.04923 0.06267 0.08556 0.28088 0.989 0.124 1238.834 0.01905
-0.03118 0.04929 0.06275 0.08567 0.28199 0.806 0.122 1238.864 0.01908
-0.03122 0.04936 0.06283 0.08578 0.28310 0.938 0.129 1238.894 0.01910
-0.03126 0.04942 0.06291 0.08589 0.28422 0.974 0.124 1238.924 0.01913
-0.03130 0.04948 0.06299 0.08600 0.28533 0.902 0.127 1238.954 0.01915
-0.03134 0.04955 0.06308 0.08612 0.28644 0.915 0.120 1238.984 0.01918
-0.03138 0.04961 0.06316 0.08623 0.28755 0.940 0.121 1239.014 0.01920
-0.03142 0.04968 0.06324 0.08634 0.28866 0.793 0.121 1239.044 0.01923
-0.03146 0.04974 0.06332 0.08645 0.28977 1.071 0.121 1239.073 0.01925
-0.03150 0.04981 0.06340 0.08656 0.29088 0.903 0.127 1239.103 0.01928
-0.03154 0.04987 0.06349 0.08668 0.29199 1.012 0.125 1239.133 0.01930
-0.03158 0.04994 0.06357 0.08679 0.29310 1.061 0.128 1239.163 0.01933
-0.03162 0.05000 0.06365 0.08690 0.29422 0.902 0.119 1239.193 0.01935
-0.03167 0.05006 0.06373 0.08701 0.29533 1.133 0.124 1239.223 0.01937
-0.03171 0.05013 0.06381 0.08712 0.29644 1.131 0.123 1239.253 0.01940
-0.03175 0.05019 0.06390 0.08724 0.29755 1.054 0.127 1239.283 0.01942
-0.03179 0.05026 0.06398 0.08735 0.29866 0.936 0.121 1239.313 0.01945
-0.03183 0.05032 0.06406 0.08746 0.29977 1.350 0.127 1239.342 0.01947
-0.03187 0.05039 0.06414 0.08757 0.30089 0.943 0.121 1239.372 0.01950
-0.03191 0.05045 0.06422 0.08768 0.30200 1.079 0.129 1239.402 0.01952
-0.03195 0.05052 0.06431 0.08780 0.30311 1.328 0.126 1239.432 0.01955
-0.03199 0.05058 0.06439 0.08791 0.30422 0.962 0.122 1239.462 0.01957
-0.03203 0.05064 0.06447 0.08802 0.30533 0.963 0.122 1239.492 0.01960
-0.03207 0.05071 0.06455 0.08813 0.30644 0.954 0.122 1239.522 0.01962
-0.03211 0.05077 0.06464 0.08824 0.30756 0.965 0.122 1239.552 0.01964
-0.03215 0.05084 0.06472 0.08836 0.30867 0.771 0.119 1239.581 0.01967
-0.03220 0.05090 0.06480 0.08847 0.30978 0.774 0.119 1239.611 0.01969
-0.03224 0.05097 0.06488 0.08858 0.31089 1.060 0.128 1239.641 0.01972
-0.03228 0.05103 0.06496 0.08869 0.31200 0.985 0.124 1239.671 0.01974
-0.03232 0.05110 0.06505 0.08880 0.31312 0.914 0.128 1239.701 0.01977
-0.03236 0.05116 0.06513 0.08892 0.31423 1.034 0.126 1239.731 0.01979
-0.03240 0.05122 0.06521 0.08903 0.31534 0.914 0.120 1239.761 0.01982
-0.03244 0.05129 0.06529 0.08914 0.31645 0.951 0.122 1239.791 0.01984
-0.03248 0.05135 0.06537 0.08925 0.31756 0.974 0.123 1239.820 0.01987
-0.03252 0.05142 0.06546 0.08936 0.31868 0.840 0.123 1239.850 0.01989
-0.03256 0.05148 0.06554 0.08948 0.31979 0.865 0.125 1239.880 0.01992
-0.03260 0.05155 0.06562 0.08959 0.32090 1.007 0.125 1239.910 0.01994
-0.03264 0.05161 0.06570 0.08970 0.32201 0.902 0.119 1239.940 0.01996
-0.03268 0.05168 0.06578 0.08981 0.32313 1.188 0.127 1239.970 0.01999
-0.03273 0.05174 0.06587 0.08992 0.32424 1.117 0.123 1240.000 0.02001
-0.03277 0.05180 0.06595 0.09004 0.32535 0.847 0.141 1240.030 0.02004
-0.03281 0.05187 0.06603 0.09015 0.32646 0.938 0.129 1240.059 0.02006
-0.03285 0.05193 0.06611 0.09026 0.32758 0.997 0.125 1240.089 0.02009
-0.03289 0.05200 0.06619 0.09037 0.32869 0.936 0.120 1240.119 0.02011
-0.03293 0.05206 0.06628 0.09048 0.32980 0.998 0.117 1240.149 0.02014
-0.03297 0.05213 0.06636 0.09060 0.33091 1.081 0.128 1240.179 0.02016
-0.03301 0.05219 0.06644 0.09071 0.33203 1.021 0.126 1240.209 0.02019
-0.03305 0.05226 0.06652 0.09082 0.33314 1.200 0.127 1240.239 0.02021
-0.03309 0.05232 0.06661 0.09093 0.33425 0.984 0.123 1240.269 0.02023
-0.03313 0.05239 0.06669 0.09105 0.33537 1.020 0.126 1240.299 0.02026
-0.03317 0.05245 0.06677 0.09116 0.33648 1.008 0.117 1240.328 0.02028
-0.03321 0.05251 0.06685 0.09127 0.33759 1.044 0.119 1240.358 0.02031
-0.03326 0.05258 0.06693 0.09138 0.33870 1.116 0.123 1240.388 0.02033
-0.03330 0.05264 0.06702 0.09149 0.33982 0.945 0.121 1240.418 0.02036
-0.03334 0.05271 0.06710 0.09161 0.34093 0.983 0.131 1240.448 0.02038
-0.03338 0.05277 0.06718 0.09172 0.34204 0.971 0.122 1240.478 0.02041
-0.03342 0.05284 0.06726 0.09183 0.34316 0.948 0.129 1240.508 0.02043
-0.03346 0.05290 0.06734 0.09194 0.34427 0.682 0.113 1240.538 0.02046
-0.03350 0.05297 0.06743 0.09205 0.34538 0.969 0.130 1240.567 0.02048
-0.03354 0.05303 0.06751 0.09217 0.34650 0.920 0.128 1240.597 0.02050
-0.03358 0.05309 0.06759 0.09228 0.34761 1.138 0.124 1240.627 0.02053
-0.03362 0.05316 0.06767 0.09239 0.34872 0.885 0.118 1240.657 0.02055
-0.03366 0.05322 0.06776 0.09250 0.34984 0.995 0.132 1240.687 0.02058
-0.03370 0.05329 0.06784 0.09262 0.35095 1.053 0.128 1240.717 0.02060
-0.03375 0.05335 0.06792 0.09273 0.35206 1.004 0.125 1240.747 0.02063
-0.03379 0.05342 0.06800 0.09284 0.35318 0.983 0.131 1240.777 0.02065
-0.03383 0.05348 0.06808 0.09295 0.35429 1.126 0.124 1240.806 0.02068
-0.03387 0.05355 0.06817 0.09306 0.35540 0.862 0.116 1240.836 0.02070
-0.03391 0.05361 0.06825 0.09318 0.35652 1.041 0.127 1240.866 0.02073
-0.03395 0.05368 0.06833 0.09329 0.35763 0.848 0.123 1240.896 0.02075
-0.03399 0.05374 0.06841 0.09340 0.35874 0.765 0.119 1240.926 0.02078
-0.03403 0.05380 0.06849 0.09351 0.35986 0.896 0.118 1240.956 0.02080
-0.03407 0.05387 0.06858 0.09362 0.36097 0.837 0.123 1240.986 0.02082
-0.03411 0.05393 0.06866 0.09374 0.36209 1.224 0.135 1241.016 0.02085
-0.03415 0.05400 0.06874 0.09385 0.36320 1.100 0.122 1241.045 0.02087
-0.03419 0.05406 0.06882 0.09396 0.36431 0.835 0.123 1241.075 0.02090
-0.03424 0.05413 0.06891 0.09407 0.36543 1.052 0.127 1241.105 0.02092
-0.03428 0.05419 0.06899 0.09419 0.36654 0.966 0.123 1241.135 0.02095
-0.03432 0.05426 0.06907 0.09430 0.36766 0.956 0.129 1241.165 0.02097
-0.03436 0.05432 0.06915 0.09441 0.36877 0.933 0.120 1241.195 0.02100
-0.03440 0.05439 0.06923 0.09452 0.36988 1.016 0.133 1241.225 0.02102
-0.03444 0.05445 0.06932 0.09463 0.37100 0.944 0.129 1241.255 0.02105
-0.03448 0.05452 0.06940 0.09475 0.37211 0.847 0.123 1241.285 0.02107
-0.03452 0.05458 0.06948 0.09486 0.37323 1.194 0.134 1241.314 0.02109
-0.03456 0.05464 0.06956 0.09497 0.37434 1.158 0.125 1241.344 0.02112
-0.03460 0.05471 0.06965 0.09508 0.37545 1.100 0.122 1241.374 0.02114
-0.03464 0.05477 0.06973 0.09520 0.37657 1.028 0.125 1241.404 0.02117
-0.03468 0.05484 0.06981 0.09531 0.37768 1.145 0.124 1241.434 0.02119
-0.03473 0.05490 0.06989 0.09542 0.37880 1.003 0.124 1241.464 0.02122
-0.03477 0.05497 0.06997 0.09553 0.37991 0.848 0.123 1241.494 0.02124
-0.03481 0.05503 0.07006 0.09565 0.38103 0.907 0.127 1241.524 0.02127
-0.03485 0.05510 0.07014 0.09576 0.38214 1.099 0.122 1241.553 0.02129
-0.03489 0.05516 0.07022 0.09587 0.38326 1.086 0.121 1241.583 0.02132
-0.03493 0.05523 0.07030 0.09598 0.38437 0.993 0.124 1241.613 0.02134
-0.03497 0.05529 0.07039 0.09609 0.38549 0.847 0.123 1241.643 0.02137
-0.03501 0.05536 0.07047 0.09621 0.38660 0.943 0.121 1241.673 0.02139
-0.03505 0.05542 0.07055 0.09632 0.38771 0.929 0.128 1241.703 0.02141
-0.03509 0.05548 0.07063 0.09643 0.38883 0.918 0.127 1241.733 0.02144
-0.03513 0.05555 0.07071 0.09654 0.38994 1.001 0.124 1241.763 0.02146
-0.03518 0.05561 0.07080 0.09666 0.39106 0.894 0.126 1241.792 0.02149
-0.03522 0.05568 0.07088 0.09677 0.39217 1.110 0.122 1241.822 0.02151
-0.03526 0.05574 0.07096 0.09688 0.39329 0.858 0.124 1241.852 0.02154
-0.03530 0.05581 0.07104 0.09699 0.39440 0.954 0.129 1241.882 0.02156
-0.03534 0.05587 0.07113 0.09711 0.39552 1.169 0.125 1241.912 0.02159
-0.03538 0.05594 0.07121 0.09722 0.39663 0.930 0.128 1241.942 0.02161
-0.03542 0.05600 0.07129 0.09733 0.39775 0.932 0.128 1241.972 0.02164
-0.03546 0.05607 0.07137 0.09744 0.39886 1.135 0.123 1242.002 0.02166
-0.03550 0.05613 0.07146 0.09755 0.39998 0.989 0.115 1242.031 0.02168
-0.03554 0.05620 0.07154 0.09767 0.40109 1.085 0.121 1242.061 0.02171
-0.03558 0.05626 0.07162 0.09778 0.40221 1.003 0.132 1242.091 0.02173
-0.03563 0.05632 0.07170 0.09789 0.40332 0.811 0.121 1242.121 0.02176
-0.03567 0.05639 0.07178 0.09800 0.40444 0.928 0.128 1242.151 0.02178
-0.03571 0.05645 0.07187 0.09812 0.40556 1.180 0.118 1242.181 0.02181
-0.03575 0.05652 0.07195 0.09823 0.40667 1.004 0.124 1242.211 0.02183
-0.03579 0.05658 0.07203 0.09834 0.40779 1.084 0.121 1242.241 0.02186
-0.03583 0.05665 0.07211 0.09845 0.40890 1.063 0.127 1242.271 0.02188
-0.03587 0.05671 0.07220 0.09857 0.41002 0.931 0.128 1242.300 0.02191
-0.03591 0.05678 0.07228 0.09868 0.41113 1.242 0.121 1242.330 0.02193
-0.03595 0.05684 0.07236 0.09879 0.41225 0.870 0.124 1242.360 0.02196
-0.03599 0.05691 0.07244 0.09890 0.41336 0.882 0.125 1242.390 0.02198
-0.03603 0.05697 0.07253 0.09902 0.41448 1.073 0.128 1242.420 0.02200
-0.03607 0.05704 0.07261 0.09913 0.41560 0.904 0.126 1242.450 0.02203
-0.03612 0.05710 0.07269 0.09924 0.41671 1.036 0.126 1242.480 0.02205
-0.03616 0.05717 0.07277 0.09935 0.41783 1.037 0.118 1242.510 0.02208
-0.03620 0.05723 0.07285 0.09947 0.41894 0.977 0.123 1242.539 0.02210
-0.03624 0.05729 0.07294 0.09958 0.42006 1.034 0.126 1242.569 0.02213
-0.03628 0.05736 0.07302 0.09969 0.42117 1.021 0.125 1242.599 0.02215
-0.03632 0.05742 0.07310 0.09980 0.42229 0.950 0.121 1242.629 0.02218
-0.03636 0.05749 0.07318 0.09992 0.42341 1.107 0.122 1242.659 0.02220
-0.03640 0.05755 0.07327 0.10003 0.42452 1.118 0.123 1242.689 0.02223
-0.03644 0.05762 0.07335 0.10014 0.42564 0.975 0.123 1242.719 0.02225
-0.03648 0.05768 0.07343 0.10025 0.42675 1.048 0.134 1242.749 0.02227
-0.03653 0.05775 0.07351 0.10036 0.42787 0.987 0.123 1242.778 0.02230
-0.03657 0.05781 0.07360 0.10048 0.42899 0.878 0.117 1242.808 0.02232
-0.03661 0.05788 0.07368 0.10059 0.43010 0.961 0.121 1242.838 0.02235
-0.03665 0.05794 0.07376 0.10070 0.43122 0.949 0.121 1242.868 0.02237
-0.03669 0.05801 0.07384 0.10081 0.43234 1.057 0.127 1242.898 0.02240
-0.03673 0.05807 0.07393 0.10093 0.43345 1.094 0.129 1242.928 0.02242
-0.03677 0.05814 0.07401 0.10104 0.43457 0.948 0.121 1242.958 0.02245
-0.03681 0.05820 0.07409 0.10115 0.43569 1.044 0.126 1242.988 0.02247
-0.03685 0.05827 0.07417 0.10126 0.43680 0.973 0.122 1243.017 0.02250
-0.03689 0.05833 0.07426 0.10138 0.43792 0.887 0.125 1243.047 0.02252
-0.03693 0.05839 0.07434 0.10149 0.43903 0.939 0.128 1243.077 0.02254
-0.03698 0.05846 0.07442 0.10160 0.44015 0.972 0.122 1243.107 0.02257
-0.03702 0.05852 0.07450 0.10171 0.44127 0.973 0.122 1243.137 0.02259
-0.03706 0.05859 0.07458 0.10183 0.44238 0.958 0.121 1243.167 0.02262
-0.03710 0.05865 0.07467 0.10194 0.44350 1.111 0.130 1243.197 0.02264
-0.03714 0.05872 0.07475 0.10205 0.44462 1.136 0.124 1243.227 0.02267
-0.03718 0.05878 0.07483 0.10216 0.44574 1.030 0.118 1243.257 0.02269
-0.03722 0.05885 0.07491 0.10228 0.44685 0.863 0.124 1243.286 0.02272
-0.03726 0.05891 0.07500 0.10239 0.44797 0.993 0.123 1243.316 0.02274
-0.03730 0.05898 0.07508 0.10250 0.44909 1.017 0.132 1243.346 0.02277
-0.03734 0.05904 0.07516 0.10261 0.45020 1.088 0.128 1243.376 0.02279
-0.03738 0.05911 0.07524 0.10273 0.45132 1.025 0.125 1243.406 0.02282
-0.03743 0.05917 0.07533 0.10284 0.45244 0.991 0.115 1243.436 0.02284
-0.03747 0.05924 0.07541 0.10295 0.45355 0.840 0.122 1243.466 0.02286
-0.03751 0.05930 0.07549 0.10307 0.45467 1.017 0.132 1243.496 0.02289
-0.03755 0.05937 0.07557 0.10318 0.45579 1.078 0.128 1243.525 0.02291
-0.03759 0.05943 0.07566 0.10329 0.45691 1.019 0.125 1243.555 0.02294
-0.03763 0.05950 0.07574 0.10340 0.45802 1.160 0.117 1243.585 0.02296
-0.03767 0.05956 0.07582 0.10352 0.45914 1.028 0.125 1243.615 0.02299
-0.03771 0.05962 0.07590 0.10363 0.46026 1.015 0.124 1243.645 0.02301
-0.03775 0.05969 0.07599 0.10374 0.46137 1.029 0.133 1243.675 0.02304
-0.03779 0.05975 0.07607 0.10385 0.46249 0.885 0.125 1243.705 0.02306
-0.03784 0.05982 0.07615 0.10397 0.46361 1.064 0.127 1243.735 0.02309
-0.03788 0.05988 0.07623 0.10408 0.46473 1.031 0.117 1243.764 0.02311
-0.03792 0.05995 0.07632 0.10419 0.46584 1.078 0.120 1243.794 0.02313
-0.03796 0.06001 0.07640 0.10430 0.46696 0.933 0.119 1243.824 0.02316
-0.03800 0.06008 0.07648 0.10442 0.46808 1.337 0.126 1243.854 0.02318
-0.03804 0.06014 0.07656 0.10453 0.46920 0.986 0.121 1243.884 0.02321
-0.03808 0.06021 0.07665 0.10464 0.47031 1.217 0.127 1243.914 0.02323
-0.03812 0.06027 0.07673 0.10475 0.47143 1.194 0.126 1243.944 0.02326
-0.03816 0.06034 0.07681 0.10487 0.47255 1.149 0.123 1243.974 0.02328
-0.03820 0.06040 0.07689 0.10498 0.47367 1.093 0.121 1244.003 0.02331
-0.03825 0.06047 0.07698 0.10509 0.47479 1.160 0.117 1244.033 0.02333
-0.03829 0.06053 0.07706 0.10520 0.47590 1.070 0.126 1244.063 0.02336
-0.03833 0.06060 0.07714 0.10532 0.47702 0.979 0.129 1244.093 0.02338
-0.03837 0.06066 0.07722 0.10543 0.47814 0.896 0.125 1244.123 0.02341
-0.03841 0.06073 0.07731 0.10554 0.47926 1.013 0.123 1244.153 0.02343
-0.03845 0.06079 0.07739 0.10565 0.48038 0.953 0.120 1244.183 0.02345
-0.03849 0.06086 0.07747 0.10577 0.48149 1.032 0.125 1244.213 0.02348
-0.03853 0.06092 0.07755 0.10588 0.48261 0.816 0.119 1244.243 0.02350
-0.03857 0.06099 0.07764 0.10599 0.48373 1.113 0.122 1244.272 0.02353
-0.03861 0.06105 0.07772 0.10611 0.48485 0.968 0.121 1244.302 0.02355
-0.03866 0.06112 0.07780 0.10622 0.48597 1.031 0.125 1244.332 0.02358
-0.03870 0.06118 0.07788 0.10633 0.48708 1.047 0.126 1244.362 0.02360
-0.03874 0.06124 0.07797 0.10644 0.48820 1.093 0.121 1244.392 0.02363
-0.03878 0.06131 0.07805 0.10656 0.48932 1.032 0.125 1244.422 0.02365
-0.03882 0.06137 0.07813 0.10667 0.49044 0.850 0.122 1244.452 0.02368
-0.03886 0.06144 0.07821 0.10678 0.49156 1.006 0.123 1244.482 0.02370
-0.03890 0.06150 0.07830 0.10689 0.49268 0.969 0.129 1244.511 0.02372
-0.03894 0.06157 0.07838 0.10701 0.49379 0.922 0.126 1244.541 0.02375
-0.03898 0.06163 0.07846 0.10712 0.49491 0.994 0.123 1244.571 0.02377
-0.03902 0.06170 0.07854 0.10723 0.49603 1.005 0.123 1244.601 0.02380
-0.03907 0.06176 0.07863 0.10734 0.49715 0.800 0.120 1244.631 0.02382
-0.03911 0.06183 0.07871 0.10746 0.49827 0.923 0.119 1244.661 0.02385
-0.03915 0.06189 0.07879 0.10757 0.49939 1.004 0.123 1244.691 0.02387
-0.03919 0.06196 0.07887 0.10768 0.50051 0.945 0.128 1244.721 0.02390
-0.03923 0.06202 0.07896 0.10780 0.50163 0.968 0.129 1244.750 0.02392
-0.03927 0.06209 0.07904 0.10791 0.50274 1.042 0.126 1244.780 0.02395
-0.03931 0.06215 0.07912 0.10802 0.50386 0.931 0.119 1244.810 0.02397
-0.03935 0.06222 0.07920 0.10813 0.50498 1.057 0.126 1244.840 0.02400
-0.03939 0.06228 0.07929 0.10825 0.50610 0.903 0.125 1244.870 0.02402
-0.03943 0.06235 0.07937 0.10836 0.50722 1.235 0.120 1244.900 0.02404
-0.03948 0.06241 0.07945 0.10847 0.50834 0.901 0.117 1244.930 0.02407
-0.03952 0.06248 0.07953 0.10858 0.50946 0.974 0.121 1244.960 0.02409
-0.03956 0.06254 0.07962 0.10870 0.51058 0.892 0.124 1244.989 0.02412
-0.03960 0.06261 0.07970 0.10881 0.51170 1.025 0.123 1245.019 0.02414
-0.03964 0.06267 0.07978 0.10892 0.51282 0.864 0.114 1245.049 0.02417
-0.03968 0.06274 0.07986 0.10904 0.51393 0.967 0.121 1245.079 0.02419
-0.03972 0.06280 0.07995 0.10915 0.51505 0.934 0.119 1245.109 0.02422
-0.03976 0.06287 0.08003 0.10926 0.51617 0.965 0.121 1245.139 0.02424
-0.03980 0.06293 0.08011 0.10937 0.51729 1.121 0.122 1245.169 0.02427
-0.03984 0.06300 0.08020 0.10949 0.51841 1.050 0.118 1245.199 0.02429
-0.03989 0.06306 0.08028 0.10960 0.51953 0.955 0.121 1245.229 0.02431
-0.03993 0.06313 0.08036 0.10971 0.52065 0.974 0.120 1245.258 0.02434
-0.03997 0.06319 0.08044 0.10983 0.52177 0.920 0.126 1245.288 0.02436
-0.04001 0.06326 0.08053 0.10994 0.52289 1.005 0.123 1245.318 0.02439
-0.04005 0.06332 0.08061 0.11005 0.52401 0.957 0.120 1245.348 0.02441
-0.04009 0.06339 0.08069 0.11016 0.52513 1.168 0.124 1245.378 0.02444
-0.04013 0.06345 0.08077 0.11028 0.52625 0.800 0.119 1245.408 0.02446
-0.04017 0.06352 0.08086 0.11039 0.52737 1.014 0.124 1245.438 0.02449
-0.04021 0.06358 0.08094 0.11050 0.52849 0.882 0.124 1245.468 0.02451
-0.04026 0.06365 0.08102 0.11061 0.52961 1.045 0.125 1245.497 0.02454
-0.04030 0.06371 0.08110 0.11073 0.53073 0.884 0.124 1245.527 0.02456
-0.04034 0.06377 0.08119 0.11084 0.53185 0.987 0.122 1245.557 0.02458
-0.04038 0.06384 0.08127 0.11095 0.53297 1.085 0.120 1245.587 0.02461
-0.04042 0.06390 0.08135 0.11107 0.53409 0.976 0.122 1245.617 0.02463
-0.04046 0.06397 0.08143 0.11118 0.53521 0.892 0.124 1245.647 0.02466
-0.04050 0.06403 0.08152 0.11129 0.53633 0.988 0.122 1245.677 0.02468
-0.04054 0.06410 0.08160 0.11140 0.53745 0.881 0.116 1245.707 0.02471
-0.04058 0.06416 0.08168 0.11152 0.53857 0.809 0.120 1245.736 0.02473
-0.04062 0.06423 0.08177 0.11163 0.53969 1.224 0.120 1245.766 0.02476
-0.04067 0.06429 0.08185 0.11174 0.54081 0.844 0.122 1245.796 0.02478
-0.04071 0.06436 0.08193 0.11186 0.54193 1.078 0.120 1245.826 0.02481
-0.04075 0.06442 0.08201 0.11197 0.54305 1.114 0.114 1245.856 0.02483
-0.04079 0.06449 0.08210 0.11208 0.54417 1.140 0.123 1245.886 0.02486
-0.04083 0.06455 0.08218 0.11219 0.54529 0.923 0.119 1245.916 0.02488
-0.04087 0.06462 0.08226 0.11231 0.54641 1.020 0.124 1245.946 0.02490
-0.04091 0.06468 0.08234 0.11242 0.54753 1.011 0.123 1245.975 0.02493
-0.04095 0.06475 0.08243 0.11253 0.54865 1.114 0.128 1246.005 0.02495
-0.04099 0.06481 0.08251 0.11265 0.54977 1.092 0.121 1246.035 0.02498
-0.04104 0.06488 0.08259 0.11276 0.55089 0.973 0.122 1246.065 0.02500
-0.04108 0.06494 0.08267 0.11287 0.55201 0.902 0.125 1246.095 0.02503
-0.04112 0.06501 0.08276 0.11299 0.55313 0.937 0.112 1246.125 0.02505
-0.04116 0.06507 0.08284 0.11310 0.55425 1.034 0.117 1246.155 0.02508
-0.04120 0.06514 0.08292 0.11321 0.55537 1.244 0.121 1246.185 0.02510
-0.04124 0.06520 0.08301 0.11332 0.55649 0.774 0.117 1246.215 0.02513
-0.04128 0.06527 0.08309 0.11344 0.55762 0.949 0.120 1246.244 0.02515
-0.04132 0.06533 0.08317 0.11355 0.55874 1.161 0.117 1246.274 0.02517
-0.04136 0.06540 0.08325 0.11366 0.55986 1.105 0.128 1246.304 0.02520
-0.04141 0.06546 0.08334 0.11378 0.56098 1.065 0.126 1246.334 0.02522
-0.04145 0.06553 0.08342 0.11389 0.56210 0.972 0.129 1246.364 0.02525
-0.04149 0.06559 0.08350 0.11400 0.56322 0.913 0.125 1246.394 0.02527
-0.04153 0.06566 0.08358 0.11411 0.56434 0.856 0.122 1246.424 0.02530
-0.04157 0.06572 0.08367 0.11423 0.56546 1.091 0.120 1246.454 0.02532
-0.04161 0.06579 0.08375 0.11434 0.56658 1.033 0.117 1246.483 0.02535
-0.04165 0.06585 0.08383 0.11445 0.56770 0.960 0.121 1246.513 0.02537
-0.04169 0.06592 0.08392 0.11457 0.56883 0.926 0.126 1246.543 0.02540
-0.04173 0.06598 0.08400 0.11468 0.56995 1.233 0.127 1246.573 0.02542
-0.04178 0.06605 0.08408 0.11479 0.57107 0.984 0.121 1246.603 0.02545
-0.04182 0.06611 0.08416 0.11490 0.57219 1.031 0.125 1246.633 0.02547
-0.04186 0.06618 0.08425 0.11502 0.57331 1.030 0.124 1246.663 0.02549
-0.04190 0.06624 0.08433 0.11513 0.57443 1.172 0.123 1246.693 0.02552
-0.04194 0.06631 0.08441 0.11524 0.57555 1.076 0.127 1246.722 0.02554
-0.04198 0.06637 0.08449 0.11536 0.57667 0.996 0.130 1246.752 0.02557
-0.04202 0.06644 0.08458 0.11547 0.57780 0.983 0.122 1246.782 0.02559
-0.04206 0.06650 0.08466 0.11558 0.57892 0.968 0.113 1246.812 0.02562
-0.04210 0.06657 0.08474 0.11570 0.58004 0.959 0.120 1246.842 0.02564
-0.04215 0.06663 0.08483 0.11581 0.58116 0.985 0.121 1246.872 0.02567
-0.04219 0.06670 0.08491 0.11592 0.58228 1.064 0.126 1246.902 0.02569
-0.04223 0.06676 0.08499 0.11603 0.58340 1.090 0.120 1246.932 0.02572
-0.04227 0.06683 0.08507 0.11615 0.58453 0.810 0.119 1246.961 0.02574
-0.04231 0.06689 0.08516 0.11626 0.58565 1.031 0.124 1246.991 0.02576
-0.04235 0.06696 0.08524 0.11637 0.58677 0.949 0.127 1247.021 0.02579
-0.04239 0.06702 0.08532 0.11649 0.58789 1.169 0.124 1247.051 0.02581
-0.04243 0.06709 0.08541 0.11660 0.58901 1.040 0.125 1247.081 0.02584
-0.04247 0.06715 0.08549 0.11671 0.59013 0.947 0.119 1247.111 0.02586
-0.04252 0.06722 0.08557 0.11683 0.59126 1.073 0.126 1247.141 0.02589
-0.04256 0.06728 0.08565 0.11694 0.59238 0.950 0.119 1247.171 0.02591
-0.04260 0.06735 0.08574 0.11705 0.59350 0.926 0.126 1247.201 0.02594
-0.04264 0.06741 0.08582 0.11717 0.59462 0.805 0.111 1247.230 0.02596
-0.04268 0.06748 0.08590 0.11728 0.59575 1.078 0.126 1247.260 0.02599
-0.04272 0.06754 0.08599 0.11739 0.59687 1.147 0.116 1247.290 0.02601
-0.04276 0.06761 0.08607 0.11750 0.59799 0.983 0.129 1247.320 0.02604
-0.04280 0.06767 0.08615 0.11762 0.59911 0.921 0.118 1247.350 0.02606
-0.04284 0.06774 0.08623 0.11773 0.60023 0.921 0.126 1247.380 0.02608
-0.04289 0.06780 0.08632 0.11784 0.60136 1.087 0.120 1247.410 0.02611
-0.04293 0.06787 0.08640 0.11796 0.60248 1.132 0.122 1247.440 0.02613
-0.04297 0.06793 0.08648 0.11807 0.60360 0.991 0.122 1247.469 0.02616
-0.04301 0.06800 0.08656 0.11818 0.60472 1.263 0.121 1247.499 0.02618
-0.04305 0.06806 0.08665 0.11830 0.60585 1.150 0.123 1247.529 0.02621
-0.04309 0.06813 0.08673 0.11841 0.60697 1.064 0.125 1247.559 0.02623
-0.04313 0.06819 0.08681 0.11852 0.60809 0.969 0.120 1247.589 0.02626
-0.04317 0.06826 0.08690 0.11864 0.60921 0.853 0.114 1247.619 0.02628
-0.04322 0.06832 0.08698 0.11875 0.61034 0.790 0.110 1247.649 0.02631
-0.04326 0.06839 0.08706 0.11886 0.61146 0.972 0.121 1247.679 0.02633
-0.04330 0.06845 0.08714 0.11897 0.61258 1.142 0.141 1247.708 0.02635
-0.04334 0.06852 0.08723 0.11909 0.61370 1.083 0.119 1247.738 0.02638
-0.04338 0.06859 0.08731 0.11920 0.61483 0.922 0.118 1247.768 0.02640
-0.04342 0.06865 0.08739 0.11931 0.61595 0.957 0.112 1247.798 0.02643
-0.04346 0.06872 0.08748 0.11943 0.61707 1.064 0.118 1247.828 0.02645
-0.04350 0.06878 0.08756 0.11954 0.61820 1.026 0.123 1247.858 0.02648
-0.04354 0.06885 0.08764 0.11965 0.61932 0.822 0.119 1247.888 0.02650
-0.04359 0.06891 0.08772 0.11977 0.62044 1.033 0.116 1247.918 0.02653
-0.04363 0.06898 0.08781 0.11988 0.62156 0.963 0.120 1247.947 0.02655
-0.04367 0.06904 0.08789 0.11999 0.62269 0.916 0.117 1247.977 0.02658
-0.04371 0.06911 0.08797 0.12011 0.62381 0.953 0.120 1248.007 0.02660
-0.04375 0.06917 0.08806 0.12022 0.62493 0.988 0.114 1248.037 0.02662
-0.04379 0.06924 0.08814 0.12033 0.62606 0.870 0.115 1248.067 0.02665
-0.04383 0.06930 0.08822 0.12045 0.62718 1.104 0.121 1248.097 0.02667
-0.04387 0.06937 0.08830 0.12056 0.62830 0.966 0.121 1248.127 0.02670
-0.04392 0.06943 0.08839 0.12067 0.62943 1.049 0.118 1248.157 0.02672
-0.04396 0.06950 0.08847 0.12078 0.63055 0.894 0.116 1248.187 0.02675
-0.04400 0.06956 0.08855 0.12090 0.63167 0.942 0.119 1248.216 0.02677
-0.04404 0.06963 0.08864 0.12101 0.63280 1.207 0.126 1248.246 0.02680
-0.04408 0.06969 0.08872 0.12112 0.63392 0.856 0.122 1248.276 0.02682
-0.04412 0.06976 0.08880 0.12124 0.63504 0.855 0.122 1248.306 0.02685
-0.04416 0.06982 0.08889 0.12135 0.63617 1.034 0.124 1248.336 0.02687
-0.04420 0.06989 0.08897 0.12146 0.63729 0.989 0.122 1248.366 0.02690
-0.04424 0.06995 0.08905 0.12158 0.63841 1.185 0.124 1248.396 0.02692
-0.04429 0.07002 0.08913 0.12169 0.63954 1.077 0.126 1248.426 0.02694
-0.04433 0.07008 0.08922 0.12180 0.64066 1.032 0.124 1248.455 0.02697
-0.04437 0.07015 0.08930 0.12192 0.64179 0.798 0.118 1248.485 0.02699
-0.04441 0.07021 0.08938 0.12203 0.64291 1.032 0.124 1248.515 0.02702
-0.04445 0.07028 0.08947 0.12214 0.64403 1.173 0.117 1248.545 0.02704
-0.04449 0.07034 0.08955 0.12226 0.64516 1.185 0.124 1248.575 0.02707
-0.04453 0.07041 0.08963 0.12237 0.64628 1.031 0.124 1248.605 0.02709
-0.04457 0.07047 0.08971 0.12248 0.64741 0.985 0.121 1248.635 0.02712
-0.04462 0.07054 0.08980 0.12260 0.64853 0.928 0.118 1248.665 0.02714
-0.04466 0.07060 0.08988 0.12271 0.64965 0.915 0.118 1248.694 0.02717
-0.04470 0.07067 0.08996 0.12282 0.65078 0.929 0.126 1248.724 0.02719
-0.04474 0.07073 0.09005 0.12294 0.65190 1.043 0.117 1248.754 0.02721
-0.04478 0.07080 0.09013 0.12305 0.65303 0.891 0.124 1248.784 0.02724
-0.04482 0.07086 0.09021 0.12316 0.65415 1.045 0.124 1248.814 0.02726
-0.04486 0.07093 0.09030 0.12328 0.65527 0.917 0.117 1248.844 0.02729
-0.04490 0.07099 0.09038 0.12339 0.65640 1.056 0.125 1248.874 0.02731
-0.04495 0.07106 0.09046 0.12350 0.65752 1.021 0.123 1248.904 0.02734
-0.04499 0.07113 0.09054 0.12362 0.65865 0.836 0.120 1248.933 0.02736
-0.04503 0.07119 0.09063 0.12373 0.65977 0.869 0.122 1248.963 0.02739
-0.04507 0.07126 0.09071 0.12384 0.66090 1.127 0.121 1248.993 0.02741
-0.04511 0.07132 0.09079 0.12396 0.66202 1.229 0.126 1249.023 0.02744
-0.04515 0.07139 0.09088 0.12407 0.66314 0.988 0.121 1249.053 0.02746
-0.04519 0.07145 0.09096 0.12418 0.66427 1.059 0.125 1249.083 0.02749
-0.04523 0.07152 0.09104 0.12430 0.66539 1.033 0.116 1249.113 0.02751
-0.04528 0.07158 0.09112 0.12441 0.66652 0.882 0.123 1249.143 0.02753
-0.04532 0.07165 0.09121 0.12452 0.66764 0.859 0.114 1249.173 0.02756
-0.04536 0.07171 0.09129 0.12464 0.66877 0.886 0.123 1249.202 0.02758
-0.04540 0.07178 0.09137 0.12475 0.66989 1.165 0.123 1249.232 0.02761
-0.04544 0.07184 0.09146 0.12486 0.67102 1.210 0.118 1249.262 0.02763
-0.04548 0.07191 0.09154 0.12498 0.67214 1.293 0.122 1249.292 0.02766
-0.04552 0.07197 0.09162 0.12509 0.67327 1.173 0.123 1249.322 0.02768
-0.04556 0.07204 0.09171 0.12520 0.67439 1.010 0.122 1249.352 0.02771
-0.04560 0.07210 0.09179 0.12532 0.67552 1.093 0.119 1249.382 0.02773
-0.04565 0.07217 0.09187 0.12543 0.67664 0.812 0.119 1249.412 0.02776
-0.04569 0.07223 0.09196 0.12554 0.67777 1.198 0.124 1249.441 0.02778
-0.04573 0.07230 0.09204 0.12566 0.67889 0.950 0.119 1249.471 0.02780
-0.04577 0.07236 0.09212 0.12577 0.68002 1.009 0.123 1249.501 0.02783
-0.04581 0.07243 0.09220 0.12588 0.68114 0.789 0.117 1249.531 0.02785
-0.04585 0.07249 0.09229 0.12600 0.68227 1.244 0.127 1249.561 0.02788
-0.04589 0.07256 0.09237 0.12611 0.68339 1.244 0.127 1249.591 0.02790
-0.04593 0.07262 0.09245 0.12622 0.68452 0.940 0.126 1249.621 0.02793
-0.04598 0.07269 0.09254 0.12634 0.68564 1.080 0.126 1249.651 0.02795
-0.04602 0.07276 0.09262 0.12645 0.68677 1.023 0.116 1249.680 0.02798
-0.04606 0.07282 0.09270 0.12656 0.68789 0.929 0.118 1249.710 0.02800
-0.04610 0.07289 0.09279 0.12668 0.68902 0.871 0.122 1249.740 0.02803
-0.04614 0.07295 0.09287 0.12679 0.69014 0.976 0.113 1249.770 0.02805
-0.04618 0.07302 0.09295 0.12690 0.69127 1.057 0.125 1249.800 0.02808
-0.04622 0.07308 0.09303 0.12702 0.69240 0.914 0.124 1249.830 0.02810
-0.04627 0.07315 0.09312 0.12713 0.69352 0.893 0.116 1249.860 0.02812
-0.04631 0.07321 0.09320 0.12724 0.69465 0.825 0.112 1249.890 0.02815
-0.04635 0.07328 0.09328 0.12736 0.69577 0.730 0.113 1249.919 0.02817
-0.04639 0.07334 0.09337 0.12747 0.69690 0.801 0.118 1249.949 0.02820
-0.04643 0.07341 0.09345 0.12758 0.69802 0.715 0.113 1249.979 0.02822
-0.04647 0.07347 0.09353 0.12770 0.69915 0.961 0.119 1250.009 0.02825
-0.04651 0.07354 0.09362 0.12781 0.70027 0.916 0.117 1250.039 0.02827
-0.04655 0.07360 0.09370 0.12792 0.70140 1.020 0.122 1250.069 0.02830
-0.04660 0.07367 0.09378 0.12804 0.70253 0.959 0.120 1250.099 0.02832
-0.04664 0.07373 0.09387 0.12815 0.70365 0.842 0.120 1250.129 0.02835
-0.04668 0.07380 0.09395 0.12826 0.70478 0.784 0.117 1250.158 0.02837
-0.04672 0.07386 0.09403 0.12838 0.70590 0.805 0.118 1250.188 0.02839
-0.04676 0.07393 0.09411 0.12849 0.70703 0.925 0.125 1250.218 0.02842
-0.04680 0.07400 0.09420 0.12860 0.70816 0.898 0.116 1250.248 0.02844
-0.04684 0.07406 0.09428 0.12872 0.70928 0.832 0.120 1250.278 0.02847
-0.04688 0.07413 0.09436 0.12883 0.71041 0.981 0.128 1250.308 0.02849
-0.04693 0.07419 0.09445 0.12894 0.71153 0.911 0.124 1250.338 0.02852
-0.04697 0.07426 0.09453 0.12906 0.71266 0.722 0.114 1250.368 0.02854
-0.04701 0.07432 0.09461 0.12917 0.71379 0.676 0.110 1250.398 0.02857
-0.04705 0.07439 0.09470 0.12928 0.71491 0.641 0.108 1250.427 0.02859
-0.04709 0.07445 0.09478 0.12940 0.71604 0.616 0.106 1250.457 0.02862
-0.04713 0.07452 0.09486 0.12951 0.71717 0.468 0.096 1250.487 0.02864
-0.04717 0.07458 0.09495 0.12962 0.71829 0.515 0.100 1250.517 0.02866
-0.04721 0.07465 0.09503 0.12974 0.71942 0.847 0.120 1250.547 0.02869
-0.04726 0.07471 0.09511 0.12985 0.72055 0.573 0.104 1250.577 0.02871
-0.04730 0.07478 0.09520 0.12997 0.72167 0.966 0.120 1250.607 0.02874
-0.04734 0.07484 0.09528 0.13008 0.72280 1.012 0.123 1250.637 0.02876
-0.04738 0.07491 0.09536 0.13019 0.72393 1.083 0.118 1250.666 0.02879
-0.04742 0.07497 0.09544 0.13031 0.72505 0.814 0.119 1250.696 0.02881
-0.04746 0.07504 0.09553 0.13042 0.72618 0.897 0.116 1250.726 0.02884
-0.04750 0.07511 0.09561 0.13053 0.72731 1.057 0.117 1250.756 0.02886
-0.04755 0.07517 0.09569 0.13065 0.72843 1.022 0.116 1250.786 0.02889
-0.04759 0.07524 0.09578 0.13076 0.72956 0.919 0.117 1250.816 0.02891
-0.04763 0.07530 0.09586 0.13087 0.73069 1.078 0.125 1250.846 0.02894
-0.04767 0.07537 0.09594 0.13099 0.73181 0.814 0.119 1250.876 0.02896
-0.04771 0.07543 0.09603 0.13110 0.73294 1.022 0.123 1250.905 0.02898
-0.04775 0.07550 0.09611 0.13121 0.73407 1.010 0.115 1250.935 0.02901
-0.04779 0.07556 0.09619 0.13133 0.73519 1.148 0.122 1250.965 0.02903
-0.04783 0.07563 0.09628 0.13144 0.73632 0.953 0.112 1250.995 0.02906
-0.04788 0.07569 0.09636 0.13155 0.73745 0.813 0.119 1251.025 0.02908
-0.04792 0.07576 0.09644 0.13167 0.73858 0.964 0.127 1251.055 0.02911
-0.04796 0.07582 0.09653 0.13178 0.73970 0.963 0.112 1251.085 0.02913
-0.04800 0.07589 0.09661 0.13190 0.74083 0.873 0.115 1251.115 0.02916
-0.04804 0.07595 0.09669 0.13201 0.74196 0.825 0.119 1251.144 0.02918
-0.04808 0.07602 0.09678 0.13212 0.74308 0.964 0.120 1251.174 0.02921
-0.04812 0.07609 0.09686 0.13224 0.74421 0.801 0.110 1251.204 0.02923
-0.04816 0.07615 0.09694 0.13235 0.74534 1.031 0.123 1251.234 0.02925
-0.04821 0.07622 0.09702 0.13246 0.74647 0.918 0.124 1251.264 0.02928
-0.04825 0.07628 0.09711 0.13258 0.74759 0.651 0.109 1251.294 0.02930
-0.04829 0.07635 0.09719 0.13269 0.74872 0.839 0.120 1251.324 0.02933
-0.04833 0.07641 0.09727 0.13280 0.74985 0.861 0.113 1251.354 0.02935
-0.04837 0.07648 0.09736 0.13292 0.75098 0.676 0.110 1251.384 0.02938
-0.04841 0.07654 0.09744 0.13303 0.75210 0.814 0.118 1251.413 0.02940
-0.04845 0.07661 0.09752 0.13315 0.75323 0.745 0.114 1251.443 0.02943
-0.04850 0.07667 0.09761 0.13326 0.75436 0.552 0.102 1251.473 0.02945
-0.04854 0.07674 0.09769 0.13337 0.75549 0.713 0.112 1251.503 0.02948
-0.04858 0.07680 0.09777 0.13349 0.75661 0.540 0.101 1251.533 0.02950
-0.04862 0.07687 0.09786 0.13360 0.75774 0.482 0.097 1251.563 0.02953
-0.04866 0.07694 0.09794 0.13371 0.75887 0.400 0.090 1251.593 0.02955
-0.04870 0.07700 0.09802 0.13383 0.76000 0.250 0.077 1251.623 0.02957
-0.04874 0.07707 0.09811 0.13394 0.76113 0.353 0.087 1251.652 0.02960
-0.04879 0.07713 0.09819 0.13405 0.76225 0.204 0.072 1251.682 0.02962
-0.04883 0.07720 0.09827 0.13417 0.76338 0.193 0.071 1251.712 0.02965
-0.04887 0.07726 0.09836 0.13428 0.76451 0.192 0.071 1251.742 0.02967
-0.04891 0.07733 0.09844 0.13439 0.76564 0.169 0.068 1251.772 0.02970
-0.04895 0.07739 0.09852 0.13451 0.76677 0.169 0.068 1251.802 0.02972
-0.04899 0.07746 0.09861 0.13462 0.76789 0.054 0.052 1251.832 0.02975
-0.04903 0.07752 0.09869 0.13474 0.76902 0.054 0.052 1251.862 0.02977
-0.04907 0.07759 0.09877 0.13485 0.77015 0.008 0.042 1251.891 0.02980
-0.04912 0.07765 0.09886 0.13496 0.77128 0.055 0.052 1251.921 0.02982
-0.04916 0.07772 0.09894 0.13508 0.77241 0.067 0.054 1251.951 0.02984
-0.04920 0.07779 0.09902 0.13519 0.77354 0.089 0.057 1251.981 0.02987
-0.04924 0.07785 0.09911 0.13530 0.77466 0.125 0.063 1252.011 0.02989
-0.04928 0.07792 0.09919 0.13542 0.77579 0.228 0.074 1252.041 0.02992
-0.04932 0.07798 0.09927 0.13553 0.77692 0.425 0.092 1252.071 0.02994
-0.04936 0.07805 0.09936 0.13565 0.77805 0.506 0.098 1252.101 0.02997
-0.04941 0.07811 0.09944 0.13576 0.77918 0.529 0.100 1252.130 0.02999
-0.04945 0.07818 0.09952 0.13587 0.78031 0.664 0.109 1252.160 0.03002
-0.04949 0.07824 0.09961 0.13599 0.78144 0.782 0.116 1252.190 0.03004
-0.04953 0.07831 0.09969 0.13610 0.78256 0.882 0.122 1252.220 0.03007
-0.04957 0.07837 0.09977 0.13621 0.78369 0.803 0.110 1252.250 0.03009
-0.04961 0.07844 0.09986 0.13633 0.78482 0.845 0.120 1252.280 0.03011
-0.04965 0.07850 0.09994 0.13644 0.78595 1.029 0.122 1252.310 0.03014
-0.04970 0.07857 0.10002 0.13656 0.78708 1.028 0.115 1252.340 0.03016
-0.04974 0.07864 0.10011 0.13667 0.78821 1.037 0.116 1252.370 0.03019
-0.04978 0.07870 0.10019 0.13678 0.78934 0.939 0.111 1252.399 0.03021
-0.04982 0.07877 0.10027 0.13690 0.79047 1.109 0.119 1252.429 0.03024
-0.04986 0.07883 0.10036 0.13701 0.79160 1.084 0.118 1252.459 0.03026
-0.04990 0.07890 0.10044 0.13712 0.79272 0.930 0.116 1252.489 0.03029
-0.04994 0.07896 0.10052 0.13724 0.79385 0.991 0.113 1252.519 0.03031
-0.04999 0.07903 0.10061 0.13735 0.79498 1.092 0.118 1252.549 0.03034
-0.05003 0.07909 0.10069 0.13747 0.79611 1.122 0.121 1252.579 0.03036
-0.05007 0.07916 0.10077 0.13758 0.79724 1.017 0.114 1252.609 0.03039
-0.05011 0.07922 0.10086 0.13769 0.79837 0.937 0.117 1252.638 0.03041
-0.05015 0.07929 0.10094 0.13781 0.79950 1.140 0.114 1252.668 0.03043
-0.05019 0.07936 0.10102 0.13792 0.80063 1.137 0.114 1252.698 0.03046
-0.05023 0.07942 0.10111 0.13803 0.80176 0.894 0.121 1252.728 0.03048
-0.05028 0.07949 0.10119 0.13815 0.80289 0.803 0.110 1252.758 0.03051
-0.05032 0.07955 0.10127 0.13826 0.80402 0.895 0.115 1252.788 0.03053
-0.05036 0.07962 0.10136 0.13838 0.80515 1.080 0.111 1252.818 0.03056
-0.05040 0.07968 0.10144 0.13849 0.80628 1.011 0.115 1252.848 0.03058
-0.05044 0.07975 0.10152 0.13860 0.80741 1.022 0.122 1252.877 0.03061
-0.05048 0.07981 0.10161 0.13872 0.80853 0.997 0.114 1252.907 0.03063
-0.05052 0.07988 0.10169 0.13883 0.80966 1.012 0.122 1252.937 0.03066
-0.05056 0.07995 0.10177 0.13894 0.81079 0.767 0.115 1252.967 0.03068
-0.05061 0.08001 0.10186 0.13906 0.81192 0.964 0.126 1252.997 0.03070
-0.05065 0.08008 0.10194 0.13917 0.81305 0.827 0.119 1253.027 0.03073
-0.05069 0.08014 0.10202 0.13929 0.81418 0.782 0.116 1253.057 0.03075
-0.05073 0.08021 0.10211 0.13940 0.81531 0.838 0.119 1253.087 0.03078
-0.05077 0.08027 0.10219 0.13951 0.81644 0.988 0.121 1253.116 0.03080
-0.05081 0.08034 0.10227 0.13963 0.81757 0.839 0.119 1253.146 0.03083
-0.05085 0.08040 0.10236 0.13974 0.81870 0.651 0.108 1253.176 0.03085
-0.05090 0.08047 0.10244 0.13986 0.81983 0.883 0.121 1253.206 0.03088
-0.05094 0.08053 0.10252 0.13997 0.82096 1.063 0.118 1253.236 0.03090
-0.05098 0.08060 0.10261 0.14008 0.82209 0.870 0.121 1253.266 0.03093
-0.05102 0.08067 0.10269 0.14020 0.82322 0.876 0.121 1253.296 0.03095
-0.05106 0.08073 0.10277 0.14031 0.82435 1.022 0.122 1253.326 0.03098
-0.05110 0.08080 0.10286 0.14042 0.82548 1.080 0.118 1253.356 0.03100
-0.05114 0.08086 0.10294 0.14054 0.82661 1.030 0.115 1253.385 0.03102
-0.05119 0.08093 0.10302 0.14065 0.82774 0.842 0.111 1253.415 0.03105
-0.05123 0.08099 0.10311 0.14077 0.82887 0.879 0.121 1253.445 0.03107
-0.05127 0.08106 0.10319 0.14088 0.83000 0.912 0.116 1253.475 0.03110
-0.05131 0.08112 0.10327 0.14099 0.83113 0.819 0.118 1253.505 0.03112
-0.05135 0.08119 0.10336 0.14111 0.83227 0.763 0.132 1253.535 0.03115
-0.05139 0.08126 0.10344 0.14122 0.83340 0.587 0.141 1253.565 0.03117
-0.05144 0.08132 0.10352 0.14134 0.83453 0.426 0.127 1253.595 0.03120
-0.05148 0.08139 0.10361 0.14145 0.83566 0.503 0.133 1253.624 0.03122
-0.05152 0.08145 0.10369 0.14156 0.83679 0.498 0.133 1253.654 0.03125
-0.05156 0.08152 0.10377 0.14168 0.83792 0.491 0.133 1253.684 0.03127
-0.05160 0.08158 0.10386 0.14179 0.83905 0.428 0.127 1253.714 0.03129
-0.05164 0.08165 0.10394 0.14190 0.84018 0.429 0.127 1253.744 0.03132
-0.05168 0.08171 0.10402 0.14202 0.84131 0.603 0.143 1253.774 0.03134
-0.05173 0.08178 0.10411 0.14213 0.84244 0.467 0.131 1253.804 0.03137
-0.05177 0.08185 0.10419 0.14225 0.84357 1.046 0.175 1253.834 0.03139
-0.05181 0.08191 0.10427 0.14236 0.84470 0.698 0.151 1253.863 0.03142
-0.05185 0.08198 0.10436 0.14247 0.84583 1.142 0.182 1253.893 0.03144
-0.05189 0.08204 0.10444 0.14259 0.84696 0.872 0.164 1253.923 0.03147
-0.05193 0.08211 0.10452 0.14270 0.84810 1.238 0.187 1253.953 0.03149
-0.05197 0.08217 0.10461 0.14282 0.84923 0.890 0.165 1253.983 0.03152
-0.05202 0.08224 0.10469 0.14293 0.85036 0.987 0.172 1254.013 0.03154
-0.05206 0.08230 0.10477 0.14304 0.85149 0.968 0.170 1254.043 0.03157
-0.05210 0.08237 0.10486 0.14316 0.85262 0.833 0.161 1254.073 0.03159
-0.05214 0.08244 0.10494 0.14327 0.85375 0.872 0.164 1254.102 0.03161
-0.05218 0.08250 0.10503 0.14339 0.85488 1.007 0.173 1254.132 0.03164
-0.05222 0.08257 0.10511 0.14350 0.85601 0.910 0.166 1254.162 0.03166
-0.05226 0.08263 0.10519 0.14361 0.85714 0.988 0.172 1254.192 0.03169
-0.05231 0.08270 0.10528 0.14373 0.85828 0.834 0.161 1254.222 0.03171
-0.05235 0.08276 0.10536 0.14384 0.85941 1.027 0.174 1254.252 0.03174
-0.05239 0.08283 0.10544 0.14396 0.86054 1.220 0.186 1254.282 0.03176
-0.05243 0.08289 0.10553 0.14407 0.86167 1.181 0.184 1254.312 0.03179
-0.05247 0.08296 0.10561 0.14418 0.86280 1.103 0.179 1254.342 0.03181
-0.05251 0.08303 0.10569 0.14430 0.86393 1.045 0.175 1254.371 0.03184
-0.05255 0.08309 0.10578 0.14441 0.86506 0.910 0.166 1254.401 0.03186
-0.05260 0.08316 0.10586 0.14453 0.86620 0.987 0.171 1254.431 0.03188
-0.05264 0.08322 0.10594 0.14464 0.86733 1.019 0.115 1254.461 0.03191
-0.05268 0.08329 0.10603 0.14475 0.86846 0.963 0.119 1254.491 0.03193
-0.05272 0.08335 0.10611 0.14487 0.86959 1.098 0.112 1254.521 0.03196
-0.05276 0.08342 0.10619 0.14498 0.87072 1.078 0.125 1254.551 0.03198
-0.05280 0.08348 0.10628 0.14510 0.87185 1.159 0.122 1254.581 0.03201
-0.05285 0.08355 0.10636 0.14521 0.87299 1.099 0.119 1254.610 0.03203
-0.05289 0.08362 0.10644 0.14532 0.87412 0.953 0.118 1254.640 0.03206
-0.05293 0.08368 0.10653 0.14544 0.87525 1.181 0.123 1254.670 0.03208
-0.05297 0.08375 0.10661 0.14555 0.87638 1.078 0.118 1254.700 0.03211
-0.05301 0.08381 0.10670 0.14567 0.87751 1.203 0.117 1254.730 0.03213
-0.05305 0.08388 0.10678 0.14578 0.87865 0.947 0.118 1254.760 0.03215
-0.05309 0.08394 0.10686 0.14589 0.87978 0.975 0.112 1254.790 0.03218
-0.05314 0.08401 0.10695 0.14601 0.88091 1.067 0.124 1254.820 0.03220
-0.05318 0.08408 0.10703 0.14612 0.88204 0.954 0.125 1254.849 0.03223
-0.05322 0.08414 0.10711 0.14624 0.88317 1.010 0.121 1254.879 0.03225
-0.05326 0.08421 0.10720 0.14635 0.88431 1.055 0.116 1254.909 0.03228
-0.05330 0.08427 0.10728 0.14646 0.88544 1.010 0.121 1254.939 0.03230
-0.05334 0.08434 0.10736 0.14658 0.88657 0.861 0.120 1254.969 0.03233
-0.05338 0.08440 0.10745 0.14669 0.88770 1.092 0.118 1254.999 0.03235
-0.05343 0.08447 0.10753 0.14681 0.88884 1.007 0.121 1255.029 0.03238
-0.05347 0.08453 0.10761 0.14692 0.88997 1.057 0.116 1255.059 0.03240
-0.05351 0.08460 0.10770 0.14704 0.89110 1.008 0.120 1255.088 0.03243
-0.05355 0.08467 0.10778 0.14715 0.89223 1.102 0.119 1255.118 0.03245
-0.05359 0.08473 0.10787 0.14726 0.89337 1.090 0.118 1255.148 0.03247
-0.05363 0.08480 0.10795 0.14738 0.89450 0.976 0.126 1255.178 0.03250
-0.05368 0.08486 0.10803 0.14749 0.89563 1.089 0.111 1255.208 0.03252
-0.05372 0.08493 0.10812 0.14761 0.89676 0.836 0.111 1255.238 0.03255
-0.05376 0.08499 0.10820 0.14772 0.89790 1.022 0.115 1255.268 0.03257
-0.05380 0.08506 0.10828 0.14783 0.89903 1.077 0.125 1255.298 0.03260
-0.05384 0.08513 0.10837 0.14795 0.90016 1.018 0.122 1255.328 0.03262
-0.05388 0.08519 0.10845 0.14806 0.90129 0.661 0.121 1255.357 0.03265
-0.05392 0.08526 0.10853 0.14818 0.90243 1.101 0.119 1255.387 0.03267
-0.05397 0.08532 0.10862 0.14829 0.90356 1.095 0.118 1255.417 0.03270
-0.05401 0.08539 0.10870 0.14840 0.90469 0.925 0.116 1255.447 0.03272
-0.05405 0.08545 0.10878 0.14852 0.90583 0.983 0.120 1255.477 0.03274
-0.05409 0.08552 0.10887 0.14863 0.90696 0.988 0.112 1255.507 0.03277
-0.05413 0.08559 0.10895 0.14875 0.90809 1.145 0.114 1255.537 0.03279
-0.05417 0.08565 0.10904 0.14886 0.90923 1.018 0.121 1255.567 0.03282
-0.05422 0.08572 0.10912 0.14898 0.91036 1.042 0.116 1255.596 0.03284
-0.05426 0.08578 0.10920 0.14909 0.91149 0.986 0.120 1255.626 0.03287
-0.05430 0.08585 0.10929 0.14920 0.91263 1.144 0.114 1255.656 0.03289
-0.05434 0.08591 0.10937 0.14932 0.91376 0.925 0.117 1255.686 0.03292
-0.05438 0.08598 0.10945 0.14943 0.91489 1.384 0.125 1255.716 0.03294
-0.05442 0.08605 0.10954 0.14955 0.91603 1.064 0.124 1255.746 0.03297
-0.05446 0.08611 0.10962 0.14966 0.91716 1.189 0.116 1255.776 0.03299
-0.05451 0.08618 0.10970 0.14977 0.91829 1.270 0.120 1255.806 0.03302
-0.05455 0.08624 0.10979 0.14989 0.91943 0.926 0.117 1255.835 0.03304
-0.05459 0.08631 0.10987 0.15000 0.92056 0.973 0.119 1255.865 0.03306
-0.05463 0.08637 0.10996 0.15012 0.92169 0.937 0.125 1255.895 0.03309
-0.05467 0.08644 0.11004 0.15023 0.92283 1.061 0.117 1255.925 0.03311
-0.05471 0.08651 0.11012 0.15035 0.92396 1.092 0.118 1255.955 0.03314
-0.05476 0.08657 0.11021 0.15046 0.92509 0.987 0.120 1255.985 0.03316
-0.05480 0.08664 0.11029 0.15057 0.92623 0.944 0.124 1256.015 0.03319
-0.05484 0.08670 0.11037 0.15069 0.92736 0.980 0.119 1256.045 0.03321
-0.05488 0.08677 0.11046 0.15080 0.92849 1.067 0.124 1256.074 0.03324
-0.05492 0.08683 0.11054 0.15092 0.92963 1.161 0.115 1256.104 0.03326
-0.05496 0.08690 0.11063 0.15103 0.93076 0.904 0.123 1256.134 0.03329
-0.05501 0.08697 0.11071 0.15115 0.93190 1.056 0.116 1256.164 0.03331
-0.05505 0.08703 0.11079 0.15126 0.93303 1.011 0.121 1256.194 0.03333
-0.05509 0.08710 0.11088 0.15137 0.93416 1.032 0.122 1256.224 0.03336
-0.05513 0.08716 0.11096 0.15149 0.93530 1.256 0.119 1256.254 0.03338
-0.05517 0.08723 0.11104 0.15160 0.93643 1.023 0.115 1256.284 0.03341
-0.05521 0.08729 0.11113 0.15172 0.93757 0.823 0.110 1256.314 0.03343
-0.05525 0.08736 0.11121 0.15183 0.93870 0.902 0.122 1256.343 0.03346
-0.05530 0.08743 0.11129 0.15195 0.93983 0.970 0.119 1256.373 0.03348
-0.05534 0.08749 0.11138 0.15206 0.94097 0.956 0.125 1256.403 0.03351
-0.05538 0.08756 0.11146 0.15217 0.94210 0.902 0.123 1256.433 0.03353
-0.05542 0.08762 0.11155 0.15229 0.94324 1.015 0.114 1256.463 0.03356
-0.05546 0.08769 0.11163 0.15240 0.94437 1.037 0.123 1256.493 0.03358
-0.05550 0.08775 0.11171 0.15252 0.94551 1.043 0.116 1256.523 0.03361
-0.05555 0.08782 0.11180 0.15263 0.94664 0.732 0.112 1256.553 0.03363
-0.05559 0.08789 0.11188 0.15275 0.94777 0.963 0.118 1256.582 0.03365
-0.05563 0.08795 0.11196 0.15286 0.94891 0.825 0.118 1256.612 0.03368
-0.05567 0.08802 0.11205 0.15297 0.95004 1.089 0.118 1256.642 0.03370
-0.05571 0.08808 0.11213 0.15309 0.95118 1.051 0.116 1256.672 0.03373
-0.05575 0.08815 0.11222 0.15320 0.95231 1.042 0.116 1256.702 0.03375
-0.05580 0.08821 0.11230 0.15332 0.95345 1.144 0.121 1256.732 0.03378
-0.05584 0.08828 0.11238 0.15343 0.95458 0.981 0.112 1256.762 0.03380
-0.05588 0.08835 0.11247 0.15355 0.95572 0.708 0.111 1256.792 0.03383
-0.05592 0.08841 0.11255 0.15366 0.95685 0.893 0.115 1256.821 0.03385
-0.05596 0.08848 0.11263 0.15377 0.95799 0.983 0.119 1256.851 0.03388
-0.05600 0.08854 0.11272 0.15389 0.95912 1.062 0.117 1256.881 0.03390
-0.05604 0.08861 0.11280 0.15400 0.96026 0.836 0.111 1256.911 0.03392
-0.05609 0.08868 0.11289 0.15412 0.96139 1.041 0.116 1256.941 0.03395
-0.05613 0.08874 0.11297 0.15423 0.96253 0.952 0.125 1256.971 0.03397
-0.05617 0.08881 0.11305 0.15435 0.96366 0.787 0.116 1257.001 0.03400
-0.05621 0.08887 0.11314 0.15446 0.96480 0.971 0.119 1257.031 0.03402
-0.05625 0.08894 0.11322 0.15457 0.96593 1.085 0.118 1257.060 0.03405
-0.05629 0.08900 0.11330 0.15469 0.96707 0.856 0.120 1257.090 0.03407
-0.05634 0.08907 0.11339 0.15480 0.96820 0.938 0.117 1257.120 0.03410
-0.05638 0.08914 0.11347 0.15492 0.96934 0.946 0.125 1257.150 0.03412
-0.05642 0.08920 0.11356 0.15503 0.97047 1.005 0.114 1257.180 0.03415
-0.05646 0.08927 0.11364 0.15515 0.97161 0.925 0.124 1257.210 0.03417
-0.05650 0.08933 0.11372 0.15526 0.97274 1.187 0.116 1257.240 0.03419
-0.05654 0.08940 0.11381 0.15537 0.97388 0.891 0.122 1257.270 0.03422
-0.05659 0.08946 0.11389 0.15549 0.97501 0.959 0.111 1257.300 0.03424
-0.05663 0.08953 0.11397 0.15560 0.97615 1.052 0.117 1257.329 0.03427
-0.05667 0.08960 0.11406 0.15572 0.97728 1.004 0.121 1257.359 0.03429
-0.05671 0.08966 0.11414 0.15583 0.97842 1.004 0.113 1257.389 0.03432
-0.05675 0.08973 0.11423 0.15595 0.97955 0.775 0.115 1257.419 0.03434
-0.05679 0.08979 0.11431 0.15606 0.98069 1.067 0.117 1257.449 0.03437
-0.05684 0.08986 0.11439 0.15618 0.98183 0.970 0.126 1257.479 0.03439
-0.05688 0.08993 0.11448 0.15629 0.98296 1.087 0.118 1257.509 0.03442
-0.05692 0.08999 0.11456 0.15640 0.98410 1.017 0.128 1257.539 0.03444
-0.05696 0.09006 0.11464 0.15652 0.98523 0.915 0.115 1257.568 0.03447
-0.05700 0.09012 0.11473 0.15663 0.98637 1.039 0.115 1257.598 0.03449
-0.05704 0.09019 0.11481 0.15675 0.98750 1.039 0.122 1257.628 0.03451
-0.05709 0.09025 0.11490 0.15686 0.98864 0.775 0.115 1257.658 0.03454
-0.05713 0.09032 0.11498 0.15698 0.98978 0.868 0.113 1257.688 0.03456
-0.05717 0.09039 0.11506 0.15709 0.99091 0.948 0.110 1257.718 0.03459
-0.05721 0.09045 0.11515 0.15721 0.99205 0.959 0.118 1257.748 0.03461
-0.05725 0.09052 0.11523 0.15732 0.99318 1.062 0.124 1257.778 0.03464
-0.05729 0.09058 0.11532 0.15743 0.99432 1.017 0.114 1257.807 0.03466
-0.05734 0.09065 0.11540 0.15755 0.99546 0.889 0.114 1257.837 0.03469
-0.05738 0.09072 0.11548 0.15766 0.99659 0.855 0.113 1257.867 0.03471
-0.05742 0.09078 0.11557 0.15778 0.99773 1.132 0.120 1257.897 0.03474
-0.05746 0.09085 0.11565 0.15789 0.99886 1.064 0.123 1257.927 0.03476
-0.05750 0.09091 0.11573 0.15801 1.00000 0.971 0.119 1257.957 0.03478
