x y z dist_scaled dist_frac flux_norm sig_norm wavelength redshift
-0.02067 0.02697 0.04608 0.05726 0.00000 1.022 0.446 1231.245 0.01281
-0.02071 0.02702 0.04617 0.05737 0.00110 1.100 0.455 1231.275 0.01284
-0.02075 0.02707 0.04626 0.05748 0.00220 0.709 0.400 1231.305 0.01286
-0.02079 0.02713 0.04635 0.05759 0.00330 0.710 0.398 1231.335 0.01289
-0.02083 0.02718 0.04644 0.05770 0.00440 1.562 0.505 1231.365 0.01291
-0.02087 0.02723 0.04653 0.05781 0.00550 0.943 0.433 1231.395 0.01293
-0.02091 0.02728 0.04662 0.05792 0.00661 1.097 0.446 1231.425 0.01296
-0.02095 0.02733 0.04671 0.05803 0.00771 1.254 0.471 1231.454 0.01298
-0.02099 0.02739 0.04680 0.05814 0.00881 1.175 0.461 1231.484 0.01301
-0.02103 0.02744 0.04689 0.05826 0.00991 0.864 0.422 1231.514 0.01303
-0.02107 0.02749 0.04698 0.05837 0.01101 1.091 0.452 1231.544 0.01306
-0.02111 0.02754 0.04706 0.05848 0.01211 0.858 0.422 1231.574 0.01308
-0.02115 0.02760 0.04715 0.05859 0.01321 0.785 0.409 1231.604 0.01311
-0.02119 0.02765 0.04724 0.05870 0.01431 1.088 0.450 1231.634 0.01313
-0.02123 0.02770 0.04733 0.05881 0.01541 1.012 0.440 1231.664 0.01316
-0.02127 0.02775 0.04742 0.05892 0.01652 0.777 0.399 1231.693 0.01318
-0.02131 0.02780 0.04751 0.05903 0.01762 1.006 0.439 1231.723 0.01321
-0.02135 0.02786 0.04760 0.05914 0.01872 1.159 0.457 1231.753 0.01323
-0.02139 0.02791 0.04769 0.05925 0.01982 0.702 0.398 1231.783 0.01325
-0.02144 0.02796 0.04778 0.05936 0.02092 0.779 0.402 1231.813 0.01328
-0.02148 0.02801 0.04787 0.05948 0.02202 0.934 0.428 1231.843 0.01330
-0.02152 0.02807 0.04796 0.05959 0.02312 0.625 0.386 1231.873 0.01333
-0.02156 0.02812 0.04805 0.05970 0.02423 1.236 0.464 1231.903 0.01335
-0.02160 0.02817 0.04814 0.05981 0.02533 0.544 0.374 1231.932 0.01338
-0.02164 0.02822 0.04823 0.05992 0.02643 0.842 0.417 1231.962 0.01340
-0.02168 0.02828 0.04832 0.06003 0.02753 1.225 0.464 1231.992 0.01343
-0.02172 0.02833 0.04840 0.06014 0.02863 0.915 0.426 1232.022 0.01345
-0.02176 0.02838 0.04849 0.06025 0.02973 1.219 0.463 1232.052 0.01348
-0.02180 0.02843 0.04858 0.06036 0.03084 1.297 0.470 1232.082 0.01350
-0.02184 0.02848 0.04867 0.06047 0.03194 0.761 0.399 1232.112 0.01352
-0.02188 0.02854 0.04876 0.06059 0.03304 0.837 0.412 1232.142 0.01355
-0.02192 0.02859 0.04885 0.06070 0.03414 1.066 0.444 1232.171 0.01357
-0.02196 0.02864 0.04894 0.06081 0.03524 0.684 0.393 1232.201 0.01360
-0.02200 0.02869 0.04903 0.06092 0.03635 1.365 0.478 1232.231 0.01362
-0.02204 0.02875 0.04912 0.06103 0.03745 1.061 0.441 1232.261 0.01365
-0.02208 0.02880 0.04921 0.06114 0.03855 1.134 0.452 1232.291 0.01367
-0.02212 0.02885 0.04930 0.06125 0.03965 1.661 0.508 1232.321 0.01370
-0.02216 0.02890 0.04939 0.06136 0.04075 0.979 0.432 1232.351 0.01372
-0.02220 0.02896 0.04948 0.06147 0.04186 1.051 0.438 1232.381 0.01375
-0.02224 0.02901 0.04957 0.06159 0.04296 0.824 0.412 1232.411 0.01377
-0.02228 0.02906 0.04966 0.06170 0.04406 0.749 0.398 1232.440 0.01380
-0.02232 0.02911 0.04975 0.06181 0.04516 0.600 0.378 1232.470 0.01382
-0.02236 0.02916 0.04983 0.06192 0.04627 0.973 0.429 1232.500 0.01384
-0.02240 0.02922 0.04992 0.06203 0.04737 0.301 0.326 1232.530 0.01387
-0.02244 0.02927 0.05001 0.06214 0.04847 0.830 0.407 1232.560 0.01389
-0.02248 0.02932 0.05010 0.06225 0.04957 1.354 0.471 1232.590 0.01392
-0.02252 0.02937 0.05019 0.06236 0.05068 0.827 0.407 1232.620 0.01394
-0.02256 0.02943 0.05028 0.06247 0.05178 2.027 0.541 1232.650 0.01397
-0.02260 0.02948 0.05037 0.06258 0.05288 1.199 0.455 1232.679 0.01399
-0.02264 0.02953 0.05046 0.06270 0.05398 1.052 0.437 1232.709 0.01402
-0.02268 0.02958 0.05055 0.06281 0.05509 0.605 0.377 1232.739 0.01404
-0.02272 0.02964 0.05064 0.06292 0.05619 0.603 0.372 1232.769 0.01407
-0.02276 0.02969 0.05073 0.06303 0.05729 1.053 0.437 1232.799 0.01409
-0.02280 0.02974 0.05082 0.06314 0.05840 1.350 0.470 1232.829 0.01411
-0.02284 0.02979 0.05091 0.06325 0.05950 0.748 0.394 1232.859 0.01414
-0.02288 0.02984 0.05100 0.06336 0.06060 0.971 0.427 1232.889 0.01416
-0.02292 0.02990 0.05109 0.06347 0.06170 1.122 0.444 1232.918 0.01419
-0.02296 0.02995 0.05118 0.06358 0.06281 0.826 0.407 1232.948 0.01421
-0.02300 0.03000 0.05127 0.06370 0.06391 0.829 0.405 1232.978 0.01424
-0.02304 0.03005 0.05135 0.06381 0.06501 1.494 0.485 1233.008 0.01426
-0.02308 0.03011 0.05144 0.06392 0.06612 1.569 0.492 1233.038 0.01429
-0.02312 0.03016 0.05153 0.06403 0.06722 1.343 0.469 1233.068 0.01431
-0.02316 0.03021 0.05162 0.06414 0.06832 0.927 0.415 1233.098 0.01434
-0.02320 0.03026 0.05171 0.06425 0.06943 1.047 0.425 1233.128 0.01436
-0.02324 0.03032 0.05180 0.06436 0.07053 0.440 0.337 1233.157 0.01439
-0.02328 0.03037 0.05189 0.06447 0.07163 1.175 0.439 1233.187 0.01441
-0.02332 0.03042 0.05198 0.06459 0.07274 1.074 0.432 1233.217 0.01443
-0.02336 0.03047 0.05207 0.06470 0.07384 1.330 0.458 1233.247 0.01446
-0.02340 0.03053 0.05216 0.06481 0.07494 1.406 0.473 1233.277 0.01448
-0.02344 0.03058 0.05225 0.06492 0.07605 1.297 0.458 1233.307 0.01451
-0.02348 0.03063 0.05234 0.06503 0.07715 1.466 0.472 1233.337 0.01453
-0.02352 0.03068 0.05243 0.06514 0.07825 0.769 0.381 1233.367 0.01456
-0.02356 0.03073 0.05252 0.06525 0.07936 0.818 0.393 1233.397 0.01458
-0.02360 0.03079 0.05261 0.06536 0.08046 1.197 0.438 1233.426 0.01461
-0.02364 0.03084 0.05270 0.06547 0.08156 0.984 0.420 1233.456 0.01463
-0.02368 0.03089 0.05279 0.06559 0.08267 0.579 0.360 1233.486 0.01466
-0.02372 0.03094 0.05288 0.06570 0.08377 1.250 0.445 1233.516 0.01468
-0.02376 0.03100 0.05297 0.06581 0.08488 1.293 0.451 1233.546 0.01470
-0.02380 0.03105 0.05305 0.06592 0.08598 1.189 0.447 1233.576 0.01473
-0.02384 0.03110 0.05314 0.06603 0.08708 0.731 0.391 1233.606 0.01475
-0.02388 0.03115 0.05323 0.06614 0.08819 0.509 0.358 1233.636 0.01478
-0.02392 0.03121 0.05332 0.06625 0.08929 1.019 0.428 1233.665 0.01480
-0.02396 0.03126 0.05341 0.06636 0.09040 1.020 0.428 1233.695 0.01483
-0.02400 0.03131 0.05350 0.06648 0.09150 0.657 0.380 1233.725 0.01485
-0.02404 0.03136 0.05359 0.06659 0.09260 1.313 0.460 1233.755 0.01488
-0.02408 0.03142 0.05368 0.06670 0.09371 0.874 0.410 1233.785 0.01490
-0.02412 0.03147 0.05377 0.06681 0.09481 0.873 0.408 1233.815 0.01493
-0.02416 0.03152 0.05386 0.06692 0.09592 1.163 0.443 1233.845 0.01495
-0.02420 0.03157 0.05395 0.06703 0.09702 1.021 0.427 1233.875 0.01497
-0.02424 0.03163 0.05404 0.06714 0.09813 1.091 0.436 1233.904 0.01500
-0.02428 0.03168 0.05413 0.06725 0.09923 1.088 0.434 1233.934 0.01502
-0.02432 0.03173 0.05422 0.06737 0.10033 0.940 0.416 1233.964 0.01505
-0.02436 0.03178 0.05431 0.06748 0.10144 0.795 0.398 1233.994 0.01507
-0.02440 0.03184 0.05440 0.06759 0.10254 1.085 0.434 1234.024 0.01510
-0.02444 0.03189 0.05449 0.06770 0.10365 1.087 0.434 1234.054 0.01512
-0.02448 0.03194 0.05458 0.06781 0.10475 0.579 0.366 1234.084 0.01515
-0.02452 0.03199 0.05467 0.06792 0.10586 0.940 0.413 1234.114 0.01517
-0.02456 0.03204 0.05476 0.06803 0.10696 1.303 0.458 1234.143 0.01520
-0.02461 0.03210 0.05485 0.06814 0.10807 1.090 0.429 1234.173 0.01522
-0.02465 0.03215 0.05494 0.06826 0.10917 1.596 0.488 1234.203 0.01525
-0.02469 0.03220 0.05502 0.06837 0.11028 0.948 0.414 1234.233 0.01527
-0.02473 0.03225 0.05511 0.06848 0.11138 1.163 0.441 1234.263 0.01529
-0.02477 0.03231 0.05520 0.06859 0.11248 1.232 0.449 1234.293 0.01532
-0.02481 0.03236 0.05529 0.06870 0.11359 1.596 0.484 1234.323 0.01534
-0.02485 0.03241 0.05538 0.06881 0.11469 1.013 0.423 1234.353 0.01537
-0.02489 0.03246 0.05547 0.06892 0.11580 1.016 0.422 1234.383 0.01539
-0.02493 0.03252 0.05556 0.06904 0.11690 1.089 0.431 1234.412 0.01542
-0.02497 0.03257 0.05565 0.06915 0.11801 0.295 0.425 1234.442 0.01544
-0.02501 0.03262 0.05574 0.06926 0.11911 0.946 0.410 1234.472 0.01547
-0.02505 0.03267 0.05583 0.06937 0.12022 0.656 0.374 1234.502 0.01549
-0.02509 0.03273 0.05592 0.06948 0.12132 1.378 0.463 1234.532 0.01552
-0.02513 0.03278 0.05601 0.06959 0.12243 0.735 0.380 1234.562 0.01554
-0.02517 0.03283 0.05610 0.06970 0.12354 1.453 0.470 1234.592 0.01556
-0.02521 0.03288 0.05619 0.06981 0.12464 0.949 0.412 1234.622 0.01559
-0.02525 0.03294 0.05628 0.06993 0.12575 0.806 0.392 1234.651 0.01561
-0.02529 0.03299 0.05637 0.07004 0.12685 1.024 0.421 1234.681 0.01564
-0.02533 0.03304 0.05646 0.07015 0.12796 0.737 0.381 1234.711 0.01566
-0.02537 0.03309 0.05655 0.07026 0.12906 1.091 0.429 1234.741 0.01569
-0.02541 0.03315 0.05664 0.07037 0.13017 0.946 0.411 1234.771 0.01571
-0.02545 0.03320 0.05673 0.07048 0.13127 1.090 0.429 1234.801 0.01574
-0.02549 0.03325 0.05682 0.07059 0.13238 1.015 0.419 1234.831 0.01576
-0.02553 0.03330 0.05691 0.07071 0.13348 1.090 0.428 1234.861 0.01579
-0.02557 0.03336 0.05700 0.07082 0.13459 0.798 0.392 1234.890 0.01581
-0.02561 0.03341 0.05709 0.07093 0.13570 0.869 0.395 1234.920 0.01584
-0.02565 0.03346 0.05718 0.07104 0.13680 0.587 0.360 1234.950 0.01586
-0.02569 0.03351 0.05727 0.07115 0.13791 1.158 0.435 1234.980 0.01588
-0.02573 0.03357 0.05736 0.07126 0.13901 0.586 0.360 1235.010 0.01591
-0.02577 0.03362 0.05744 0.07137 0.14012 1.083 0.427 1235.040 0.01593
-0.02581 0.03367 0.05753 0.07149 0.14122 0.942 0.409 1235.070 0.01596
-0.02585 0.03372 0.05762 0.07160 0.14233 1.013 0.417 1235.100 0.01598
-0.02589 0.03378 0.05771 0.07171 0.14344 0.941 0.407 1235.129 0.01601
-0.02593 0.03383 0.05780 0.07182 0.14454 1.009 0.417 1235.159 0.01603
-0.02597 0.03388 0.05789 0.07193 0.14565 0.936 0.408 1235.189 0.01606
-0.02601 0.03393 0.05798 0.07204 0.14675 1.150 0.432 1235.219 0.01608
-0.02605 0.03399 0.05807 0.07215 0.14786 1.146 0.433 1235.249 0.01611
-0.02609 0.03404 0.05816 0.07227 0.14897 0.508 0.348 1235.279 0.01613
-0.02613 0.03409 0.05825 0.07238 0.15007 0.935 0.406 1235.309 0.01615
-0.02617 0.03414 0.05834 0.07249 0.15118 0.863 0.397 1235.339 0.01618
-0.02621 0.03420 0.05843 0.07260 0.15228 1.075 0.424 1235.369 0.01620
-0.02625 0.03425 0.05852 0.07271 0.15339 1.288 0.447 1235.398 0.01623
-0.02629 0.03430 0.05861 0.07282 0.15450 1.713 0.491 1235.428 0.01625
-0.02633 0.03435 0.05870 0.07293 0.15560 1.074 0.422 1235.458 0.01628
-0.02637 0.03441 0.05879 0.07305 0.15671 0.862 0.397 1235.488 0.01630
-0.02642 0.03446 0.05888 0.07316 0.15782 1.287 0.448 1235.518 0.01633
-0.02646 0.03451 0.05897 0.07327 0.15892 1.144 0.431 1235.548 0.01635
-0.02650 0.03456 0.05906 0.07338 0.16003 1.141 0.430 1235.578 0.01638
-0.02654 0.03462 0.05915 0.07349 0.16114 1.281 0.445 1235.608 0.01640
-0.02658 0.03467 0.05924 0.07360 0.16224 0.576 0.356 1235.637 0.01643
-0.02662 0.03472 0.05933 0.07371 0.16335 1.071 0.422 1235.667 0.01645
-0.02666 0.03477 0.05942 0.07383 0.16446 0.926 0.404 1235.697 0.01647
-0.02670 0.03483 0.05951 0.07394 0.16556 1.070 0.422 1235.727 0.01650
-0.02674 0.03488 0.05960 0.07405 0.16667 1.561 0.475 1235.757 0.01652
-0.02678 0.03493 0.05969 0.07416 0.16778 1.426 0.461 1235.787 0.01655
-0.02682 0.03498 0.05978 0.07427 0.16888 1.144 0.429 1235.817 0.01657
-0.02686 0.03504 0.05987 0.07438 0.16999 0.792 0.386 1235.847 0.01660
-0.02690 0.03509 0.05996 0.07450 0.17110 0.792 0.386 1235.876 0.01662
-0.02694 0.03514 0.06005 0.07461 0.17220 1.073 0.420 1235.906 0.01665
-0.02698 0.03519 0.06014 0.07472 0.17331 1.005 0.412 1235.936 0.01667
-0.02702 0.03525 0.06023 0.07483 0.17442 1.285 0.445 1235.966 0.01670
-0.02706 0.03530 0.06032 0.07494 0.17553 1.142 0.427 1235.996 0.01672
-0.02710 0.03535 0.06041 0.07505 0.17663 0.651 0.364 1236.026 0.01674
-0.02714 0.03540 0.06050 0.07516 0.17774 1.421 0.457 1236.056 0.01677
-0.02718 0.03546 0.06059 0.07528 0.17885 0.649 0.363 1236.086 0.01679
-0.02722 0.03551 0.06067 0.07539 0.17995 0.931 0.402 1236.115 0.01682
-0.02726 0.03556 0.06076 0.07550 0.18106 0.862 0.393 1236.145 0.01684
-0.02730 0.03561 0.06085 0.07561 0.18217 0.861 0.394 1236.175 0.01687
-0.02734 0.03567 0.06094 0.07572 0.18328 1.001 0.410 1236.205 0.01689
-0.02738 0.03572 0.06103 0.07583 0.18438 0.724 0.374 1236.235 0.01692
-0.02742 0.03577 0.06112 0.07595 0.18549 0.445 0.332 1236.265 0.01694
-0.02746 0.03582 0.06121 0.07606 0.18660 0.582 0.354 1236.295 0.01697
-0.02750 0.03588 0.06130 0.07617 0.18771 0.304 0.307 1236.325 0.01699
-0.02754 0.03593 0.06139 0.07628 0.18881 0.586 0.353 1236.355 0.01701
-0.02758 0.03598 0.06148 0.07639 0.18992 0.166 0.277 1236.384 0.01704
-0.02762 0.03603 0.06157 0.07650 0.19103 0.238 0.290 1236.414 0.01706
-0.02766 0.03609 0.06166 0.07661 0.19214 0.238 0.293 1236.444 0.01709
-0.02770 0.03614 0.06175 0.07673 0.19324 0.383 0.319 1236.474 0.01711
-0.02774 0.03619 0.06184 0.07684 0.19435 0.522 0.340 1236.504 0.01714
-0.02778 0.03624 0.06193 0.07695 0.19546 0.520 0.340 1236.534 0.01716
-0.02782 0.03630 0.06202 0.07706 0.19657 0.378 0.318 1236.564 0.01719
-0.02787 0.03635 0.06211 0.07717 0.19768 0.379 0.315 1236.594 0.01721
-0.02791 0.03640 0.06220 0.07728 0.19878 0.796 0.382 1236.623 0.01724
-0.02795 0.03645 0.06229 0.07740 0.19989 0.873 0.391 1236.653 0.01726
-0.02799 0.03651 0.06238 0.07751 0.20100 1.006 0.408 1236.683 0.01729
-0.02803 0.03656 0.06247 0.07762 0.20211 0.941 0.398 1236.713 0.01731
-0.02807 0.03661 0.06256 0.07773 0.20322 0.726 0.371 1236.743 0.01733
-0.02811 0.03667 0.06265 0.07784 0.20432 0.935 0.399 1236.773 0.01736
-0.02815 0.03672 0.06274 0.07795 0.20543 1.005 0.406 1236.803 0.01738
-0.02819 0.03677 0.06283 0.07807 0.20654 1.215 0.430 1236.833 0.01741
-0.02823 0.03682 0.06292 0.07818 0.20765 0.726 0.369 1236.862 0.01743
-0.02827 0.03688 0.06301 0.07829 0.20876 1.421 0.454 1236.892 0.01746
-0.02831 0.03693 0.06310 0.07840 0.20987 0.930 0.397 1236.922 0.01748
-0.02835 0.03698 0.06319 0.07851 0.21097 0.654 0.359 1236.952 0.01751
-0.02839 0.03703 0.06328 0.07862 0.21208 0.867 0.389 1236.982 0.01753
-0.02843 0.03709 0.06337 0.07874 0.21319 0.935 0.398 1237.012 0.01756
-0.02847 0.03714 0.06346 0.07885 0.21430 0.936 0.396 1237.042 0.01758
-0.02851 0.03719 0.06355 0.07896 0.21541 1.005 0.405 1237.072 0.01760
-0.02855 0.03724 0.06364 0.07907 0.21652 1.072 0.413 1237.101 0.01763
-0.02859 0.03730 0.06373 0.07918 0.21762 0.657 0.360 1237.131 0.01765
-0.02863 0.03735 0.06382 0.07929 0.21873 1.142 0.422 1237.161 0.01768
-0.02867 0.03740 0.06391 0.07941 0.21984 1.422 0.452 1237.191 0.01770
-0.02871 0.03745 0.06400 0.07952 0.22095 0.797 0.378 1237.221 0.01773
-0.02875 0.03751 0.06409 0.07963 0.22206 0.728 0.369 1237.251 0.01775
-0.02879 0.03756 0.06418 0.07974 0.22317 1.210 0.429 1237.281 0.01778
-0.02883 0.03761 0.06427 0.07985 0.22428 1.211 0.428 1237.311 0.01780
-0.02887 0.03766 0.06436 0.07996 0.22539 0.932 0.396 1237.341 0.01783
-0.02891 0.03772 0.06445 0.08008 0.22650 1.279 0.436 1237.370 0.01785
-0.02895 0.03777 0.06454 0.08019 0.22760 1.068 0.409 1237.400 0.01788
-0.02899 0.03782 0.06463 0.08030 0.22871 0.790 0.378 1237.430 0.01790
-0.02903 0.03788 0.06472 0.08041 0.22982 1.139 0.418 1237.460 0.01792
-0.02907 0.03793 0.06481 0.08052 0.23093 0.788 0.378 1237.490 0.01795
-0.02912 0.03798 0.06490 0.08064 0.23204 1.130 0.419 1237.520 0.01797
-0.02916 0.03803 0.06499 0.08075 0.23315 1.339 0.442 1237.550 0.01800
-0.02920 0.03809 0.06508 0.08086 0.23426 1.338 0.443 1237.580 0.01802
-0.02924 0.03814 0.06517 0.08097 0.23537 0.925 0.395 1237.609 0.01805
-0.02928 0.03819 0.06526 0.08108 0.23648 1.199 0.425 1237.639 0.01807
-0.02932 0.03824 0.06535 0.08119 0.23759 0.717 0.367 1237.669 0.01810
-0.02936 0.03830 0.06544 0.08131 0.23870 1.058 0.411 1237.699 0.01812
-0.02940 0.03835 0.06553 0.08142 0.23981 1.194 0.424 1237.729 0.01815
-0.02944 0.03840 0.06562 0.08153 0.24092 1.198 0.427 1237.759 0.01817
-0.02948 0.03845 0.06571 0.08164 0.24202 1.061 0.411 1237.789 0.01819
-0.02952 0.03851 0.06580 0.08175 0.24313 1.125 0.418 1237.819 0.01822
-0.02956 0.03856 0.06589 0.08186 0.24424 1.196 0.427 1237.848 0.01824
-0.02960 0.03861 0.06598 0.08198 0.24535 0.994 0.403 1237.878 0.01827
-0.02964 0.03866 0.06607 0.08209 0.24646 0.508 0.335 1237.908 0.01829
-0.02968 0.03872 0.06616 0.08220 0.24757 1.330 0.440 1237.938 0.01832
-0.02972 0.03877 0.06625 0.08231 0.24868 0.846 0.385 1237.968 0.01834
-0.02976 0.03882 0.06634 0.08242 0.24979 0.846 0.383 1237.998 0.01837
-0.02980 0.03888 0.06643 0.08254 0.25090 0.776 0.375 1238.028 0.01839
-0.02984 0.03893 0.06652 0.08265 0.25201 0.845 0.383 1238.058 0.01842
-0.02988 0.03898 0.06661 0.08276 0.25312 0.908 0.391 1238.087 0.01844
-0.02992 0.03903 0.06670 0.08287 0.25423 1.045 0.410 1238.117 0.01847
-0.02996 0.03909 0.06679 0.08298 0.25534 0.767 0.374 1238.147 0.01849
-0.03000 0.03914 0.06688 0.08309 0.25645 1.113 0.417 1238.177 0.01851
-0.03004 0.03919 0.06697 0.08321 0.25756 1.110 0.417 1238.207 0.01854
-0.03008 0.03924 0.06706 0.08332 0.25867 0.764 0.373 1238.237 0.01856
-0.03012 0.03930 0.06715 0.08343 0.25978 1.171 0.423 1238.267 0.01859
-0.03016 0.03935 0.06724 0.08354 0.26089 0.767 0.374 1238.297 0.01861
-0.03021 0.03940 0.06733 0.08365 0.26200 0.968 0.401 1238.327 0.01864
-0.03025 0.03945 0.06742 0.08377 0.26311 0.627 0.355 1238.356 0.01866
-0.03029 0.03951 0.06751 0.08388 0.26422 0.694 0.362 1238.386 0.01869
-0.03033 0.03956 0.06760 0.08399 0.26533 0.285 0.296 1238.416 0.01871
-0.03037 0.03961 0.06769 0.08410 0.26644 0.558 0.339 1238.446 0.01874
-0.03041 0.03967 0.06778 0.08421 0.26755 1.247 0.431 1238.476 0.01876
-0.03045 0.03972 0.06787 0.08432 0.26866 0.494 0.335 1238.506 0.01878
-0.03049 0.03977 0.06796 0.08444 0.26978 0.700 0.364 1238.536 0.01881
-0.03053 0.03982 0.06805 0.08455 0.27089 0.838 0.383 1238.566 0.01883
-0.03057 0.03988 0.06814 0.08466 0.27200 0.903 0.390 1238.595 0.01886
-0.03061 0.03993 0.06823 0.08477 0.27311 0.765 0.373 1238.625 0.01888
-0.03065 0.03998 0.06832 0.08488 0.27422 1.036 0.406 1238.655 0.01891
-0.03069 0.04003 0.06841 0.08500 0.27533 1.036 0.408 1238.685 0.01893
-0.03073 0.04009 0.06850 0.08511 0.27644 0.966 0.399 1238.715 0.01896
-0.03077 0.04014 0.06859 0.08522 0.27755 0.830 0.382 1238.745 0.01898
-0.03081 0.04019 0.06868 0.08533 0.27866 0.421 0.321 1238.775 0.01901
-0.03085 0.04025 0.06877 0.08544 0.27977 1.102 0.413 1238.805 0.01903
-0.03089 0.04030 0.06886 0.08556 0.28088 1.036 0.407 1238.834 0.01905
-0.03093 0.04035 0.06895 0.08567 0.28199 0.764 0.373 1238.864 0.01908
-0.03097 0.04040 0.06904 0.08578 0.28310 0.901 0.389 1238.894 0.01910
-0.03101 0.04046 0.06913 0.08589 0.28422 0.498 0.333 1238.924 0.01913
-0.03105 0.04051 0.06922 0.08600 0.28533 0.970 0.398 1238.954 0.01915
-0.03109 0.04056 0.06931 0.08612 0.28644 1.113 0.412 1238.984 0.01918
-0.03113 0.04061 0.06940 0.08623 0.28755 0.154 0.266 1239.014 0.01920
-0.03117 0.04067 0.06949 0.08634 0.28866 0.901 0.388 1239.044 0.01923
-0.03122 0.04072 0.06958 0.08645 0.28977 0.827 0.381 1239.073 0.01925
-0.03126 0.04077 0.06967 0.08656 0.29088 1.210 0.421 1239.103 0.01928
-0.03130 0.04083 0.06976 0.08668 0.29199 1.092 0.404 1239.133 0.01930
-0.03134 0.04088 0.06985 0.08679 0.29310 1.288 0.428 1239.163 0.01933
-0.03138 0.04093 0.06994 0.08690 0.29422 0.888 0.375 1239.193 0.01935
-0.03142 0.04098 0.07003 0.08701 0.29533 0.793 0.371 1239.223 0.01937
-0.03146 0.04104 0.07012 0.08712 0.29644 0.495 0.328 1239.253 0.01940
-0.03150 0.04109 0.07021 0.08724 0.29755 1.446 0.438 1239.283 0.01942
-0.03154 0.04114 0.07030 0.08735 0.29866 1.180 0.412 1239.313 0.01945
-0.03158 0.04119 0.07039 0.08746 0.29977 1.155 0.412 1239.342 0.01947
-0.03162 0.04125 0.07048 0.08757 0.30089 0.968 0.388 1239.372 0.01950
-0.03166 0.04130 0.07057 0.08768 0.30200 1.453 0.442 1239.402 0.01952
-0.03170 0.04135 0.07066 0.08780 0.30311 1.095 0.404 1239.432 0.01955
-0.03174 0.04141 0.07075 0.08791 0.30422 0.504 0.331 1239.462 0.01957
-0.03178 0.04146 0.07084 0.08802 0.30533 0.984 0.396 1239.492 0.01960
-0.03182 0.04151 0.07093 0.08813 0.30644 1.294 0.434 1239.522 0.01962
-0.03186 0.04156 0.07102 0.08824 0.30756 0.891 0.385 1239.552 0.01964
-0.03190 0.04162 0.07111 0.08836 0.30867 0.894 0.388 1239.581 0.01967
-0.03194 0.04167 0.07120 0.08847 0.30978 0.691 0.360 1239.611 0.01969
-0.03198 0.04172 0.07129 0.08858 0.31089 0.972 0.468 1239.641 0.01972
-0.03202 0.04177 0.07138 0.08869 0.31200 0.963 0.395 1239.671 0.01974
-0.03206 0.04183 0.07147 0.08880 0.31312 1.235 0.427 1239.701 0.01977
-0.03210 0.04188 0.07156 0.08892 0.31423 1.163 0.419 1239.731 0.01979
-0.03215 0.04193 0.07165 0.08903 0.31534 1.239 0.427 1239.761 0.01982
-0.03219 0.04199 0.07174 0.08914 0.31645 0.890 0.387 1239.791 0.01984
-0.03223 0.04204 0.07183 0.08925 0.31756 1.770 0.480 1239.820 0.01987
-0.03227 0.04209 0.07192 0.08936 0.31868 1.435 0.445 1239.850 0.01989
-0.03231 0.04214 0.07201 0.08948 0.31979 1.435 0.446 1239.880 0.01992
-0.03235 0.04220 0.07210 0.08959 0.32090 0.961 0.394 1239.910 0.01994
-0.03239 0.04225 0.07219 0.08970 0.32201 1.572 0.461 1239.940 0.01996
-0.03243 0.04230 0.07228 0.08981 0.32313 1.638 0.467 1239.970 0.01999
-0.03247 0.04236 0.07237 0.08992 0.32424 0.623 0.350 1240.000 0.02001
-0.03251 0.04241 0.07246 0.09004 0.32535 1.434 0.447 1240.030 0.02004
-0.03255 0.04246 0.07256 0.09015 0.32646 0.760 0.366 1240.059 0.02006
-0.03259 0.04251 0.07265 0.09026 0.32758 1.170 0.418 1240.089 0.02009
-0.03263 0.04257 0.07274 0.09037 0.32869 0.965 0.394 1240.119 0.02011
-0.03267 0.04262 0.07283 0.09048 0.32980 0.697 0.359 1240.149 0.02014
-0.03271 0.04267 0.07292 0.09060 0.33091 1.169 0.416 1240.179 0.02016
-0.03275 0.04273 0.07301 0.09071 0.33203 0.899 0.385 1240.209 0.02019
-0.03279 0.04278 0.07310 0.09082 0.33314 1.297 0.432 1240.239 0.02021
-0.03283 0.04283 0.07319 0.09093 0.33425 0.832 0.377 1240.269 0.02023
-0.03287 0.04288 0.07328 0.09105 0.33537 1.032 0.401 1240.299 0.02026
-0.03291 0.04294 0.07337 0.09116 0.33648 0.624 0.349 1240.328 0.02028
-0.03295 0.04299 0.07346 0.09127 0.33759 0.830 0.377 1240.358 0.02031
-0.03300 0.04304 0.07355 0.09138 0.33870 1.098 0.410 1240.388 0.02033
-0.03304 0.04309 0.07364 0.09149 0.33982 1.028 0.399 1240.418 0.02036
-0.03308 0.04315 0.07373 0.09161 0.34093 0.625 0.349 1240.448 0.02038
-0.03312 0.04320 0.07382 0.09172 0.34204 0.895 0.384 1240.478 0.02041
-0.03316 0.04325 0.07391 0.09183 0.34316 0.690 0.358 1240.508 0.02043
-0.03320 0.04331 0.07400 0.09194 0.34427 0.831 0.375 1240.538 0.02046
-0.03324 0.04336 0.07409 0.09205 0.34538 0.829 0.375 1240.567 0.02048
-0.03328 0.04341 0.07418 0.09217 0.34650 1.034 0.401 1240.597 0.02050
-0.03332 0.04346 0.07427 0.09228 0.34761 0.762 0.367 1240.627 0.02053
-0.03336 0.04352 0.07436 0.09239 0.34872 1.167 0.416 1240.657 0.02055
-0.03340 0.04357 0.07445 0.09250 0.34984 0.828 0.376 1240.687 0.02058
-0.03344 0.04362 0.07454 0.09262 0.35095 0.828 0.370 1240.717 0.02060
-0.03348 0.04368 0.07463 0.09273 0.35206 0.628 0.348 1240.747 0.02063
-0.03352 0.04373 0.07472 0.09284 0.35318 1.100 0.409 1240.777 0.02065
-0.03356 0.04378 0.07481 0.09295 0.35429 1.094 0.407 1240.806 0.02068
-0.03360 0.04383 0.07490 0.09306 0.35540 1.098 0.407 1240.836 0.02070
-0.03364 0.04389 0.07499 0.09318 0.35652 1.296 0.430 1240.866 0.02073
-0.03368 0.04394 0.07508 0.09329 0.35763 0.826 0.375 1240.896 0.02075
-0.03372 0.04399 0.07517 0.09340 0.35874 1.500 0.449 1240.926 0.02078
-0.03376 0.04405 0.07526 0.09351 0.35986 1.493 0.451 1240.956 0.02080
-0.03381 0.04410 0.07535 0.09362 0.36097 1.558 0.457 1240.986 0.02082
-0.03385 0.04415 0.07544 0.09374 0.36209 1.163 0.415 1241.016 0.02085
-0.03389 0.04420 0.07553 0.09385 0.36320 0.689 0.356 1241.045 0.02087
-0.03393 0.04426 0.07562 0.09396 0.36431 0.826 0.375 1241.075 0.02090
-0.03397 0.04431 0.07571 0.09407 0.36543 0.823 0.375 1241.105 0.02092
-0.03401 0.04436 0.07580 0.09419 0.36654 1.297 0.429 1241.135 0.02095
-0.03405 0.04442 0.07590 0.09430 0.36766 1.161 0.414 1241.165 0.02097
-0.03409 0.04447 0.07599 0.09441 0.36877 0.758 0.365 1241.195 0.02100
-0.03413 0.04452 0.07608 0.09452 0.36988 0.963 0.392 1241.225 0.02102
-0.03417 0.04457 0.07617 0.09463 0.37100 1.023 0.398 1241.255 0.02105
-0.03421 0.04463 0.07626 0.09475 0.37211 1.223 0.421 1241.285 0.02107
-0.03425 0.04468 0.07635 0.09486 0.37323 1.094 0.407 1241.314 0.02109
-0.03429 0.04473 0.07644 0.09497 0.37434 1.089 0.405 1241.344 0.02112
-0.03433 0.04479 0.07653 0.09508 0.37545 1.761 0.474 1241.374 0.02114
-0.03437 0.04484 0.07662 0.09520 0.37657 0.888 0.382 1241.404 0.02117
-0.03441 0.04489 0.07671 0.09531 0.37768 1.288 0.429 1241.434 0.02119
-0.03445 0.04494 0.07680 0.09542 0.37880 0.884 0.383 1241.464 0.02122
-0.03449 0.04500 0.07689 0.09553 0.37991 0.570 0.337 1241.494 0.02124
-0.03453 0.04505 0.07698 0.09565 0.38103 1.410 0.435 1241.524 0.02127
-0.03458 0.04510 0.07707 0.09576 0.38214 0.933 0.381 1241.553 0.02129
-0.03462 0.04516 0.07716 0.09587 0.38326 0.932 0.379 1241.583 0.02132
-0.03466 0.04521 0.07725 0.09598 0.38437 0.914 0.382 1241.613 0.02134
-0.03470 0.04526 0.07734 0.09609 0.38549 1.331 0.435 1241.643 0.02137
-0.03474 0.04531 0.07743 0.09621 0.38660 0.877 0.382 1241.673 0.02139
-0.03478 0.04537 0.07752 0.09632 0.38771 0.658 0.345 1241.703 0.02141
-0.03482 0.04542 0.07761 0.09643 0.38883 1.440 0.435 1241.733 0.02144
-0.03486 0.04547 0.07770 0.09654 0.38994 1.198 0.406 1241.763 0.02146
-0.03490 0.04553 0.07779 0.09666 0.39106 0.984 0.381 1241.792 0.02149
-0.03494 0.04558 0.07788 0.09677 0.39217 0.997 0.386 1241.822 0.02151
-0.03498 0.04563 0.07797 0.09688 0.39329 0.850 0.370 1241.852 0.02154
-0.03502 0.04569 0.07806 0.09699 0.39440 0.713 0.354 1241.882 0.02156
-0.03506 0.04574 0.07815 0.09711 0.39552 1.145 0.411 1241.912 0.02159
-0.03510 0.04579 0.07825 0.09722 0.39663 1.019 0.395 1241.942 0.02161
-0.03514 0.04584 0.07834 0.09733 0.39775 1.086 0.404 1241.972 0.02164
-0.03518 0.04590 0.07843 0.09744 0.39886 0.408 0.314 1242.002 0.02166
-0.03522 0.04595 0.07852 0.09755 0.39998 0.934 0.389 1242.031 0.02168
-0.03526 0.04600 0.07861 0.09767 0.40109 1.134 0.412 1242.061 0.02171
-0.03531 0.04606 0.07870 0.09778 0.40221 1.469 0.445 1242.091 0.02173
-0.03535 0.04611 0.07879 0.09789 0.40332 0.928 0.388 1242.121 0.02176
-0.03539 0.04616 0.07888 0.09800 0.40444 0.866 0.381 1242.151 0.02178
-0.03543 0.04621 0.07897 0.09812 0.40556 0.466 0.326 1242.181 0.02181
-0.03547 0.04627 0.07906 0.09823 0.40667 1.468 0.447 1242.211 0.02183
-0.03551 0.04632 0.07915 0.09834 0.40779 1.334 0.434 1242.241 0.02186
-0.03555 0.04637 0.07924 0.09845 0.40890 1.398 0.441 1242.271 0.02188
-0.03559 0.04643 0.07933 0.09857 0.41002 0.935 0.389 1242.300 0.02191
-0.03563 0.04648 0.07942 0.09868 0.41113 0.869 0.381 1242.330 0.02193
-0.03567 0.04653 0.07951 0.09879 0.41225 0.667 0.348 1242.360 0.02196
-0.03571 0.04658 0.07960 0.09890 0.41336 0.998 0.396 1242.390 0.02198
-0.03575 0.04664 0.07969 0.09902 0.41448 1.398 0.440 1242.420 0.02200
-0.03579 0.04669 0.07978 0.09913 0.41560 1.005 0.397 1242.450 0.02203
-0.03583 0.04674 0.07987 0.09924 0.41671 0.403 0.312 1242.480 0.02205
-0.03587 0.04680 0.07996 0.09935 0.41783 1.002 0.396 1242.510 0.02208
-0.03591 0.04685 0.08005 0.09947 0.41894 0.671 0.353 1242.539 0.02210
-0.03595 0.04690 0.08014 0.09958 0.42006 0.666 0.354 1242.569 0.02213
-0.03600 0.04696 0.08023 0.09969 0.42117 0.935 0.387 1242.599 0.02215
-0.03604 0.04701 0.08033 0.09980 0.42229 1.401 0.440 1242.629 0.02218
-0.03608 0.04706 0.08042 0.09992 0.42341 1.141 0.412 1242.659 0.02220
-0.03612 0.04711 0.08051 0.10003 0.42452 0.679 0.352 1242.689 0.02223
-0.03616 0.04717 0.08060 0.10014 0.42564 0.945 0.387 1242.719 0.02225
-0.03620 0.04722 0.08069 0.10025 0.42675 1.073 0.404 1242.749 0.02227
-0.03624 0.04727 0.08078 0.10036 0.42787 0.940 0.388 1242.778 0.02230
-0.03628 0.04733 0.08087 0.10048 0.42899 1.675 0.466 1242.808 0.02232
-0.03632 0.04738 0.08096 0.10059 0.43010 1.140 0.409 1242.838 0.02235
-0.03636 0.04743 0.08105 0.10070 0.43122 1.211 0.417 1242.868 0.02237
-0.03640 0.04749 0.08114 0.10081 0.43234 1.741 0.472 1242.898 0.02240
-0.03644 0.04754 0.08123 0.10093 0.43345 1.279 0.425 1242.928 0.02242
-0.03648 0.04759 0.08132 0.10104 0.43457 0.552 0.334 1242.958 0.02245
-0.03652 0.04764 0.08141 0.10115 0.43569 1.086 0.404 1242.988 0.02247
-0.03656 0.04770 0.08150 0.10126 0.43680 1.155 0.411 1243.017 0.02250
-0.03660 0.04775 0.08159 0.10138 0.43792 0.821 0.370 1243.047 0.02252
-0.03665 0.04780 0.08168 0.10149 0.43903 0.953 0.387 1243.077 0.02254
-0.03669 0.04786 0.08177 0.10160 0.44015 1.023 0.395 1243.107 0.02257
-0.03673 0.04791 0.08186 0.10171 0.44127 0.958 0.388 1243.137 0.02259
-0.03677 0.04796 0.08195 0.10183 0.44238 0.757 0.362 1243.167 0.02262
-0.03681 0.04802 0.08205 0.10194 0.44350 0.894 0.379 1243.197 0.02264
-0.03685 0.04807 0.08214 0.10205 0.44462 1.023 0.395 1243.227 0.02267
-0.03689 0.04812 0.08223 0.10216 0.44574 1.156 0.408 1243.257 0.02269
-0.03693 0.04817 0.08232 0.10228 0.44685 1.029 0.395 1243.286 0.02272
-0.03697 0.04823 0.08241 0.10239 0.44797 1.097 0.403 1243.316 0.02274
-0.03701 0.04828 0.08250 0.10250 0.44909 0.961 0.385 1243.346 0.02277
-0.03705 0.04833 0.08259 0.10261 0.45020 1.294 0.423 1243.376 0.02279
-0.03709 0.04839 0.08268 0.10273 0.45132 0.695 0.353 1243.406 0.02282
-0.03713 0.04844 0.08277 0.10284 0.45244 1.165 0.410 1243.436 0.02284
-0.03717 0.04849 0.08286 0.10295 0.45355 0.959 0.387 1243.466 0.02286
-0.03721 0.04855 0.08295 0.10307 0.45467 1.159 0.410 1243.496 0.02289
-0.03725 0.04860 0.08304 0.10318 0.45579 1.224 0.417 1243.525 0.02291
-0.03730 0.04865 0.08313 0.10329 0.45691 1.489 0.445 1243.555 0.02294
-0.03734 0.04870 0.08322 0.10340 0.45802 0.695 0.347 1243.585 0.02296
-0.03738 0.04876 0.08331 0.10352 0.45914 1.226 0.417 1243.615 0.02299
-0.03742 0.04881 0.08340 0.10363 0.46026 0.960 0.387 1243.645 0.02301
-0.03746 0.04886 0.08349 0.10374 0.46137 0.693 0.352 1243.675 0.02304
-0.03750 0.04892 0.08359 0.10385 0.46249 1.159 0.409 1243.705 0.02306
-0.03754 0.04897 0.08368 0.10397 0.46361 1.098 0.402 1243.735 0.02309
-0.03758 0.04902 0.08377 0.10408 0.46473 1.024 0.391 1243.764 0.02311
-0.03762 0.04908 0.08386 0.10419 0.46584 0.891 0.377 1243.794 0.02313
-0.03766 0.04913 0.08395 0.10430 0.46696 0.959 0.386 1243.824 0.02316
-0.03770 0.04918 0.08404 0.10442 0.46808 0.824 0.370 1243.854 0.02318
-0.03774 0.04923 0.08413 0.10453 0.46920 1.286 0.424 1243.884 0.02321
-0.03778 0.04929 0.08422 0.10464 0.47031 0.687 0.350 1243.914 0.02323
-0.03782 0.04934 0.08431 0.10475 0.47143 1.278 0.423 1243.944 0.02326
-0.03786 0.04939 0.08440 0.10487 0.47255 0.750 0.358 1243.974 0.02328
-0.03791 0.04945 0.08449 0.10498 0.47367 0.810 0.370 1244.003 0.02331
-0.03795 0.04950 0.08458 0.10509 0.47479 0.812 0.366 1244.033 0.02333
-0.03799 0.04955 0.08467 0.10520 0.47590 1.074 0.401 1244.063 0.02336
-0.03803 0.04961 0.08476 0.10532 0.47702 0.479 0.322 1244.093 0.02338
-0.03807 0.04966 0.08485 0.10543 0.47814 0.942 0.386 1244.123 0.02341
-0.03811 0.04971 0.08494 0.10554 0.47926 1.006 0.394 1244.153 0.02343
-0.03815 0.04976 0.08504 0.10565 0.48038 1.280 0.422 1244.183 0.02345
-0.03819 0.04982 0.08513 0.10577 0.48149 1.140 0.409 1244.213 0.02348
-0.03823 0.04987 0.08522 0.10588 0.48261 0.942 0.386 1244.243 0.02350
-0.03827 0.04992 0.08531 0.10599 0.48373 1.600 0.457 1244.272 0.02353
-0.03831 0.04998 0.08540 0.10611 0.48485 1.270 0.423 1244.302 0.02355
-0.03835 0.05003 0.08549 0.10622 0.48597 1.073 0.401 1244.332 0.02358
-0.03839 0.05008 0.08558 0.10633 0.48708 1.465 0.443 1244.362 0.02360
-0.03843 0.05014 0.08567 0.10644 0.48820 1.199 0.415 1244.392 0.02363
-0.03847 0.05019 0.08576 0.10656 0.48932 0.869 0.376 1244.422 0.02365
-0.03852 0.05024 0.08585 0.10667 0.49044 1.064 0.401 1244.452 0.02368
-0.03856 0.05030 0.08594 0.10678 0.49156 0.801 0.366 1244.482 0.02370
-0.03860 0.05035 0.08603 0.10689 0.49268 0.666 0.351 1244.511 0.02372
-0.03864 0.05040 0.08612 0.10701 0.49379 1.131 0.407 1244.541 0.02375
-0.03868 0.05045 0.08621 0.10712 0.49491 0.931 0.385 1244.571 0.02377
-0.03872 0.05051 0.08631 0.10723 0.49603 1.261 0.423 1244.601 0.02380
-0.03876 0.05056 0.08640 0.10734 0.49715 0.404 0.310 1244.631 0.02382
-0.03880 0.05061 0.08649 0.10746 0.49827 0.799 0.368 1244.661 0.02385
-0.03884 0.05067 0.08658 0.10757 0.49939 1.063 0.400 1244.691 0.02387
-0.03888 0.05072 0.08667 0.10768 0.50051 1.198 0.415 1244.721 0.02390
-0.03892 0.05077 0.08676 0.10780 0.50163 1.456 0.443 1244.750 0.02392
-0.03896 0.05083 0.08685 0.10791 0.50274 0.468 0.321 1244.780 0.02395
-0.03900 0.05088 0.08694 0.10802 0.50386 0.994 0.392 1244.810 0.02397
-0.03904 0.05093 0.08703 0.10813 0.50498 0.605 0.340 1244.840 0.02400
-0.03908 0.05099 0.08712 0.10825 0.50610 0.538 0.332 1244.870 0.02402
-0.03913 0.05104 0.08721 0.10836 0.50722 0.810 0.368 1244.900 0.02404
-0.03917 0.05109 0.08730 0.10847 0.50834 0.876 0.377 1244.930 0.02407
-0.03921 0.05115 0.08739 0.10858 0.50946 0.611 0.340 1244.960 0.02409
-0.03925 0.05120 0.08748 0.10870 0.51058 1.013 0.392 1244.989 0.02412
-0.03929 0.05125 0.08758 0.10881 0.51170 0.681 0.350 1245.019 0.02414
-0.03933 0.05130 0.08767 0.10892 0.51282 0.483 0.322 1245.049 0.02417
-0.03937 0.05136 0.08776 0.10904 0.51393 0.878 0.376 1245.079 0.02419
-0.03941 0.05141 0.08785 0.10915 0.51505 1.073 0.400 1245.109 0.02422
-0.03945 0.05146 0.08794 0.10926 0.51617 0.684 0.350 1245.139 0.02424
-0.03949 0.05152 0.08803 0.10937 0.51729 0.813 0.368 1245.169 0.02427
-0.03953 0.05157 0.08812 0.10949 0.51841 1.209 0.413 1245.199 0.02429
-0.03957 0.05162 0.08821 0.10960 0.51953 0.815 0.367 1245.229 0.02431
-0.03961 0.05168 0.08830 0.10971 0.52065 1.080 0.399 1245.258 0.02434
-0.03965 0.05173 0.08839 0.10983 0.52177 1.342 0.428 1245.288 0.02436
-0.03970 0.05178 0.08848 0.10994 0.52289 0.684 0.350 1245.318 0.02439
-0.03974 0.05184 0.08857 0.11005 0.52401 1.210 0.414 1245.348 0.02441
-0.03978 0.05189 0.08866 0.11016 0.52513 0.619 0.341 1245.378 0.02444
-0.03982 0.05194 0.08876 0.11028 0.52625 1.080 0.398 1245.408 0.02446
-0.03986 0.05200 0.08885 0.11039 0.52737 0.686 0.350 1245.438 0.02449
-0.03990 0.05205 0.08894 0.11050 0.52849 0.817 0.365 1245.468 0.02451
-0.03994 0.05210 0.08903 0.11061 0.52961 1.346 0.427 1245.497 0.02454
-0.03998 0.05215 0.08912 0.11073 0.53073 1.021 0.392 1245.527 0.02456
-0.04002 0.05221 0.08921 0.11084 0.53185 0.824 0.367 1245.557 0.02458
-0.04006 0.05226 0.08930 0.11095 0.53297 1.218 0.414 1245.587 0.02461
-0.04010 0.05231 0.08939 0.11107 0.53409 1.614 0.454 1245.617 0.02463
-0.04014 0.05237 0.08948 0.11118 0.53521 1.606 0.453 1245.647 0.02466
-0.04018 0.05242 0.08957 0.11129 0.53633 1.281 0.417 1245.677 0.02468
-0.04023 0.05247 0.08966 0.11140 0.53745 1.348 0.427 1245.707 0.02471
-0.04027 0.05253 0.08975 0.11152 0.53857 1.013 0.390 1245.736 0.02473
-0.04031 0.05258 0.08984 0.11163 0.53969 1.012 0.391 1245.766 0.02476
-0.04035 0.05263 0.08994 0.11174 0.54081 0.619 0.340 1245.796 0.02478
-0.04039 0.05269 0.09003 0.11186 0.54193 0.815 0.367 1245.826 0.02481
-0.04043 0.05274 0.09012 0.11197 0.54305 0.488 0.321 1245.856 0.02483
-0.04047 0.05279 0.09021 0.11208 0.54417 0.620 0.340 1245.886 0.02486
-0.04051 0.05285 0.09030 0.11219 0.54529 0.819 0.365 1245.916 0.02488
-0.04055 0.05290 0.09039 0.11231 0.54641 1.336 0.427 1245.946 0.02490
-0.04059 0.05295 0.09048 0.11242 0.54753 0.875 0.375 1245.975 0.02493
-0.04063 0.05300 0.09057 0.11253 0.54865 0.744 0.358 1246.005 0.02495
-0.04067 0.05306 0.09066 0.11265 0.54977 1.004 0.390 1246.035 0.02498
-0.04071 0.05311 0.09075 0.11276 0.55089 1.134 0.405 1246.065 0.02500
-0.04076 0.05316 0.09084 0.11287 0.55201 0.937 0.383 1246.095 0.02503
-0.04080 0.05322 0.09094 0.11299 0.55313 0.732 0.357 1246.125 0.02505
-0.04084 0.05327 0.09103 0.11310 0.55425 0.732 0.356 1246.155 0.02508
-0.04088 0.05332 0.09112 0.11321 0.55537 0.804 0.366 1246.185 0.02510
-0.04092 0.05338 0.09121 0.11332 0.55649 1.063 0.398 1246.215 0.02513
-0.04096 0.05343 0.09130 0.11344 0.55762 0.932 0.382 1246.244 0.02515
-0.04100 0.05348 0.09139 0.11355 0.55874 1.193 0.413 1246.274 0.02517
-0.04104 0.05354 0.09148 0.11366 0.55986 1.061 0.398 1246.304 0.02520
-0.04108 0.05359 0.09157 0.11378 0.56098 1.065 0.396 1246.334 0.02522
-0.04112 0.05364 0.09166 0.11389 0.56210 1.328 0.427 1246.364 0.02525
-0.04116 0.05370 0.09175 0.11400 0.56322 0.866 0.372 1246.394 0.02527
-0.04120 0.05375 0.09184 0.11411 0.56434 1.582 0.452 1246.424 0.02530
-0.04124 0.05380 0.09193 0.11423 0.56546 1.124 0.405 1246.454 0.02532
-0.04129 0.05386 0.09203 0.11434 0.56658 1.187 0.412 1246.483 0.02535
-0.04133 0.05391 0.09212 0.11445 0.56770 0.991 0.387 1246.513 0.02537
-0.04137 0.05396 0.09221 0.11457 0.56883 0.728 0.357 1246.543 0.02540
-0.04141 0.05402 0.09230 0.11468 0.56995 0.923 0.381 1246.573 0.02542
-0.04145 0.05407 0.09239 0.11479 0.57107 0.792 0.366 1246.603 0.02545
-0.04149 0.05412 0.09248 0.11490 0.57219 1.255 0.418 1246.633 0.02547
-0.04153 0.05418 0.09257 0.11502 0.57331 0.860 0.374 1246.663 0.02549
-0.04157 0.05423 0.09266 0.11513 0.57443 1.583 0.452 1246.693 0.02552
-0.04161 0.05428 0.09275 0.11524 0.57555 0.662 0.348 1246.722 0.02554
-0.04165 0.05433 0.09284 0.11536 0.57667 1.585 0.452 1246.752 0.02557
-0.04169 0.05439 0.09294 0.11547 0.57780 1.386 0.433 1246.782 0.02559
-0.04173 0.05444 0.09303 0.11558 0.57892 1.251 0.419 1246.812 0.02562
-0.04177 0.05449 0.09312 0.11570 0.58004 1.378 0.433 1246.842 0.02564
-0.04182 0.05455 0.09321 0.11581 0.58116 0.922 0.381 1246.872 0.02567
-0.04186 0.05460 0.09330 0.11592 0.58228 0.921 0.380 1246.902 0.02569
-0.04190 0.05465 0.09339 0.11603 0.58340 0.919 0.382 1246.932 0.02572
-0.04194 0.05471 0.09348 0.11615 0.58453 1.244 0.417 1246.961 0.02574
-0.04198 0.05476 0.09357 0.11626 0.58565 0.857 0.373 1246.991 0.02576
-0.04202 0.05481 0.09366 0.11637 0.58677 0.856 0.371 1247.021 0.02579
-0.04206 0.05487 0.09375 0.11649 0.58789 0.860 0.373 1247.051 0.02581
-0.04210 0.05492 0.09384 0.11660 0.58901 0.728 0.356 1247.081 0.02584
-0.04214 0.05497 0.09394 0.11671 0.59013 0.724 0.355 1247.111 0.02586
-0.04218 0.05503 0.09403 0.11683 0.59126 0.526 0.323 1247.141 0.02589
-0.04222 0.05508 0.09412 0.11694 0.59238 0.459 0.319 1247.171 0.02591
-0.04226 0.05513 0.09421 0.11705 0.59350 0.988 0.388 1247.201 0.02594
-0.04231 0.05519 0.09430 0.11717 0.59462 0.792 0.362 1247.230 0.02596
-0.04235 0.05524 0.09439 0.11728 0.59575 0.597 0.332 1247.260 0.02599
-0.04239 0.05529 0.09448 0.11739 0.59687 0.396 0.308 1247.290 0.02601
-0.04243 0.05535 0.09457 0.11750 0.59799 0.332 0.297 1247.320 0.02604
-0.04247 0.05540 0.09466 0.11762 0.59911 0.291 0.423 1247.350 0.02606
-0.04251 0.05545 0.09475 0.11773 0.60023 0.398 0.308 1247.380 0.02608
-0.04255 0.05551 0.09485 0.11784 0.60136 0.270 0.283 1247.410 0.02611
-0.04259 0.05556 0.09494 0.11796 0.60248 0.423 0.307 1247.440 0.02613
-0.04263 0.05561 0.09503 0.11807 0.60360 0.768 0.355 1247.469 0.02616
-0.04267 0.05567 0.09512 0.11818 0.60472 1.016 0.380 1247.499 0.02618
-0.04271 0.05572 0.09521 0.11830 0.60585 0.862 0.364 1247.529 0.02621
-0.04275 0.05577 0.09530 0.11841 0.60697 0.951 0.380 1247.559 0.02623
-0.04280 0.05583 0.09539 0.11852 0.60809 1.392 0.423 1247.589 0.02626
-0.04284 0.05588 0.09548 0.11864 0.60921 1.344 0.417 1247.619 0.02628
-0.04288 0.05593 0.09557 0.11875 0.61034 1.246 0.416 1247.649 0.02631
-0.04292 0.05599 0.09566 0.11886 0.61146 1.198 0.403 1247.679 0.02633
-0.04296 0.05604 0.09576 0.11897 0.61258 1.168 0.398 1247.708 0.02635
-0.04300 0.05609 0.09585 0.11909 0.61370 0.921 0.381 1247.738 0.02638
-0.04304 0.05615 0.09594 0.11920 0.61483 1.209 0.408 1247.768 0.02640
-0.04308 0.05620 0.09603 0.11931 0.61595 0.937 0.372 1247.798 0.02643
-0.04312 0.05625 0.09612 0.11943 0.61707 1.092 0.394 1247.828 0.02645
-0.04316 0.05631 0.09621 0.11954 0.61820 1.367 0.423 1247.858 0.02648
-0.04320 0.05636 0.09630 0.11965 0.61932 0.724 0.352 1247.888 0.02650
-0.04324 0.05641 0.09639 0.11977 0.62044 1.001 0.388 1247.918 0.02653
-0.04329 0.05647 0.09648 0.11988 0.62156 0.873 0.372 1247.947 0.02655
-0.04333 0.05652 0.09658 0.11999 0.62269 0.740 0.354 1247.977 0.02658
-0.04337 0.05657 0.09667 0.12011 0.62381 0.875 0.369 1248.007 0.02660
-0.04341 0.05662 0.09676 0.12022 0.62493 0.612 0.337 1248.037 0.02662
-0.04345 0.05668 0.09685 0.12033 0.62606 1.267 0.416 1248.067 0.02665
-0.04349 0.05673 0.09694 0.12045 0.62718 0.943 0.378 1248.097 0.02667
-0.04353 0.05678 0.09703 0.12056 0.62830 1.341 0.424 1248.127 0.02670
-0.04357 0.05684 0.09712 0.12067 0.62943 1.400 0.431 1248.157 0.02672
-0.04361 0.05689 0.09721 0.12078 0.63055 0.810 0.361 1248.187 0.02675
-0.04365 0.05694 0.09730 0.12090 0.63167 1.140 0.402 1248.216 0.02677
-0.04369 0.05700 0.09739 0.12101 0.63280 1.469 0.436 1248.246 0.02680
-0.04373 0.05705 0.09749 0.12112 0.63392 1.265 0.416 1248.276 0.02682
-0.04378 0.05710 0.09758 0.12124 0.63504 1.136 0.402 1248.306 0.02685
-0.04382 0.05716 0.09767 0.12135 0.63617 0.946 0.380 1248.336 0.02687
-0.04386 0.05721 0.09776 0.12146 0.63729 1.142 0.401 1248.366 0.02690
-0.04390 0.05726 0.09785 0.12158 0.63841 1.075 0.394 1248.396 0.02692
-0.04394 0.05732 0.09794 0.12169 0.63954 1.210 0.409 1248.426 0.02694
-0.04398 0.05737 0.09803 0.12180 0.64066 1.279 0.415 1248.455 0.02697
-0.04402 0.05742 0.09812 0.12192 0.64179 1.080 0.394 1248.485 0.02699
-0.04406 0.05748 0.09821 0.12203 0.64291 1.145 0.402 1248.515 0.02702
-0.04410 0.05753 0.09831 0.12214 0.64403 1.338 0.423 1248.545 0.02704
-0.04414 0.05758 0.09840 0.12226 0.64516 1.335 0.422 1248.575 0.02707
-0.04418 0.05764 0.09849 0.12237 0.64628 1.146 0.401 1248.605 0.02709
-0.04423 0.05769 0.09858 0.12248 0.64741 1.276 0.415 1248.635 0.02712
-0.04427 0.05774 0.09867 0.12260 0.64853 0.871 0.370 1248.665 0.02714
-0.04431 0.05780 0.09876 0.12271 0.64965 1.531 0.442 1248.694 0.02717
-0.04435 0.05785 0.09885 0.12282 0.65078 0.682 0.344 1248.724 0.02719
-0.04439 0.05790 0.09894 0.12294 0.65190 0.811 0.361 1248.754 0.02721
-0.04443 0.05796 0.09904 0.12305 0.65303 1.004 0.386 1248.784 0.02724
-0.04447 0.05801 0.09913 0.12316 0.65415 0.937 0.377 1248.814 0.02726
-0.04451 0.05806 0.09922 0.12328 0.65527 1.197 0.408 1248.844 0.02729
-0.04455 0.05812 0.09931 0.12339 0.65640 1.003 0.386 1248.874 0.02731
-0.04459 0.05817 0.09940 0.12350 0.65752 1.136 0.400 1248.904 0.02734
-0.04463 0.05822 0.09949 0.12362 0.65865 1.133 0.400 1248.933 0.02736
-0.04468 0.05828 0.09958 0.12373 0.65977 0.738 0.351 1248.963 0.02739
-0.04472 0.05833 0.09967 0.12384 0.66090 1.063 0.394 1248.993 0.02741
-0.04476 0.05838 0.09976 0.12396 0.66202 1.063 0.392 1249.023 0.02744
-0.04480 0.05844 0.09986 0.12407 0.66314 0.931 0.377 1249.053 0.02746
-0.04484 0.05849 0.09995 0.12418 0.66427 0.735 0.352 1249.083 0.02749
-0.04488 0.05854 0.10004 0.12430 0.66539 1.256 0.414 1249.113 0.02751
-0.04492 0.05860 0.10013 0.12441 0.66652 1.198 0.406 1249.143 0.02753
-0.04496 0.05865 0.10022 0.12452 0.66764 1.390 0.426 1249.173 0.02756
-0.04500 0.05871 0.10031 0.12464 0.66877 1.393 0.428 1249.202 0.02758
-0.04504 0.05876 0.10040 0.12475 0.66989 0.933 0.377 1249.232 0.02761
-0.04508 0.05881 0.10049 0.12486 0.67102 0.936 0.377 1249.262 0.02763
-0.04513 0.05887 0.10059 0.12498 0.67214 1.519 0.440 1249.292 0.02766
-0.04517 0.05892 0.10068 0.12509 0.67327 1.771 0.465 1249.322 0.02768
-0.04521 0.05897 0.10077 0.12520 0.67439 0.538 0.323 1249.352 0.02771
-0.04525 0.05903 0.10086 0.12532 0.67552 0.928 0.377 1249.382 0.02773
-0.04529 0.05908 0.10095 0.12543 0.67664 0.926 0.376 1249.412 0.02776
-0.04533 0.05913 0.10104 0.12554 0.67777 1.311 0.421 1249.441 0.02778
-0.04537 0.05919 0.10113 0.12566 0.67889 0.860 0.368 1249.471 0.02780
-0.04541 0.05924 0.10122 0.12577 0.68002 1.704 0.458 1249.501 0.02783
-0.04545 0.05929 0.10132 0.12588 0.68114 1.181 0.407 1249.531 0.02785
-0.04549 0.05935 0.10141 0.12600 0.68227 0.983 0.385 1249.561 0.02788
-0.04553 0.05940 0.10150 0.12611 0.68339 1.313 0.420 1249.591 0.02790
-0.04558 0.05945 0.10159 0.12622 0.68452 0.924 0.376 1249.621 0.02793
-0.04562 0.05951 0.10168 0.12634 0.68564 0.730 0.350 1249.651 0.02795
-0.04566 0.05956 0.10177 0.12645 0.68677 1.449 0.433 1249.680 0.02798
-0.04570 0.05961 0.10186 0.12656 0.68789 0.734 0.350 1249.710 0.02800
-0.04574 0.05967 0.10195 0.12668 0.68902 0.866 0.368 1249.740 0.02803
-0.04578 0.05972 0.10205 0.12679 0.69014 1.318 0.418 1249.770 0.02805
-0.04582 0.05977 0.10214 0.12690 0.69127 0.993 0.383 1249.800 0.02808
-0.04586 0.05983 0.10223 0.12702 0.69240 1.196 0.406 1249.830 0.02810
-0.04590 0.05988 0.10232 0.12713 0.69352 1.543 0.439 1249.860 0.02812
-0.04594 0.05993 0.10241 0.12724 0.69465 0.931 0.369 1249.890 0.02815
-0.04598 0.05999 0.10250 0.12736 0.69577 0.947 0.367 1249.919 0.02817
-0.04603 0.06004 0.10259 0.12747 0.69690 0.870 0.367 1249.949 0.02820
-0.04607 0.06009 0.10268 0.12758 0.69802 1.382 0.419 1249.979 0.02822
-0.04611 0.06015 0.10278 0.12770 0.69915 1.051 0.384 1250.009 0.02825
-0.04615 0.06020 0.10287 0.12781 0.70027 1.012 0.375 1250.039 0.02827
-0.04619 0.06025 0.10296 0.12792 0.70140 0.630 0.324 1250.069 0.02830
-0.04623 0.06031 0.10305 0.12804 0.70253 1.204 0.399 1250.099 0.02832
-0.04627 0.06036 0.10314 0.12815 0.70365 1.689 0.457 1250.129 0.02835
-0.04631 0.06041 0.10323 0.12826 0.70478 1.212 0.399 1250.158 0.02837
-0.04635 0.06047 0.10332 0.12838 0.70590 0.727 0.343 1250.188 0.02839
-0.04639 0.06052 0.10341 0.12849 0.70703 1.047 0.382 1250.218 0.02842
-0.04644 0.06057 0.10351 0.12860 0.70816 0.744 0.337 1250.248 0.02844
-0.04648 0.06063 0.10360 0.12872 0.70928 1.167 0.398 1250.278 0.02847
-0.04652 0.06068 0.10369 0.12883 0.71041 1.123 0.398 1250.308 0.02849
-0.04656 0.06073 0.10378 0.12894 0.71153 0.533 0.314 1250.338 0.02852
-0.04660 0.06079 0.10387 0.12906 0.71266 0.817 0.359 1250.368 0.02854
-0.04664 0.06084 0.10396 0.12917 0.71379 0.480 0.314 1250.398 0.02857
-0.04668 0.06089 0.10405 0.12928 0.71491 0.677 0.340 1250.427 0.02859
-0.04672 0.06095 0.10414 0.12940 0.71604 0.615 0.329 1250.457 0.02862
-0.04676 0.06100 0.10424 0.12951 0.71717 0.483 0.314 1250.487 0.02864
-0.04680 0.06106 0.10433 0.12962 0.71829 0.866 0.368 1250.517 0.02866
-0.04685 0.06111 0.10442 0.12974 0.71942 0.871 0.367 1250.547 0.02869
-0.04689 0.06116 0.10451 0.12985 0.72055 0.873 0.367 1250.577 0.02871
-0.04693 0.06122 0.10460 0.12997 0.72167 1.192 0.404 1250.607 0.02874
-0.04697 0.06127 0.10469 0.13008 0.72280 0.806 0.359 1250.637 0.02876
-0.04701 0.06132 0.10478 0.13019 0.72393 0.673 0.342 1250.666 0.02879
-0.04705 0.06138 0.10488 0.13031 0.72505 1.450 0.431 1250.696 0.02881
-0.04709 0.06143 0.10497 0.13042 0.72618 0.931 0.373 1250.726 0.02884
-0.04713 0.06148 0.10506 0.13053 0.72731 1.322 0.417 1250.756 0.02886
-0.04717 0.06154 0.10515 0.13065 0.72843 1.445 0.431 1250.786 0.02889
-0.04721 0.06159 0.10524 0.13076 0.72956 0.865 0.366 1250.816 0.02891
-0.04725 0.06164 0.10533 0.13087 0.73069 1.319 0.415 1250.846 0.02894
-0.04730 0.06170 0.10542 0.13099 0.73181 0.737 0.349 1250.876 0.02896
-0.04734 0.06175 0.10552 0.13110 0.73294 1.190 0.403 1250.905 0.02898
-0.04738 0.06180 0.10561 0.13121 0.73407 1.382 0.419 1250.935 0.02901
-0.04742 0.06186 0.10570 0.13133 0.73519 0.797 0.356 1250.965 0.02903
-0.04746 0.06191 0.10579 0.13144 0.73632 1.575 0.443 1250.995 0.02906
-0.04750 0.06196 0.10588 0.13155 0.73745 0.928 0.371 1251.025 0.02908
-0.04754 0.06202 0.10597 0.13167 0.73858 1.056 0.389 1251.055 0.02911
-0.04758 0.06207 0.10606 0.13178 0.73970 0.861 0.365 1251.085 0.02913
-0.04762 0.06212 0.10616 0.13190 0.74083 0.733 0.350 1251.115 0.02916
-0.04766 0.06218 0.10625 0.13201 0.74196 0.992 0.381 1251.144 0.02918
-0.04771 0.06223 0.10634 0.13212 0.74308 0.990 0.382 1251.174 0.02921
-0.04775 0.06229 0.10643 0.13224 0.74421 1.249 0.410 1251.204 0.02923
-0.04779 0.06234 0.10652 0.13235 0.74534 0.799 0.358 1251.234 0.02925
-0.04783 0.06239 0.10661 0.13246 0.74647 1.118 0.395 1251.264 0.02928
-0.04787 0.06245 0.10670 0.13258 0.74759 1.310 0.417 1251.294 0.02930
-0.04791 0.06250 0.10680 0.13269 0.74872 1.506 0.436 1251.324 0.02933
-0.04795 0.06255 0.10689 0.13280 0.74985 1.116 0.394 1251.354 0.02935
-0.04799 0.06261 0.10698 0.13292 0.75098 0.920 0.372 1251.384 0.02938
-0.04803 0.06266 0.10707 0.13303 0.75210 1.185 0.401 1251.413 0.02940
-0.04808 0.06271 0.10716 0.13315 0.75323 0.985 0.380 1251.443 0.02943
-0.04812 0.06277 0.10725 0.13326 0.75436 1.441 0.426 1251.473 0.02945
-0.04816 0.06282 0.10734 0.13337 0.75549 1.123 0.394 1251.503 0.02948
-0.04820 0.06287 0.10744 0.13349 0.75661 1.377 0.422 1251.533 0.02950
-0.04824 0.06293 0.10753 0.13360 0.75774 1.246 0.409 1251.563 0.02953
-0.04828 0.06298 0.10762 0.13371 0.75887 1.053 0.386 1251.593 0.02955
-0.04832 0.06303 0.10771 0.13383 0.76000 0.982 0.380 1251.623 0.02957
-0.04836 0.06309 0.10780 0.13394 0.76113 1.310 0.416 1251.652 0.02960
-0.04840 0.06314 0.10789 0.13405 0.76225 0.795 0.355 1251.682 0.02962
-0.04844 0.06319 0.10798 0.13417 0.76338 0.920 0.372 1251.712 0.02965
-0.04849 0.06325 0.10808 0.13428 0.76451 0.985 0.380 1251.742 0.02967
-0.04853 0.06330 0.10817 0.13439 0.76564 0.922 0.372 1251.772 0.02970
-0.04857 0.06336 0.10826 0.13451 0.76677 0.859 0.364 1251.802 0.02972
-0.04861 0.06341 0.10835 0.13462 0.76789 1.053 0.387 1251.832 0.02975
-0.04865 0.06346 0.10844 0.13474 0.76902 0.987 0.380 1251.862 0.02977
-0.04869 0.06352 0.10853 0.13485 0.77015 0.794 0.356 1251.891 0.02980
-0.04873 0.06357 0.10862 0.13496 0.77128 0.991 0.379 1251.921 0.02982
-0.04877 0.06362 0.10872 0.13508 0.77241 1.249 0.407 1251.951 0.02984
-0.04881 0.06368 0.10881 0.13519 0.77354 0.864 0.362 1251.981 0.02987
-0.04885 0.06373 0.10890 0.13530 0.77466 0.925 0.372 1252.011 0.02989
-0.04890 0.06378 0.10899 0.13542 0.77579 0.351 0.289 1252.041 0.02992
-0.04894 0.06384 0.10908 0.13553 0.77692 0.606 0.328 1252.071 0.02994
-0.04898 0.06389 0.10917 0.13565 0.77805 0.413 0.299 1252.101 0.02997
-0.04902 0.06394 0.10926 0.13576 0.77918 0.286 0.274 1252.130 0.02999
-0.04906 0.06400 0.10936 0.13587 0.78031 0.477 0.310 1252.160 0.03002
-0.04910 0.06405 0.10945 0.13599 0.78144 0.223 0.264 1252.190 0.03004
-0.04914 0.06411 0.10954 0.13610 0.78256 0.417 0.296 1252.220 0.03007
-0.04918 0.06416 0.10963 0.13621 0.78369 0.096 0.237 1252.250 0.03009
-0.04922 0.06421 0.10972 0.13633 0.78482 0.287 0.278 1252.280 0.03011
-0.04927 0.06427 0.10981 0.13644 0.78595 0.159 0.251 1252.310 0.03014
-0.04931 0.06432 0.10991 0.13656 0.78708 0.416 0.299 1252.340 0.03016
-0.04935 0.06437 0.11000 0.13667 0.78821 0.800 0.354 1252.370 0.03019
-0.04939 0.06443 0.11009 0.13678 0.78934 1.118 0.391 1252.399 0.03021
-0.04943 0.06448 0.11018 0.13690 0.79047 0.986 0.377 1252.429 0.03024
-0.04947 0.06453 0.11027 0.13701 0.79160 0.797 0.355 1252.459 0.03026
-0.04951 0.06459 0.11036 0.13712 0.79272 1.176 0.399 1252.489 0.03029
-0.04955 0.06464 0.11045 0.13724 0.79385 1.113 0.393 1252.519 0.03031
-0.04959 0.06469 0.11055 0.13735 0.79498 0.857 0.363 1252.549 0.03034
-0.04963 0.06475 0.11064 0.13747 0.79611 0.601 0.329 1252.579 0.03036
-0.04968 0.06480 0.11073 0.13758 0.79724 0.855 0.362 1252.609 0.03039
-0.04972 0.06486 0.11082 0.13769 0.79837 0.986 0.378 1252.638 0.03041
-0.04976 0.06491 0.11091 0.13781 0.79950 1.308 0.411 1252.668 0.03043
-0.04980 0.06496 0.11100 0.13792 0.80063 1.496 0.431 1252.698 0.03046
-0.04984 0.06502 0.11110 0.13803 0.80176 0.792 0.354 1252.728 0.03048
-0.04988 0.06507 0.11119 0.13815 0.80289 0.857 0.359 1252.758 0.03051
-0.04992 0.06512 0.11128 0.13826 0.80402 1.113 0.392 1252.788 0.03053
-0.04996 0.06518 0.11137 0.13838 0.80515 0.857 0.360 1252.818 0.03056
-0.05000 0.06523 0.11146 0.13849 0.80628 1.110 0.392 1252.848 0.03058
-0.05005 0.06528 0.11155 0.13860 0.80741 0.982 0.376 1252.877 0.03061
-0.05009 0.06534 0.11165 0.13872 0.80853 1.429 0.425 1252.907 0.03063
-0.05013 0.06539 0.11174 0.13883 0.80966 1.488 0.431 1252.937 0.03066
-0.05017 0.06544 0.11183 0.13894 0.81079 0.914 0.366 1252.967 0.03068
-0.05021 0.06550 0.11192 0.13906 0.81192 1.684 0.448 1252.997 0.03070
-0.05025 0.06555 0.11201 0.13917 0.81305 1.674 0.449 1253.027 0.03073
-0.05029 0.06561 0.11210 0.13929 0.81418 1.617 0.442 1253.057 0.03075
-0.05033 0.06566 0.11219 0.13940 0.81531 1.041 0.383 1253.087 0.03078
-0.05037 0.06571 0.11229 0.13951 0.81644 1.355 0.418 1253.116 0.03080
-0.05042 0.06577 0.11238 0.13963 0.81757 1.230 0.404 1253.146 0.03083
-0.05046 0.06582 0.11247 0.13974 0.81870 1.354 0.416 1253.176 0.03085
-0.05050 0.06587 0.11256 0.13986 0.81983 0.716 0.340 1253.206 0.03088
-0.05054 0.06593 0.11265 0.13997 0.82096 1.411 0.424 1253.236 0.03090
-0.05058 0.06598 0.11274 0.14008 0.82209 1.286 0.411 1253.266 0.03093
-0.05062 0.06603 0.11284 0.14020 0.82322 0.715 0.344 1253.296 0.03095
-0.05066 0.06609 0.11293 0.14031 0.82435 0.971 0.375 1253.326 0.03098
-0.05070 0.06614 0.11302 0.14042 0.82548 1.607 0.442 1253.356 0.03100
-0.05074 0.06620 0.11311 0.14054 0.82661 1.355 0.417 1253.385 0.03102
-0.05079 0.06625 0.11320 0.14065 0.82774 0.462 0.308 1253.415 0.03105
-0.05083 0.06630 0.11329 0.14077 0.82887 0.971 0.373 1253.445 0.03107
-0.05087 0.06636 0.11339 0.14088 0.83000 1.038 0.382 1253.475 0.03110
-0.05091 0.06641 0.11348 0.14099 0.83113 0.591 0.326 1253.505 0.03112
-0.05095 0.06646 0.11357 0.14111 0.83227 0.911 0.368 1253.535 0.03115
-0.05099 0.06652 0.11366 0.14122 0.83340 0.780 0.352 1253.565 0.03117
-0.05103 0.06657 0.11375 0.14134 0.83453 1.033 0.381 1253.595 0.03120
-0.05107 0.06662 0.11384 0.14145 0.83566 0.399 0.297 1253.624 0.03122
-0.05111 0.06668 0.11394 0.14156 0.83679 0.531 0.313 1253.654 0.03125
-0.05116 0.06673 0.11403 0.14168 0.83792 0.529 0.315 1253.684 0.03127
-0.05120 0.06679 0.11412 0.14179 0.83905 0.841 0.359 1253.714 0.03129
-0.05124 0.06684 0.11421 0.14190 0.84018 0.588 0.325 1253.744 0.03132
-0.05128 0.06689 0.11430 0.14202 0.84131 0.336 0.283 1253.774 0.03134
-0.05132 0.06695 0.11439 0.14213 0.84244 0.721 0.342 1253.804 0.03137
-0.05136 0.06700 0.11449 0.14225 0.84357 0.531 0.316 1253.834 0.03139
-0.05140 0.06705 0.11458 0.14236 0.84470 0.910 0.364 1253.863 0.03142
-0.05144 0.06711 0.11467 0.14247 0.84583 0.912 0.365 1253.893 0.03144
-0.05148 0.06716 0.11476 0.14259 0.84696 1.288 0.409 1253.923 0.03147
-0.05153 0.06722 0.11485 0.14270 0.84810 1.037 0.380 1253.953 0.03149
-0.05157 0.06727 0.11494 0.14282 0.84923 1.353 0.414 1253.983 0.03152
-0.05161 0.06732 0.11504 0.14293 0.85036 1.041 0.381 1254.013 0.03154
-0.05165 0.06738 0.11513 0.14304 0.85149 0.978 0.373 1254.043 0.03157
-0.05169 0.06743 0.11522 0.14316 0.85262 1.480 0.428 1254.073 0.03159
-0.05173 0.06748 0.11531 0.14327 0.85375 1.351 0.412 1254.102 0.03161
-0.05177 0.06754 0.11540 0.14339 0.85488 0.659 0.332 1254.132 0.03164
-0.05181 0.06759 0.11550 0.14350 0.85601 1.037 0.379 1254.162 0.03166
-0.05186 0.06764 0.11559 0.14361 0.85714 1.292 0.406 1254.192 0.03169
-0.05190 0.06770 0.11568 0.14373 0.85828 0.719 0.339 1254.222 0.03171
-0.05194 0.06775 0.11577 0.14384 0.85941 1.605 0.438 1254.252 0.03174
-0.05198 0.06781 0.11586 0.14396 0.86054 1.164 0.394 1254.282 0.03176
-0.05202 0.06786 0.11595 0.14407 0.86167 1.289 0.407 1254.312 0.03179
-0.05206 0.06791 0.11605 0.14418 0.86280 0.910 0.364 1254.342 0.03181
-0.05210 0.06797 0.11614 0.14430 0.86393 1.098 0.386 1254.371 0.03184
-0.05214 0.06802 0.11623 0.14441 0.86506 1.473 0.425 1254.401 0.03186
-0.05218 0.06807 0.11632 0.14453 0.86620 1.096 0.385 1254.431 0.03188
-0.05223 0.06813 0.11641 0.14464 0.86733 0.904 0.364 1254.461 0.03191
-0.05227 0.06818 0.11650 0.14475 0.86846 1.221 0.399 1254.491 0.03193
-0.05231 0.06824 0.11660 0.14487 0.86959 1.347 0.413 1254.521 0.03196
-0.05235 0.06829 0.11669 0.14498 0.87072 0.901 0.364 1254.551 0.03198
-0.05239 0.06834 0.11678 0.14510 0.87185 1.721 0.447 1254.581 0.03201
-0.05243 0.06840 0.11687 0.14521 0.87299 1.092 0.385 1254.610 0.03203
-0.05247 0.06845 0.11696 0.14532 0.87412 1.089 0.386 1254.640 0.03206
-0.05251 0.06850 0.11705 0.14544 0.87525 1.026 0.378 1254.670 0.03208
-0.05256 0.06856 0.11715 0.14555 0.87638 0.966 0.371 1254.700 0.03211
-0.05260 0.06861 0.11724 0.14567 0.87751 1.473 0.424 1254.730 0.03213
-0.05264 0.06866 0.11733 0.14578 0.87865 0.843 0.356 1254.760 0.03215
-0.05268 0.06872 0.11742 0.14589 0.87978 1.281 0.405 1254.790 0.03218
-0.05272 0.06877 0.11751 0.14601 0.88091 1.091 0.385 1254.820 0.03220
-0.05276 0.06883 0.11761 0.14612 0.88204 1.465 0.424 1254.849 0.03223
-0.05280 0.06888 0.11770 0.14624 0.88317 0.336 0.283 1254.879 0.03225
-0.05284 0.06893 0.11779 0.14635 0.88431 1.029 0.377 1254.909 0.03228
-0.05288 0.06899 0.11788 0.14646 0.88544 1.404 0.417 1254.939 0.03230
-0.05293 0.06904 0.11797 0.14658 0.88657 0.900 0.363 1254.969 0.03233
-0.05297 0.06909 0.11806 0.14669 0.88770 0.904 0.362 1254.999 0.03235
-0.05301 0.06915 0.11816 0.14681 0.88884 0.969 0.370 1255.029 0.03238
-0.05305 0.06920 0.11825 0.14692 0.88997 0.908 0.362 1255.059 0.03240
-0.05309 0.06926 0.11834 0.14704 0.89110 1.096 0.383 1255.088 0.03243
-0.05313 0.06931 0.11843 0.14715 0.89223 1.532 0.428 1255.118 0.03245
-0.05317 0.06936 0.11852 0.14726 0.89337 1.155 0.391 1255.148 0.03247
-0.05321 0.06942 0.11862 0.14738 0.89450 1.097 0.383 1255.178 0.03250
-0.05326 0.06947 0.11871 0.14749 0.89563 0.719 0.338 1255.208 0.03252
-0.05330 0.06952 0.11880 0.14761 0.89676 0.970 0.369 1255.238 0.03255
-0.05334 0.06958 0.11889 0.14772 0.89790 1.218 0.397 1255.268 0.03257
-0.05338 0.06963 0.11898 0.14783 0.89903 0.847 0.353 1255.298 0.03260
-0.05342 0.06969 0.11908 0.14795 0.90016 0.721 0.338 1255.328 0.03262
-0.05346 0.06974 0.11917 0.14806 0.90129 1.341 0.409 1255.357 0.03265
-0.05350 0.06979 0.11926 0.14818 0.90243 1.160 0.389 1255.387 0.03267
-0.05354 0.06985 0.11935 0.14829 0.90356 1.474 0.421 1255.417 0.03270
-0.05358 0.06990 0.11944 0.14840 0.90469 1.411 0.413 1255.447 0.03272
-0.05363 0.06995 0.11953 0.14852 0.90583 1.220 0.395 1255.477 0.03274
-0.05367 0.07001 0.11963 0.14863 0.90696 1.224 0.395 1255.507 0.03277
-0.05371 0.07006 0.11972 0.14875 0.90809 1.281 0.401 1255.537 0.03279
-0.05375 0.07012 0.11981 0.14886 0.90923 1.218 0.393 1255.567 0.03282
-0.05379 0.07017 0.11990 0.14898 0.91036 1.835 0.454 1255.596 0.03284
-0.05383 0.07022 0.11999 0.14909 0.91149 0.783 0.345 1255.626 0.03287
-0.05387 0.07028 0.12009 0.14920 0.91263 1.156 0.387 1255.656 0.03289
-0.05391 0.07033 0.12018 0.14932 0.91376 0.968 0.366 1255.686 0.03292
-0.05396 0.07038 0.12027 0.14943 0.91489 1.029 0.372 1255.716 0.03294
-0.05400 0.07044 0.12036 0.14955 0.91603 1.465 0.420 1255.746 0.03297
-0.05404 0.07049 0.12045 0.14966 0.91716 1.465 0.420 1255.776 0.03299
-0.05408 0.07055 0.12055 0.14977 0.91829 1.157 0.387 1255.806 0.03302
-0.05412 0.07060 0.12064 0.14989 0.91943 1.448 0.413 1255.835 0.03304
-0.05416 0.07065 0.12073 0.15000 0.92056 0.705 0.327 1255.865 0.03306
-0.05420 0.07071 0.12082 0.15012 0.92169 1.088 0.378 1255.895 0.03309
-0.05424 0.07076 0.12091 0.15023 0.92283 0.956 0.364 1255.925 0.03311
-0.05429 0.07082 0.12100 0.15035 0.92396 0.860 0.351 1255.955 0.03314
-0.05433 0.07087 0.12110 0.15046 0.92509 1.096 0.373 1255.985 0.03316
-0.05437 0.07092 0.12119 0.15057 0.92623 0.785 0.343 1256.015 0.03319
-0.05441 0.07098 0.12128 0.15069 0.92736 0.757 0.332 1256.045 0.03321
-0.05445 0.07103 0.12137 0.15080 0.92849 1.070 0.379 1256.074 0.03324
-0.05449 0.07108 0.12146 0.15092 0.92963 0.949 0.358 1256.104 0.03326
-0.05453 0.07114 0.12156 0.15103 0.93076 0.953 0.362 1256.134 0.03329
-0.05457 0.07119 0.12165 0.15115 0.93190 0.827 0.342 1256.164 0.03331
-0.05462 0.07125 0.12174 0.15126 0.93303 0.956 0.358 1256.194 0.03333
-0.05466 0.07130 0.12183 0.15137 0.93416 1.517 0.422 1256.224 0.03336
-0.05470 0.07135 0.12192 0.15149 0.93530 0.639 0.316 1256.254 0.03338
-0.05474 0.07141 0.12202 0.15160 0.93643 0.797 0.342 1256.284 0.03341
-0.05478 0.07146 0.12211 0.15172 0.93757 0.652 0.325 1256.314 0.03343
-0.05482 0.07151 0.12220 0.15183 0.93870 0.709 0.333 1256.343 0.03346
-0.05486 0.07157 0.12229 0.15195 0.93983 0.646 0.325 1256.373 0.03348
-0.05490 0.07162 0.12238 0.15206 0.94097 1.136 0.383 1256.403 0.03351
-0.05495 0.07168 0.12248 0.15217 0.94210 0.948 0.364 1256.433 0.03353
-0.05499 0.07173 0.12257 0.15229 0.94324 1.075 0.377 1256.463 0.03356
-0.05503 0.07178 0.12266 0.15240 0.94437 0.701 0.333 1256.493 0.03358
-0.05507 0.07184 0.12275 0.15252 0.94551 1.322 0.403 1256.523 0.03361
-0.05511 0.07189 0.12284 0.15263 0.94664 2.059 0.470 1256.553 0.03363
-0.05515 0.07195 0.12294 0.15275 0.94777 1.077 0.376 1256.582 0.03365
-0.05519 0.07200 0.12303 0.15286 0.94891 1.316 0.403 1256.612 0.03368
-0.05523 0.07205 0.12312 0.15297 0.95004 1.012 0.370 1256.642 0.03370
-0.05528 0.07211 0.12321 0.15309 0.95118 0.764 0.340 1256.672 0.03373
-0.05532 0.07216 0.12330 0.15320 0.95231 0.945 0.362 1256.702 0.03375
-0.05536 0.07221 0.12340 0.15332 0.95345 1.501 0.420 1256.732 0.03378
-0.05540 0.07227 0.12349 0.15343 0.95458 0.759 0.340 1256.762 0.03380
-0.05544 0.07232 0.12358 0.15355 0.95572 1.314 0.402 1256.792 0.03383
-0.05548 0.07238 0.12367 0.15366 0.95685 0.391 0.283 1256.821 0.03385
-0.05552 0.07243 0.12376 0.15377 0.95799 1.314 0.401 1256.851 0.03388
-0.05556 0.07248 0.12386 0.15389 0.95912 1.253 0.395 1256.881 0.03390
-0.05561 0.07254 0.12395 0.15400 0.96026 1.371 0.406 1256.911 0.03392
-0.05565 0.07259 0.12404 0.15412 0.96139 1.127 0.382 1256.941 0.03395
-0.05569 0.07265 0.12413 0.15423 0.96253 1.866 0.452 1256.971 0.03397
-0.05573 0.07270 0.12422 0.15435 0.96366 0.947 0.361 1257.001 0.03400
-0.05577 0.07275 0.12432 0.15446 0.96480 0.884 0.354 1257.031 0.03402
-0.05581 0.07281 0.12441 0.15457 0.96593 1.254 0.393 1257.060 0.03405
-0.05585 0.07286 0.12450 0.15469 0.96707 1.253 0.394 1257.090 0.03407
-0.05590 0.07291 0.12459 0.15480 0.96820 0.944 0.359 1257.120 0.03410
-0.05594 0.07297 0.12468 0.15492 0.96934 1.127 0.380 1257.150 0.03412
-0.05598 0.07302 0.12478 0.15503 0.97047 1.002 0.367 1257.180 0.03415
-0.05602 0.07308 0.12487 0.15515 0.97161 1.126 0.380 1257.210 0.03417
-0.05606 0.07313 0.12496 0.15526 0.97274 1.186 0.387 1257.240 0.03419
-0.05610 0.07318 0.12505 0.15537 0.97388 1.490 0.416 1257.270 0.03422
-0.05614 0.07324 0.12514 0.15549 0.97501 0.754 0.336 1257.300 0.03424
-0.05618 0.07329 0.12524 0.15560 0.97615 0.816 0.344 1257.329 0.03427
-0.05623 0.07335 0.12533 0.15572 0.97728 0.877 0.351 1257.359 0.03429
-0.05627 0.07340 0.12542 0.15583 0.97842 0.996 0.366 1257.389 0.03432
-0.05631 0.07345 0.12551 0.15595 0.97955 0.942 0.356 1257.419 0.03434
-0.05635 0.07351 0.12560 0.15606 0.98069 0.879 0.351 1257.449 0.03437
-0.05639 0.07356 0.12570 0.15618 0.98183 1.364 0.404 1257.479 0.03439
-0.05643 0.07362 0.12579 0.15629 0.98296 1.241 0.391 1257.509 0.03442
-0.05647 0.07367 0.12588 0.15640 0.98410 1.300 0.397 1257.539 0.03444
-0.05651 0.07372 0.12597 0.15652 0.98523 1.058 0.371 1257.568 0.03447
-0.05656 0.07378 0.12607 0.15663 0.98637 1.359 0.402 1257.598 0.03449
-0.05660 0.07383 0.12616 0.15675 0.98750 2.025 0.463 1257.628 0.03451
-0.05664 0.07388 0.12625 0.15686 0.98864 1.054 0.370 1257.658 0.03454
-0.05668 0.07394 0.12634 0.15698 0.98978 0.751 0.335 1257.688 0.03456
-0.05672 0.07399 0.12643 0.15709 0.99091 0.995 0.363 1257.718 0.03459
-0.05676 0.07405 0.12653 0.15721 0.99205 0.992 0.364 1257.748 0.03461
-0.05680 0.07410 0.12662 0.15732 0.99318 0.993 0.364 1257.778 0.03464
-0.05685 0.07415 0.12671 0.15743 0.99432 0.811 0.341 1257.807 0.03466
-0.05689 0.07421 0.12680 0.15755 0.99546 0.630 0.318 1257.837 0.03469
-0.05693 0.07426 0.12689 0.15766 0.99659 0.751 0.334 1257.867 0.03471
-0.05697 0.07432 0.12699 0.15778 0.99773 0.752 0.334 1257.897 0.03474
-0.05701 0.07437 0.12708 0.15789 0.99886 1.297 0.395 1257.927 0.03476
-0.05705 0.07442 0.12717 0.15801 1.00000 0.631 0.318 1257.957 0.03478
