x y z dist_scaled dist_frac flux_norm sig_norm wavelength redshift
0.03733 -0.01703 0.03994 0.05726 0.00000 0.888 0.273 1231.245 0.01281
0.03740 -0.01706 0.04001 0.05737 0.00110 1.424 0.322 1231.275 0.01284
0.03747 -0.01709 0.04009 0.05748 0.00220 1.135 0.297 1231.305 0.01286
0.03755 -0.01713 0.04017 0.05759 0.00330 1.010 0.285 1231.335 0.01289
0.03762 -0.01716 0.04025 0.05770 0.00440 0.845 0.268 1231.365 0.01291
0.03769 -0.01719 0.04032 0.05781 0.00550 1.050 0.289 1231.395 0.01293
0.03776 -0.01723 0.04040 0.05792 0.00661 1.008 0.284 1231.425 0.01296
0.03784 -0.01726 0.04048 0.05803 0.00771 0.760 0.259 1231.454 0.01298
0.03791 -0.01729 0.04056 0.05814 0.00881 1.294 0.310 1231.484 0.01301
0.03798 -0.01732 0.04063 0.05826 0.00991 1.048 0.288 1231.514 0.01303
0.03805 -0.01736 0.04071 0.05837 0.01101 1.048 0.287 1231.544 0.01306
0.03813 -0.01739 0.04079 0.05848 0.01211 0.638 0.244 1231.574 0.01308
0.03820 -0.01742 0.04087 0.05859 0.01321 1.049 0.287 1231.604 0.01311
0.03827 -0.01746 0.04094 0.05870 0.01431 1.457 0.323 1231.634 0.01313
0.03834 -0.01749 0.04102 0.05881 0.01541 1.210 0.302 1231.664 0.01316
0.03841 -0.01752 0.04110 0.05892 0.01652 1.045 0.287 1231.693 0.01318
0.03849 -0.01756 0.04117 0.05903 0.01762 1.290 0.309 1231.723 0.01321
0.03856 -0.01759 0.04125 0.05914 0.01872 1.413 0.318 1231.753 0.01323
0.03863 -0.01762 0.04133 0.05925 0.01982 1.083 0.290 1231.783 0.01325
0.03870 -0.01765 0.04141 0.05936 0.02092 1.083 0.290 1231.813 0.01328
0.03878 -0.01769 0.04148 0.05948 0.02202 1.123 0.294 1231.843 0.01330
0.03885 -0.01772 0.04156 0.05959 0.02312 1.164 0.297 1231.873 0.01333
0.03892 -0.01775 0.04164 0.05970 0.02423 0.798 0.261 1231.903 0.01335
0.03899 -0.01779 0.04172 0.05981 0.02533 1.122 0.293 1231.932 0.01338
0.03907 -0.01782 0.04179 0.05992 0.02643 1.040 0.285 1231.962 0.01340
0.03914 -0.01785 0.04187 0.06003 0.02753 1.365 0.314 1231.992 0.01343
0.03921 -0.01789 0.04195 0.06014 0.02863 1.039 0.285 1232.022 0.01345
0.03928 -0.01792 0.04203 0.06025 0.02973 0.998 0.281 1232.052 0.01348
0.03936 -0.01795 0.04210 0.06036 0.03084 1.038 0.285 1232.082 0.01350
0.03943 -0.01798 0.04218 0.06047 0.03194 1.038 0.284 1232.112 0.01352
0.03950 -0.01802 0.04226 0.06059 0.03304 1.116 0.292 1232.142 0.01355
0.03957 -0.01805 0.04234 0.06070 0.03414 0.954 0.275 1232.171 0.01357
0.03964 -0.01808 0.04241 0.06081 0.03524 1.114 0.291 1232.201 0.01360
0.03972 -0.01812 0.04249 0.06092 0.03635 0.993 0.280 1232.231 0.01362
0.03979 -0.01815 0.04257 0.06103 0.03745 1.356 0.312 1232.261 0.01365
0.03986 -0.01818 0.04265 0.06114 0.03855 0.831 0.264 1232.291 0.01367
0.03993 -0.01822 0.04272 0.06125 0.03965 1.032 0.283 1232.321 0.01370
0.04001 -0.01825 0.04280 0.06136 0.04075 0.831 0.263 1232.351 0.01372
0.04008 -0.01828 0.04288 0.06147 0.04186 0.830 0.262 1232.381 0.01375
0.04015 -0.01831 0.04296 0.06159 0.04296 1.272 0.304 1232.411 0.01377
0.04022 -0.01835 0.04303 0.06170 0.04406 0.909 0.271 1232.440 0.01380
0.04030 -0.01838 0.04311 0.06181 0.04516 1.391 0.314 1232.470 0.01382
0.04037 -0.01841 0.04319 0.06192 0.04627 1.389 0.314 1232.500 0.01384
0.04044 -0.01845 0.04327 0.06203 0.04737 1.188 0.297 1232.530 0.01387
0.04051 -0.01848 0.04334 0.06214 0.04847 0.745 0.253 1232.560 0.01389
0.04059 -0.01851 0.04342 0.06225 0.04957 1.105 0.289 1232.590 0.01392
0.04066 -0.01855 0.04350 0.06236 0.05068 1.466 0.320 1232.620 0.01394
0.04073 -0.01858 0.04358 0.06247 0.05178 1.304 0.305 1232.650 0.01397
0.04080 -0.01861 0.04365 0.06258 0.05288 1.023 0.281 1232.679 0.01399
0.04088 -0.01864 0.04373 0.06270 0.05398 1.021 0.281 1232.709 0.01402
0.04095 -0.01868 0.04381 0.06281 0.05509 0.820 0.260 1232.739 0.01404
0.04102 -0.01871 0.04389 0.06292 0.05619 1.100 0.288 1232.769 0.01407
0.04109 -0.01874 0.04396 0.06303 0.05729 0.979 0.276 1232.799 0.01409
0.04117 -0.01878 0.04404 0.06314 0.05840 0.899 0.268 1232.829 0.01411
0.04124 -0.01881 0.04412 0.06325 0.05950 0.937 0.272 1232.859 0.01414
0.04131 -0.01884 0.04420 0.06336 0.06060 1.055 0.284 1232.889 0.01416
0.04138 -0.01888 0.04427 0.06347 0.06170 1.094 0.288 1232.918 0.01419
0.04146 -0.01891 0.04435 0.06358 0.06281 0.976 0.276 1232.948 0.01421
0.04153 -0.01894 0.04443 0.06370 0.06391 1.293 0.304 1232.978 0.01424
0.04160 -0.01898 0.04451 0.06381 0.06501 1.453 0.317 1233.008 0.01426
0.04167 -0.01901 0.04458 0.06392 0.06612 1.134 0.291 1233.038 0.01429
0.04174 -0.01904 0.04466 0.06403 0.06722 1.213 0.297 1233.068 0.01431
0.04182 -0.01907 0.04474 0.06414 0.06832 1.054 0.283 1233.098 0.01434
0.04189 -0.01911 0.04482 0.06425 0.06943 0.895 0.267 1233.128 0.01436
0.04196 -0.01914 0.04489 0.06436 0.07053 1.095 0.286 1233.157 0.01439
0.04203 -0.01917 0.04497 0.06447 0.07163 0.858 0.263 1233.187 0.01441
0.04211 -0.01921 0.04505 0.06459 0.07274 1.213 0.297 1233.217 0.01443
0.04218 -0.01924 0.04513 0.06470 0.07384 1.213 0.296 1233.247 0.01446
0.04225 -0.01927 0.04520 0.06481 0.07494 1.053 0.280 1233.277 0.01448
0.04232 -0.01931 0.04528 0.06492 0.07605 0.815 0.258 1233.307 0.01451
0.04240 -0.01934 0.04536 0.06503 0.07715 1.210 0.296 1233.337 0.01453
0.04247 -0.01937 0.04544 0.06514 0.07825 1.052 0.281 1233.367 0.01456
0.04254 -0.01940 0.04551 0.06525 0.07936 0.934 0.269 1233.397 0.01458
0.04261 -0.01944 0.04559 0.06536 0.08046 0.972 0.273 1233.426 0.01461
0.04269 -0.01947 0.04567 0.06547 0.08156 0.972 0.273 1233.456 0.01463
0.04276 -0.01950 0.04575 0.06559 0.08267 0.735 0.249 1233.486 0.01466
0.04283 -0.01954 0.04582 0.06570 0.08377 0.773 0.253 1233.516 0.01468
0.04290 -0.01957 0.04590 0.06581 0.08488 0.970 0.273 1233.546 0.01470
0.04298 -0.01960 0.04598 0.06592 0.08598 0.812 0.257 1233.576 0.01473
0.04305 -0.01964 0.04606 0.06603 0.08708 0.851 0.261 1233.606 0.01475
0.04312 -0.01967 0.04613 0.06614 0.08819 1.324 0.304 1233.636 0.01478
0.04319 -0.01970 0.04621 0.06625 0.08929 0.970 0.273 1233.665 0.01480
0.04327 -0.01974 0.04629 0.06636 0.09040 1.442 0.314 1233.695 0.01483
0.04334 -0.01977 0.04637 0.06648 0.09150 1.087 0.283 1233.725 0.01485
0.04341 -0.01980 0.04644 0.06659 0.09260 0.930 0.268 1233.755 0.01488
0.04348 -0.01983 0.04652 0.06670 0.09371 1.008 0.276 1233.785 0.01490
0.04356 -0.01987 0.04660 0.06681 0.09481 1.048 0.279 1233.815 0.01493
0.04363 -0.01990 0.04668 0.06692 0.09592 0.890 0.263 1233.845 0.01495
0.04370 -0.01993 0.04675 0.06703 0.09702 1.007 0.275 1233.875 0.01497
0.04377 -0.01997 0.04683 0.06714 0.09813 1.869 0.345 1233.904 0.01500
0.04385 -0.02000 0.04691 0.06725 0.09923 1.241 0.296 1233.934 0.01502
0.04392 -0.02003 0.04699 0.06737 0.10033 0.966 0.271 1233.964 0.01505
0.04399 -0.02007 0.04707 0.06748 0.10144 1.083 0.282 1233.994 0.01507
0.04407 -0.02010 0.04714 0.06759 0.10254 1.002 0.275 1234.024 0.01510
0.04414 -0.02013 0.04722 0.06770 0.10365 1.080 0.281 1234.054 0.01512
0.04421 -0.02017 0.04730 0.06781 0.10475 0.843 0.259 1234.084 0.01515
0.04428 -0.02020 0.04738 0.06792 0.10586 0.569 0.227 1234.114 0.01517
0.04436 -0.02023 0.04745 0.06803 0.10696 0.842 0.259 1234.143 0.01520
0.04443 -0.02026 0.04753 0.06814 0.10807 0.957 0.269 1234.173 0.01522
0.04450 -0.02030 0.04761 0.06826 0.10917 0.800 0.255 1234.203 0.01525
0.04457 -0.02033 0.04769 0.06837 0.11028 0.917 0.266 1234.233 0.01527
0.04465 -0.02036 0.04776 0.06848 0.11138 1.342 0.304 1234.263 0.01529
0.04472 -0.02040 0.04784 0.06859 0.11248 1.459 0.314 1234.293 0.01532
0.04479 -0.02043 0.04792 0.06870 0.11359 1.304 0.301 1234.323 0.01534
0.04486 -0.02046 0.04800 0.06881 0.11469 1.304 0.301 1234.353 0.01537
0.04494 -0.02050 0.04807 0.06892 0.11580 0.992 0.272 1234.383 0.01539
0.04501 -0.02053 0.04815 0.06904 0.11690 1.184 0.288 1234.412 0.01542
0.04508 -0.02056 0.04823 0.06915 0.11801 1.185 0.290 1234.442 0.01544
0.04515 -0.02060 0.04831 0.06926 0.11911 0.640 0.236 1234.472 0.01547
0.04523 -0.02063 0.04838 0.06937 0.12022 0.910 0.265 1234.502 0.01549
0.04530 -0.02066 0.04846 0.06948 0.12132 0.949 0.269 1234.532 0.01552
0.04537 -0.02070 0.04854 0.06959 0.12243 1.064 0.279 1234.562 0.01554
0.04544 -0.02073 0.04862 0.06970 0.12354 0.597 0.230 1234.592 0.01556
0.04552 -0.02076 0.04870 0.06981 0.12464 0.714 0.244 1234.622 0.01559
0.04559 -0.02079 0.04877 0.06993 0.12575 1.137 0.285 1234.651 0.01561
0.04566 -0.02083 0.04885 0.07004 0.12685 1.059 0.279 1234.681 0.01564
0.04573 -0.02086 0.04893 0.07015 0.12796 0.826 0.256 1234.711 0.01566
0.04581 -0.02089 0.04901 0.07026 0.12906 0.632 0.235 1234.741 0.01569
0.04588 -0.02093 0.04908 0.07037 0.13017 0.944 0.267 1234.771 0.01571
0.04595 -0.02096 0.04916 0.07048 0.13127 0.981 0.271 1234.801 0.01574
0.04602 -0.02099 0.04924 0.07059 0.13238 0.981 0.271 1234.831 0.01576
0.04610 -0.02103 0.04932 0.07071 0.13348 1.214 0.291 1234.861 0.01579
0.04617 -0.02106 0.04939 0.07082 0.13459 0.906 0.263 1234.890 0.01581
0.04624 -0.02109 0.04947 0.07093 0.13570 1.332 0.300 1234.920 0.01584
0.04632 -0.02113 0.04955 0.07104 0.13680 0.965 0.267 1234.950 0.01586
0.04639 -0.02116 0.04963 0.07115 0.13791 0.652 0.234 1234.980 0.01588
0.04646 -0.02119 0.04971 0.07126 0.13901 1.165 0.284 1235.010 0.01591
0.04653 -0.02123 0.04978 0.07137 0.14012 1.426 0.307 1235.040 0.01593
0.04661 -0.02126 0.04986 0.07149 0.14122 1.059 0.277 1235.070 0.01596
0.04668 -0.02129 0.04994 0.07160 0.14233 0.803 0.246 1235.100 0.01598
0.04675 -0.02132 0.05002 0.07171 0.14344 0.768 0.246 1235.129 0.01601
0.04682 -0.02136 0.05009 0.07182 0.14454 1.051 0.272 1235.159 0.01603
0.04690 -0.02139 0.05017 0.07193 0.14565 0.972 0.266 1235.189 0.01606
0.04697 -0.02142 0.05025 0.07204 0.14675 1.048 0.273 1235.219 0.01608
0.04704 -0.02146 0.05033 0.07215 0.14786 1.178 0.283 1235.249 0.01611
0.04711 -0.02149 0.05040 0.07227 0.14897 1.144 0.280 1235.279 0.01613
0.04719 -0.02152 0.05048 0.07238 0.15007 1.069 0.276 1235.309 0.01615
0.04726 -0.02156 0.05056 0.07249 0.15118 0.772 0.246 1235.339 0.01618
0.04733 -0.02159 0.05064 0.07260 0.15228 0.877 0.258 1235.369 0.01620
0.04741 -0.02162 0.05072 0.07271 0.15339 0.646 0.237 1235.398 0.01623
0.04748 -0.02166 0.05079 0.07282 0.15450 0.508 0.215 1235.428 0.01625
0.04755 -0.02169 0.05087 0.07293 0.15560 0.489 0.212 1235.458 0.01628
0.04762 -0.02172 0.05095 0.07305 0.15671 0.134 0.159 1235.488 0.01630
0.04770 -0.02176 0.05103 0.07316 0.15782 0.516 0.219 1235.518 0.01633
0.04777 -0.02179 0.05110 0.07327 0.15892 0.707 0.241 1235.548 0.01635
0.04784 -0.02182 0.05118 0.07338 0.16003 0.670 0.237 1235.578 0.01638
0.04791 -0.02186 0.05126 0.07349 0.16114 1.091 0.278 1235.608 0.01640
0.04799 -0.02189 0.05134 0.07360 0.16224 0.900 0.260 1235.637 0.01643
0.04806 -0.02192 0.05142 0.07371 0.16335 0.748 0.244 1235.667 0.01645
0.04813 -0.02195 0.05149 0.07383 0.16446 0.863 0.257 1235.697 0.01647
0.04820 -0.02199 0.05157 0.07394 0.16556 0.978 0.268 1235.727 0.01650
0.04828 -0.02202 0.05165 0.07405 0.16667 0.900 0.260 1235.757 0.01652
0.04835 -0.02205 0.05173 0.07416 0.16778 1.166 0.285 1235.787 0.01655
0.04842 -0.02209 0.05180 0.07427 0.16888 1.204 0.288 1235.817 0.01657
0.04850 -0.02212 0.05188 0.07438 0.16999 0.899 0.259 1235.847 0.01660
0.04857 -0.02215 0.05196 0.07450 0.17110 1.164 0.283 1235.876 0.01662
0.04864 -0.02219 0.05204 0.07461 0.17220 0.857 0.255 1235.906 0.01665
0.04871 -0.02222 0.05212 0.07472 0.17331 0.935 0.263 1235.936 0.01667
0.04879 -0.02225 0.05219 0.07483 0.17442 0.936 0.263 1235.966 0.01670
0.04886 -0.02229 0.05227 0.07494 0.17553 1.240 0.290 1235.996 0.01672
0.04893 -0.02232 0.05235 0.07505 0.17663 1.313 0.296 1236.026 0.01674
0.04900 -0.02235 0.05243 0.07516 0.17774 1.123 0.280 1236.056 0.01677
0.04908 -0.02239 0.05250 0.07528 0.17885 1.200 0.287 1236.086 0.01679
0.04915 -0.02242 0.05258 0.07539 0.17995 0.858 0.255 1236.115 0.01682
0.04922 -0.02245 0.05266 0.07550 0.18106 1.313 0.296 1236.145 0.01684
0.04930 -0.02249 0.05274 0.07561 0.18217 1.122 0.280 1236.175 0.01687
0.04937 -0.02252 0.05282 0.07572 0.18328 1.006 0.269 1236.205 0.01689
0.04944 -0.02255 0.05289 0.07583 0.18438 1.235 0.289 1236.235 0.01692
0.04951 -0.02258 0.05297 0.07595 0.18549 1.235 0.289 1236.265 0.01694
0.04959 -0.02262 0.05305 0.07606 0.18660 0.816 0.251 1236.295 0.01697
0.04966 -0.02265 0.05313 0.07617 0.18771 0.966 0.265 1236.325 0.01699
0.04973 -0.02268 0.05321 0.07628 0.18881 1.269 0.292 1236.355 0.01701
0.04980 -0.02272 0.05328 0.07639 0.18992 0.852 0.253 1236.384 0.01704
0.04988 -0.02275 0.05336 0.07650 0.19103 0.926 0.261 1236.414 0.01706
0.04995 -0.02278 0.05344 0.07661 0.19214 0.928 0.261 1236.444 0.01709
0.05002 -0.02282 0.05352 0.07673 0.19324 1.228 0.289 1236.474 0.01711
0.05010 -0.02285 0.05359 0.07684 0.19435 1.457 0.306 1236.504 0.01714
0.05017 -0.02288 0.05367 0.07695 0.19546 1.266 0.291 1236.534 0.01716
0.05024 -0.02292 0.05375 0.07706 0.19657 1.077 0.275 1236.564 0.01719
0.05031 -0.02295 0.05383 0.07717 0.19768 1.227 0.288 1236.594 0.01721
0.05039 -0.02298 0.05391 0.07728 0.19878 1.074 0.275 1236.623 0.01724
0.05046 -0.02302 0.05398 0.07740 0.19989 0.697 0.237 1236.653 0.01726
0.05053 -0.02305 0.05406 0.07751 0.20100 1.150 0.280 1236.683 0.01729
0.05061 -0.02308 0.05414 0.07762 0.20211 0.811 0.249 1236.713 0.01731
0.05068 -0.02312 0.05422 0.07773 0.20322 0.923 0.260 1236.743 0.01733
0.05075 -0.02315 0.05430 0.07784 0.20432 0.998 0.267 1236.773 0.01736
0.05082 -0.02318 0.05437 0.07795 0.20543 0.885 0.257 1236.803 0.01738
0.05090 -0.02322 0.05445 0.07807 0.20654 1.109 0.277 1236.833 0.01741
0.05097 -0.02325 0.05453 0.07818 0.20765 1.110 0.277 1236.862 0.01743
0.05104 -0.02328 0.05461 0.07829 0.20876 1.410 0.302 1236.892 0.01746
0.05111 -0.02332 0.05468 0.07840 0.20987 0.997 0.267 1236.922 0.01748
0.05119 -0.02335 0.05476 0.07851 0.21097 0.921 0.259 1236.952 0.01751
0.05126 -0.02338 0.05484 0.07862 0.21208 0.920 0.260 1236.982 0.01753
0.05133 -0.02341 0.05492 0.07874 0.21319 0.695 0.237 1237.012 0.01756
0.05141 -0.02345 0.05500 0.07885 0.21430 1.183 0.283 1237.042 0.01758
0.05148 -0.02348 0.05507 0.07896 0.21541 1.032 0.270 1237.072 0.01760
0.05155 -0.02351 0.05515 0.07907 0.21652 0.991 0.266 1237.101 0.01763
0.05162 -0.02355 0.05523 0.07918 0.21762 0.991 0.266 1237.131 0.01765
0.05170 -0.02358 0.05531 0.07929 0.21873 1.215 0.286 1237.161 0.01768
0.05177 -0.02361 0.05539 0.07941 0.21984 1.103 0.276 1237.191 0.01770
0.05184 -0.02365 0.05546 0.07952 0.22095 1.214 0.286 1237.221 0.01773
0.05192 -0.02368 0.05554 0.07963 0.22206 0.989 0.266 1237.251 0.01775
0.05199 -0.02371 0.05562 0.07974 0.22317 1.142 0.279 1237.281 0.01778
0.05206 -0.02375 0.05570 0.07985 0.22428 0.917 0.258 1237.311 0.01780
0.05213 -0.02378 0.05578 0.07996 0.22539 1.252 0.288 1237.341 0.01783
0.05221 -0.02381 0.05585 0.08008 0.22650 1.102 0.276 1237.370 0.01785
0.05228 -0.02385 0.05593 0.08019 0.22760 0.841 0.250 1237.400 0.01788
0.05235 -0.02388 0.05601 0.08030 0.22871 0.992 0.265 1237.430 0.01790
0.05243 -0.02391 0.05609 0.08041 0.22982 1.029 0.269 1237.460 0.01792
0.05250 -0.02395 0.05616 0.08052 0.23093 0.952 0.262 1237.490 0.01795
0.05257 -0.02398 0.05624 0.08064 0.23204 0.951 0.261 1237.520 0.01797
0.05264 -0.02401 0.05632 0.08075 0.23315 1.098 0.275 1237.550 0.01800
0.05272 -0.02405 0.05640 0.08086 0.23426 1.383 0.344 1237.580 0.01802
0.05279 -0.02408 0.05648 0.08097 0.23537 1.135 0.278 1237.609 0.01805
0.05286 -0.02411 0.05655 0.08108 0.23648 1.283 0.290 1237.639 0.01807
0.05294 -0.02415 0.05663 0.08119 0.23759 0.985 0.264 1237.669 0.01810
0.05301 -0.02418 0.05671 0.08131 0.23870 0.873 0.254 1237.699 0.01812
0.05308 -0.02421 0.05679 0.08142 0.23981 1.130 0.277 1237.729 0.01815
0.05315 -0.02425 0.05687 0.08153 0.24092 1.094 0.274 1237.759 0.01817
0.05323 -0.02428 0.05694 0.08164 0.24202 0.944 0.260 1237.789 0.01819
0.05330 -0.02431 0.05702 0.08175 0.24313 1.020 0.267 1237.819 0.01822
0.05337 -0.02435 0.05710 0.08186 0.24424 1.019 0.267 1237.848 0.01824
0.05345 -0.02438 0.05718 0.08198 0.24535 0.756 0.242 1237.878 0.01827
0.05352 -0.02441 0.05726 0.08209 0.24646 1.056 0.271 1237.908 0.01829
0.05359 -0.02444 0.05733 0.08220 0.24757 1.055 0.270 1237.938 0.01832
0.05366 -0.02448 0.05741 0.08231 0.24868 0.608 0.224 1237.968 0.01834
0.05374 -0.02451 0.05749 0.08242 0.24979 0.979 0.263 1237.998 0.01837
0.05381 -0.02454 0.05757 0.08254 0.25090 0.870 0.253 1238.028 0.01839
0.05388 -0.02458 0.05765 0.08265 0.25201 0.534 0.216 1238.058 0.01842
0.05396 -0.02461 0.05772 0.08276 0.25312 1.239 0.285 1238.087 0.01844
0.05403 -0.02464 0.05780 0.08287 0.25423 1.130 0.276 1238.117 0.01847
0.05410 -0.02468 0.05788 0.08298 0.25534 1.129 0.275 1238.147 0.01849
0.05417 -0.02471 0.05796 0.08309 0.25645 0.721 0.237 1238.177 0.01851
0.05425 -0.02474 0.05804 0.08321 0.25756 1.124 0.275 1238.207 0.01854
0.05432 -0.02478 0.05811 0.08332 0.25867 0.830 0.248 1238.237 0.01856
0.05439 -0.02481 0.05819 0.08343 0.25978 1.016 0.266 1238.267 0.01859
0.05447 -0.02484 0.05827 0.08354 0.26089 0.721 0.237 1238.297 0.01861
0.05454 -0.02488 0.05835 0.08365 0.26200 1.052 0.269 1238.327 0.01864
0.05461 -0.02491 0.05843 0.08377 0.26311 1.272 0.288 1238.356 0.01866
0.05469 -0.02494 0.05850 0.08388 0.26422 1.012 0.266 1238.386 0.01869
0.05476 -0.02498 0.05858 0.08399 0.26533 0.828 0.248 1238.416 0.01871
0.05483 -0.02501 0.05866 0.08410 0.26644 0.828 0.248 1238.446 0.01874
0.05490 -0.02504 0.05874 0.08421 0.26755 0.678 0.231 1238.476 0.01876
0.05498 -0.02508 0.05882 0.08432 0.26866 1.196 0.281 1238.506 0.01878
0.05505 -0.02511 0.05889 0.08444 0.26978 1.122 0.275 1238.536 0.01881
0.05512 -0.02514 0.05897 0.08455 0.27089 0.791 0.243 1238.566 0.01883
0.05520 -0.02518 0.05905 0.08466 0.27200 0.569 0.219 1238.595 0.01886
0.05527 -0.02521 0.05913 0.08477 0.27311 1.340 0.293 1238.625 0.01888
0.05534 -0.02524 0.05921 0.08488 0.27422 0.640 0.228 1238.655 0.01891
0.05541 -0.02528 0.05928 0.08500 0.27533 0.789 0.244 1238.685 0.01893
0.05549 -0.02531 0.05936 0.08511 0.27644 0.933 0.257 1238.715 0.01896
0.05556 -0.02534 0.05944 0.08522 0.27755 0.859 0.250 1238.745 0.01898
0.05563 -0.02538 0.05952 0.08533 0.27866 1.117 0.274 1238.775 0.01901
0.05571 -0.02541 0.05960 0.08544 0.27977 0.933 0.257 1238.805 0.01903
0.05578 -0.02544 0.05968 0.08556 0.28088 1.081 0.271 1238.834 0.01905
0.05585 -0.02548 0.05975 0.08567 0.28199 0.898 0.254 1238.864 0.01908
0.05593 -0.02551 0.05983 0.08578 0.28310 0.971 0.261 1238.894 0.01910
0.05600 -0.02554 0.05991 0.08589 0.28422 0.786 0.243 1238.924 0.01913
0.05607 -0.02558 0.05999 0.08600 0.28533 0.897 0.253 1238.954 0.01915
0.05614 -0.02561 0.06007 0.08612 0.28644 0.821 0.246 1238.984 0.01918
0.05622 -0.02564 0.06014 0.08623 0.28755 0.968 0.260 1239.014 0.01920
0.05629 -0.02568 0.06022 0.08634 0.28866 1.005 0.264 1239.044 0.01923
0.05636 -0.02571 0.06030 0.08645 0.28977 1.062 0.267 1239.073 0.01925
0.05644 -0.02574 0.06038 0.08656 0.29088 0.746 0.235 1239.103 0.01928
0.05651 -0.02578 0.06046 0.08668 0.29199 1.204 0.279 1239.133 0.01930
0.05658 -0.02581 0.06053 0.08679 0.29310 0.966 0.259 1239.163 0.01933
0.05666 -0.02584 0.06061 0.08690 0.29422 1.264 0.285 1239.193 0.01935
0.05673 -0.02588 0.06069 0.08701 0.29533 1.137 0.273 1239.223 0.01937
0.05680 -0.02591 0.06077 0.08712 0.29644 0.794 0.241 1239.253 0.01940
0.05687 -0.02594 0.06085 0.08724 0.29755 1.180 0.275 1239.283 0.01942
0.05695 -0.02598 0.06092 0.08735 0.29866 1.117 0.273 1239.313 0.01945
0.05702 -0.02601 0.06100 0.08746 0.29977 1.181 0.279 1239.342 0.01947
0.05709 -0.02604 0.06108 0.08757 0.30089 1.279 0.282 1239.372 0.01950
0.05717 -0.02608 0.06116 0.08768 0.30200 1.002 0.263 1239.402 0.01952
0.05724 -0.02611 0.06124 0.08780 0.30311 1.211 0.282 1239.432 0.01955
0.05731 -0.02614 0.06132 0.08791 0.30422 1.192 0.278 1239.462 0.01957
0.05739 -0.02618 0.06139 0.08802 0.30533 1.048 0.266 1239.492 0.01960
0.05746 -0.02621 0.06147 0.08813 0.30644 0.639 0.226 1239.522 0.01962
0.05753 -0.02624 0.06155 0.08824 0.30756 1.152 0.275 1239.552 0.01964
0.05760 -0.02628 0.06163 0.08836 0.30867 0.856 0.249 1239.581 0.01967
0.05768 -0.02631 0.06171 0.08847 0.30978 0.857 0.249 1239.611 0.01969
0.05775 -0.02634 0.06178 0.08858 0.31089 1.002 0.262 1239.641 0.01972
0.05782 -0.02638 0.06186 0.08869 0.31200 1.001 0.262 1239.671 0.01974
0.05790 -0.02641 0.06194 0.08880 0.31312 0.967 0.259 1239.701 0.01977
0.05797 -0.02644 0.06202 0.08892 0.31423 0.823 0.244 1239.731 0.01979
0.05804 -0.02648 0.06210 0.08903 0.31534 0.893 0.252 1239.761 0.01982
0.05812 -0.02651 0.06217 0.08914 0.31645 0.856 0.248 1239.791 0.01984
0.05819 -0.02654 0.06225 0.08925 0.31756 1.077 0.268 1239.820 0.01987
0.05826 -0.02658 0.06233 0.08936 0.31868 1.039 0.265 1239.850 0.01989
0.05834 -0.02661 0.06241 0.08948 0.31979 0.749 0.237 1239.880 0.01992
0.05841 -0.02664 0.06249 0.08959 0.32090 0.638 0.225 1239.910 0.01994
0.05848 -0.02668 0.06257 0.08970 0.32201 0.890 0.251 1239.940 0.01996
0.05855 -0.02671 0.06264 0.08981 0.32313 0.893 0.251 1239.970 0.01999
0.05863 -0.02674 0.06272 0.08992 0.32424 1.001 0.261 1240.000 0.02001
0.05870 -0.02678 0.06280 0.09004 0.32535 0.931 0.254 1240.030 0.02004
0.05877 -0.02681 0.06288 0.09015 0.32646 0.603 0.220 1240.059 0.02006
0.05885 -0.02684 0.06296 0.09026 0.32758 0.785 0.240 1240.089 0.02009
0.05892 -0.02688 0.06303 0.09037 0.32869 0.782 0.240 1240.119 0.02011
0.05899 -0.02691 0.06311 0.09048 0.32980 1.146 0.274 1240.149 0.02014
0.05907 -0.02694 0.06319 0.09060 0.33091 1.109 0.270 1240.179 0.02016
0.05914 -0.02698 0.06327 0.09071 0.33203 1.182 0.277 1240.209 0.02019
0.05921 -0.02701 0.06335 0.09082 0.33314 0.998 0.261 1240.239 0.02021
0.05929 -0.02704 0.06343 0.09093 0.33425 1.216 0.279 1240.269 0.02023
0.05936 -0.02708 0.06350 0.09105 0.33537 1.218 0.278 1240.299 0.02026
0.05943 -0.02711 0.06358 0.09116 0.33648 1.000 0.261 1240.328 0.02028
0.05950 -0.02714 0.06366 0.09127 0.33759 0.816 0.242 1240.358 0.02031
0.05958 -0.02718 0.06374 0.09138 0.33870 0.817 0.243 1240.388 0.02033
0.05965 -0.02721 0.06382 0.09149 0.33982 1.322 0.288 1240.418 0.02036
0.05972 -0.02724 0.06389 0.09161 0.34093 0.598 0.220 1240.448 0.02038
0.05980 -0.02728 0.06397 0.09172 0.34204 1.177 0.276 1240.478 0.02041
0.05987 -0.02731 0.06405 0.09183 0.34316 0.884 0.249 1240.508 0.02043
0.05994 -0.02734 0.06413 0.09194 0.34427 0.889 0.249 1240.538 0.02046
0.06002 -0.02738 0.06421 0.09205 0.34538 0.997 0.260 1240.567 0.02048
0.06009 -0.02741 0.06429 0.09217 0.34650 0.889 0.249 1240.597 0.02050
0.06016 -0.02744 0.06436 0.09228 0.34761 1.033 0.263 1240.627 0.02053
0.06024 -0.02748 0.06444 0.09239 0.34872 0.997 0.260 1240.657 0.02055
0.06031 -0.02751 0.06452 0.09250 0.34984 0.743 0.235 1240.687 0.02058
0.06038 -0.02754 0.06460 0.09262 0.35095 1.175 0.273 1240.717 0.02060
0.06046 -0.02758 0.06468 0.09273 0.35206 1.286 0.284 1240.747 0.02063
0.06053 -0.02761 0.06476 0.09284 0.35318 0.744 0.235 1240.777 0.02065
0.06060 -0.02764 0.06483 0.09295 0.35429 1.355 0.290 1240.806 0.02068
0.06067 -0.02768 0.06491 0.09306 0.35540 1.283 0.284 1240.836 0.02070
0.06075 -0.02771 0.06499 0.09318 0.35652 0.995 0.259 1240.866 0.02073
0.06082 -0.02774 0.06507 0.09329 0.35763 0.812 0.241 1240.896 0.02075
0.06089 -0.02778 0.06515 0.09340 0.35874 0.959 0.256 1240.926 0.02078
0.06097 -0.02781 0.06522 0.09351 0.35986 0.773 0.238 1240.956 0.02080
0.06104 -0.02784 0.06530 0.09362 0.36097 0.773 0.237 1240.986 0.02082
0.06111 -0.02788 0.06538 0.09374 0.36209 1.135 0.272 1241.016 0.02085
0.06119 -0.02791 0.06546 0.09385 0.36320 1.354 0.289 1241.045 0.02087
0.06126 -0.02794 0.06554 0.09396 0.36431 0.884 0.249 1241.075 0.02090
0.06133 -0.02798 0.06562 0.09407 0.36543 1.063 0.265 1241.105 0.02092
0.06141 -0.02801 0.06569 0.09419 0.36654 0.917 0.251 1241.135 0.02095
0.06148 -0.02804 0.06577 0.09430 0.36766 0.881 0.248 1241.165 0.02097
0.06155 -0.02808 0.06585 0.09441 0.36877 0.879 0.248 1241.195 0.02100
0.06163 -0.02811 0.06593 0.09452 0.36988 0.880 0.248 1241.225 0.02102
0.06170 -0.02814 0.06601 0.09463 0.37100 0.991 0.257 1241.255 0.02105
0.06177 -0.02818 0.06609 0.09475 0.37211 0.918 0.252 1241.285 0.02107
0.06185 -0.02821 0.06616 0.09486 0.37323 0.738 0.234 1241.314 0.02109
0.06192 -0.02824 0.06624 0.09497 0.37434 1.169 0.274 1241.344 0.02112
0.06199 -0.02828 0.06632 0.09508 0.37545 1.024 0.261 1241.374 0.02114
0.06206 -0.02831 0.06640 0.09520 0.37657 0.917 0.251 1241.404 0.02117
0.06214 -0.02834 0.06648 0.09531 0.37768 0.952 0.255 1241.434 0.02119
0.06221 -0.02838 0.06656 0.09542 0.37880 0.845 0.243 1241.464 0.02122
0.06228 -0.02841 0.06663 0.09553 0.37991 1.132 0.270 1241.494 0.02124
0.06236 -0.02844 0.06671 0.09565 0.38103 1.130 0.270 1241.524 0.02127
0.06243 -0.02848 0.06679 0.09576 0.38214 1.164 0.273 1241.553 0.02129
0.06250 -0.02851 0.06687 0.09587 0.38326 1.130 0.270 1241.583 0.02132
0.06258 -0.02854 0.06695 0.09598 0.38437 1.023 0.261 1241.613 0.02134
0.06265 -0.02858 0.06703 0.09609 0.38549 0.699 0.229 1241.643 0.02137
0.06272 -0.02861 0.06710 0.09621 0.38660 0.951 0.253 1241.673 0.02139
0.06280 -0.02864 0.06718 0.09632 0.38771 1.056 0.263 1241.703 0.02141
0.06287 -0.02868 0.06726 0.09643 0.38883 1.094 0.267 1241.733 0.02144
0.06294 -0.02871 0.06734 0.09654 0.38994 1.450 0.295 1241.763 0.02146
0.06302 -0.02874 0.06742 0.09666 0.39106 1.342 0.287 1241.792 0.02149
0.06309 -0.02878 0.06750 0.09677 0.39217 1.055 0.263 1241.822 0.02151
0.06316 -0.02881 0.06757 0.09688 0.39329 0.771 0.236 1241.852 0.02154
0.06324 -0.02884 0.06765 0.09699 0.39440 1.198 0.275 1241.882 0.02156
0.06331 -0.02888 0.06773 0.09711 0.39552 1.093 0.266 1241.912 0.02159
0.06338 -0.02891 0.06781 0.09722 0.39663 1.020 0.260 1241.942 0.02161
0.06346 -0.02894 0.06789 0.09733 0.39775 0.878 0.247 1241.972 0.02164
0.06353 -0.02898 0.06797 0.09744 0.39886 0.987 0.256 1242.002 0.02166
0.06360 -0.02901 0.06804 0.09755 0.39998 1.235 0.278 1242.031 0.02168
0.06368 -0.02904 0.06812 0.09767 0.40109 1.374 0.289 1242.061 0.02171
0.06375 -0.02908 0.06820 0.09778 0.40221 0.984 0.256 1242.091 0.02173
0.06382 -0.02911 0.06828 0.09789 0.40332 1.270 0.281 1242.121 0.02176
0.06390 -0.02914 0.06836 0.09800 0.40444 1.020 0.259 1242.151 0.02178
0.06397 -0.02918 0.06844 0.09812 0.40556 0.947 0.253 1242.181 0.02181
0.06404 -0.02921 0.06851 0.09823 0.40667 0.983 0.256 1242.211 0.02183
0.06412 -0.02924 0.06859 0.09834 0.40779 0.943 0.253 1242.241 0.02186
0.06419 -0.02928 0.06867 0.09845 0.40890 0.661 0.224 1242.271 0.02188
0.06426 -0.02931 0.06875 0.09857 0.41002 1.193 0.275 1242.300 0.02191
0.06434 -0.02935 0.06883 0.09868 0.41113 1.159 0.272 1242.330 0.02193
0.06441 -0.02938 0.06891 0.09879 0.41225 0.909 0.249 1242.360 0.02196
0.06448 -0.02941 0.06898 0.09890 0.41336 0.733 0.232 1242.390 0.02198
0.06455 -0.02945 0.06906 0.09902 0.41448 0.908 0.248 1242.420 0.02200
0.06463 -0.02948 0.06914 0.09913 0.41560 0.911 0.249 1242.450 0.02203
0.06470 -0.02951 0.06922 0.09924 0.41671 1.301 0.283 1242.480 0.02205
0.06477 -0.02955 0.06930 0.09935 0.41783 0.909 0.249 1242.510 0.02208
0.06485 -0.02958 0.06938 0.09947 0.41894 1.334 0.286 1242.539 0.02210
0.06492 -0.02961 0.06946 0.09958 0.42006 0.834 0.242 1242.569 0.02213
0.06499 -0.02965 0.06953 0.09969 0.42117 1.225 0.277 1242.599 0.02215
0.06507 -0.02968 0.06961 0.09980 0.42229 1.190 0.274 1242.629 0.02218
0.06514 -0.02971 0.06969 0.09992 0.42341 1.046 0.262 1242.659 0.02220
0.06521 -0.02975 0.06977 0.10003 0.42452 1.260 0.280 1242.689 0.02223
0.06529 -0.02978 0.06985 0.10014 0.42564 0.833 0.242 1242.719 0.02225
0.06536 -0.02981 0.06993 0.10025 0.42675 0.975 0.255 1242.749 0.02227
0.06543 -0.02985 0.07000 0.10036 0.42787 0.835 0.242 1242.778 0.02230
0.06551 -0.02988 0.07008 0.10048 0.42899 1.188 0.273 1242.808 0.02232
0.06558 -0.02991 0.07016 0.10059 0.43010 1.085 0.264 1242.838 0.02235
0.06565 -0.02995 0.07024 0.10070 0.43122 1.083 0.264 1242.868 0.02237
0.06573 -0.02998 0.07032 0.10081 0.43234 0.798 0.237 1242.898 0.02240
0.06580 -0.03001 0.07040 0.10093 0.43345 0.868 0.245 1242.928 0.02242
0.06587 -0.03005 0.07048 0.10104 0.43457 0.975 0.255 1242.958 0.02245
0.06595 -0.03008 0.07055 0.10115 0.43569 0.937 0.252 1242.988 0.02247
0.06602 -0.03011 0.07063 0.10126 0.43680 0.937 0.251 1243.017 0.02250
0.06609 -0.03015 0.07071 0.10138 0.43792 0.832 0.241 1243.047 0.02252
0.06617 -0.03018 0.07079 0.10149 0.43903 1.116 0.267 1243.077 0.02254
0.06624 -0.03021 0.07087 0.10160 0.44015 1.289 0.281 1243.107 0.02257
0.06631 -0.03025 0.07095 0.10171 0.44127 0.903 0.248 1243.137 0.02259
0.06639 -0.03028 0.07102 0.10183 0.44238 1.221 0.275 1243.167 0.02262
0.06646 -0.03032 0.07110 0.10194 0.44350 1.080 0.263 1243.197 0.02264
0.06653 -0.03035 0.07118 0.10205 0.44462 1.365 0.286 1243.227 0.02267
0.06661 -0.03038 0.07126 0.10216 0.44574 1.257 0.278 1243.257 0.02269
0.06668 -0.03042 0.07134 0.10228 0.44685 1.078 0.264 1243.286 0.02272
0.06675 -0.03045 0.07142 0.10239 0.44797 1.186 0.272 1243.316 0.02274
0.06683 -0.03048 0.07150 0.10250 0.44909 0.833 0.240 1243.346 0.02277
0.06690 -0.03052 0.07157 0.10261 0.45020 1.141 0.266 1243.376 0.02279
0.06697 -0.03055 0.07165 0.10273 0.45132 0.757 0.229 1243.406 0.02282
0.06705 -0.03058 0.07173 0.10284 0.45244 0.857 0.240 1243.436 0.02284
0.06712 -0.03062 0.07181 0.10295 0.45355 0.912 0.247 1243.466 0.02286
0.06719 -0.03065 0.07189 0.10307 0.45467 1.329 0.279 1243.496 0.02289
0.06727 -0.03068 0.07197 0.10318 0.45579 0.751 0.232 1243.525 0.02291
0.06734 -0.03072 0.07204 0.10329 0.45691 0.940 0.250 1243.555 0.02294
0.06742 -0.03075 0.07212 0.10340 0.45802 1.174 0.269 1243.585 0.02296
0.06749 -0.03078 0.07220 0.10352 0.45914 1.105 0.263 1243.615 0.02299
0.06756 -0.03082 0.07228 0.10363 0.46026 1.335 0.279 1243.645 0.02301
0.06764 -0.03085 0.07236 0.10374 0.46137 0.968 0.253 1243.675 0.02304
0.06771 -0.03088 0.07244 0.10385 0.46249 1.030 0.256 1243.705 0.02306
0.06778 -0.03092 0.07252 0.10397 0.46361 1.359 0.286 1243.735 0.02309
0.06786 -0.03095 0.07259 0.10408 0.46473 0.978 0.249 1243.764 0.02311
0.06793 -0.03098 0.07267 0.10419 0.46584 1.206 0.271 1243.794 0.02313
0.06800 -0.03102 0.07275 0.10430 0.46696 0.997 0.253 1243.824 0.02316
0.06808 -0.03105 0.07283 0.10442 0.46808 0.772 0.233 1243.854 0.02318
0.06815 -0.03108 0.07291 0.10453 0.46920 0.818 0.236 1243.884 0.02321
0.06822 -0.03112 0.07299 0.10464 0.47031 1.063 0.259 1243.914 0.02323
0.06830 -0.03115 0.07307 0.10475 0.47143 0.793 0.236 1243.944 0.02326
0.06837 -0.03119 0.07314 0.10487 0.47255 0.965 0.252 1243.974 0.02328
0.06844 -0.03122 0.07322 0.10498 0.47367 1.108 0.265 1244.003 0.02331
0.06852 -0.03125 0.07330 0.10509 0.47479 0.862 0.243 1244.033 0.02333
0.06859 -0.03129 0.07338 0.10520 0.47590 1.279 0.279 1244.063 0.02336
0.06866 -0.03132 0.07346 0.10532 0.47702 0.789 0.235 1244.093 0.02338
0.06874 -0.03135 0.07354 0.10543 0.47814 1.000 0.255 1244.123 0.02341
0.06881 -0.03139 0.07362 0.10554 0.47926 1.426 0.290 1244.153 0.02343
0.06888 -0.03142 0.07369 0.10565 0.48038 0.966 0.252 1244.183 0.02345
0.06896 -0.03145 0.07377 0.10577 0.48149 0.755 0.232 1244.213 0.02348
0.06903 -0.03149 0.07385 0.10588 0.48261 1.001 0.255 1244.243 0.02350
0.06910 -0.03152 0.07393 0.10599 0.48373 1.352 0.285 1244.272 0.02353
0.06918 -0.03155 0.07401 0.10611 0.48485 1.070 0.261 1244.302 0.02355
0.06925 -0.03159 0.07409 0.10622 0.48597 0.825 0.239 1244.332 0.02358
0.06932 -0.03162 0.07417 0.10633 0.48708 1.037 0.258 1244.362 0.02360
0.06940 -0.03165 0.07424 0.10644 0.48820 1.142 0.267 1244.392 0.02363
0.06947 -0.03169 0.07432 0.10656 0.48932 0.898 0.246 1244.422 0.02365
0.06954 -0.03172 0.07440 0.10667 0.49044 1.460 0.292 1244.452 0.02368
0.06962 -0.03175 0.07448 0.10678 0.49156 1.073 0.261 1244.482 0.02370
0.06969 -0.03179 0.07456 0.10689 0.49268 1.211 0.273 1244.511 0.02372
0.06976 -0.03182 0.07464 0.10701 0.49379 1.107 0.264 1244.541 0.02375
0.06984 -0.03186 0.07472 0.10712 0.49491 1.215 0.273 1244.571 0.02377
0.06991 -0.03189 0.07479 0.10723 0.49603 1.104 0.264 1244.601 0.02380
0.06999 -0.03192 0.07487 0.10734 0.49715 1.528 0.297 1244.631 0.02382
0.07006 -0.03196 0.07495 0.10746 0.49827 0.965 0.251 1244.661 0.02385
0.07013 -0.03199 0.07503 0.10757 0.49939 1.142 0.267 1244.691 0.02387
0.07021 -0.03202 0.07511 0.10768 0.50051 0.858 0.241 1244.721 0.02390
0.07028 -0.03206 0.07519 0.10780 0.50163 0.824 0.238 1244.750 0.02392
0.07035 -0.03209 0.07527 0.10791 0.50274 1.281 0.278 1244.780 0.02395
0.07043 -0.03212 0.07534 0.10802 0.50386 0.860 0.240 1244.810 0.02397
0.07050 -0.03216 0.07542 0.10813 0.50498 1.143 0.266 1244.840 0.02400
0.07057 -0.03219 0.07550 0.10825 0.50610 0.892 0.245 1244.870 0.02402
0.07065 -0.03222 0.07558 0.10836 0.50722 0.718 0.227 1244.900 0.02404
0.07072 -0.03226 0.07566 0.10847 0.50834 0.932 0.248 1244.930 0.02407
0.07079 -0.03229 0.07574 0.10858 0.50946 1.070 0.260 1244.960 0.02409
0.07087 -0.03232 0.07582 0.10870 0.51058 1.208 0.271 1244.989 0.02412
0.07094 -0.03236 0.07590 0.10881 0.51170 0.894 0.244 1245.019 0.02414
0.07101 -0.03239 0.07597 0.10892 0.51282 0.927 0.248 1245.049 0.02417
0.07109 -0.03243 0.07605 0.10904 0.51393 1.034 0.256 1245.079 0.02419
0.07116 -0.03246 0.07613 0.10915 0.51505 0.966 0.250 1245.109 0.02422
0.07123 -0.03249 0.07621 0.10926 0.51617 1.067 0.260 1245.139 0.02424
0.07131 -0.03253 0.07629 0.10937 0.51729 0.856 0.241 1245.169 0.02427
0.07138 -0.03256 0.07637 0.10949 0.51841 1.096 0.263 1245.199 0.02429
0.07146 -0.03259 0.07645 0.10960 0.51953 0.787 0.234 1245.229 0.02431
0.07153 -0.03263 0.07652 0.10971 0.52065 0.958 0.251 1245.258 0.02434
0.07160 -0.03266 0.07660 0.10983 0.52177 1.094 0.263 1245.288 0.02436
0.07168 -0.03269 0.07668 0.10994 0.52289 1.029 0.256 1245.318 0.02439
0.07175 -0.03273 0.07676 0.11005 0.52401 1.095 0.263 1245.348 0.02441
0.07182 -0.03276 0.07684 0.11016 0.52513 0.817 0.237 1245.378 0.02444
0.07190 -0.03279 0.07692 0.11028 0.52625 0.850 0.241 1245.408 0.02446
0.07197 -0.03283 0.07700 0.11039 0.52737 1.094 0.263 1245.438 0.02449
0.07204 -0.03286 0.07708 0.11050 0.52849 0.678 0.222 1245.468 0.02451
0.07212 -0.03289 0.07715 0.11061 0.52961 0.816 0.237 1245.497 0.02454
0.07219 -0.03293 0.07723 0.11073 0.53073 0.988 0.253 1245.527 0.02456
0.07226 -0.03296 0.07731 0.11084 0.53185 0.677 0.222 1245.557 0.02458
0.07234 -0.03300 0.07739 0.11095 0.53297 1.408 0.288 1245.587 0.02461
0.07241 -0.03303 0.07747 0.11107 0.53409 1.059 0.259 1245.617 0.02463
0.07248 -0.03306 0.07755 0.11118 0.53521 1.024 0.256 1245.647 0.02466
0.07256 -0.03310 0.07763 0.11129 0.53633 1.196 0.271 1245.677 0.02468
0.07263 -0.03313 0.07770 0.11140 0.53745 0.846 0.240 1245.707 0.02471
0.07271 -0.03316 0.07778 0.11152 0.53857 0.849 0.240 1245.736 0.02473
0.07278 -0.03320 0.07786 0.11163 0.53969 1.234 0.274 1245.766 0.02476
0.07285 -0.03323 0.07794 0.11174 0.54081 1.093 0.262 1245.796 0.02478
0.07293 -0.03326 0.07802 0.11186 0.54193 0.710 0.226 1245.826 0.02481
0.07300 -0.03330 0.07810 0.11197 0.54305 1.129 0.265 1245.856 0.02483
0.07307 -0.03333 0.07818 0.11208 0.54417 1.479 0.292 1245.886 0.02486
0.07315 -0.03336 0.07826 0.11219 0.54529 0.954 0.249 1245.916 0.02488
0.07322 -0.03340 0.07833 0.11231 0.54641 0.876 0.275 1245.946 0.02490
0.07329 -0.03343 0.07841 0.11242 0.54753 0.879 0.243 1245.975 0.02493
0.07337 -0.03347 0.07849 0.11253 0.54865 0.918 0.246 1246.005 0.02495
0.07344 -0.03350 0.07857 0.11265 0.54977 0.984 0.252 1246.035 0.02498
0.07352 -0.03353 0.07865 0.11276 0.55089 1.018 0.256 1246.065 0.02500
0.07359 -0.03357 0.07873 0.11287 0.55201 0.951 0.249 1246.095 0.02503
0.07366 -0.03360 0.07881 0.11299 0.55313 1.125 0.264 1246.125 0.02505
0.07374 -0.03363 0.07889 0.11310 0.55425 1.051 0.258 1246.155 0.02508
0.07381 -0.03367 0.07896 0.11321 0.55537 1.122 0.264 1246.185 0.02510
0.07388 -0.03370 0.07904 0.11332 0.55649 1.122 0.264 1246.215 0.02513
0.07396 -0.03373 0.07912 0.11344 0.55762 0.911 0.246 1246.244 0.02515
0.07403 -0.03377 0.07920 0.11355 0.55874 0.878 0.242 1246.274 0.02517
0.07410 -0.03380 0.07928 0.11366 0.55986 1.467 0.291 1246.304 0.02520
0.07418 -0.03383 0.07936 0.11378 0.56098 0.772 0.232 1246.334 0.02522
0.07425 -0.03387 0.07944 0.11389 0.56210 0.876 0.242 1246.364 0.02525
0.07432 -0.03390 0.07952 0.11400 0.56322 1.294 0.278 1246.394 0.02527
0.07440 -0.03394 0.07959 0.11411 0.56434 0.945 0.249 1246.424 0.02530
0.07447 -0.03397 0.07967 0.11423 0.56546 0.943 0.248 1246.454 0.02532
0.07455 -0.03400 0.07975 0.11434 0.56658 0.808 0.235 1246.483 0.02535
0.07462 -0.03404 0.07983 0.11445 0.56770 0.945 0.248 1246.513 0.02537
0.07469 -0.03407 0.07991 0.11457 0.56883 1.050 0.256 1246.543 0.02540
0.07477 -0.03410 0.07999 0.11468 0.56995 1.255 0.275 1246.573 0.02542
0.07484 -0.03414 0.08007 0.11479 0.57107 1.160 0.266 1246.603 0.02545
0.07491 -0.03417 0.08015 0.11490 0.57219 1.019 0.254 1246.633 0.02547
0.07499 -0.03420 0.08022 0.11502 0.57331 1.299 0.277 1246.663 0.02549
0.07506 -0.03424 0.08030 0.11513 0.57443 1.364 0.283 1246.693 0.02552
0.07514 -0.03427 0.08038 0.11524 0.57555 0.986 0.251 1246.722 0.02554
0.07521 -0.03431 0.08046 0.11536 0.57667 0.914 0.245 1246.752 0.02557
0.07528 -0.03434 0.08054 0.11547 0.57780 0.979 0.251 1246.782 0.02559
0.07536 -0.03437 0.08062 0.11558 0.57892 1.188 0.269 1246.812 0.02562
0.07543 -0.03441 0.08070 0.11570 0.58004 0.775 0.231 1246.842 0.02564
0.07550 -0.03444 0.08078 0.11581 0.58116 1.116 0.263 1246.872 0.02567
0.07558 -0.03447 0.08086 0.11592 0.58228 0.845 0.238 1246.902 0.02569
0.07565 -0.03451 0.08093 0.11603 0.58340 1.223 0.271 1246.932 0.02572
0.07572 -0.03454 0.08101 0.11615 0.58453 0.913 0.244 1246.961 0.02574
0.07580 -0.03457 0.08109 0.11626 0.58565 0.917 0.244 1246.991 0.02576
0.07587 -0.03461 0.08117 0.11637 0.58677 0.983 0.251 1247.021 0.02579
0.07595 -0.03464 0.08125 0.11649 0.58789 1.155 0.266 1247.051 0.02581
0.07602 -0.03467 0.08133 0.11660 0.58901 0.946 0.248 1247.081 0.02584
0.07609 -0.03471 0.08141 0.11671 0.59013 0.949 0.247 1247.111 0.02586
0.07617 -0.03474 0.08149 0.11683 0.59126 1.226 0.271 1247.141 0.02589
0.07624 -0.03478 0.08156 0.11694 0.59238 1.051 0.257 1247.171 0.02591
0.07631 -0.03481 0.08164 0.11705 0.59350 0.878 0.241 1247.201 0.02594
0.07639 -0.03484 0.08172 0.11717 0.59462 1.086 0.260 1247.230 0.02596
0.07646 -0.03488 0.08180 0.11728 0.59575 1.156 0.265 1247.260 0.02599
0.07654 -0.03491 0.08188 0.11739 0.59687 1.360 0.282 1247.290 0.02601
0.07661 -0.03494 0.08196 0.11750 0.59799 1.257 0.274 1247.320 0.02604
0.07668 -0.03498 0.08204 0.11762 0.59911 0.773 0.231 1247.350 0.02606
0.07676 -0.03501 0.08212 0.11773 0.60023 0.949 0.247 1247.380 0.02608
0.07683 -0.03504 0.08220 0.11784 0.60136 1.163 0.264 1247.410 0.02611
0.07690 -0.03508 0.08227 0.11796 0.60248 0.954 0.247 1247.440 0.02613
0.07698 -0.03511 0.08235 0.11807 0.60360 1.106 0.262 1247.469 0.02616
0.07705 -0.03515 0.08243 0.11818 0.60472 1.340 0.281 1247.499 0.02618
0.07712 -0.03518 0.08251 0.11830 0.60585 1.193 0.268 1247.529 0.02621
0.07720 -0.03521 0.08259 0.11841 0.60697 1.188 0.268 1247.559 0.02623
0.07727 -0.03525 0.08267 0.11852 0.60809 0.886 0.240 1247.589 0.02626
0.07735 -0.03528 0.08275 0.11864 0.60921 1.033 0.253 1247.619 0.02628
0.07742 -0.03531 0.08283 0.11875 0.61034 0.788 0.230 1247.649 0.02631
0.07749 -0.03535 0.08291 0.11886 0.61146 0.895 0.240 1247.679 0.02633
0.07757 -0.03538 0.08298 0.11897 0.61258 0.882 0.237 1247.708 0.02635
0.07764 -0.03541 0.08306 0.11909 0.61370 1.357 0.281 1247.738 0.02638
0.07771 -0.03545 0.08314 0.11920 0.61483 1.056 0.256 1247.768 0.02640
0.07779 -0.03548 0.08322 0.11931 0.61595 0.856 0.237 1247.798 0.02643
0.07786 -0.03552 0.08330 0.11943 0.61707 0.977 0.249 1247.828 0.02645
0.07794 -0.03555 0.08338 0.11954 0.61820 1.206 0.267 1247.858 0.02648
0.07801 -0.03558 0.08346 0.11965 0.61932 0.912 0.243 1247.888 0.02650
0.07808 -0.03562 0.08354 0.11977 0.62044 1.017 0.252 1247.918 0.02653
0.07816 -0.03565 0.08362 0.11988 0.62156 1.049 0.255 1247.947 0.02655
0.07823 -0.03568 0.08369 0.11999 0.62269 1.015 0.252 1247.977 0.02658
0.07830 -0.03572 0.08377 0.12011 0.62381 0.977 0.249 1248.007 0.02660
0.07838 -0.03575 0.08385 0.12022 0.62493 0.876 0.240 1248.037 0.02662
0.07845 -0.03578 0.08393 0.12033 0.62606 0.980 0.249 1248.067 0.02665
0.07853 -0.03582 0.08401 0.12045 0.62718 1.191 0.267 1248.097 0.02667
0.07860 -0.03585 0.08409 0.12056 0.62830 0.776 0.229 1248.127 0.02670
0.07867 -0.03589 0.08417 0.12067 0.62943 0.981 0.249 1248.157 0.02672
0.07875 -0.03592 0.08425 0.12078 0.63055 0.981 0.248 1248.187 0.02675
0.07882 -0.03595 0.08433 0.12090 0.63167 0.815 0.233 1248.216 0.02677
0.07890 -0.03599 0.08441 0.12101 0.63280 1.019 0.252 1248.246 0.02680
0.07897 -0.03602 0.08448 0.12112 0.63392 1.191 0.266 1248.276 0.02682
0.07904 -0.03605 0.08456 0.12124 0.63504 1.191 0.266 1248.306 0.02685
0.07912 -0.03609 0.08464 0.12135 0.63617 1.223 0.269 1248.336 0.02687
0.07919 -0.03612 0.08472 0.12146 0.63729 0.807 0.232 1248.366 0.02690
0.07926 -0.03615 0.08480 0.12158 0.63841 0.951 0.245 1248.396 0.02692
0.07934 -0.03619 0.08488 0.12169 0.63954 0.841 0.235 1248.426 0.02694
0.07941 -0.03622 0.08496 0.12180 0.64066 0.915 0.242 1248.455 0.02697
0.07949 -0.03626 0.08504 0.12192 0.64179 1.052 0.255 1248.485 0.02699
0.07956 -0.03629 0.08512 0.12203 0.64291 1.046 0.254 1248.515 0.02702
0.07963 -0.03632 0.08519 0.12214 0.64403 0.808 0.232 1248.545 0.02704
0.07971 -0.03636 0.08527 0.12226 0.64516 1.082 0.257 1248.575 0.02707
0.07978 -0.03639 0.08535 0.12237 0.64628 1.159 0.263 1248.605 0.02709
0.07985 -0.03642 0.08543 0.12248 0.64741 0.982 0.248 1248.635 0.02712
0.07993 -0.03646 0.08551 0.12260 0.64853 0.777 0.229 1248.665 0.02714
0.08000 -0.03649 0.08559 0.12271 0.64965 1.118 0.260 1248.694 0.02717
0.08008 -0.03653 0.08567 0.12282 0.65078 0.842 0.236 1248.724 0.02719
0.08015 -0.03656 0.08575 0.12294 0.65190 0.601 0.211 1248.754 0.02721
0.08022 -0.03659 0.08583 0.12305 0.65303 0.911 0.242 1248.784 0.02724
0.08030 -0.03663 0.08591 0.12316 0.65415 0.839 0.235 1248.814 0.02726
0.08037 -0.03666 0.08598 0.12328 0.65527 0.974 0.248 1248.844 0.02729
0.08045 -0.03669 0.08606 0.12339 0.65640 1.117 0.259 1248.874 0.02731
0.08052 -0.03673 0.08614 0.12350 0.65752 1.080 0.257 1248.904 0.02734
0.08059 -0.03676 0.08622 0.12362 0.65865 1.318 0.275 1248.933 0.02736
0.08067 -0.03679 0.08630 0.12373 0.65977 1.254 0.271 1248.963 0.02739
0.08074 -0.03683 0.08638 0.12384 0.66090 1.352 0.279 1248.993 0.02741
0.08081 -0.03686 0.08646 0.12396 0.66202 1.217 0.268 1249.023 0.02744
0.08089 -0.03690 0.08654 0.12407 0.66314 1.182 0.265 1249.053 0.02746
0.08096 -0.03693 0.08662 0.12418 0.66427 1.216 0.268 1249.083 0.02749
0.08104 -0.03696 0.08670 0.12430 0.66539 0.808 0.231 1249.113 0.02751
0.08111 -0.03700 0.08677 0.12441 0.66652 0.878 0.238 1249.143 0.02753
0.08118 -0.03703 0.08685 0.12452 0.66764 0.636 0.214 1249.173 0.02756
0.08126 -0.03706 0.08693 0.12464 0.66877 0.937 0.244 1249.202 0.02758
0.08133 -0.03710 0.08701 0.12475 0.66989 0.906 0.241 1249.232 0.02761
0.08141 -0.03713 0.08709 0.12486 0.67102 0.904 0.241 1249.262 0.02763
0.08148 -0.03717 0.08717 0.12498 0.67214 1.044 0.252 1249.292 0.02766
0.08155 -0.03720 0.08725 0.12509 0.67327 1.043 0.253 1249.322 0.02768
0.08163 -0.03723 0.08733 0.12520 0.67439 0.903 0.241 1249.352 0.02771
0.08170 -0.03727 0.08741 0.12532 0.67552 0.802 0.231 1249.382 0.02773
0.08178 -0.03730 0.08749 0.12543 0.67664 1.143 0.262 1249.412 0.02776
0.08185 -0.03733 0.08757 0.12554 0.67777 1.142 0.262 1249.441 0.02778
0.08192 -0.03737 0.08764 0.12566 0.67889 1.142 0.261 1249.471 0.02780
0.08200 -0.03740 0.08772 0.12577 0.68002 1.380 0.281 1249.501 0.02783
0.08207 -0.03744 0.08780 0.12588 0.68114 1.069 0.256 1249.531 0.02785
0.08214 -0.03747 0.08788 0.12600 0.68227 0.834 0.234 1249.561 0.02788
0.08222 -0.03750 0.08796 0.12611 0.68339 1.107 0.259 1249.591 0.02790
0.08229 -0.03754 0.08804 0.12622 0.68452 1.002 0.250 1249.621 0.02793
0.08237 -0.03757 0.08812 0.12634 0.68564 1.243 0.270 1249.651 0.02795
0.08244 -0.03760 0.08820 0.12645 0.68677 0.560 0.206 1249.680 0.02798
0.08251 -0.03764 0.08828 0.12656 0.68789 1.106 0.258 1249.710 0.02800
0.08259 -0.03767 0.08836 0.12668 0.68902 1.040 0.253 1249.740 0.02803
0.08266 -0.03770 0.08844 0.12679 0.69014 0.901 0.240 1249.770 0.02805
0.08274 -0.03774 0.08851 0.12690 0.69127 1.038 0.253 1249.800 0.02808
0.08281 -0.03777 0.08859 0.12702 0.69240 0.867 0.236 1249.830 0.02810
0.08288 -0.03781 0.08867 0.12713 0.69352 1.169 0.264 1249.860 0.02812
0.08296 -0.03784 0.08875 0.12724 0.69465 0.866 0.237 1249.890 0.02815
0.08303 -0.03787 0.08883 0.12736 0.69577 0.900 0.240 1249.919 0.02817
0.08311 -0.03791 0.08891 0.12747 0.69690 1.098 0.258 1249.949 0.02820
0.08318 -0.03794 0.08899 0.12758 0.69802 1.134 0.261 1249.979 0.02822
0.08325 -0.03797 0.08907 0.12770 0.69915 1.002 0.249 1250.009 0.02825
0.08333 -0.03801 0.08915 0.12781 0.70027 1.106 0.258 1250.039 0.02827
0.08340 -0.03804 0.08923 0.12792 0.70140 0.929 0.243 1250.069 0.02830
0.08348 -0.03808 0.08931 0.12804 0.70253 0.968 0.244 1250.099 0.02832
0.08355 -0.03811 0.08938 0.12815 0.70365 0.937 0.243 1250.129 0.02835
0.08362 -0.03814 0.08946 0.12826 0.70478 0.798 0.230 1250.158 0.02837
0.08370 -0.03818 0.08954 0.12838 0.70590 0.902 0.240 1250.188 0.02839
0.08377 -0.03821 0.08962 0.12849 0.70703 1.073 0.255 1250.218 0.02842
0.08385 -0.03824 0.08970 0.12860 0.70816 1.209 0.266 1250.248 0.02844
0.08392 -0.03828 0.08978 0.12872 0.70928 0.833 0.233 1250.278 0.02847
0.08399 -0.03831 0.08986 0.12883 0.71041 0.868 0.236 1250.308 0.02849
0.08407 -0.03835 0.08994 0.12894 0.71153 0.934 0.243 1250.338 0.02852
0.08414 -0.03838 0.09002 0.12906 0.71266 0.870 0.236 1250.368 0.02854
0.08422 -0.03841 0.09010 0.12917 0.71379 0.903 0.240 1250.398 0.02857
0.08429 -0.03845 0.09018 0.12928 0.71491 0.730 0.223 1250.427 0.02859
0.08436 -0.03848 0.09025 0.12940 0.71604 1.134 0.260 1250.457 0.02862
0.08444 -0.03851 0.09033 0.12951 0.71717 0.837 0.233 1250.487 0.02864
0.08451 -0.03855 0.09041 0.12962 0.71829 0.731 0.222 1250.517 0.02866
0.08458 -0.03858 0.09049 0.12974 0.71942 0.660 0.215 1250.547 0.02869
0.08466 -0.03862 0.09057 0.12985 0.72055 0.598 0.208 1250.577 0.02871
0.08473 -0.03865 0.09065 0.12997 0.72167 0.289 0.169 1250.607 0.02874
0.08481 -0.03868 0.09073 0.13008 0.72280 0.221 0.158 1250.637 0.02876
0.08488 -0.03872 0.09081 0.13019 0.72393 0.456 0.192 1250.666 0.02879
0.08496 -0.03875 0.09089 0.13031 0.72505 0.866 0.236 1250.696 0.02881
0.08503 -0.03878 0.09097 0.13042 0.72618 0.936 0.242 1250.726 0.02884
0.08510 -0.03882 0.09105 0.13053 0.72731 1.003 0.248 1250.756 0.02886
0.08518 -0.03885 0.09113 0.13065 0.72843 0.934 0.242 1250.786 0.02889
0.08525 -0.03889 0.09120 0.13076 0.72956 0.696 0.219 1250.816 0.02891
0.08533 -0.03892 0.09128 0.13087 0.73069 1.134 0.260 1250.846 0.02894
0.08540 -0.03895 0.09136 0.13099 0.73181 1.234 0.268 1250.876 0.02896
0.08547 -0.03899 0.09144 0.13110 0.73294 0.969 0.245 1250.905 0.02898
0.08555 -0.03902 0.09152 0.13121 0.73407 0.970 0.245 1250.935 0.02901
0.08562 -0.03905 0.09160 0.13133 0.73519 0.694 0.218 1250.965 0.02903
0.08570 -0.03909 0.09168 0.13144 0.73632 1.033 0.251 1250.995 0.02906
0.08577 -0.03912 0.09176 0.13155 0.73745 1.100 0.256 1251.025 0.02908
0.08584 -0.03916 0.09184 0.13167 0.73858 0.932 0.241 1251.055 0.02911
0.08592 -0.03919 0.09192 0.13178 0.73970 1.098 0.256 1251.085 0.02913
0.08599 -0.03922 0.09200 0.13190 0.74083 1.102 0.256 1251.115 0.02916
0.08607 -0.03926 0.09208 0.13201 0.74196 1.133 0.259 1251.144 0.02918
0.08614 -0.03929 0.09216 0.13212 0.74308 1.164 0.261 1251.174 0.02921
0.08621 -0.03932 0.09223 0.13224 0.74421 0.830 0.232 1251.204 0.02923
0.08629 -0.03936 0.09231 0.13235 0.74534 1.233 0.267 1251.234 0.02925
0.08636 -0.03939 0.09239 0.13246 0.74647 0.897 0.238 1251.264 0.02928
0.08644 -0.03943 0.09247 0.13258 0.74759 0.624 0.211 1251.294 0.02930
0.08651 -0.03946 0.09255 0.13269 0.74872 0.896 0.238 1251.324 0.02933
0.08658 -0.03949 0.09263 0.13280 0.74985 1.202 0.264 1251.354 0.02935
0.08666 -0.03953 0.09271 0.13292 0.75098 1.133 0.258 1251.384 0.02938
0.08673 -0.03956 0.09279 0.13303 0.75210 1.129 0.258 1251.413 0.02940
0.08681 -0.03959 0.09287 0.13315 0.75323 1.131 0.258 1251.443 0.02943
0.08688 -0.03963 0.09295 0.13326 0.75436 0.893 0.238 1251.473 0.02945
0.08695 -0.03966 0.09303 0.13337 0.75549 1.195 0.264 1251.503 0.02948
0.08703 -0.03970 0.09311 0.13349 0.75661 1.064 0.253 1251.533 0.02950
0.08710 -0.03973 0.09319 0.13360 0.75774 0.893 0.237 1251.563 0.02953
0.08718 -0.03976 0.09326 0.13371 0.75887 1.364 0.277 1251.593 0.02955
0.08725 -0.03980 0.09334 0.13383 0.76000 1.229 0.266 1251.623 0.02957
0.08732 -0.03983 0.09342 0.13394 0.76113 1.262 0.269 1251.652 0.02960
0.08740 -0.03987 0.09350 0.13405 0.76225 0.829 0.231 1251.682 0.02962
0.08747 -0.03990 0.09358 0.13417 0.76338 0.989 0.247 1251.712 0.02965
0.08755 -0.03993 0.09366 0.13428 0.76451 0.959 0.244 1251.742 0.02967
0.08762 -0.03997 0.09374 0.13439 0.76564 1.161 0.260 1251.772 0.02970
0.08770 -0.04000 0.09382 0.13451 0.76677 0.794 0.227 1251.802 0.02972
0.08777 -0.04003 0.09390 0.13462 0.76789 1.137 0.258 1251.832 0.02975
0.08784 -0.04007 0.09398 0.13474 0.76902 0.891 0.238 1251.862 0.02977
0.08792 -0.04010 0.09406 0.13485 0.77015 0.872 0.234 1251.891 0.02980
0.08799 -0.04014 0.09414 0.13496 0.77128 0.902 0.236 1251.921 0.02982
0.08807 -0.04017 0.09422 0.13508 0.77241 1.040 0.249 1251.951 0.02984
0.08814 -0.04020 0.09430 0.13519 0.77354 1.172 0.260 1251.981 0.02987
0.08821 -0.04024 0.09437 0.13530 0.77466 0.973 0.243 1252.011 0.02989
0.08829 -0.04027 0.09445 0.13542 0.77579 1.397 0.279 1252.041 0.02992
0.08836 -0.04030 0.09453 0.13553 0.77692 0.803 0.227 1252.071 0.02994
0.08844 -0.04034 0.09461 0.13565 0.77805 0.862 0.233 1252.101 0.02997
0.08851 -0.04037 0.09469 0.13576 0.77918 0.825 0.227 1252.130 0.02999
0.08858 -0.04041 0.09477 0.13587 0.78031 0.692 0.214 1252.160 0.03002
0.08866 -0.04044 0.09485 0.13599 0.78144 1.167 0.260 1252.190 0.03004
0.08873 -0.04047 0.09493 0.13610 0.78256 1.247 0.265 1252.220 0.03007
0.08881 -0.04051 0.09501 0.13621 0.78369 0.716 0.217 1252.250 0.03009
0.08888 -0.04054 0.09509 0.13633 0.78482 0.870 0.233 1252.280 0.03011
0.08896 -0.04058 0.09517 0.13644 0.78595 1.427 0.281 1252.310 0.03014
0.08903 -0.04061 0.09525 0.13656 0.78708 1.159 0.260 1252.340 0.03016
0.08910 -0.04064 0.09533 0.13667 0.78821 0.553 0.202 1252.370 0.03019
0.08918 -0.04068 0.09541 0.13678 0.78934 1.223 0.265 1252.399 0.03021
0.08925 -0.04071 0.09549 0.13690 0.79047 0.884 0.237 1252.429 0.03024
0.08933 -0.04074 0.09556 0.13701 0.79160 0.955 0.242 1252.459 0.03026
0.08940 -0.04078 0.09564 0.13712 0.79272 0.955 0.243 1252.489 0.03029
0.08947 -0.04081 0.09572 0.13724 0.79385 1.057 0.251 1252.519 0.03031
0.08955 -0.04085 0.09580 0.13735 0.79498 1.092 0.254 1252.549 0.03034
0.08962 -0.04088 0.09588 0.13747 0.79611 1.159 0.260 1252.579 0.03036
0.08970 -0.04091 0.09596 0.13758 0.79724 0.790 0.227 1252.609 0.03039
0.08977 -0.04095 0.09604 0.13769 0.79837 0.857 0.233 1252.638 0.03041
0.08985 -0.04098 0.09612 0.13781 0.79950 0.856 0.233 1252.668 0.03043
0.08992 -0.04102 0.09620 0.13792 0.80063 0.688 0.216 1252.698 0.03046
0.08999 -0.04105 0.09628 0.13803 0.80176 1.290 0.269 1252.728 0.03048
0.09007 -0.04108 0.09636 0.13815 0.80289 0.855 0.233 1252.758 0.03051
0.09014 -0.04112 0.09644 0.13826 0.80402 1.123 0.257 1252.788 0.03053
0.09022 -0.04115 0.09652 0.13838 0.80515 1.119 0.257 1252.818 0.03056
0.09029 -0.04118 0.09660 0.13849 0.80628 0.789 0.225 1252.848 0.03058
0.09036 -0.04122 0.09668 0.13860 0.80741 1.125 0.257 1252.877 0.03061
0.09044 -0.04125 0.09675 0.13872 0.80853 1.026 0.247 1252.907 0.03063
0.09051 -0.04129 0.09683 0.13883 0.80966 0.761 0.223 1252.937 0.03066
0.09059 -0.04132 0.09691 0.13894 0.81079 1.126 0.256 1252.967 0.03068
0.09066 -0.04135 0.09699 0.13906 0.81192 1.127 0.256 1252.997 0.03070
0.09074 -0.04139 0.09707 0.13917 0.81305 0.894 0.236 1253.027 0.03073
0.09081 -0.04142 0.09715 0.13929 0.81418 0.893 0.236 1253.057 0.03075
0.09088 -0.04146 0.09723 0.13940 0.81531 1.087 0.253 1253.087 0.03078
0.09096 -0.04149 0.09731 0.13951 0.81644 1.362 0.275 1253.116 0.03080
0.09103 -0.04152 0.09739 0.13963 0.81757 0.957 0.242 1253.146 0.03083
0.09111 -0.04156 0.09747 0.13974 0.81870 0.821 0.229 1253.176 0.03085
0.09118 -0.04159 0.09755 0.13986 0.81983 1.127 0.256 1253.206 0.03088
0.09125 -0.04162 0.09763 0.13997 0.82096 1.190 0.261 1253.236 0.03090
0.09133 -0.04166 0.09771 0.14008 0.82209 0.853 0.233 1253.266 0.03093
0.09140 -0.04169 0.09779 0.14020 0.82322 0.960 0.241 1253.296 0.03095
0.09148 -0.04173 0.09787 0.14031 0.82435 1.193 0.261 1253.326 0.03098
0.09155 -0.04176 0.09795 0.14042 0.82548 0.786 0.226 1253.356 0.03100
0.09163 -0.04179 0.09803 0.14054 0.82661 1.126 0.256 1253.385 0.03102
0.09170 -0.04183 0.09810 0.14065 0.82774 1.322 0.271 1253.415 0.03105
0.09177 -0.04186 0.09818 0.14077 0.82887 1.186 0.261 1253.445 0.03107
0.09185 -0.04190 0.09826 0.14088 0.83000 1.219 0.263 1253.475 0.03110
0.09192 -0.04193 0.09834 0.14099 0.83113 0.954 0.241 1253.505 0.03112
0.09200 -0.04196 0.09842 0.14111 0.83227 1.252 0.266 1253.535 0.03115
0.09207 -0.04200 0.09850 0.14122 0.83340 0.991 0.244 1253.565 0.03117
0.09215 -0.04203 0.09858 0.14134 0.83453 0.853 0.232 1253.595 0.03120
0.09222 -0.04206 0.09866 0.14145 0.83566 0.958 0.241 1253.624 0.03122
0.09229 -0.04210 0.09874 0.14156 0.83679 0.790 0.225 1253.654 0.03125
0.09237 -0.04213 0.09882 0.14168 0.83792 0.886 0.235 1253.684 0.03127
0.09244 -0.04217 0.09890 0.14179 0.83905 0.358 0.176 1253.714 0.03129
0.09252 -0.04220 0.09898 0.14190 0.84018 0.557 0.200 1253.744 0.03132
0.09259 -0.04223 0.09906 0.14202 0.84131 0.755 0.222 1253.774 0.03134
0.09267 -0.04227 0.09914 0.14213 0.84244 0.357 0.176 1253.804 0.03137
0.09274 -0.04230 0.09922 0.14225 0.84357 0.455 0.189 1253.834 0.03139
0.09281 -0.04234 0.09930 0.14236 0.84470 0.255 0.162 1253.863 0.03142
0.09289 -0.04237 0.09938 0.14247 0.84583 0.451 0.189 1253.893 0.03144
0.09296 -0.04240 0.09946 0.14259 0.84696 0.556 0.201 1253.923 0.03147
0.09304 -0.04244 0.09953 0.14270 0.84810 0.489 0.192 1253.953 0.03149
0.09311 -0.04247 0.09961 0.14282 0.84923 0.751 0.222 1253.983 0.03152
0.09319 -0.04250 0.09969 0.14293 0.85036 0.686 0.215 1254.013 0.03154
0.09326 -0.04254 0.09977 0.14304 0.85149 0.820 0.228 1254.043 0.03157
0.09333 -0.04257 0.09985 0.14316 0.85262 0.685 0.214 1254.073 0.03159
0.09341 -0.04261 0.09993 0.14327 0.85375 0.819 0.228 1254.102 0.03161
0.09348 -0.04264 0.10001 0.14339 0.85488 0.816 0.228 1254.132 0.03164
0.09356 -0.04267 0.10009 0.14350 0.85601 1.020 0.246 1254.162 0.03166
0.09363 -0.04271 0.10017 0.14361 0.85714 1.185 0.260 1254.192 0.03169
0.09371 -0.04274 0.10025 0.14373 0.85828 1.218 0.263 1254.222 0.03171
0.09378 -0.04278 0.10033 0.14384 0.85941 0.782 0.225 1254.252 0.03174
0.09385 -0.04281 0.10041 0.14396 0.86054 1.112 0.255 1254.282 0.03176
0.09393 -0.04284 0.10049 0.14407 0.86167 1.009 0.286 1254.312 0.03179
0.09400 -0.04288 0.10057 0.14418 0.86280 1.110 0.254 1254.342 0.03181
0.09408 -0.04291 0.10065 0.14430 0.86393 1.012 0.246 1254.371 0.03184
0.09415 -0.04295 0.10073 0.14441 0.86506 1.117 0.254 1254.401 0.03186
0.09423 -0.04298 0.10081 0.14453 0.86620 0.550 0.200 1254.431 0.03188
0.09430 -0.04301 0.10089 0.14464 0.86733 1.080 0.251 1254.461 0.03191
0.09437 -0.04305 0.10097 0.14475 0.86846 1.011 0.244 1254.491 0.03193
0.09445 -0.04308 0.10105 0.14487 0.86959 1.210 0.262 1254.521 0.03196
0.09452 -0.04312 0.10112 0.14498 0.87072 0.543 0.200 1254.551 0.03198
0.09460 -0.04315 0.10120 0.14510 0.87185 0.942 0.240 1254.581 0.03201
0.09467 -0.04318 0.10128 0.14521 0.87299 1.240 0.264 1254.610 0.03203
0.09475 -0.04322 0.10136 0.14532 0.87412 0.641 0.211 1254.640 0.03206
0.09482 -0.04325 0.10144 0.14544 0.87525 1.169 0.259 1254.670 0.03208
0.09490 -0.04328 0.10152 0.14555 0.87638 1.073 0.251 1254.700 0.03211
0.09497 -0.04332 0.10160 0.14567 0.87751 0.575 0.204 1254.730 0.03213
0.09504 -0.04335 0.10168 0.14578 0.87865 0.840 0.231 1254.760 0.03215
0.09512 -0.04339 0.10176 0.14589 0.87978 0.742 0.221 1254.790 0.03218
0.09519 -0.04342 0.10184 0.14601 0.88091 0.806 0.227 1254.820 0.03220
0.09527 -0.04345 0.10192 0.14612 0.88204 0.709 0.217 1254.849 0.03223
0.09534 -0.04349 0.10200 0.14624 0.88317 1.038 0.248 1254.879 0.03225
0.09542 -0.04352 0.10208 0.14635 0.88431 1.006 0.245 1254.909 0.03228
0.09549 -0.04356 0.10216 0.14646 0.88544 1.332 0.272 1254.939 0.03230
0.09556 -0.04359 0.10224 0.14658 0.88657 0.968 0.242 1254.969 0.03233
0.09564 -0.04362 0.10232 0.14669 0.88770 1.069 0.250 1254.999 0.03235
0.09571 -0.04366 0.10240 0.14681 0.88884 1.072 0.251 1255.029 0.03238
0.09579 -0.04369 0.10248 0.14692 0.88997 0.940 0.239 1255.059 0.03240
0.09586 -0.04373 0.10256 0.14704 0.89110 0.905 0.236 1255.088 0.03243
0.09594 -0.04376 0.10264 0.14715 0.89223 1.399 0.276 1255.118 0.03245
0.09601 -0.04379 0.10272 0.14726 0.89337 0.736 0.220 1255.148 0.03247
0.09609 -0.04383 0.10280 0.14738 0.89450 0.966 0.242 1255.178 0.03250
0.09616 -0.04386 0.10288 0.14749 0.89563 1.566 0.288 1255.208 0.03252
0.09623 -0.04390 0.10295 0.14761 0.89676 0.807 0.227 1255.238 0.03255
0.09631 -0.04393 0.10303 0.14772 0.89790 0.675 0.213 1255.268 0.03257
0.09638 -0.04396 0.10311 0.14783 0.89903 1.069 0.250 1255.298 0.03260
0.09646 -0.04400 0.10319 0.14795 0.90016 1.103 0.253 1255.328 0.03262
0.09653 -0.04403 0.10327 0.14806 0.90129 1.332 0.271 1255.357 0.03265
0.09661 -0.04407 0.10335 0.14818 0.90243 1.070 0.249 1255.387 0.03267
0.09668 -0.04410 0.10343 0.14829 0.90356 1.401 0.276 1255.417 0.03270
0.09675 -0.04413 0.10351 0.14840 0.90469 1.033 0.247 1255.447 0.03272
0.09683 -0.04417 0.10359 0.14852 0.90583 0.873 0.232 1255.477 0.03274
0.09690 -0.04420 0.10367 0.14863 0.90696 0.736 0.220 1255.507 0.03277
0.09698 -0.04423 0.10375 0.14875 0.90809 0.838 0.229 1255.537 0.03279
0.09705 -0.04427 0.10383 0.14886 0.90923 0.835 0.229 1255.567 0.03282
0.09713 -0.04430 0.10391 0.14898 0.91036 0.873 0.232 1255.596 0.03284
0.09720 -0.04434 0.10399 0.14909 0.91149 1.002 0.244 1255.626 0.03287
0.09728 -0.04437 0.10407 0.14920 0.91263 0.967 0.241 1255.656 0.03289
0.09735 -0.04440 0.10415 0.14932 0.91376 0.839 0.229 1255.686 0.03292
0.09742 -0.04444 0.10423 0.14943 0.91489 1.000 0.244 1255.716 0.03294
0.09750 -0.04447 0.10431 0.14955 0.91603 1.293 0.268 1255.746 0.03297
0.09757 -0.04451 0.10439 0.14966 0.91716 0.901 0.235 1255.776 0.03299
0.09765 -0.04454 0.10447 0.14977 0.91829 1.104 0.252 1255.806 0.03302
0.09772 -0.04457 0.10455 0.14989 0.91943 1.301 0.267 1255.835 0.03304
0.09780 -0.04461 0.10463 0.15000 0.92056 1.206 0.259 1255.865 0.03306
0.09787 -0.04464 0.10471 0.15012 0.92169 1.332 0.270 1255.895 0.03309
0.09795 -0.04468 0.10479 0.15023 0.92283 0.860 0.231 1255.925 0.03311
0.09802 -0.04471 0.10487 0.15035 0.92396 0.895 0.235 1255.955 0.03314
0.09809 -0.04474 0.10495 0.15046 0.92509 1.174 0.256 1255.985 0.03316
0.09817 -0.04478 0.10503 0.15057 0.92623 1.001 0.243 1256.015 0.03319
0.09824 -0.04481 0.10511 0.15069 0.92736 0.904 0.237 1256.045 0.03321
0.09832 -0.04485 0.10518 0.15080 0.92849 1.431 0.276 1256.074 0.03324
0.09839 -0.04488 0.10526 0.15092 0.92963 1.238 0.262 1256.104 0.03326
0.09847 -0.04491 0.10534 0.15103 0.93076 1.198 0.259 1256.134 0.03329
0.09854 -0.04495 0.10542 0.15115 0.93190 1.110 0.251 1256.164 0.03331
0.09862 -0.04498 0.10550 0.15126 0.93303 0.831 0.225 1256.194 0.03333
0.09869 -0.04502 0.10558 0.15137 0.93416 0.978 0.239 1256.224 0.03336
0.09877 -0.04505 0.10566 0.15149 0.93530 0.871 0.228 1256.254 0.03338
0.09884 -0.04508 0.10574 0.15160 0.93643 0.870 0.230 1256.284 0.03341
0.09891 -0.04512 0.10582 0.15172 0.93757 1.064 0.248 1256.314 0.03343
0.09899 -0.04515 0.10590 0.15183 0.93870 1.031 0.246 1256.343 0.03346
0.09906 -0.04519 0.10598 0.15195 0.93983 0.968 0.239 1256.373 0.03348
0.09914 -0.04522 0.10606 0.15206 0.94097 1.190 0.259 1256.403 0.03351
0.09921 -0.04525 0.10614 0.15217 0.94210 1.062 0.248 1256.433 0.03353
0.09929 -0.04529 0.10622 0.15229 0.94324 0.930 0.237 1256.463 0.03356
0.09936 -0.04532 0.10630 0.15240 0.94437 0.831 0.228 1256.493 0.03358
0.09944 -0.04536 0.10638 0.15252 0.94551 0.997 0.243 1256.523 0.03361
0.09951 -0.04539 0.10646 0.15263 0.94664 0.931 0.237 1256.553 0.03363
0.09958 -0.04542 0.10654 0.15275 0.94777 0.868 0.231 1256.582 0.03365
0.09966 -0.04546 0.10662 0.15286 0.94891 0.966 0.239 1256.612 0.03368
0.09973 -0.04549 0.10670 0.15297 0.95004 1.062 0.247 1256.642 0.03370
0.09981 -0.04553 0.10678 0.15309 0.95118 1.161 0.255 1256.672 0.03373
0.09988 -0.04556 0.10686 0.15320 0.95231 1.233 0.261 1256.702 0.03375
0.09996 -0.04559 0.10694 0.15332 0.95345 1.097 0.251 1256.732 0.03378
0.10003 -0.04563 0.10702 0.15343 0.95458 0.767 0.221 1256.762 0.03380
0.10011 -0.04566 0.10710 0.15355 0.95572 1.063 0.247 1256.792 0.03383
0.10018 -0.04570 0.10718 0.15366 0.95685 0.934 0.236 1256.821 0.03385
0.10026 -0.04573 0.10726 0.15377 0.95799 1.095 0.250 1256.851 0.03388
0.10033 -0.04576 0.10734 0.15389 0.95912 1.290 0.265 1256.881 0.03390
0.10040 -0.04580 0.10742 0.15400 0.96026 1.160 0.255 1256.911 0.03392
0.10048 -0.04583 0.10750 0.15412 0.96139 0.997 0.241 1256.941 0.03395
0.10055 -0.04587 0.10758 0.15423 0.96253 0.835 0.227 1256.971 0.03397
0.10063 -0.04590 0.10766 0.15435 0.96366 1.062 0.247 1257.001 0.03400
0.10070 -0.04593 0.10774 0.15446 0.96480 1.257 0.263 1257.031 0.03402
0.10078 -0.04597 0.10782 0.15457 0.96593 0.964 0.239 1257.060 0.03405
0.10085 -0.04600 0.10790 0.15469 0.96707 1.026 0.244 1257.090 0.03407
0.10093 -0.04604 0.10797 0.15480 0.96820 0.989 0.241 1257.120 0.03410
0.10100 -0.04607 0.10805 0.15492 0.96934 0.999 0.241 1257.150 0.03412
0.10108 -0.04610 0.10813 0.15503 0.97047 1.157 0.255 1257.180 0.03415
0.10115 -0.04614 0.10821 0.15515 0.97161 1.123 0.252 1257.210 0.03417
0.10122 -0.04617 0.10829 0.15526 0.97274 1.029 0.243 1257.240 0.03419
0.10130 -0.04621 0.10837 0.15537 0.97388 1.157 0.255 1257.270 0.03422
0.10137 -0.04624 0.10845 0.15549 0.97501 0.994 0.241 1257.300 0.03424
0.10145 -0.04627 0.10853 0.15560 0.97615 0.768 0.219 1257.329 0.03427
0.10152 -0.04631 0.10861 0.15572 0.97728 1.451 0.277 1257.359 0.03429
0.10160 -0.04634 0.10869 0.15583 0.97842 0.993 0.241 1257.389 0.03432
0.10167 -0.04638 0.10877 0.15595 0.97955 1.315 0.267 1257.419 0.03434
0.10175 -0.04641 0.10885 0.15606 0.98069 1.090 0.249 1257.449 0.03437
0.10182 -0.04644 0.10893 0.15618 0.98183 1.255 0.262 1257.479 0.03439
0.10190 -0.04648 0.10901 0.15629 0.98296 0.991 0.241 1257.509 0.03442
0.10197 -0.04651 0.10909 0.15640 0.98410 0.668 0.210 1257.539 0.03444
0.10205 -0.04655 0.10917 0.15652 0.98523 0.927 0.234 1257.568 0.03447
0.10212 -0.04658 0.10925 0.15663 0.98637 1.223 0.259 1257.598 0.03449
0.10219 -0.04661 0.10933 0.15675 0.98750 0.990 0.241 1257.628 0.03451
0.10227 -0.04665 0.10941 0.15686 0.98864 1.285 0.264 1257.658 0.03454
0.10234 -0.04668 0.10949 0.15698 0.98978 1.086 0.249 1257.688 0.03456
0.10242 -0.04672 0.10957 0.15709 0.99091 1.156 0.254 1257.718 0.03459
0.10249 -0.04675 0.10965 0.15721 0.99205 0.826 0.226 1257.748 0.03461
0.10257 -0.04678 0.10973 0.15732 0.99318 1.377 0.271 1257.778 0.03464
0.10264 -0.04682 0.10981 0.15743 0.99432 0.857 0.229 1257.807 0.03466
0.10272 -0.04685 0.10989 0.15755 0.99546 1.017 0.243 1257.837 0.03469
0.10279 -0.04689 0.10997 0.15766 0.99659 1.046 0.246 1257.867 0.03471
0.10287 -0.04692 0.11005 0.15778 0.99773 1.022 0.243 1257.897 0.03474
0.10294 -0.04695 0.11013 0.15789 0.99886 0.790 0.222 1257.927 0.03476
0.10302 -0.04699 0.11021 0.15801 1.00000 0.824 0.225 1257.957 0.03478
