x y z dist_scaled dist_frac flux_norm sig_norm wavelength redshift
0.01905 0.03573 0.04048 0.05726 0.00000 0.800 0.305 1231.245 0.01281
0.01909 0.03580 0.04056 0.05737 0.00110 1.004 0.331 1231.275 0.01284
0.01913 0.03587 0.04064 0.05748 0.00220 1.006 0.330 1231.305 0.01286
0.01916 0.03594 0.04072 0.05759 0.00330 1.466 0.377 1231.335 0.01289
0.01920 0.03601 0.04079 0.05770 0.00440 1.158 0.347 1231.365 0.01291
0.01924 0.03608 0.04087 0.05781 0.00550 1.057 0.336 1231.395 0.01293
0.01927 0.03615 0.04095 0.05792 0.00661 0.904 0.318 1231.425 0.01296
0.01931 0.03622 0.04103 0.05803 0.00771 1.109 0.341 1231.454 0.01298
0.01935 0.03628 0.04111 0.05814 0.00881 0.903 0.318 1231.484 0.01301
0.01939 0.03635 0.04119 0.05826 0.00991 0.802 0.306 1231.514 0.01303
0.01942 0.03642 0.04126 0.05837 0.01101 0.752 0.301 1231.544 0.01306
0.01946 0.03649 0.04134 0.05848 0.01211 0.698 0.295 1231.574 0.01308
0.01950 0.03656 0.04142 0.05859 0.01321 1.209 0.351 1231.604 0.01311
0.01953 0.03663 0.04150 0.05870 0.01431 0.697 0.295 1231.634 0.01313
0.01957 0.03670 0.04158 0.05881 0.01541 1.061 0.334 1231.664 0.01316
0.01961 0.03677 0.04166 0.05892 0.01652 1.158 0.344 1231.693 0.01318
0.01964 0.03684 0.04173 0.05903 0.01762 1.263 0.356 1231.723 0.01321
0.01968 0.03691 0.04181 0.05914 0.01872 1.058 0.334 1231.753 0.01323
0.01972 0.03698 0.04189 0.05925 0.01982 1.261 0.354 1231.783 0.01325
0.01975 0.03705 0.04197 0.05936 0.02092 1.154 0.345 1231.813 0.01328
0.01979 0.03712 0.04205 0.05948 0.02202 1.107 0.340 1231.843 0.01330
0.01983 0.03718 0.04213 0.05959 0.02312 1.108 0.338 1231.873 0.01333
0.01987 0.03725 0.04221 0.05970 0.02423 0.901 0.318 1231.903 0.01335
0.01990 0.03732 0.04228 0.05981 0.02533 0.748 0.300 1231.932 0.01338
0.01994 0.03739 0.04236 0.05992 0.02643 0.948 0.323 1231.962 0.01340
0.01998 0.03746 0.04244 0.06003 0.02753 0.748 0.299 1231.992 0.01343
0.02001 0.03753 0.04252 0.06014 0.02863 1.004 0.328 1232.022 0.01345
0.02005 0.03760 0.04260 0.06025 0.02973 0.900 0.317 1232.052 0.01348
0.02009 0.03767 0.04268 0.06036 0.03084 1.000 0.328 1232.082 0.01350
0.02012 0.03774 0.04275 0.06047 0.03194 0.900 0.317 1232.112 0.01352
0.02016 0.03781 0.04283 0.06059 0.03304 1.253 0.354 1232.142 0.01355
0.02020 0.03788 0.04291 0.06070 0.03414 0.951 0.321 1232.171 0.01357
0.02024 0.03795 0.04299 0.06081 0.03524 0.846 0.308 1232.201 0.01360
0.02027 0.03802 0.04307 0.06092 0.03635 0.795 0.304 1232.231 0.01362
0.02031 0.03809 0.04315 0.06103 0.03745 0.897 0.315 1232.261 0.01365
0.02035 0.03815 0.04323 0.06114 0.03855 1.046 0.332 1232.291 0.01367
0.02038 0.03822 0.04330 0.06125 0.03965 0.742 0.298 1232.321 0.01370
0.02042 0.03829 0.04338 0.06136 0.04075 0.945 0.321 1232.351 0.01372
0.02046 0.03836 0.04346 0.06147 0.04186 1.507 0.376 1232.381 0.01375
0.02049 0.03843 0.04354 0.06159 0.04296 0.894 0.315 1232.411 0.01377
0.02053 0.03850 0.04362 0.06170 0.04406 1.350 0.362 1232.440 0.01380
0.02057 0.03857 0.04370 0.06181 0.04516 1.400 0.367 1232.470 0.01382
0.02060 0.03864 0.04378 0.06192 0.04627 0.793 0.303 1232.500 0.01384
0.02064 0.03871 0.04385 0.06203 0.04737 1.297 0.357 1232.530 0.01387
0.02068 0.03878 0.04393 0.06214 0.04847 0.891 0.314 1232.560 0.01389
0.02072 0.03885 0.04401 0.06225 0.04957 1.399 0.365 1232.590 0.01392
0.02075 0.03892 0.04409 0.06236 0.05068 1.145 0.342 1232.620 0.01394
0.02079 0.03899 0.04417 0.06247 0.05178 1.041 0.331 1232.650 0.01397
0.02083 0.03906 0.04425 0.06258 0.05288 1.190 0.345 1232.679 0.01399
0.02086 0.03913 0.04433 0.06270 0.05398 1.295 0.356 1232.709 0.01402
0.02090 0.03919 0.04440 0.06281 0.05509 1.295 0.356 1232.739 0.01404
0.02094 0.03926 0.04448 0.06292 0.05619 1.039 0.331 1232.769 0.01407
0.02097 0.03933 0.04456 0.06303 0.05729 1.042 0.331 1232.799 0.01409
0.02101 0.03940 0.04464 0.06314 0.05840 0.887 0.314 1232.829 0.01411
0.02105 0.03947 0.04472 0.06325 0.05950 0.939 0.319 1232.859 0.01414
0.02109 0.03954 0.04480 0.06336 0.06060 0.534 0.269 1232.889 0.01416
0.02112 0.03961 0.04488 0.06347 0.06170 1.140 0.338 1232.918 0.01419
0.02116 0.03968 0.04495 0.06358 0.06281 0.737 0.293 1232.948 0.01421
0.02120 0.03975 0.04503 0.06370 0.06391 1.189 0.341 1232.978 0.01424
0.02123 0.03982 0.04511 0.06381 0.06501 0.887 0.313 1233.008 0.01426
0.02127 0.03989 0.04519 0.06392 0.06612 0.735 0.294 1233.038 0.01429
0.02131 0.03996 0.04527 0.06403 0.06722 1.041 0.329 1233.068 0.01431
0.02134 0.04003 0.04535 0.06414 0.06832 0.887 0.313 1233.098 0.01434
0.02138 0.04010 0.04543 0.06425 0.06943 1.139 0.339 1233.128 0.01436
0.02142 0.04017 0.04550 0.06436 0.07053 0.787 0.301 1233.157 0.01439
0.02146 0.04023 0.04558 0.06447 0.07163 0.886 0.313 1233.187 0.01441
0.02149 0.04030 0.04566 0.06459 0.07274 0.539 0.268 1233.217 0.01443
0.02153 0.04037 0.04574 0.06470 0.07384 0.933 0.311 1233.247 0.01446
0.02157 0.04044 0.04582 0.06481 0.07494 1.345 0.358 1233.277 0.01448
0.02160 0.04051 0.04590 0.06492 0.07605 1.283 0.348 1233.307 0.01451
0.02164 0.04058 0.04598 0.06503 0.07715 0.924 0.311 1233.337 0.01453
0.02168 0.04065 0.04605 0.06514 0.07825 1.127 0.339 1233.367 0.01456
0.02171 0.04072 0.04613 0.06525 0.07936 1.262 0.347 1233.397 0.01458
0.02175 0.04079 0.04621 0.06536 0.08046 0.831 0.299 1233.426 0.01461
0.02179 0.04086 0.04629 0.06547 0.08156 0.878 0.305 1233.456 0.01463
0.02183 0.04093 0.04637 0.06559 0.08267 1.019 0.322 1233.486 0.01466
0.02186 0.04100 0.04645 0.06570 0.08377 1.137 0.333 1233.516 0.01468
0.02190 0.04107 0.04653 0.06581 0.08488 0.918 0.309 1233.546 0.01470
0.02194 0.04114 0.04660 0.06592 0.08598 1.555 0.375 1233.576 0.01473
0.02197 0.04121 0.04668 0.06603 0.08708 1.280 0.351 1233.606 0.01475
0.02201 0.04128 0.04676 0.06614 0.08819 0.999 0.322 1233.636 0.01478
0.02205 0.04134 0.04684 0.06625 0.08929 1.304 0.352 1233.665 0.01480
0.02208 0.04141 0.04692 0.06636 0.09040 0.650 0.280 1233.695 0.01483
0.02212 0.04148 0.04700 0.06648 0.09150 1.734 0.485 1233.725 0.01485
0.02216 0.04155 0.04708 0.06659 0.09260 1.134 0.337 1233.755 0.01488
0.02220 0.04162 0.04715 0.06670 0.09371 0.887 0.310 1233.785 0.01490
0.02223 0.04169 0.04723 0.06681 0.09481 1.683 0.387 1233.815 0.01493
0.02227 0.04176 0.04731 0.06692 0.09592 0.981 0.321 1233.845 0.01495
0.02231 0.04183 0.04739 0.06703 0.09702 0.982 0.320 1233.875 0.01497
0.02234 0.04190 0.04747 0.06714 0.09813 1.182 0.341 1233.904 0.01500
0.02238 0.04197 0.04755 0.06725 0.09923 1.284 0.351 1233.934 0.01502
0.02242 0.04204 0.04763 0.06737 0.10033 1.332 0.356 1233.964 0.01505
0.02245 0.04211 0.04771 0.06748 0.10144 1.382 0.359 1233.994 0.01507
0.02249 0.04218 0.04778 0.06759 0.10254 1.231 0.345 1234.024 0.01510
0.02253 0.04225 0.04786 0.06770 0.10365 0.932 0.315 1234.054 0.01512
0.02257 0.04232 0.04794 0.06781 0.10475 0.886 0.309 1234.084 0.01515
0.02260 0.04239 0.04802 0.06792 0.10586 0.933 0.314 1234.114 0.01517
0.02264 0.04246 0.04810 0.06803 0.10696 1.180 0.340 1234.143 0.01520
0.02268 0.04253 0.04818 0.06814 0.10807 0.832 0.303 1234.173 0.01522
0.02271 0.04259 0.04826 0.06826 0.10917 0.884 0.308 1234.203 0.01525
0.02275 0.04266 0.04833 0.06837 0.11028 0.433 0.251 1234.233 0.01527
0.02279 0.04273 0.04841 0.06848 0.11138 0.730 0.291 1234.263 0.01529
0.02282 0.04280 0.04849 0.06859 0.11248 1.129 0.335 1234.293 0.01532
0.02286 0.04287 0.04857 0.06870 0.11359 1.128 0.335 1234.323 0.01534
0.02290 0.04294 0.04865 0.06881 0.11469 0.727 0.291 1234.353 0.01537
0.02294 0.04301 0.04873 0.06892 0.11580 0.875 0.308 1234.383 0.01539
0.02297 0.04308 0.04881 0.06904 0.11690 0.579 0.271 1234.412 0.01542
0.02301 0.04315 0.04889 0.06915 0.11801 1.565 0.375 1234.442 0.01544
0.02305 0.04322 0.04896 0.06926 0.11911 0.826 0.303 1234.472 0.01547
0.02308 0.04329 0.04904 0.06937 0.12022 0.971 0.319 1234.502 0.01549
0.02312 0.04336 0.04912 0.06948 0.12132 0.971 0.318 1234.532 0.01552
0.02316 0.04343 0.04920 0.06959 0.12243 0.626 0.278 1234.562 0.01554
0.02320 0.04350 0.04928 0.06970 0.12354 0.627 0.277 1234.592 0.01556
0.02323 0.04357 0.04936 0.06981 0.12464 1.219 0.342 1234.622 0.01559
0.02327 0.04364 0.04944 0.06993 0.12575 1.168 0.338 1234.651 0.01561
0.02331 0.04371 0.04952 0.07004 0.12685 1.017 0.324 1234.681 0.01564
0.02334 0.04378 0.04959 0.07015 0.12796 0.820 0.301 1234.711 0.01566
0.02338 0.04385 0.04967 0.07026 0.12906 0.918 0.312 1234.741 0.01569
0.02342 0.04391 0.04975 0.07037 0.13017 1.560 0.374 1234.771 0.01571
0.02345 0.04398 0.04983 0.07048 0.13127 0.722 0.290 1234.801 0.01574
0.02349 0.04405 0.04991 0.07059 0.13238 1.263 0.347 1234.831 0.01576
0.02353 0.04412 0.04999 0.07071 0.13348 1.117 0.332 1234.861 0.01579
0.02357 0.04419 0.05007 0.07082 0.13459 1.213 0.342 1234.890 0.01581
0.02360 0.04426 0.05015 0.07093 0.13570 0.966 0.317 1234.920 0.01584
0.02364 0.04433 0.05022 0.07104 0.13680 0.870 0.306 1234.950 0.01586
0.02368 0.04440 0.05030 0.07115 0.13791 1.461 0.364 1234.980 0.01588
0.02371 0.04447 0.05038 0.07126 0.13901 0.869 0.306 1235.010 0.01591
0.02375 0.04454 0.05046 0.07137 0.14012 1.315 0.351 1235.040 0.01593
0.02379 0.04461 0.05054 0.07149 0.14122 1.505 0.368 1235.070 0.01596
0.02383 0.04468 0.05062 0.07160 0.14233 0.766 0.295 1235.100 0.01598
0.02386 0.04475 0.05070 0.07171 0.14344 1.065 0.327 1235.129 0.01601
0.02390 0.04482 0.05078 0.07182 0.14454 1.408 0.360 1235.159 0.01603
0.02394 0.04489 0.05085 0.07193 0.14565 1.159 0.337 1235.189 0.01606
0.02397 0.04496 0.05093 0.07204 0.14675 0.668 0.281 1235.219 0.01608
0.02401 0.04503 0.05101 0.07215 0.14786 0.917 0.311 1235.249 0.01611
0.02405 0.04510 0.05109 0.07227 0.14897 1.261 0.346 1235.279 0.01613
0.02408 0.04517 0.05117 0.07238 0.15007 1.111 0.331 1235.309 0.01615
0.02412 0.04524 0.05125 0.07249 0.15118 1.256 0.345 1235.339 0.01618
0.02416 0.04531 0.05133 0.07260 0.15228 0.521 0.263 1235.369 0.01620
0.02420 0.04538 0.05141 0.07271 0.15339 1.064 0.326 1235.398 0.01623
0.02423 0.04544 0.05148 0.07282 0.15450 1.503 0.366 1235.428 0.01625
0.02427 0.04551 0.05156 0.07293 0.15560 1.113 0.330 1235.458 0.01628
0.02431 0.04558 0.05164 0.07305 0.15671 0.912 0.310 1235.488 0.01630
0.02434 0.04565 0.05172 0.07316 0.15782 1.112 0.330 1235.518 0.01633
0.02438 0.04572 0.05180 0.07327 0.15892 0.916 0.310 1235.548 0.01635
0.02442 0.04579 0.05188 0.07338 0.16003 1.254 0.345 1235.578 0.01638
0.02446 0.04586 0.05196 0.07349 0.16114 0.716 0.285 1235.608 0.01640
0.02449 0.04593 0.05204 0.07360 0.16224 0.916 0.310 1235.637 0.01643
0.02453 0.04600 0.05212 0.07371 0.16335 0.766 0.291 1235.667 0.01645
0.02457 0.04607 0.05219 0.07383 0.16446 0.965 0.314 1235.697 0.01647
0.02460 0.04614 0.05227 0.07394 0.16556 1.012 0.320 1235.727 0.01650
0.02464 0.04621 0.05235 0.07405 0.16667 1.112 0.330 1235.757 0.01652
0.02468 0.04628 0.05243 0.07416 0.16778 1.408 0.358 1235.787 0.01655
0.02472 0.04635 0.05251 0.07427 0.16888 0.914 0.309 1235.817 0.01657
0.02475 0.04642 0.05259 0.07438 0.16999 0.670 0.280 1235.847 0.01660
0.02479 0.04649 0.05267 0.07450 0.17110 1.156 0.333 1235.876 0.01662
0.02483 0.04656 0.05275 0.07461 0.17220 1.353 0.353 1235.906 0.01665
0.02486 0.04663 0.05282 0.07472 0.17331 1.303 0.349 1235.936 0.01667
0.02490 0.04670 0.05290 0.07483 0.17442 1.354 0.353 1235.966 0.01670
0.02494 0.04677 0.05298 0.07494 0.17553 0.865 0.303 1235.996 0.01672
0.02498 0.04684 0.05306 0.07505 0.17663 0.961 0.313 1236.026 0.01674
0.02501 0.04691 0.05314 0.07516 0.17774 1.155 0.332 1236.056 0.01677
0.02505 0.04698 0.05322 0.07528 0.17885 1.157 0.333 1236.086 0.01679
0.02509 0.04705 0.05330 0.07539 0.17995 0.916 0.308 1236.115 0.01682
0.02512 0.04711 0.05338 0.07550 0.18106 0.767 0.292 1236.145 0.01684
0.02516 0.04718 0.05346 0.07561 0.18217 1.308 0.348 1236.175 0.01687
0.02520 0.04725 0.05353 0.07572 0.18328 1.257 0.343 1236.205 0.01689
0.02524 0.04732 0.05361 0.07583 0.18438 0.914 0.308 1236.235 0.01692
0.02527 0.04739 0.05369 0.07595 0.18549 1.011 0.319 1236.265 0.01694
0.02531 0.04746 0.05377 0.07606 0.18660 0.671 0.279 1236.295 0.01697
0.02535 0.04753 0.05385 0.07617 0.18771 0.673 0.279 1236.325 0.01699
0.02538 0.04760 0.05393 0.07628 0.18881 0.866 0.302 1236.355 0.01701
0.02542 0.04767 0.05401 0.07639 0.18992 1.108 0.328 1236.384 0.01704
0.02546 0.04774 0.05409 0.07650 0.19103 0.723 0.285 1236.414 0.01706
0.02550 0.04781 0.05417 0.07661 0.19214 0.914 0.307 1236.444 0.01709
0.02553 0.04788 0.05424 0.07673 0.19324 0.964 0.312 1236.474 0.01711
0.02557 0.04795 0.05432 0.07684 0.19435 0.772 0.291 1236.504 0.01714
0.02561 0.04802 0.05440 0.07695 0.19546 0.915 0.307 1236.534 0.01716
0.02564 0.04809 0.05448 0.07706 0.19657 0.819 0.296 1236.564 0.01719
0.02568 0.04816 0.05456 0.07717 0.19768 1.252 0.341 1236.594 0.01721
0.02572 0.04823 0.05464 0.07728 0.19878 0.672 0.279 1236.623 0.01724
0.02576 0.04830 0.05472 0.07740 0.19989 0.911 0.307 1236.653 0.01726
0.02579 0.04837 0.05480 0.07751 0.20100 1.061 0.323 1236.683 0.01729
0.02583 0.04844 0.05488 0.07762 0.20211 1.642 0.376 1236.713 0.01731
0.02587 0.04851 0.05495 0.07773 0.20322 1.106 0.327 1236.743 0.01733
0.02590 0.04858 0.05503 0.07784 0.20432 1.251 0.341 1236.773 0.01736
0.02594 0.04865 0.05511 0.07795 0.20543 0.863 0.301 1236.803 0.01738
0.02598 0.04872 0.05519 0.07807 0.20654 0.958 0.311 1236.833 0.01741
0.02602 0.04879 0.05527 0.07818 0.20765 1.250 0.339 1236.862 0.01743
0.02605 0.04886 0.05535 0.07829 0.20876 0.956 0.312 1236.892 0.01746
0.02609 0.04893 0.05543 0.07840 0.20987 0.909 0.306 1236.922 0.01748
0.02613 0.04900 0.05551 0.07851 0.21097 0.857 0.301 1236.952 0.01751
0.02616 0.04907 0.05559 0.07862 0.21208 1.002 0.317 1236.982 0.01753
0.02620 0.04913 0.05567 0.07874 0.21319 0.907 0.306 1237.012 0.01756
0.02624 0.04920 0.05574 0.07885 0.21430 0.856 0.300 1237.042 0.01758
0.02628 0.04927 0.05582 0.07896 0.21541 1.099 0.326 1237.072 0.01760
0.02631 0.04934 0.05590 0.07907 0.21652 1.194 0.336 1237.101 0.01763
0.02635 0.04941 0.05598 0.07918 0.21762 1.096 0.324 1237.131 0.01765
0.02639 0.04948 0.05606 0.07929 0.21873 0.901 0.355 1237.161 0.01768
0.02642 0.04955 0.05614 0.07941 0.21984 0.516 0.259 1237.191 0.01770
0.02646 0.04962 0.05622 0.07952 0.22095 1.192 0.336 1237.221 0.01773
0.02650 0.04969 0.05630 0.07963 0.22206 0.850 0.300 1237.251 0.01775
0.02654 0.04976 0.05638 0.07974 0.22317 0.609 0.271 1237.281 0.01778
0.02657 0.04983 0.05645 0.07985 0.22428 1.088 0.325 1237.311 0.01780
0.02661 0.04990 0.05653 0.07996 0.22539 1.093 0.326 1237.341 0.01783
0.02665 0.04997 0.05661 0.08008 0.22650 0.849 0.297 1237.370 0.01785
0.02668 0.05004 0.05669 0.08019 0.22760 1.040 0.320 1237.400 0.01788
0.02672 0.05011 0.05677 0.08030 0.22871 1.285 0.342 1237.430 0.01790
0.02676 0.05018 0.05685 0.08041 0.22982 0.948 0.310 1237.460 0.01792
0.02680 0.05025 0.05693 0.08052 0.23093 0.946 0.309 1237.490 0.01795
0.02683 0.05032 0.05701 0.08064 0.23204 0.799 0.294 1237.520 0.01797
0.02687 0.05039 0.05709 0.08075 0.23315 0.847 0.299 1237.550 0.01800
0.02691 0.05046 0.05717 0.08086 0.23426 1.089 0.323 1237.580 0.01802
0.02694 0.05053 0.05724 0.08097 0.23537 0.657 0.276 1237.609 0.01805
0.02698 0.05060 0.05732 0.08108 0.23648 0.848 0.298 1237.639 0.01807
0.02702 0.05067 0.05740 0.08119 0.23759 0.894 0.302 1237.669 0.01810
0.02706 0.05074 0.05748 0.08131 0.23870 1.136 0.329 1237.699 0.01812
0.02709 0.05081 0.05756 0.08142 0.23981 1.038 0.318 1237.729 0.01815
0.02713 0.05088 0.05764 0.08153 0.24092 1.277 0.343 1237.759 0.01817
0.02717 0.05095 0.05772 0.08164 0.24202 1.081 0.325 1237.789 0.01819
0.02720 0.05102 0.05780 0.08175 0.24313 1.132 0.329 1237.819 0.01822
0.02724 0.05109 0.05788 0.08186 0.24424 0.749 0.287 1237.848 0.01824
0.02728 0.05116 0.05796 0.08198 0.24535 0.798 0.293 1237.878 0.01827
0.02732 0.05123 0.05804 0.08209 0.24646 0.700 0.281 1237.908 0.01829
0.02735 0.05130 0.05811 0.08220 0.24757 0.846 0.299 1237.938 0.01832
0.02739 0.05137 0.05819 0.08231 0.24868 1.082 0.323 1237.968 0.01834
0.02743 0.05144 0.05827 0.08242 0.24979 1.034 0.319 1237.998 0.01837
0.02747 0.05151 0.05835 0.08254 0.25090 0.986 0.314 1238.028 0.01839
0.02750 0.05158 0.05843 0.08265 0.25201 1.517 0.363 1238.058 0.01842
0.02754 0.05165 0.05851 0.08276 0.25312 1.331 0.346 1238.087 0.01844
0.02758 0.05172 0.05859 0.08287 0.25423 1.229 0.337 1238.117 0.01847
0.02761 0.05178 0.05867 0.08298 0.25534 0.894 0.303 1238.147 0.01849
0.02765 0.05185 0.05875 0.08309 0.25645 0.747 0.285 1238.177 0.01851
0.02769 0.05192 0.05883 0.08321 0.25756 1.083 0.322 1238.207 0.01854
0.02773 0.05199 0.05890 0.08332 0.25867 1.039 0.318 1238.237 0.01856
0.02776 0.05206 0.05898 0.08343 0.25978 0.991 0.313 1238.267 0.01859
0.02780 0.05213 0.05906 0.08354 0.26089 0.989 0.313 1238.297 0.01861
0.02784 0.05220 0.05914 0.08365 0.26200 1.038 0.318 1238.327 0.01864
0.02787 0.05227 0.05922 0.08377 0.26311 0.704 0.280 1238.356 0.01866
0.02791 0.05234 0.05930 0.08388 0.26422 0.990 0.313 1238.386 0.01869
0.02795 0.05241 0.05938 0.08399 0.26533 0.848 0.296 1238.416 0.01871
0.02799 0.05248 0.05946 0.08410 0.26644 0.752 0.286 1238.446 0.01874
0.02802 0.05255 0.05954 0.08421 0.26755 0.845 0.296 1238.476 0.01876
0.02806 0.05262 0.05962 0.08432 0.26866 1.040 0.317 1238.506 0.01878
0.02810 0.05269 0.05970 0.08444 0.26978 0.748 0.286 1238.536 0.01881
0.02814 0.05276 0.05977 0.08455 0.27089 0.936 0.306 1238.566 0.01883
0.02817 0.05283 0.05985 0.08466 0.27200 1.037 0.318 1238.595 0.01886
0.02821 0.05290 0.05993 0.08477 0.27311 0.651 0.274 1238.625 0.01888
0.02825 0.05297 0.06001 0.08488 0.27422 1.082 0.322 1238.655 0.01891
0.02828 0.05304 0.06009 0.08500 0.27533 0.698 0.279 1238.685 0.01893
0.02832 0.05311 0.06017 0.08511 0.27644 0.936 0.306 1238.715 0.01896
0.02836 0.05318 0.06025 0.08522 0.27755 0.937 0.307 1238.745 0.01898
0.02840 0.05325 0.06033 0.08533 0.27866 0.939 0.307 1238.775 0.01901
0.02843 0.05332 0.06041 0.08544 0.27977 1.704 0.377 1238.805 0.01903
0.02847 0.05339 0.06049 0.08556 0.28088 0.937 0.307 1238.834 0.01905
0.02851 0.05346 0.06057 0.08567 0.28199 0.697 0.279 1238.864 0.01908
0.02854 0.05353 0.06065 0.08578 0.28310 0.941 0.307 1238.894 0.01910
0.02858 0.05360 0.06072 0.08589 0.28422 1.224 0.335 1238.924 0.01913
0.02862 0.05367 0.06080 0.08600 0.28533 1.272 0.340 1238.954 0.01915
0.02866 0.05374 0.06088 0.08612 0.28644 1.036 0.316 1238.984 0.01918
0.02869 0.05381 0.06096 0.08623 0.28755 1.034 0.316 1239.014 0.01920
0.02873 0.05388 0.06104 0.08634 0.28866 1.179 0.330 1239.044 0.01923
0.02877 0.05395 0.06112 0.08645 0.28977 0.865 0.295 1239.073 0.01925
0.02881 0.05402 0.06120 0.08656 0.29088 0.960 0.305 1239.103 0.01928
0.02884 0.05409 0.06128 0.08668 0.29199 0.869 0.295 1239.133 0.01930
0.02888 0.05416 0.06136 0.08679 0.29310 0.893 0.296 1239.163 0.01933
0.02892 0.05423 0.06144 0.08690 0.29422 1.339 0.347 1239.193 0.01935
0.02895 0.05430 0.06152 0.08701 0.29533 0.812 0.285 1239.223 0.01937
0.02899 0.05437 0.06159 0.08712 0.29644 1.005 0.311 1239.253 0.01940
0.02903 0.05444 0.06167 0.08724 0.29755 0.785 0.284 1239.283 0.01942
0.02907 0.05451 0.06175 0.08735 0.29866 1.063 0.320 1239.313 0.01945
0.02910 0.05458 0.06183 0.08746 0.29977 0.898 0.300 1239.342 0.01947
0.02914 0.05465 0.06191 0.08757 0.30089 0.832 0.295 1239.372 0.01950
0.02918 0.05472 0.06199 0.08768 0.30200 0.679 0.273 1239.402 0.01952
0.02922 0.05479 0.06207 0.08780 0.30311 1.004 0.310 1239.432 0.01955
0.02925 0.05486 0.06215 0.08791 0.30422 1.134 0.325 1239.462 0.01957
0.02929 0.05493 0.06223 0.08802 0.30533 1.100 0.320 1239.492 0.01960
0.02933 0.05500 0.06231 0.08813 0.30644 1.216 0.334 1239.522 0.01962
0.02936 0.05507 0.06239 0.08824 0.30756 1.080 0.320 1239.552 0.01964
0.02940 0.05514 0.06247 0.08836 0.30867 1.273 0.339 1239.581 0.01967
0.02944 0.05521 0.06255 0.08847 0.30978 1.416 0.351 1239.611 0.01969
0.02948 0.05528 0.06262 0.08858 0.31089 0.894 0.300 1239.641 0.01972
0.02951 0.05535 0.06270 0.08869 0.31200 0.842 0.295 1239.671 0.01974
0.02955 0.05542 0.06278 0.08880 0.31312 0.846 0.293 1239.701 0.01977
0.02959 0.05549 0.06286 0.08892 0.31423 0.845 0.294 1239.731 0.01979
0.02963 0.05556 0.06294 0.08903 0.31534 0.846 0.295 1239.761 0.01982
0.02966 0.05563 0.06302 0.08914 0.31645 0.797 0.289 1239.791 0.01984
0.02970 0.05570 0.06310 0.08925 0.31756 1.175 0.327 1239.820 0.01987
0.02974 0.05577 0.06318 0.08936 0.31868 0.609 0.266 1239.850 0.01989
0.02977 0.05584 0.06326 0.08948 0.31979 0.701 0.277 1239.880 0.01992
0.02981 0.05591 0.06334 0.08959 0.32090 0.605 0.265 1239.910 0.01994
0.02985 0.05598 0.06342 0.08970 0.32201 0.557 0.260 1239.940 0.01996
0.02989 0.05605 0.06350 0.08981 0.32313 0.697 0.276 1239.970 0.01999
0.02992 0.05612 0.06358 0.08992 0.32424 1.125 0.323 1240.000 0.02001
0.02996 0.05619 0.06365 0.09004 0.32535 0.788 0.289 1240.030 0.02004
0.03000 0.05626 0.06373 0.09015 0.32646 0.929 0.304 1240.059 0.02006
0.03004 0.05633 0.06381 0.09026 0.32758 0.885 0.298 1240.089 0.02009
0.03007 0.05640 0.06389 0.09037 0.32869 0.888 0.298 1240.119 0.02011
0.03011 0.05647 0.06397 0.09048 0.32980 0.787 0.288 1240.149 0.02014
0.03015 0.05654 0.06405 0.09060 0.33091 1.118 0.324 1240.179 0.02016
0.03019 0.05661 0.06413 0.09071 0.33203 0.928 0.303 1240.209 0.02019
0.03022 0.05668 0.06421 0.09082 0.33314 1.310 0.339 1240.239 0.02021
0.03026 0.05675 0.06429 0.09093 0.33425 0.929 0.304 1240.269 0.02023
0.03030 0.05682 0.06437 0.09105 0.33537 0.879 0.299 1240.299 0.02026
0.03033 0.05689 0.06445 0.09116 0.33648 1.067 0.318 1240.328 0.02028
0.03037 0.05696 0.06453 0.09127 0.33759 1.305 0.341 1240.358 0.02031
0.03041 0.05703 0.06461 0.09138 0.33870 0.737 0.282 1240.388 0.02033
0.03045 0.05710 0.06468 0.09149 0.33982 1.209 0.332 1240.418 0.02036
0.03048 0.05717 0.06476 0.09161 0.34093 0.733 0.282 1240.448 0.02038
0.03052 0.05724 0.06484 0.09172 0.34204 0.878 0.298 1240.478 0.02041
0.03056 0.05731 0.06492 0.09183 0.34316 1.112 0.323 1240.508 0.02043
0.03060 0.05738 0.06500 0.09194 0.34427 0.873 0.298 1240.538 0.02046
0.03063 0.05745 0.06508 0.09205 0.34538 0.876 0.298 1240.567 0.02048
0.03067 0.05752 0.06516 0.09217 0.34650 1.016 0.311 1240.597 0.02050
0.03071 0.05759 0.06524 0.09228 0.34761 0.877 0.297 1240.627 0.02053
0.03074 0.05766 0.06532 0.09239 0.34872 1.205 0.331 1240.657 0.02055
0.03078 0.05773 0.06540 0.09250 0.34984 1.158 0.327 1240.687 0.02058
0.03082 0.05780 0.06548 0.09262 0.35095 0.684 0.274 1240.717 0.02060
0.03086 0.05787 0.06556 0.09273 0.35206 0.732 0.281 1240.747 0.02063
0.03089 0.05794 0.06564 0.09284 0.35318 0.776 0.286 1240.777 0.02065
0.03093 0.05801 0.06572 0.09295 0.35429 0.965 0.308 1240.806 0.02068
0.03097 0.05808 0.06579 0.09306 0.35540 0.966 0.307 1240.836 0.02070
0.03101 0.05815 0.06587 0.09318 0.35652 0.967 0.308 1240.866 0.02073
0.03104 0.05822 0.06595 0.09329 0.35763 1.152 0.326 1240.896 0.02075
0.03108 0.05829 0.06603 0.09340 0.35874 0.821 0.292 1240.926 0.02078
0.03112 0.05836 0.06611 0.09351 0.35986 0.826 0.292 1240.956 0.02080
0.03116 0.05843 0.06619 0.09362 0.36097 0.782 0.287 1240.986 0.02082
0.03119 0.05850 0.06627 0.09374 0.36209 1.256 0.335 1241.016 0.02085
0.03123 0.05857 0.06635 0.09385 0.36320 0.825 0.292 1241.045 0.02087
0.03127 0.05864 0.06643 0.09396 0.36431 0.920 0.302 1241.075 0.02090
0.03130 0.05871 0.06651 0.09407 0.36543 1.111 0.322 1241.105 0.02092
0.03134 0.05878 0.06659 0.09419 0.36654 1.202 0.330 1241.135 0.02095
0.03138 0.05885 0.06667 0.09430 0.36766 0.871 0.296 1241.165 0.02097
0.03142 0.05892 0.06675 0.09441 0.36877 1.013 0.312 1241.195 0.02100
0.03145 0.05899 0.06683 0.09452 0.36988 1.303 0.338 1241.225 0.02102
0.03149 0.05906 0.06691 0.09463 0.37100 0.543 0.256 1241.255 0.02105
0.03153 0.05913 0.06699 0.09475 0.37211 1.113 0.321 1241.285 0.02107
0.03157 0.05920 0.06706 0.09486 0.37323 1.065 0.315 1241.314 0.02109
0.03160 0.05927 0.06714 0.09497 0.37434 1.060 0.316 1241.344 0.02112
0.03164 0.05934 0.06722 0.09508 0.37545 1.156 0.326 1241.374 0.02114
0.03168 0.05941 0.06730 0.09520 0.37657 0.874 0.295 1241.404 0.02117
0.03172 0.05948 0.06738 0.09531 0.37768 1.152 0.325 1241.434 0.02119
0.03175 0.05955 0.06746 0.09542 0.37880 1.059 0.317 1241.464 0.02122
0.03179 0.05962 0.06754 0.09553 0.37991 0.826 0.291 1241.494 0.02124
0.03183 0.05969 0.06762 0.09565 0.38103 0.968 0.306 1241.524 0.02127
0.03187 0.05976 0.06770 0.09576 0.38214 0.921 0.301 1241.553 0.02129
0.03190 0.05983 0.06778 0.09587 0.38326 0.966 0.306 1241.583 0.02132
0.03194 0.05990 0.06786 0.09598 0.38437 0.930 0.301 1241.613 0.02134
0.03198 0.05997 0.06794 0.09609 0.38549 1.204 0.325 1241.643 0.02137
0.03201 0.06004 0.06802 0.09621 0.38660 0.818 0.290 1241.673 0.02139
0.03205 0.06011 0.06810 0.09632 0.38771 1.587 0.363 1241.703 0.02141
0.03209 0.06018 0.06818 0.09643 0.38883 1.050 0.311 1241.733 0.02144
0.03213 0.06025 0.06826 0.09654 0.38994 1.016 0.306 1241.763 0.02146
0.03216 0.06032 0.06833 0.09666 0.39106 1.539 0.359 1241.792 0.02149
0.03220 0.06039 0.06841 0.09677 0.39217 0.802 0.279 1241.822 0.02151
0.03224 0.06046 0.06849 0.09688 0.39329 1.270 0.338 1241.852 0.02154
0.03228 0.06053 0.06857 0.09699 0.39440 1.081 0.311 1241.882 0.02156
0.03231 0.06060 0.06865 0.09711 0.39552 0.791 0.280 1241.912 0.02159
0.03235 0.06067 0.06873 0.09722 0.39663 1.191 0.324 1241.942 0.02161
0.03239 0.06074 0.06881 0.09733 0.39775 1.027 0.305 1241.972 0.02164
0.03243 0.06081 0.06889 0.09744 0.39886 0.539 0.252 1242.002 0.02166
0.03246 0.06088 0.06897 0.09755 0.39998 1.070 0.315 1242.031 0.02168
0.03250 0.06095 0.06905 0.09767 0.40109 0.759 0.279 1242.061 0.02171
0.03254 0.06102 0.06913 0.09778 0.40221 0.885 0.295 1242.091 0.02173
0.03258 0.06109 0.06921 0.09789 0.40332 0.733 0.280 1242.121 0.02176
0.03261 0.06116 0.06929 0.09800 0.40444 1.153 0.324 1242.151 0.02178
0.03265 0.06123 0.06937 0.09812 0.40556 0.913 0.300 1242.181 0.02181
0.03269 0.06130 0.06945 0.09823 0.40667 1.009 0.309 1242.211 0.02183
0.03273 0.06137 0.06953 0.09834 0.40779 1.199 0.329 1242.241 0.02186
0.03276 0.06144 0.06961 0.09845 0.40890 0.682 0.274 1242.271 0.02188
0.03280 0.06151 0.06969 0.09857 0.41002 1.335 0.341 1242.300 0.02191
0.03284 0.06158 0.06976 0.09868 0.41113 1.153 0.324 1242.330 0.02193
0.03287 0.06165 0.06984 0.09879 0.41225 1.104 0.319 1242.360 0.02196
0.03291 0.06172 0.06992 0.09890 0.41336 1.148 0.323 1242.390 0.02198
0.03295 0.06179 0.07000 0.09902 0.41448 0.963 0.305 1242.420 0.02200
0.03299 0.06186 0.07008 0.09913 0.41560 1.243 0.333 1242.450 0.02203
0.03302 0.06193 0.07016 0.09924 0.41671 0.825 0.290 1242.480 0.02205
0.03306 0.06200 0.07024 0.09935 0.41783 1.105 0.318 1242.510 0.02208
0.03310 0.06207 0.07032 0.09947 0.41894 1.341 0.341 1242.539 0.02210
0.03314 0.06214 0.07040 0.09958 0.42006 1.237 0.332 1242.569 0.02213
0.03317 0.06221 0.07048 0.09969 0.42117 1.005 0.307 1242.599 0.02215
0.03321 0.06228 0.07056 0.09980 0.42229 1.056 0.314 1242.629 0.02218
0.03325 0.06235 0.07064 0.09992 0.42341 0.773 0.284 1242.659 0.02220
0.03329 0.06242 0.07072 0.10003 0.42452 0.817 0.289 1242.689 0.02223
0.03332 0.06249 0.07080 0.10014 0.42564 0.914 0.299 1242.719 0.02225
0.03336 0.06256 0.07088 0.10025 0.42675 0.682 0.273 1242.749 0.02227
0.03340 0.06263 0.07096 0.10036 0.42787 1.009 0.309 1242.778 0.02230
0.03344 0.06270 0.07104 0.10048 0.42899 0.821 0.289 1242.808 0.02232
0.03347 0.06277 0.07112 0.10059 0.43010 1.058 0.313 1242.838 0.02235
0.03351 0.06284 0.07120 0.10070 0.43122 0.868 0.294 1242.868 0.02237
0.03355 0.06291 0.07127 0.10081 0.43234 1.336 0.340 1242.898 0.02240
0.03359 0.06298 0.07135 0.10093 0.43345 0.911 0.298 1242.928 0.02242
0.03362 0.06305 0.07143 0.10104 0.43457 0.494 0.248 1242.958 0.02245
0.03366 0.06312 0.07151 0.10115 0.43569 0.726 0.278 1242.988 0.02247
0.03370 0.06319 0.07159 0.10126 0.43680 1.058 0.314 1243.017 0.02250
0.03374 0.06326 0.07167 0.10138 0.43792 0.775 0.284 1243.047 0.02252
0.03377 0.06333 0.07175 0.10149 0.43903 0.874 0.294 1243.077 0.02254
0.03381 0.06340 0.07183 0.10160 0.44015 0.917 0.298 1243.107 0.02257
0.03385 0.06347 0.07191 0.10171 0.44127 1.106 0.317 1243.137 0.02259
0.03389 0.06354 0.07199 0.10183 0.44238 1.010 0.309 1243.167 0.02262
0.03392 0.06362 0.07207 0.10194 0.44350 1.056 0.314 1243.197 0.02264
0.03396 0.06369 0.07215 0.10205 0.44462 1.243 0.331 1243.227 0.02267
0.03400 0.06376 0.07223 0.10216 0.44574 0.872 0.294 1243.257 0.02269
0.03403 0.06383 0.07231 0.10228 0.44685 1.148 0.321 1243.286 0.02272
0.03407 0.06390 0.07239 0.10239 0.44797 0.772 0.283 1243.316 0.02274
0.03411 0.06397 0.07247 0.10250 0.44909 1.568 0.360 1243.346 0.02277
0.03415 0.06404 0.07255 0.10261 0.45020 1.102 0.318 1243.376 0.02279
0.03418 0.06411 0.07263 0.10273 0.45132 0.682 0.272 1243.406 0.02282
0.03422 0.06418 0.07271 0.10284 0.45244 0.963 0.304 1243.436 0.02284
0.03426 0.06425 0.07279 0.10295 0.45355 1.006 0.308 1243.466 0.02286
0.03430 0.06432 0.07287 0.10307 0.45467 1.194 0.327 1243.496 0.02289
0.03433 0.06439 0.07295 0.10318 0.45579 1.291 0.335 1243.525 0.02291
0.03437 0.06446 0.07302 0.10329 0.45691 0.819 0.288 1243.555 0.02294
0.03441 0.06453 0.07310 0.10340 0.45802 0.542 0.255 1243.585 0.02296
0.03445 0.06460 0.07318 0.10352 0.45914 0.682 0.272 1243.615 0.02299
0.03448 0.06467 0.07326 0.10363 0.46026 0.637 0.265 1243.645 0.02301
0.03452 0.06474 0.07334 0.10374 0.46137 0.730 0.277 1243.675 0.02304
0.03456 0.06481 0.07342 0.10385 0.46249 0.735 0.276 1243.705 0.02306
0.03460 0.06488 0.07350 0.10397 0.46361 1.378 0.342 1243.735 0.02309
0.03463 0.06495 0.07358 0.10408 0.46473 1.056 0.312 1243.764 0.02311
0.03467 0.06502 0.07366 0.10419 0.46584 1.056 0.312 1243.794 0.02313
0.03471 0.06509 0.07374 0.10430 0.46696 0.819 0.287 1243.824 0.02316
0.03475 0.06516 0.07382 0.10442 0.46808 0.727 0.277 1243.854 0.02318
0.03478 0.06523 0.07390 0.10453 0.46920 0.960 0.303 1243.884 0.02321
0.03482 0.06530 0.07398 0.10464 0.47031 1.009 0.307 1243.914 0.02323
0.03486 0.06537 0.07406 0.10475 0.47143 0.963 0.303 1243.944 0.02326
0.03490 0.06544 0.07414 0.10487 0.47255 0.819 0.287 1243.974 0.02328
0.03493 0.06551 0.07422 0.10498 0.47367 0.867 0.293 1244.003 0.02331
0.03497 0.06558 0.07430 0.10509 0.47479 1.100 0.314 1244.033 0.02333
0.03501 0.06565 0.07438 0.10520 0.47590 1.005 0.307 1244.063 0.02336
0.03505 0.06572 0.07446 0.10532 0.47702 1.052 0.312 1244.093 0.02338
0.03508 0.06579 0.07454 0.10543 0.47814 1.195 0.325 1244.123 0.02341
0.03512 0.06586 0.07462 0.10554 0.47926 1.008 0.307 1244.153 0.02343
0.03516 0.06593 0.07470 0.10565 0.48038 0.769 0.281 1244.183 0.02345
0.03520 0.06600 0.07478 0.10577 0.48149 0.817 0.287 1244.213 0.02348
0.03523 0.06607 0.07486 0.10588 0.48261 0.774 0.282 1244.243 0.02350
0.03527 0.06614 0.07494 0.10599 0.48373 0.774 0.282 1244.272 0.02353
0.03531 0.06621 0.07502 0.10611 0.48485 1.145 0.320 1244.302 0.02355
0.03535 0.06628 0.07509 0.10622 0.48597 0.635 0.263 1244.332 0.02358
0.03538 0.06636 0.07517 0.10633 0.48708 1.052 0.312 1244.362 0.02360
0.03542 0.06643 0.07525 0.10644 0.48820 1.006 0.306 1244.392 0.02363
0.03546 0.06650 0.07533 0.10656 0.48932 1.244 0.328 1244.422 0.02365
0.03550 0.06657 0.07541 0.10667 0.49044 1.378 0.342 1244.452 0.02368
0.03553 0.06664 0.07549 0.10678 0.49156 1.334 0.338 1244.482 0.02370
0.03557 0.06671 0.07557 0.10689 0.49268 0.820 0.286 1244.511 0.02372
0.03561 0.06678 0.07565 0.10701 0.49379 0.961 0.302 1244.541 0.02375
0.03565 0.06685 0.07573 0.10712 0.49491 0.913 0.297 1244.571 0.02377
0.03568 0.06692 0.07581 0.10723 0.49603 1.051 0.311 1244.601 0.02380
0.03572 0.06699 0.07589 0.10734 0.49715 1.240 0.329 1244.631 0.02382
0.03576 0.06706 0.07597 0.10746 0.49827 0.912 0.297 1244.661 0.02385
0.03580 0.06713 0.07605 0.10757 0.49939 0.912 0.297 1244.691 0.02387
0.03583 0.06720 0.07613 0.10768 0.50051 1.188 0.323 1244.721 0.02390
0.03587 0.06727 0.07621 0.10780 0.50163 1.097 0.316 1244.750 0.02392
0.03591 0.06734 0.07629 0.10791 0.50274 0.868 0.292 1244.780 0.02395
0.03595 0.06741 0.07637 0.10802 0.50386 1.143 0.319 1244.810 0.02397
0.03598 0.06748 0.07645 0.10813 0.50498 0.960 0.301 1244.840 0.02400
0.03602 0.06755 0.07653 0.10825 0.50610 1.237 0.329 1244.870 0.02402
0.03606 0.06762 0.07661 0.10836 0.50722 0.587 0.259 1244.900 0.02404
0.03610 0.06769 0.07669 0.10847 0.50834 0.962 0.302 1244.930 0.02407
0.03613 0.06776 0.07677 0.10858 0.50946 1.193 0.325 1244.960 0.02409
0.03617 0.06783 0.07685 0.10870 0.51058 0.823 0.283 1244.989 0.02412
0.03621 0.06790 0.07693 0.10881 0.51170 1.052 0.310 1245.019 0.02414
0.03625 0.06797 0.07701 0.10892 0.51282 1.053 0.311 1245.049 0.02417
0.03628 0.06804 0.07709 0.10904 0.51393 0.863 0.291 1245.079 0.02419
0.03632 0.06811 0.07717 0.10915 0.51505 1.097 0.315 1245.109 0.02422
0.03636 0.06818 0.07725 0.10926 0.51617 1.143 0.320 1245.139 0.02424
0.03640 0.06825 0.07733 0.10937 0.51729 1.145 0.319 1245.169 0.02427
0.03643 0.06832 0.07741 0.10949 0.51841 1.056 0.310 1245.199 0.02429
0.03647 0.06840 0.07749 0.10960 0.51953 1.095 0.315 1245.229 0.02431
0.03651 0.06847 0.07757 0.10971 0.52065 1.099 0.315 1245.258 0.02434
0.03655 0.06854 0.07765 0.10983 0.52177 1.285 0.332 1245.288 0.02436
0.03658 0.06861 0.07772 0.10994 0.52289 1.102 0.315 1245.318 0.02439
0.03662 0.06868 0.07780 0.11005 0.52401 0.915 0.293 1245.348 0.02441
0.03666 0.06875 0.07788 0.11016 0.52513 1.004 0.305 1245.378 0.02444
0.03670 0.06882 0.07796 0.11028 0.52625 1.234 0.327 1245.408 0.02446
0.03673 0.06889 0.07804 0.11039 0.52737 0.911 0.296 1245.438 0.02449
0.03677 0.06896 0.07812 0.11050 0.52849 0.962 0.301 1245.468 0.02451
0.03681 0.06903 0.07820 0.11061 0.52961 1.007 0.306 1245.497 0.02454
0.03685 0.06910 0.07828 0.11073 0.53073 1.145 0.320 1245.527 0.02456
0.03688 0.06917 0.07836 0.11084 0.53185 1.101 0.315 1245.557 0.02458
0.03692 0.06924 0.07844 0.11095 0.53297 1.055 0.308 1245.587 0.02461
0.03696 0.06931 0.07852 0.11107 0.53409 1.196 0.324 1245.617 0.02463
0.03700 0.06938 0.07860 0.11118 0.53521 1.051 0.310 1245.647 0.02466
0.03703 0.06945 0.07868 0.11129 0.53633 1.328 0.336 1245.677 0.02468
0.03707 0.06952 0.07876 0.11140 0.53745 1.236 0.327 1245.707 0.02471
0.03711 0.06959 0.07884 0.11152 0.53857 0.958 0.300 1245.736 0.02473
0.03715 0.06966 0.07892 0.11163 0.53969 1.187 0.324 1245.766 0.02476
0.03718 0.06973 0.07900 0.11174 0.54081 0.956 0.300 1245.796 0.02478
0.03722 0.06980 0.07908 0.11186 0.54193 1.143 0.319 1245.826 0.02481
0.03726 0.06987 0.07916 0.11197 0.54305 1.419 0.344 1245.856 0.02483
0.03730 0.06994 0.07924 0.11208 0.54417 0.769 0.280 1245.886 0.02486
0.03734 0.07001 0.07932 0.11219 0.54529 0.860 0.290 1245.916 0.02488
0.03737 0.07009 0.07940 0.11231 0.54641 1.002 0.305 1245.946 0.02490
0.03741 0.07016 0.07948 0.11242 0.54753 0.956 0.301 1245.975 0.02493
0.03745 0.07023 0.07956 0.11253 0.54865 0.998 0.305 1246.005 0.02495
0.03749 0.07030 0.07964 0.11265 0.54977 1.140 0.319 1246.035 0.02498
0.03752 0.07037 0.07972 0.11276 0.55089 1.139 0.319 1246.065 0.02500
0.03756 0.07044 0.07980 0.11287 0.55201 1.418 0.343 1246.095 0.02503
0.03760 0.07051 0.07988 0.11299 0.55313 1.325 0.335 1246.125 0.02505
0.03764 0.07058 0.07996 0.11310 0.55425 0.909 0.295 1246.155 0.02508
0.03767 0.07065 0.08004 0.11321 0.55537 1.464 0.348 1246.185 0.02510
0.03771 0.07072 0.08012 0.11332 0.55649 0.958 0.300 1246.215 0.02513
0.03775 0.07079 0.08020 0.11344 0.55762 1.001 0.304 1246.244 0.02515
0.03779 0.07086 0.08028 0.11355 0.55874 1.230 0.327 1246.274 0.02517
0.03782 0.07093 0.08036 0.11366 0.55986 1.138 0.318 1246.304 0.02520
0.03786 0.07100 0.08044 0.11378 0.56098 0.860 0.290 1246.334 0.02522
0.03790 0.07107 0.08052 0.11389 0.56210 1.041 0.309 1246.364 0.02525
0.03794 0.07114 0.08060 0.11400 0.56322 0.949 0.299 1246.394 0.02527
0.03797 0.07121 0.08068 0.11411 0.56434 0.994 0.304 1246.424 0.02530
0.03801 0.07128 0.08076 0.11423 0.56546 1.045 0.310 1246.454 0.02532
0.03805 0.07135 0.08084 0.11434 0.56658 1.094 0.314 1246.483 0.02535
0.03809 0.07142 0.08092 0.11445 0.56770 0.857 0.290 1246.513 0.02537
0.03812 0.07149 0.08100 0.11457 0.56883 0.947 0.299 1246.543 0.02540
0.03816 0.07156 0.08108 0.11468 0.56995 1.226 0.327 1246.573 0.02542
0.03820 0.07164 0.08116 0.11479 0.57107 1.128 0.318 1246.603 0.02545
0.03824 0.07171 0.08124 0.11490 0.57219 0.990 0.304 1246.633 0.02547
0.03827 0.07178 0.08132 0.11502 0.57331 1.270 0.330 1246.663 0.02549
0.03831 0.07185 0.08140 0.11513 0.57443 1.226 0.323 1246.693 0.02552
0.03835 0.07192 0.08148 0.11524 0.57555 1.042 0.309 1246.722 0.02554
0.03839 0.07199 0.08156 0.11536 0.57667 1.273 0.391 1246.752 0.02557
0.03842 0.07206 0.08164 0.11547 0.57780 1.082 0.313 1246.782 0.02559
0.03846 0.07213 0.08172 0.11558 0.57892 1.136 0.317 1246.812 0.02562
0.03850 0.07220 0.08180 0.11570 0.58004 0.858 0.290 1246.842 0.02564
0.03854 0.07227 0.08188 0.11581 0.58116 1.181 0.323 1246.872 0.02567
0.03858 0.07234 0.08196 0.11592 0.58228 1.039 0.309 1246.902 0.02569
0.03861 0.07241 0.08204 0.11603 0.58340 1.826 0.375 1246.932 0.02572
0.03865 0.07248 0.08212 0.11615 0.58453 1.043 0.309 1246.961 0.02574
0.03869 0.07255 0.08219 0.11626 0.58565 1.042 0.307 1246.991 0.02576
0.03873 0.07262 0.08227 0.11637 0.58677 1.179 0.322 1247.021 0.02579
0.03876 0.07269 0.08235 0.11649 0.58789 1.040 0.309 1247.051 0.02581
0.03880 0.07276 0.08243 0.11660 0.58901 0.671 0.268 1247.081 0.02584
0.03884 0.07283 0.08251 0.11671 0.59013 1.221 0.325 1247.111 0.02586
0.03888 0.07290 0.08259 0.11683 0.59126 1.313 0.335 1247.141 0.02589
0.03891 0.07298 0.08267 0.11694 0.59238 1.315 0.335 1247.171 0.02591
0.03895 0.07305 0.08275 0.11705 0.59350 1.180 0.322 1247.201 0.02594
0.03899 0.07312 0.08283 0.11717 0.59462 1.136 0.317 1247.230 0.02596
0.03903 0.07319 0.08291 0.11728 0.59575 0.857 0.289 1247.260 0.02599
0.03906 0.07326 0.08299 0.11739 0.59687 0.579 0.257 1247.290 0.02601
0.03910 0.07333 0.08307 0.11750 0.59799 0.855 0.289 1247.320 0.02604
0.03914 0.07340 0.08315 0.11762 0.59911 0.905 0.294 1247.350 0.02606
0.03918 0.07347 0.08323 0.11773 0.60023 0.860 0.286 1247.380 0.02608
0.03921 0.07354 0.08331 0.11784 0.60136 0.813 0.284 1247.410 0.02611
0.03925 0.07361 0.08339 0.11796 0.60248 1.529 0.349 1247.440 0.02613
0.03929 0.07368 0.08347 0.11807 0.60360 0.883 0.292 1247.469 0.02616
0.03933 0.07375 0.08355 0.11818 0.60472 1.093 0.317 1247.499 0.02618
0.03937 0.07382 0.08363 0.11830 0.60585 0.628 0.259 1247.529 0.02621
0.03940 0.07389 0.08371 0.11841 0.60697 0.737 0.274 1247.559 0.02623
0.03944 0.07396 0.08379 0.11852 0.60809 0.967 0.299 1247.589 0.02626
0.03948 0.07403 0.08387 0.11864 0.60921 1.310 0.334 1247.619 0.02628
0.03952 0.07410 0.08395 0.11875 0.61034 0.742 0.274 1247.649 0.02631
0.03955 0.07417 0.08403 0.11886 0.61146 1.305 0.330 1247.679 0.02633
0.03959 0.07425 0.08411 0.11897 0.61258 1.150 0.312 1247.708 0.02635
0.03963 0.07432 0.08419 0.11909 0.61370 0.698 0.273 1247.738 0.02638
0.03967 0.07439 0.08427 0.11920 0.61483 0.960 0.303 1247.768 0.02640
0.03970 0.07446 0.08435 0.11931 0.61595 1.010 0.304 1247.798 0.02643
0.03974 0.07453 0.08443 0.11943 0.61707 1.454 0.346 1247.828 0.02645
0.03978 0.07460 0.08451 0.11954 0.61820 1.023 0.303 1247.858 0.02648
0.03982 0.07467 0.08459 0.11965 0.61932 1.003 0.303 1247.888 0.02650
0.03985 0.07474 0.08467 0.11977 0.62044 1.184 0.321 1247.918 0.02653
0.03989 0.07481 0.08475 0.11988 0.62156 1.002 0.302 1247.947 0.02655
0.03993 0.07488 0.08483 0.11999 0.62269 1.184 0.320 1247.977 0.02658
0.03997 0.07495 0.08491 0.12011 0.62381 1.042 0.307 1248.007 0.02660
0.04001 0.07502 0.08499 0.12022 0.62493 0.956 0.298 1248.037 0.02662
0.04004 0.07509 0.08507 0.12033 0.62606 1.231 0.324 1248.067 0.02665
0.04008 0.07516 0.08515 0.12045 0.62718 1.092 0.311 1248.097 0.02667
0.04012 0.07523 0.08523 0.12056 0.62830 0.770 0.278 1248.127 0.02670
0.04016 0.07530 0.08531 0.12067 0.62943 0.586 0.256 1248.157 0.02672
0.04019 0.07538 0.08539 0.12078 0.63055 1.226 0.325 1248.187 0.02675
0.04023 0.07545 0.08547 0.12090 0.63167 0.818 0.281 1248.216 0.02677
0.04027 0.07552 0.08555 0.12101 0.63280 0.819 0.283 1248.246 0.02680
0.04031 0.07559 0.08563 0.12112 0.63392 1.189 0.321 1248.276 0.02682
0.04034 0.07566 0.08571 0.12124 0.63504 0.772 0.278 1248.306 0.02685
0.04038 0.07573 0.08579 0.12135 0.63617 1.134 0.316 1248.336 0.02687
0.04042 0.07580 0.08587 0.12146 0.63729 0.956 0.298 1248.366 0.02690
0.04046 0.07587 0.08595 0.12158 0.63841 0.403 0.230 1248.396 0.02692
0.04049 0.07594 0.08603 0.12169 0.63954 1.002 0.302 1248.426 0.02694
0.04053 0.07601 0.08611 0.12180 0.64066 0.817 0.283 1248.455 0.02697
0.04057 0.07608 0.08619 0.12192 0.64179 0.677 0.267 1248.485 0.02699
0.04061 0.07615 0.08627 0.12203 0.64291 1.043 0.307 1248.515 0.02702
0.04065 0.07622 0.08635 0.12214 0.64403 0.909 0.293 1248.545 0.02704
0.04068 0.07629 0.08643 0.12226 0.64516 0.584 0.256 1248.575 0.02707
0.04072 0.07636 0.08651 0.12237 0.64628 0.998 0.302 1248.605 0.02709
0.04076 0.07643 0.08659 0.12248 0.64741 1.547 0.353 1248.635 0.02712
0.04080 0.07651 0.08667 0.12260 0.64853 0.812 0.283 1248.665 0.02714
0.04083 0.07658 0.08675 0.12271 0.64965 0.769 0.277 1248.694 0.02717
0.04087 0.07665 0.08683 0.12282 0.65078 1.224 0.325 1248.724 0.02719
0.04091 0.07672 0.08691 0.12294 0.65190 0.766 0.278 1248.754 0.02721
0.04095 0.07679 0.08699 0.12305 0.65303 1.318 0.333 1248.784 0.02724
0.04098 0.07686 0.08707 0.12316 0.65415 1.223 0.325 1248.814 0.02726
0.04102 0.07693 0.08715 0.12328 0.65527 1.134 0.315 1248.844 0.02729
0.04106 0.07700 0.08723 0.12339 0.65640 1.043 0.307 1248.874 0.02731
0.04110 0.07707 0.08731 0.12350 0.65752 0.723 0.272 1248.904 0.02734
0.04114 0.07714 0.08739 0.12362 0.65865 0.998 0.301 1248.933 0.02736
0.04117 0.07721 0.08747 0.12373 0.65977 0.770 0.276 1248.963 0.02739
0.04121 0.07728 0.08755 0.12384 0.66090 1.275 0.329 1248.993 0.02741
0.04125 0.07735 0.08763 0.12396 0.66202 1.366 0.336 1249.023 0.02744
0.04129 0.07742 0.08771 0.12407 0.66314 1.230 0.324 1249.053 0.02746
0.04132 0.07750 0.08780 0.12418 0.66427 0.813 0.282 1249.083 0.02749
0.04136 0.07757 0.08788 0.12430 0.66539 1.413 0.340 1249.113 0.02751
0.04140 0.07764 0.08796 0.12441 0.66652 0.812 0.282 1249.143 0.02753
0.04144 0.07771 0.08804 0.12452 0.66764 0.993 0.302 1249.173 0.02756
0.04147 0.07778 0.08812 0.12464 0.66877 1.179 0.320 1249.202 0.02758
0.04151 0.07785 0.08820 0.12475 0.66989 0.901 0.292 1249.232 0.02761
0.04155 0.07792 0.08828 0.12486 0.67102 1.080 0.311 1249.262 0.02763
0.04159 0.07799 0.08836 0.12498 0.67214 1.222 0.324 1249.292 0.02766
0.04163 0.07806 0.08844 0.12509 0.67327 1.175 0.320 1249.322 0.02768
0.04166 0.07813 0.08852 0.12520 0.67439 0.763 0.278 1249.352 0.02771
0.04170 0.07820 0.08860 0.12532 0.67552 1.542 0.351 1249.382 0.02773
0.04174 0.07827 0.08868 0.12543 0.67664 1.081 0.311 1249.412 0.02776
0.04178 0.07834 0.08876 0.12554 0.67777 1.223 0.324 1249.441 0.02778
0.04181 0.07841 0.08884 0.12566 0.67889 1.402 0.339 1249.471 0.02780
0.04185 0.07849 0.08892 0.12577 0.68002 0.853 0.287 1249.501 0.02783
0.04189 0.07856 0.08900 0.12588 0.68114 0.808 0.282 1249.531 0.02785
0.04193 0.07863 0.08908 0.12600 0.68227 0.854 0.287 1249.561 0.02788
0.04197 0.07870 0.08916 0.12611 0.68339 0.992 0.299 1249.591 0.02790
0.04200 0.07877 0.08924 0.12622 0.68452 1.132 0.315 1249.621 0.02793
0.04204 0.07884 0.08932 0.12634 0.68564 1.270 0.328 1249.651 0.02795
0.04208 0.07891 0.08940 0.12645 0.68677 1.039 0.306 1249.680 0.02798
0.04212 0.07898 0.08948 0.12656 0.68789 1.036 0.306 1249.710 0.02800
0.04215 0.07905 0.08956 0.12668 0.68902 1.364 0.336 1249.740 0.02803
0.04219 0.07912 0.08964 0.12679 0.69014 0.994 0.301 1249.770 0.02805
0.04223 0.07919 0.08972 0.12690 0.69127 1.131 0.315 1249.800 0.02808
0.04227 0.07926 0.08980 0.12702 0.69240 1.449 0.343 1249.830 0.02810
0.04230 0.07933 0.08988 0.12713 0.69352 0.989 0.302 1249.860 0.02812
0.04234 0.07941 0.08996 0.12724 0.69465 0.761 0.277 1249.890 0.02815
0.04238 0.07948 0.09004 0.12736 0.69577 0.671 0.266 1249.919 0.02817
0.04242 0.07955 0.09012 0.12747 0.69690 0.942 0.297 1249.949 0.02820
0.04246 0.07962 0.09020 0.12758 0.69802 0.895 0.286 1249.979 0.02822
0.04249 0.07969 0.09028 0.12770 0.69915 1.150 0.315 1250.009 0.02825
0.04253 0.07976 0.09036 0.12781 0.70027 0.667 0.260 1250.039 0.02827
0.04257 0.07983 0.09044 0.12792 0.70140 0.698 0.266 1250.069 0.02830
0.04261 0.07990 0.09052 0.12804 0.70253 1.279 0.327 1250.099 0.02832
0.04264 0.07997 0.09060 0.12815 0.70365 1.040 0.310 1250.129 0.02835
0.04268 0.08004 0.09068 0.12826 0.70478 1.496 0.343 1250.158 0.02837
0.04272 0.08011 0.09076 0.12838 0.70590 0.989 0.296 1250.188 0.02839
0.04276 0.08018 0.09084 0.12849 0.70703 0.724 0.270 1250.218 0.02842
0.04280 0.08025 0.09092 0.12860 0.70816 1.326 0.332 1250.248 0.02844
0.04283 0.08033 0.09100 0.12872 0.70928 1.141 0.315 1250.278 0.02847
0.04287 0.08040 0.09108 0.12883 0.71041 0.894 0.291 1250.308 0.02849
0.04291 0.08047 0.09116 0.12894 0.71153 0.741 0.271 1250.338 0.02852
0.04295 0.08054 0.09124 0.12906 0.71266 0.563 0.248 1250.368 0.02854
0.04298 0.08061 0.09132 0.12917 0.71379 0.423 0.228 1250.398 0.02857
0.04302 0.08068 0.09140 0.12928 0.71491 0.374 0.222 1250.427 0.02859
0.04306 0.08075 0.09148 0.12940 0.71604 0.676 0.259 1250.457 0.02862
0.04310 0.08082 0.09156 0.12951 0.71717 0.454 0.236 1250.487 0.02864
0.04314 0.08089 0.09164 0.12962 0.71829 0.398 0.229 1250.517 0.02866
0.04317 0.08096 0.09172 0.12974 0.71942 -0.012 0.145 1250.547 0.02869
0.04321 0.08103 0.09180 0.12985 0.72055 0.123 0.180 1250.577 0.02871
0.04325 0.08110 0.09188 0.12997 0.72167 -0.015 0.145 1250.607 0.02874
0.04329 0.08118 0.09196 0.13008 0.72280 0.167 0.189 1250.637 0.02876
0.04332 0.08125 0.09204 0.13019 0.72393 -0.015 0.145 1250.666 0.02879
0.04336 0.08132 0.09212 0.13031 0.72505 0.030 0.158 1250.696 0.02881
0.04340 0.08139 0.09220 0.13042 0.72618 0.077 0.170 1250.726 0.02884
0.04344 0.08146 0.09229 0.13053 0.72731 0.167 0.188 1250.756 0.02886
0.04348 0.08153 0.09237 0.13065 0.72843 0.123 0.178 1250.786 0.02889
0.04351 0.08160 0.09245 0.13076 0.72956 0.122 0.179 1250.816 0.02891
0.04355 0.08167 0.09253 0.13087 0.73069 0.260 0.206 1250.846 0.02894
0.04359 0.08174 0.09261 0.13099 0.73181 0.353 0.222 1250.876 0.02896
0.04363 0.08181 0.09269 0.13110 0.73294 0.903 0.291 1250.905 0.02898
0.04366 0.08188 0.09277 0.13121 0.73407 0.765 0.276 1250.935 0.02901
0.04370 0.08195 0.09285 0.13133 0.73519 0.768 0.276 1250.965 0.02903
0.04374 0.08203 0.09293 0.13144 0.73632 1.273 0.324 1250.995 0.02906
0.04378 0.08210 0.09301 0.13155 0.73745 0.952 0.295 1251.025 0.02908
0.04382 0.08217 0.09309 0.13167 0.73858 1.502 0.347 1251.055 0.02911
0.04385 0.08224 0.09317 0.13178 0.73970 0.816 0.281 1251.085 0.02913
0.04389 0.08231 0.09325 0.13190 0.74083 1.178 0.319 1251.115 0.02916
0.04393 0.08238 0.09333 0.13201 0.74196 1.319 0.331 1251.144 0.02918
0.04397 0.08245 0.09341 0.13212 0.74308 1.230 0.322 1251.174 0.02921
0.04400 0.08252 0.09349 0.13224 0.74421 1.227 0.323 1251.204 0.02923
0.04404 0.08259 0.09357 0.13235 0.74534 0.950 0.296 1251.234 0.02925
0.04408 0.08266 0.09365 0.13246 0.74647 1.640 0.358 1251.264 0.02928
0.04412 0.08273 0.09373 0.13258 0.74759 1.044 0.304 1251.294 0.02930
0.04416 0.08281 0.09381 0.13269 0.74872 1.085 0.310 1251.324 0.02933
0.04419 0.08288 0.09389 0.13280 0.74985 0.678 0.264 1251.354 0.02935
0.04423 0.08295 0.09397 0.13292 0.75098 1.269 0.327 1251.384 0.02938
0.04427 0.08302 0.09405 0.13303 0.75210 1.084 0.310 1251.413 0.02940
0.04431 0.08309 0.09413 0.13315 0.75323 1.357 0.335 1251.443 0.02943
0.04434 0.08316 0.09421 0.13326 0.75436 1.221 0.323 1251.473 0.02945
0.04438 0.08323 0.09429 0.13337 0.75549 1.542 0.350 1251.503 0.02948
0.04442 0.08330 0.09437 0.13349 0.75661 1.088 0.309 1251.533 0.02950
0.04446 0.08337 0.09445 0.13360 0.75774 0.859 0.286 1251.563 0.02953
0.04450 0.08344 0.09453 0.13371 0.75887 0.901 0.290 1251.593 0.02955
0.04453 0.08351 0.09461 0.13383 0.76000 1.501 0.347 1251.623 0.02957
0.04457 0.08358 0.09469 0.13394 0.76113 1.223 0.322 1251.652 0.02960
0.04461 0.08366 0.09477 0.13405 0.76225 1.222 0.322 1251.682 0.02962
0.04465 0.08373 0.09485 0.13417 0.76338 0.993 0.300 1251.712 0.02965
0.04468 0.08380 0.09494 0.13428 0.76451 0.947 0.296 1251.742 0.02967
0.04472 0.08387 0.09502 0.13439 0.76564 1.127 0.314 1251.772 0.02970
0.04476 0.08394 0.09510 0.13451 0.76677 1.039 0.305 1251.802 0.02972
0.04480 0.08401 0.09518 0.13462 0.76789 0.856 0.286 1251.832 0.02975
0.04484 0.08408 0.09526 0.13474 0.76902 1.039 0.304 1251.862 0.02977
0.04487 0.08415 0.09534 0.13485 0.77015 1.037 0.303 1251.891 0.02980
0.04491 0.08422 0.09542 0.13496 0.77128 0.947 0.296 1251.921 0.02982
0.04495 0.08429 0.09550 0.13508 0.77241 1.453 0.343 1251.951 0.02984
0.04499 0.08437 0.09558 0.13519 0.77354 0.901 0.291 1251.981 0.02987
0.04503 0.08444 0.09566 0.13530 0.77466 1.312 0.328 1252.011 0.02989
0.04506 0.08451 0.09574 0.13542 0.77579 1.173 0.318 1252.041 0.02992
0.04510 0.08458 0.09582 0.13553 0.77692 0.624 0.259 1252.071 0.02994
0.04514 0.08465 0.09590 0.13565 0.77805 0.899 0.291 1252.101 0.02997
0.04518 0.08472 0.09598 0.13576 0.77918 1.542 0.351 1252.130 0.02999
0.04521 0.08479 0.09606 0.13587 0.78031 0.902 0.291 1252.160 0.03002
0.04525 0.08486 0.09614 0.13599 0.78144 0.993 0.301 1252.190 0.03004
0.04529 0.08493 0.09622 0.13610 0.78256 1.177 0.318 1252.220 0.03007
0.04533 0.08500 0.09630 0.13621 0.78369 0.947 0.294 1252.250 0.03009
0.04537 0.08507 0.09638 0.13633 0.78482 1.818 0.372 1252.280 0.03011
0.04540 0.08515 0.09646 0.13644 0.78595 0.853 0.286 1252.310 0.03014
0.04544 0.08522 0.09654 0.13656 0.78708 0.992 0.299 1252.340 0.03016
0.04548 0.08529 0.09662 0.13667 0.78821 1.083 0.309 1252.370 0.03019
0.04552 0.08536 0.09670 0.13678 0.78934 1.308 0.331 1252.399 0.03021
0.04556 0.08543 0.09678 0.13690 0.79047 1.084 0.308 1252.429 0.03024
0.04559 0.08550 0.09686 0.13701 0.79160 0.855 0.286 1252.459 0.03026
0.04563 0.08557 0.09694 0.13712 0.79272 0.943 0.295 1252.489 0.03029
0.04567 0.08564 0.09703 0.13724 0.79385 1.173 0.318 1252.519 0.03031
0.04571 0.08571 0.09711 0.13735 0.79498 0.854 0.285 1252.549 0.03034
0.04574 0.08578 0.09719 0.13747 0.79611 0.716 0.269 1252.579 0.03036
0.04578 0.08586 0.09727 0.13758 0.79724 0.580 0.253 1252.609 0.03039
0.04582 0.08593 0.09735 0.13769 0.79837 0.854 0.286 1252.638 0.03041
0.04586 0.08600 0.09743 0.13781 0.79950 0.674 0.265 1252.668 0.03043
0.04590 0.08607 0.09751 0.13792 0.80063 0.719 0.270 1252.698 0.03046
0.04593 0.08614 0.09759 0.13803 0.80176 0.582 0.254 1252.728 0.03048
0.04597 0.08621 0.09767 0.13815 0.80289 0.672 0.265 1252.758 0.03051
0.04601 0.08628 0.09775 0.13826 0.80402 0.674 0.265 1252.788 0.03053
0.04605 0.08635 0.09783 0.13838 0.80515 0.397 0.228 1252.818 0.03056
0.04609 0.08642 0.09791 0.13849 0.80628 0.951 0.296 1252.848 0.03058
0.04612 0.08649 0.09799 0.13860 0.80741 0.760 0.276 1252.877 0.03061
0.04616 0.08657 0.09807 0.13872 0.80853 0.625 0.259 1252.907 0.03063
0.04620 0.08664 0.09815 0.13883 0.80966 0.486 0.241 1252.937 0.03066
0.04624 0.08671 0.09823 0.13894 0.81079 0.670 0.264 1252.967 0.03068
0.04627 0.08678 0.09831 0.13906 0.81192 0.901 0.291 1252.997 0.03070
0.04631 0.08685 0.09839 0.13917 0.81305 0.716 0.269 1253.027 0.03073
0.04635 0.08692 0.09847 0.13929 0.81418 0.671 0.265 1253.057 0.03075
0.04639 0.08699 0.09855 0.13940 0.81531 0.669 0.265 1253.087 0.03078
0.04643 0.08706 0.09863 0.13951 0.81644 0.624 0.260 1253.116 0.03080
0.04646 0.08713 0.09871 0.13963 0.81757 0.578 0.253 1253.146 0.03083
0.04650 0.08720 0.09880 0.13974 0.81870 0.441 0.234 1253.176 0.03085
0.04654 0.08728 0.09888 0.13986 0.81983 0.672 0.265 1253.206 0.03088
0.04658 0.08735 0.09896 0.13997 0.82096 0.489 0.241 1253.236 0.03090
0.04662 0.08742 0.09904 0.14008 0.82209 0.582 0.254 1253.266 0.03093
0.04665 0.08749 0.09912 0.14020 0.82322 0.807 0.281 1253.296 0.03095
0.04669 0.08756 0.09920 0.14031 0.82435 0.762 0.275 1253.326 0.03098
0.04673 0.08763 0.09928 0.14042 0.82548 0.626 0.258 1253.356 0.03100
0.04677 0.08770 0.09936 0.14054 0.82661 0.396 0.227 1253.385 0.03102
0.04680 0.08777 0.09944 0.14065 0.82774 0.856 0.285 1253.415 0.03105
0.04684 0.08784 0.09952 0.14077 0.82887 0.488 0.242 1253.445 0.03107
0.04688 0.08792 0.09960 0.14088 0.83000 0.396 0.228 1253.475 0.03110
0.04692 0.08799 0.09968 0.14099 0.83113 0.260 0.204 1253.505 0.03112
0.04696 0.08806 0.09976 0.14111 0.83227 0.353 0.222 1253.535 0.03115
0.04699 0.08813 0.09984 0.14122 0.83340 0.168 0.190 1253.565 0.03117
0.04703 0.08820 0.09992 0.14134 0.83453 0.305 0.211 1253.595 0.03120
0.04707 0.08827 0.10000 0.14145 0.83566 0.443 0.235 1253.624 0.03122
0.04711 0.08834 0.10008 0.14156 0.83679 0.259 0.205 1253.654 0.03125
0.04715 0.08841 0.10016 0.14168 0.83792 0.349 0.220 1253.684 0.03127
0.04718 0.08848 0.10024 0.14179 0.83905 0.532 0.247 1253.714 0.03129
0.04722 0.08856 0.10032 0.14190 0.84018 0.259 0.205 1253.744 0.03132
0.04726 0.08863 0.10041 0.14202 0.84131 0.168 0.190 1253.774 0.03134
0.04730 0.08870 0.10049 0.14213 0.84244 0.257 0.203 1253.804 0.03137
0.04734 0.08877 0.10057 0.14225 0.84357 0.401 0.228 1253.834 0.03139
0.04737 0.08884 0.10065 0.14236 0.84470 0.585 0.252 1253.863 0.03142
0.04741 0.08891 0.10073 0.14247 0.84583 0.537 0.246 1253.893 0.03144
0.04745 0.08898 0.10081 0.14259 0.84696 0.718 0.270 1253.923 0.03147
0.04749 0.08905 0.10089 0.14270 0.84810 0.580 0.254 1253.953 0.03149
0.04753 0.08912 0.10097 0.14282 0.84923 0.582 0.252 1253.983 0.03152
0.04756 0.08920 0.10105 0.14293 0.85036 0.948 0.296 1254.013 0.03154
0.04760 0.08927 0.10113 0.14304 0.85149 0.675 0.264 1254.043 0.03157
0.04764 0.08934 0.10121 0.14316 0.85262 0.676 0.264 1254.073 0.03159
0.04768 0.08941 0.10129 0.14327 0.85375 0.676 0.264 1254.102 0.03161
0.04771 0.08948 0.10137 0.14339 0.85488 0.857 0.286 1254.132 0.03164
0.04775 0.08955 0.10145 0.14350 0.85601 0.906 0.291 1254.162 0.03166
0.04779 0.08962 0.10153 0.14361 0.85714 0.856 0.286 1254.192 0.03169
0.04783 0.08969 0.10161 0.14373 0.85828 1.044 0.304 1254.222 0.03171
0.04787 0.08976 0.10169 0.14384 0.85941 0.812 0.281 1254.252 0.03174
0.04790 0.08984 0.10178 0.14396 0.86054 0.997 0.300 1254.282 0.03176
0.04794 0.08991 0.10186 0.14407 0.86167 0.444 0.235 1254.312 0.03179
0.04798 0.08998 0.10194 0.14418 0.86280 0.537 0.248 1254.342 0.03181
0.04802 0.09005 0.10202 0.14430 0.86393 1.225 0.322 1254.371 0.03184
0.04806 0.09012 0.10210 0.14441 0.86506 0.861 0.286 1254.401 0.03186
0.04809 0.09019 0.10218 0.14453 0.86620 0.811 0.281 1254.431 0.03188
0.04813 0.09026 0.10226 0.14464 0.86733 1.043 0.304 1254.461 0.03191
0.04817 0.09033 0.10234 0.14475 0.86846 0.767 0.275 1254.491 0.03193
0.04821 0.09040 0.10242 0.14487 0.86959 0.858 0.284 1254.521 0.03196
0.04825 0.09048 0.10250 0.14498 0.87072 0.950 0.294 1254.551 0.03198
0.04828 0.09055 0.10258 0.14510 0.87185 0.723 0.268 1254.581 0.03201
0.04832 0.09062 0.10266 0.14521 0.87299 1.317 0.330 1254.610 0.03203
0.04836 0.09069 0.10274 0.14532 0.87412 1.410 0.338 1254.640 0.03206
0.04840 0.09076 0.10282 0.14544 0.87525 0.816 0.281 1254.670 0.03208
0.04844 0.09083 0.10290 0.14555 0.87638 1.181 0.317 1254.700 0.03211
0.04847 0.09090 0.10298 0.14567 0.87751 0.863 0.286 1254.730 0.03213
0.04851 0.09097 0.10306 0.14578 0.87865 1.043 0.304 1254.760 0.03215
0.04855 0.09104 0.10315 0.14589 0.87978 0.999 0.299 1254.790 0.03218
0.04859 0.09112 0.10323 0.14601 0.88091 1.685 0.359 1254.820 0.03220
0.04863 0.09119 0.10331 0.14612 0.88204 1.316 0.330 1254.849 0.03223
0.04866 0.09126 0.10339 0.14624 0.88317 0.954 0.295 1254.879 0.03225
0.04870 0.09133 0.10347 0.14635 0.88431 0.997 0.300 1254.909 0.03228
0.04874 0.09140 0.10355 0.14646 0.88544 1.274 0.326 1254.939 0.03230
0.04878 0.09147 0.10363 0.14658 0.88657 1.086 0.309 1254.969 0.03233
0.04882 0.09154 0.10371 0.14669 0.88770 0.812 0.280 1254.999 0.03235
0.04885 0.09161 0.10379 0.14681 0.88884 0.765 0.274 1255.029 0.03238
0.04889 0.09169 0.10387 0.14692 0.88997 1.455 0.342 1255.059 0.03240
0.04893 0.09176 0.10395 0.14704 0.89110 1.087 0.308 1255.088 0.03243
0.04897 0.09183 0.10403 0.14715 0.89223 0.719 0.270 1255.118 0.03245
0.04900 0.09190 0.10411 0.14726 0.89337 0.954 0.294 1255.148 0.03247
0.04904 0.09197 0.10419 0.14738 0.89450 0.993 0.300 1255.178 0.03250
0.04908 0.09204 0.10427 0.14749 0.89563 1.041 0.305 1255.208 0.03252
0.04912 0.09211 0.10436 0.14761 0.89676 1.228 0.322 1255.238 0.03255
0.04916 0.09218 0.10444 0.14772 0.89790 1.134 0.313 1255.268 0.03257
0.04919 0.09226 0.10452 0.14783 0.89903 1.090 0.309 1255.298 0.03260
0.04923 0.09233 0.10460 0.14795 0.90016 1.227 0.321 1255.328 0.03262
0.04927 0.09240 0.10468 0.14806 0.90129 1.453 0.342 1255.357 0.03265
0.04931 0.09247 0.10476 0.14818 0.90243 1.362 0.334 1255.387 0.03267
0.04935 0.09254 0.10484 0.14829 0.90356 0.951 0.295 1255.417 0.03270
0.04938 0.09261 0.10492 0.14840 0.90469 0.860 0.285 1255.447 0.03272
0.04942 0.09268 0.10500 0.14852 0.90583 1.086 0.309 1255.477 0.03274
0.04946 0.09275 0.10508 0.14863 0.90696 0.903 0.291 1255.507 0.03277
0.04950 0.09283 0.10516 0.14875 0.90809 0.997 0.299 1255.537 0.03279
0.04954 0.09290 0.10524 0.14886 0.90923 0.765 0.275 1255.567 0.03282
0.04957 0.09297 0.10532 0.14898 0.91036 0.856 0.285 1255.596 0.03284
0.04961 0.09304 0.10540 0.14909 0.91149 0.856 0.285 1255.626 0.03287
0.04965 0.09311 0.10549 0.14920 0.91263 1.086 0.307 1255.656 0.03289
0.04969 0.09318 0.10557 0.14932 0.91376 1.355 0.335 1255.686 0.03292
0.04973 0.09325 0.10565 0.14943 0.91489 0.898 0.290 1255.716 0.03294
0.04976 0.09332 0.10573 0.14955 0.91603 0.853 0.286 1255.746 0.03297
0.04980 0.09340 0.10581 0.14966 0.91716 1.036 0.305 1255.776 0.03299
0.04984 0.09347 0.10589 0.14977 0.91829 1.190 0.318 1255.806 0.03302
0.04988 0.09354 0.10597 0.14989 0.91943 1.090 0.309 1255.835 0.03304
0.04992 0.09361 0.10605 0.15000 0.92056 1.134 0.313 1255.865 0.03306
0.04995 0.09368 0.10613 0.15012 0.92169 1.633 0.361 1255.895 0.03309
0.04999 0.09375 0.10621 0.15023 0.92283 0.835 0.281 1255.925 0.03311
0.05003 0.09382 0.10629 0.15035 0.92396 1.112 0.309 1255.955 0.03314
0.05007 0.09389 0.10637 0.15046 0.92509 1.060 0.305 1255.985 0.03316
0.05011 0.09397 0.10645 0.15057 0.92623 1.349 0.334 1256.015 0.03319
0.05014 0.09404 0.10653 0.15069 0.92736 1.533 0.345 1256.045 0.03321
0.05018 0.09411 0.10662 0.15080 0.92849 1.134 0.312 1256.074 0.03324
0.05022 0.09418 0.10670 0.15092 0.92963 1.191 0.322 1256.104 0.03326
0.05026 0.09425 0.10678 0.15103 0.93076 0.954 0.295 1256.134 0.03329
0.05030 0.09432 0.10686 0.15115 0.93190 1.161 0.313 1256.164 0.03331
0.05033 0.09439 0.10694 0.15126 0.93303 1.528 0.349 1256.194 0.03333
0.05037 0.09446 0.10702 0.15137 0.93416 0.882 0.291 1256.224 0.03336
0.05041 0.09454 0.10710 0.15149 0.93530 1.493 0.346 1256.254 0.03338
0.05045 0.09461 0.10718 0.15160 0.93643 0.966 0.295 1256.284 0.03341
0.05049 0.09468 0.10726 0.15172 0.93757 1.135 0.313 1256.314 0.03343
0.05052 0.09475 0.10734 0.15183 0.93870 0.948 0.295 1256.343 0.03346
0.05056 0.09482 0.10742 0.15195 0.93983 1.272 0.325 1256.373 0.03348
0.05060 0.09489 0.10750 0.15206 0.94097 1.041 0.304 1256.403 0.03351
0.05064 0.09496 0.10758 0.15217 0.94210 1.084 0.309 1256.433 0.03353
0.05068 0.09503 0.10767 0.15229 0.94324 1.133 0.314 1256.463 0.03356
0.05071 0.09511 0.10775 0.15240 0.94437 0.856 0.286 1256.493 0.03358
0.05075 0.09518 0.10783 0.15252 0.94551 0.764 0.276 1256.523 0.03361
0.05079 0.09525 0.10791 0.15263 0.94664 1.134 0.312 1256.553 0.03363
0.05083 0.09532 0.10799 0.15275 0.94777 1.085 0.308 1256.582 0.03365
0.05087 0.09539 0.10807 0.15286 0.94891 1.088 0.309 1256.612 0.03368
0.05091 0.09546 0.10815 0.15297 0.95004 1.041 0.303 1256.642 0.03370
0.05094 0.09553 0.10823 0.15309 0.95118 1.136 0.313 1256.672 0.03373
0.05098 0.09561 0.10831 0.15320 0.95231 1.271 0.326 1256.702 0.03375
0.05102 0.09568 0.10839 0.15332 0.95345 1.455 0.342 1256.732 0.03378
0.05106 0.09575 0.10847 0.15343 0.95458 0.862 0.285 1256.762 0.03380
0.05110 0.09582 0.10855 0.15355 0.95572 1.276 0.326 1256.792 0.03383
0.05113 0.09589 0.10864 0.15366 0.95685 0.907 0.291 1256.821 0.03385
0.05117 0.09596 0.10872 0.15377 0.95799 1.317 0.329 1256.851 0.03388
0.05121 0.09603 0.10880 0.15389 0.95912 1.363 0.334 1256.881 0.03390
0.05125 0.09610 0.10888 0.15400 0.96026 1.088 0.309 1256.911 0.03392
0.05129 0.09618 0.10896 0.15412 0.96139 1.088 0.308 1256.941 0.03395
0.05132 0.09625 0.10904 0.15423 0.96253 1.087 0.307 1256.971 0.03397
0.05136 0.09632 0.10912 0.15435 0.96366 1.179 0.318 1257.001 0.03400
0.05140 0.09639 0.10920 0.15446 0.96480 0.950 0.295 1257.031 0.03402
0.05144 0.09646 0.10928 0.15457 0.96593 0.949 0.295 1257.060 0.03405
0.05148 0.09653 0.10936 0.15469 0.96707 0.992 0.300 1257.090 0.03407
0.05151 0.09660 0.10944 0.15480 0.96820 1.086 0.309 1257.120 0.03410
0.05155 0.09668 0.10952 0.15492 0.96934 0.857 0.285 1257.150 0.03412
0.05159 0.09675 0.10961 0.15503 0.97047 1.038 0.304 1257.180 0.03415
0.05163 0.09682 0.10969 0.15515 0.97161 1.087 0.309 1257.210 0.03417
0.05167 0.09689 0.10977 0.15526 0.97274 0.812 0.280 1257.240 0.03419
0.05170 0.09696 0.10985 0.15537 0.97388 0.993 0.300 1257.270 0.03422
0.05174 0.09703 0.10993 0.15549 0.97501 1.084 0.309 1257.300 0.03424
0.05178 0.09710 0.11001 0.15560 0.97615 0.949 0.294 1257.329 0.03427
0.05182 0.09718 0.11009 0.15572 0.97728 0.678 0.265 1257.359 0.03429
0.05186 0.09725 0.11017 0.15583 0.97842 1.042 0.305 1257.389 0.03432
0.05189 0.09732 0.11025 0.15595 0.97955 0.859 0.286 1257.419 0.03434
0.05193 0.09739 0.11033 0.15606 0.98069 1.132 0.314 1257.449 0.03437
0.05197 0.09746 0.11041 0.15618 0.98183 1.086 0.309 1257.479 0.03439
0.05201 0.09753 0.11050 0.15629 0.98296 0.995 0.299 1257.509 0.03442
0.05205 0.09760 0.11058 0.15640 0.98410 1.135 0.312 1257.539 0.03444
0.05208 0.09768 0.11066 0.15652 0.98523 0.720 0.270 1257.568 0.03447
0.05212 0.09775 0.11074 0.15663 0.98637 0.947 0.293 1257.598 0.03449
0.05216 0.09782 0.11082 0.15675 0.98750 0.765 0.274 1257.628 0.03451
0.05220 0.09789 0.11090 0.15686 0.98864 1.086 0.308 1257.658 0.03454
0.05224 0.09796 0.11098 0.15698 0.98978 1.040 0.304 1257.688 0.03456
0.05228 0.09803 0.11106 0.15709 0.99091 0.717 0.270 1257.718 0.03459
0.05231 0.09810 0.11114 0.15721 0.99205 1.224 0.322 1257.748 0.03461
0.05235 0.09817 0.11122 0.15732 0.99318 0.949 0.295 1257.778 0.03464
0.05239 0.09825 0.11130 0.15743 0.99432 0.810 0.280 1257.807 0.03466
0.05243 0.09832 0.11139 0.15755 0.99546 0.905 0.290 1257.837 0.03469
0.05247 0.09839 0.11147 0.15766 0.99659 0.676 0.265 1257.867 0.03471
0.05250 0.09846 0.11155 0.15778 0.99773 1.042 0.304 1257.897 0.03474
0.05254 0.09853 0.11163 0.15789 0.99886 0.626 0.257 1257.927 0.03476
0.05258 0.09860 0.11171 0.15801 1.00000 0.583 0.253 1257.957 0.03478
