x y z dist_scaled dist_frac flux_norm sig_norm wavelength redshift
-0.01323 0.00141 0.05569 0.05726 0.00000 0.940 0.228 1231.245 0.01281
-0.01326 0.00141 0.05580 0.05737 0.00110 1.003 0.234 1231.275 0.01284
-0.01328 0.00141 0.05591 0.05748 0.00220 1.004 0.235 1231.305 0.01286
-0.01331 0.00142 0.05601 0.05759 0.00330 1.342 0.262 1231.335 0.01289
-0.01333 0.00142 0.05612 0.05770 0.00440 0.942 0.228 1231.365 0.01291
-0.01336 0.00142 0.05623 0.05781 0.00550 0.664 0.201 1231.395 0.01293
-0.01338 0.00142 0.05634 0.05792 0.00661 0.756 0.212 1231.425 0.01296
-0.01341 0.00143 0.05644 0.05803 0.00771 0.880 0.223 1231.454 0.01298
-0.01344 0.00143 0.05655 0.05814 0.00881 1.376 0.263 1231.484 0.01301
-0.01346 0.00143 0.05666 0.05826 0.00991 1.069 0.239 1231.514 0.01303
-0.01349 0.00144 0.05677 0.05837 0.01101 0.791 0.212 1231.544 0.01306
-0.01351 0.00144 0.05688 0.05848 0.01211 0.975 0.231 1231.574 0.01308
-0.01354 0.00144 0.05698 0.05859 0.01321 1.038 0.236 1231.604 0.01311
-0.01356 0.00144 0.05709 0.05870 0.01431 0.513 0.184 1231.634 0.01313
-0.01359 0.00145 0.05720 0.05881 0.01541 0.699 0.204 1231.664 0.01316
-0.01362 0.00145 0.05731 0.05892 0.01652 0.668 0.201 1231.693 0.01318
-0.01364 0.00145 0.05742 0.05903 0.01762 0.421 0.172 1231.723 0.01321
-0.01367 0.00145 0.05752 0.05914 0.01872 0.913 0.225 1231.753 0.01323
-0.01369 0.00146 0.05763 0.05925 0.01982 1.039 0.236 1231.783 0.01325
-0.01372 0.00146 0.05774 0.05936 0.02092 0.660 0.203 1231.813 0.01328
-0.01374 0.00146 0.05785 0.05948 0.02202 1.166 0.251 1231.843 0.01330
-0.01377 0.00147 0.05796 0.05959 0.02312 0.834 0.218 1231.873 0.01333
-0.01379 0.00147 0.05806 0.05970 0.02423 1.089 0.243 1231.903 0.01335
-0.01382 0.00147 0.05817 0.05981 0.02533 0.776 0.213 1231.932 0.01338
-0.01385 0.00147 0.05828 0.05992 0.02643 0.839 0.219 1231.962 0.01340
-0.01387 0.00148 0.05839 0.06003 0.02753 0.829 0.216 1231.992 0.01343
-0.01390 0.00148 0.05850 0.06014 0.02863 0.604 0.194 1232.022 0.01345
-0.01392 0.00148 0.05860 0.06025 0.02973 1.003 0.238 1232.052 0.01348
-0.01395 0.00148 0.05871 0.06036 0.03084 0.678 0.203 1232.082 0.01350
-0.01397 0.00149 0.05882 0.06047 0.03194 0.601 0.194 1232.112 0.01352
-0.01400 0.00149 0.05893 0.06059 0.03304 0.571 0.194 1232.142 0.01355
-0.01403 0.00149 0.05904 0.06070 0.03414 0.970 0.231 1232.171 0.01357
-0.01405 0.00150 0.05914 0.06081 0.03524 0.596 0.197 1232.201 0.01360
-0.01408 0.00150 0.05925 0.06092 0.03635 0.601 0.196 1232.231 0.01362
-0.01410 0.00150 0.05936 0.06103 0.03745 0.654 0.200 1232.261 0.01365
-0.01413 0.00150 0.05947 0.06114 0.03855 1.225 0.251 1232.291 0.01367
-0.01415 0.00151 0.05958 0.06125 0.03965 1.147 0.244 1232.321 0.01370
-0.01418 0.00151 0.05968 0.06136 0.04075 0.995 0.232 1232.351 0.01372
-0.01421 0.00151 0.05979 0.06147 0.04186 0.657 0.199 1232.381 0.01375
-0.01423 0.00151 0.05990 0.06159 0.04296 0.869 0.221 1232.411 0.01377
-0.01426 0.00152 0.06001 0.06170 0.04406 1.022 0.234 1232.440 0.01380
-0.01428 0.00152 0.06012 0.06181 0.04516 1.146 0.243 1232.470 0.01382
-0.01431 0.00152 0.06022 0.06192 0.04627 0.747 0.209 1232.500 0.01384
-0.01433 0.00153 0.06033 0.06203 0.04737 1.266 0.254 1232.530 0.01387
-0.01436 0.00153 0.06044 0.06214 0.04847 1.115 0.242 1232.560 0.01389
-0.01439 0.00153 0.06055 0.06225 0.04957 0.717 0.206 1232.590 0.01392
-0.01441 0.00153 0.06066 0.06236 0.05068 1.355 0.302 1232.620 0.01394
-0.01444 0.00154 0.06076 0.06247 0.05178 1.091 0.290 1232.650 0.01397
-0.01446 0.00154 0.06087 0.06258 0.05288 1.088 0.290 1232.679 0.01399
-0.01449 0.00154 0.06098 0.06270 0.05398 0.961 0.277 1232.709 0.01402
-0.01451 0.00154 0.06109 0.06281 0.05509 0.878 0.269 1232.739 0.01404
-0.01454 0.00155 0.06120 0.06292 0.05619 0.922 0.272 1232.769 0.01407
-0.01456 0.00155 0.06130 0.06303 0.05729 0.923 0.273 1232.799 0.01409
-0.01459 0.00155 0.06141 0.06314 0.05840 1.003 0.281 1232.829 0.01411
-0.01462 0.00156 0.06152 0.06325 0.05950 0.837 0.264 1232.859 0.01414
-0.01464 0.00156 0.06163 0.06336 0.06060 1.003 0.282 1232.889 0.01416
-0.01467 0.00156 0.06174 0.06347 0.06170 0.833 0.263 1232.918 0.01419
-0.01469 0.00156 0.06184 0.06358 0.06281 1.083 0.290 1232.948 0.01421
-0.01472 0.00157 0.06195 0.06370 0.06391 0.836 0.264 1232.978 0.01424
-0.01474 0.00157 0.06206 0.06381 0.06501 1.213 0.301 1233.008 0.01426
-0.01477 0.00157 0.06217 0.06392 0.06612 0.963 0.277 1233.038 0.01429
-0.01480 0.00158 0.06228 0.06403 0.06722 0.712 0.250 1233.068 0.01431
-0.01482 0.00158 0.06238 0.06414 0.06832 1.044 0.283 1233.098 0.01434
-0.01485 0.00158 0.06249 0.06425 0.06943 0.835 0.263 1233.128 0.01436
-0.01487 0.00158 0.06260 0.06436 0.07053 1.002 0.281 1233.157 0.01439
-0.01490 0.00159 0.06271 0.06447 0.07163 0.999 0.281 1233.187 0.01441
-0.01492 0.00159 0.06282 0.06459 0.07274 0.832 0.263 1233.217 0.01443
-0.01495 0.00159 0.06293 0.06470 0.07384 0.872 0.268 1233.247 0.01446
-0.01498 0.00159 0.06303 0.06481 0.07494 0.913 0.272 1233.277 0.01448
-0.01500 0.00160 0.06314 0.06492 0.07605 1.081 0.289 1233.307 0.01451
-0.01503 0.00160 0.06325 0.06503 0.07715 1.411 0.319 1233.337 0.01453
-0.01505 0.00160 0.06336 0.06514 0.07825 1.285 0.308 1233.367 0.01456
-0.01508 0.00161 0.06347 0.06525 0.07936 0.953 0.275 1233.397 0.01458
-0.01510 0.00161 0.06357 0.06536 0.08046 0.703 0.249 1233.426 0.01461
-0.01513 0.00161 0.06368 0.06547 0.08156 0.910 0.272 1233.456 0.01463
-0.01516 0.00161 0.06379 0.06559 0.08267 0.619 0.239 1233.486 0.01466
-0.01518 0.00162 0.06390 0.06570 0.08377 1.576 0.332 1233.516 0.01468
-0.01521 0.00162 0.06401 0.06581 0.08488 1.283 0.308 1233.546 0.01470
-0.01523 0.00162 0.06411 0.06592 0.08598 0.953 0.226 1233.576 0.01473
-0.01526 0.00162 0.06422 0.06603 0.08708 0.681 0.200 1233.606 0.01475
-0.01528 0.00163 0.06433 0.06614 0.08819 1.164 0.244 1233.636 0.01478
-0.01531 0.00163 0.06444 0.06625 0.08929 1.254 0.251 1233.665 0.01480
-0.01534 0.00163 0.06455 0.06636 0.09040 1.225 0.248 1233.695 0.01483
-0.01536 0.00164 0.06466 0.06648 0.09150 0.921 0.223 1233.725 0.01485
-0.01539 0.00164 0.06476 0.06659 0.09260 0.801 0.212 1233.755 0.01488
-0.01541 0.00164 0.06487 0.06670 0.09371 1.011 0.231 1233.785 0.01490
-0.01544 0.00164 0.06498 0.06681 0.09481 0.800 0.212 1233.815 0.01493
-0.01546 0.00165 0.06509 0.06692 0.09592 0.711 0.202 1233.845 0.01495
-0.01549 0.00165 0.06520 0.06703 0.09702 0.442 0.173 1233.875 0.01497
-0.01552 0.00165 0.06530 0.06714 0.09813 0.170 0.131 1233.904 0.01500
-0.01554 0.00165 0.06541 0.06725 0.09923 0.291 0.151 1233.934 0.01502
-0.01557 0.00166 0.06552 0.06737 0.10033 0.261 0.148 1233.964 0.01505
-0.01559 0.00166 0.06563 0.06748 0.10144 0.049 0.112 1233.994 0.01507
-0.01562 0.00166 0.06574 0.06759 0.10254 0.019 0.112 1234.024 0.01510
-0.01564 0.00167 0.06585 0.06770 0.10365 0.171 0.132 1234.054 0.01512
-0.01567 0.00167 0.06595 0.06781 0.10475 0.172 0.132 1234.084 0.01515
-0.01570 0.00167 0.06606 0.06792 0.10586 0.324 0.157 1234.114 0.01517
-0.01572 0.00167 0.06617 0.06803 0.10696 0.083 0.113 1234.143 0.01520
-0.01575 0.00168 0.06628 0.06814 0.10807 0.384 0.165 1234.173 0.01522
-0.01577 0.00168 0.06639 0.06826 0.10917 0.565 0.186 1234.203 0.01525
-0.01580 0.00168 0.06650 0.06837 0.11028 0.384 0.165 1234.233 0.01527
-0.01582 0.00168 0.06660 0.06848 0.11138 0.953 0.225 1234.263 0.01529
-0.01585 0.00169 0.06671 0.06859 0.11248 0.774 0.209 1234.293 0.01532
-0.01588 0.00169 0.06682 0.06870 0.11359 0.925 0.221 1234.323 0.01534
-0.01590 0.00169 0.06693 0.06881 0.11469 0.923 0.222 1234.353 0.01537
-0.01593 0.00170 0.06704 0.06892 0.11580 1.108 0.237 1234.383 0.01539
-0.01595 0.00170 0.06715 0.06904 0.11690 0.844 0.214 1234.412 0.01542
-0.01598 0.00170 0.06725 0.06915 0.11801 0.613 0.193 1234.442 0.01544
-0.01600 0.00170 0.06736 0.06926 0.11911 0.954 0.228 1234.472 0.01547
-0.01603 0.00171 0.06747 0.06937 0.12022 1.046 0.235 1234.502 0.01549
-0.01606 0.00171 0.06758 0.06948 0.12132 0.772 0.211 1234.532 0.01552
-0.01608 0.00171 0.06769 0.06959 0.12243 0.895 0.222 1234.562 0.01554
-0.01611 0.00171 0.06779 0.06970 0.12354 0.957 0.230 1234.592 0.01556
-0.01613 0.00172 0.06790 0.06981 0.12464 1.088 0.236 1234.622 0.01559
-0.01616 0.00172 0.06801 0.06993 0.12575 0.921 0.224 1234.651 0.01561
-0.01618 0.00172 0.06812 0.07004 0.12685 1.341 0.260 1234.681 0.01564
-0.01621 0.00173 0.06823 0.07015 0.12796 1.014 0.232 1234.711 0.01566
-0.01624 0.00173 0.06834 0.07026 0.12906 1.009 0.230 1234.741 0.01569
-0.01626 0.00173 0.06844 0.07037 0.13017 1.063 0.234 1234.771 0.01571
-0.01629 0.00173 0.06855 0.07048 0.13127 0.952 0.224 1234.801 0.01574
-0.01631 0.00174 0.06866 0.07059 0.13238 0.855 0.216 1234.831 0.01576
-0.01634 0.00174 0.06877 0.07071 0.13348 0.965 0.224 1234.861 0.01579
-0.01636 0.00174 0.06888 0.07082 0.13459 1.110 0.237 1234.890 0.01581
-0.01639 0.00174 0.06899 0.07093 0.13570 0.805 0.211 1234.920 0.01584
-0.01642 0.00175 0.06909 0.07104 0.13680 0.773 0.207 1234.950 0.01586
-0.01644 0.00175 0.06920 0.07115 0.13791 0.981 0.226 1234.980 0.01588
-0.01647 0.00175 0.06931 0.07126 0.13901 0.921 0.221 1235.010 0.01591
-0.01649 0.00176 0.06942 0.07137 0.14012 1.071 0.234 1235.040 0.01593
-0.01652 0.00176 0.06953 0.07149 0.14122 1.101 0.236 1235.070 0.01596
-0.01654 0.00176 0.06964 0.07160 0.14233 0.862 0.216 1235.100 0.01598
-0.01657 0.00176 0.06975 0.07171 0.14344 0.861 0.216 1235.129 0.01601
-0.01660 0.00177 0.06985 0.07182 0.14454 1.219 0.246 1235.159 0.01603
-0.01662 0.00177 0.06996 0.07193 0.14565 0.952 0.224 1235.189 0.01606
-0.01665 0.00177 0.07007 0.07204 0.14675 0.834 0.213 1235.219 0.01608
-0.01667 0.00177 0.07018 0.07215 0.14786 1.132 0.239 1235.249 0.01611
-0.01670 0.00178 0.07029 0.07227 0.14897 0.923 0.221 1235.279 0.01613
-0.01672 0.00178 0.07040 0.07238 0.15007 1.011 0.228 1235.309 0.01615
-0.01675 0.00178 0.07050 0.07249 0.15118 0.953 0.223 1235.339 0.01618
-0.01678 0.00179 0.07061 0.07260 0.15228 0.895 0.218 1235.369 0.01620
-0.01680 0.00179 0.07072 0.07271 0.15339 0.863 0.214 1235.398 0.01623
-0.01683 0.00179 0.07083 0.07282 0.15450 0.892 0.218 1235.428 0.01625
-0.01685 0.00179 0.07094 0.07293 0.15560 0.893 0.218 1235.458 0.01628
-0.01688 0.00180 0.07105 0.07305 0.15671 1.131 0.238 1235.488 0.01630
-0.01691 0.00180 0.07115 0.07316 0.15782 1.101 0.236 1235.518 0.01633
-0.01693 0.00180 0.07126 0.07327 0.15892 1.012 0.228 1235.548 0.01635
-0.01696 0.00181 0.07137 0.07338 0.16003 0.952 0.223 1235.578 0.01638
-0.01698 0.00181 0.07148 0.07349 0.16114 1.130 0.237 1235.608 0.01640
-0.01701 0.00181 0.07159 0.07360 0.16224 1.219 0.244 1235.637 0.01643
-0.01703 0.00181 0.07170 0.07371 0.16335 0.922 0.220 1235.667 0.01645
-0.01706 0.00182 0.07180 0.07383 0.16446 0.773 0.206 1235.697 0.01647
-0.01709 0.00182 0.07191 0.07394 0.16556 1.277 0.249 1235.727 0.01650
-0.01711 0.00182 0.07202 0.07405 0.16667 0.978 0.225 1235.757 0.01652
-0.01714 0.00182 0.07213 0.07416 0.16778 0.740 0.204 1235.787 0.01655
-0.01716 0.00183 0.07224 0.07427 0.16888 0.861 0.214 1235.817 0.01657
-0.01719 0.00183 0.07235 0.07438 0.16999 0.977 0.224 1235.847 0.01660
-0.01721 0.00183 0.07246 0.07450 0.17110 1.184 0.242 1235.876 0.01662
-0.01724 0.00184 0.07256 0.07461 0.17220 1.064 0.233 1235.906 0.01665
-0.01727 0.00184 0.07267 0.07472 0.17331 1.062 0.233 1235.936 0.01667
-0.01729 0.00184 0.07278 0.07483 0.17442 0.854 0.214 1235.966 0.01670
-0.01732 0.00184 0.07289 0.07494 0.17553 0.972 0.225 1235.996 0.01672
-0.01734 0.00185 0.07300 0.07505 0.17663 1.244 0.265 1236.026 0.01674
-0.01737 0.00185 0.07311 0.07516 0.17774 0.942 0.276 1236.056 0.01677
-0.01739 0.00185 0.07322 0.07528 0.17885 0.664 0.248 1236.086 0.01679
-0.01742 0.00185 0.07332 0.07539 0.17995 1.062 0.287 1236.115 0.01682
-0.01745 0.00186 0.07343 0.07550 0.18106 0.664 0.248 1236.145 0.01684
-0.01747 0.00186 0.07354 0.07561 0.18217 1.138 0.291 1236.175 0.01687
-0.01750 0.00186 0.07365 0.07572 0.18328 0.899 0.267 1236.205 0.01689
-0.01752 0.00187 0.07376 0.07583 0.18438 0.978 0.280 1236.235 0.01692
-0.01755 0.00187 0.07387 0.07595 0.18549 0.820 0.264 1236.265 0.01694
-0.01758 0.00187 0.07397 0.07606 0.18660 1.416 0.315 1236.295 0.01697
-0.01760 0.00187 0.07408 0.07617 0.18771 1.058 0.287 1236.325 0.01699
-0.01763 0.00188 0.07419 0.07628 0.18881 1.017 0.284 1236.355 0.01701
-0.01765 0.00188 0.07430 0.07639 0.18992 1.057 0.287 1236.384 0.01704
-0.01768 0.00188 0.07441 0.07650 0.19103 1.135 0.291 1236.414 0.01706
-0.01770 0.00188 0.07452 0.07661 0.19214 0.500 0.227 1236.444 0.01709
-0.01773 0.00189 0.07463 0.07673 0.19324 0.778 0.260 1236.474 0.01711
-0.01776 0.00189 0.07473 0.07684 0.19435 0.897 0.267 1236.504 0.01714
-0.01778 0.00189 0.07484 0.07695 0.19546 0.815 0.251 1236.534 0.01716
-0.01781 0.00190 0.07495 0.07706 0.19657 0.936 0.267 1236.564 0.01719
-0.01783 0.00190 0.07506 0.07717 0.19768 0.975 0.276 1236.594 0.01721
-0.01786 0.00190 0.07517 0.07728 0.19878 0.738 0.255 1236.623 0.01724
-0.01788 0.00190 0.07528 0.07740 0.19989 0.661 0.247 1236.653 0.01726
-0.01791 0.00191 0.07539 0.07751 0.20100 1.016 0.283 1236.683 0.01729
-0.01794 0.00191 0.07549 0.07762 0.20211 0.974 0.272 1236.713 0.01731
-0.01796 0.00191 0.07560 0.07773 0.20322 1.172 0.290 1236.743 0.01733
-0.01799 0.00191 0.07571 0.07784 0.20432 1.173 0.293 1236.773 0.01736
-0.01801 0.00192 0.07582 0.07795 0.20543 0.856 0.268 1236.803 0.01738
-0.01804 0.00192 0.07593 0.07807 0.20654 0.895 0.271 1236.833 0.01741
-0.01807 0.00192 0.07604 0.07818 0.20765 0.737 0.250 1236.862 0.01743
-0.01809 0.00193 0.07615 0.07829 0.20876 1.050 0.275 1236.892 0.01746
-0.01812 0.00193 0.07625 0.07840 0.20987 0.535 0.215 1236.922 0.01748
-0.01814 0.00193 0.07636 0.07851 0.21097 0.971 0.267 1236.952 0.01751
-0.01817 0.00193 0.07647 0.07862 0.21208 1.210 0.294 1236.982 0.01753
-0.01819 0.00194 0.07658 0.07874 0.21319 0.735 0.255 1237.012 0.01756
-0.01822 0.00194 0.07669 0.07885 0.21430 0.951 0.253 1237.042 0.01758
-0.01825 0.00194 0.07680 0.07896 0.21541 0.754 0.205 1237.072 0.01760
-0.01827 0.00195 0.07691 0.07907 0.21652 0.999 0.228 1237.101 0.01763
-0.01830 0.00195 0.07701 0.07918 0.21762 1.430 0.260 1237.131 0.01765
-0.01832 0.00195 0.07712 0.07929 0.21873 0.892 0.218 1237.161 0.01768
-0.01835 0.00195 0.07723 0.07941 0.21984 1.169 0.240 1237.191 0.01770
-0.01837 0.00196 0.07734 0.07952 0.22095 0.976 0.226 1237.221 0.01773
-0.01840 0.00196 0.07745 0.07963 0.22206 0.969 0.226 1237.251 0.01775
-0.01843 0.00196 0.07756 0.07974 0.22317 0.938 0.221 1237.281 0.01778
-0.01845 0.00196 0.07767 0.07985 0.22428 1.068 0.233 1237.311 0.01780
-0.01848 0.00197 0.07778 0.07996 0.22539 1.060 0.233 1237.341 0.01783
-0.01850 0.00197 0.07788 0.08008 0.22650 1.032 0.228 1237.370 0.01785
-0.01853 0.00197 0.07799 0.08019 0.22760 1.172 0.242 1237.400 0.01788
-0.01856 0.00198 0.07810 0.08030 0.22871 0.924 0.223 1237.430 0.01790
-0.01858 0.00198 0.07821 0.08041 0.22982 0.673 0.202 1237.460 0.01792
-0.01861 0.00198 0.07832 0.08052 0.23093 0.686 0.201 1237.490 0.01795
-0.01863 0.00198 0.07843 0.08064 0.23204 1.002 0.228 1237.520 0.01797
-0.01866 0.00199 0.07854 0.08075 0.23315 1.195 0.242 1237.550 0.01800
-0.01868 0.00199 0.07864 0.08086 0.23426 0.937 0.223 1237.580 0.01802
-0.01871 0.00199 0.07875 0.08097 0.23537 0.699 0.198 1237.609 0.01805
-0.01874 0.00199 0.07886 0.08108 0.23648 0.901 0.217 1237.639 0.01807
-0.01876 0.00200 0.07897 0.08119 0.23759 0.993 0.228 1237.669 0.01810
-0.01879 0.00200 0.07908 0.08131 0.23870 1.020 0.228 1237.699 0.01812
-0.01881 0.00200 0.07919 0.08142 0.23981 0.694 0.199 1237.729 0.01815
-0.01884 0.00201 0.07930 0.08153 0.24092 0.748 0.202 1237.759 0.01817
-0.01887 0.00201 0.07941 0.08164 0.24202 0.983 0.225 1237.789 0.01819
-0.01889 0.00201 0.07951 0.08175 0.24313 1.217 0.244 1237.819 0.01822
-0.01892 0.00201 0.07962 0.08186 0.24424 1.218 0.244 1237.848 0.01824
-0.01894 0.00202 0.07973 0.08198 0.24535 1.043 0.230 1237.878 0.01827
-0.01897 0.00202 0.07984 0.08209 0.24646 1.047 0.230 1237.908 0.01829
-0.01899 0.00202 0.07995 0.08220 0.24757 1.018 0.226 1237.938 0.01832
-0.01902 0.00202 0.08006 0.08231 0.24868 0.870 0.215 1237.968 0.01834
-0.01905 0.00203 0.08017 0.08242 0.24979 0.607 0.188 1237.998 0.01837
-0.01907 0.00203 0.08028 0.08254 0.25090 1.164 0.239 1238.028 0.01839
-0.01910 0.00203 0.08038 0.08265 0.25201 1.105 0.234 1238.058 0.01842
-0.01912 0.00204 0.08049 0.08276 0.25312 0.986 0.225 1238.087 0.01844
-0.01915 0.00204 0.08060 0.08287 0.25423 1.075 0.232 1238.117 0.01847
-0.01918 0.00204 0.08071 0.08298 0.25534 1.161 0.239 1238.147 0.01849
-0.01920 0.00204 0.08082 0.08309 0.25645 1.484 0.263 1238.177 0.01851
-0.01923 0.00205 0.08093 0.08321 0.25756 1.131 0.237 1238.207 0.01854
-0.01925 0.00205 0.08104 0.08332 0.25867 1.247 0.246 1238.237 0.01856
-0.01928 0.00205 0.08115 0.08343 0.25978 1.158 0.238 1238.267 0.01859
-0.01930 0.00206 0.08125 0.08354 0.26089 1.187 0.241 1238.297 0.01861
-0.01933 0.00206 0.08136 0.08365 0.26200 0.660 0.195 1238.327 0.01864
-0.01936 0.00206 0.08147 0.08377 0.26311 1.216 0.244 1238.356 0.01866
-0.01938 0.00206 0.08158 0.08388 0.26422 0.895 0.217 1238.386 0.01869
-0.01941 0.00207 0.08169 0.08399 0.26533 1.040 0.230 1238.416 0.01871
-0.01943 0.00207 0.08180 0.08410 0.26644 0.954 0.222 1238.446 0.01874
-0.01946 0.00207 0.08191 0.08421 0.26755 0.838 0.212 1238.476 0.01876
-0.01949 0.00207 0.08202 0.08432 0.26866 0.984 0.225 1238.506 0.01878
-0.01951 0.00208 0.08213 0.08444 0.26978 1.044 0.229 1238.536 0.01881
-0.01954 0.00208 0.08223 0.08455 0.27089 0.954 0.222 1238.566 0.01883
-0.01956 0.00208 0.08234 0.08466 0.27200 0.807 0.209 1238.595 0.01886
-0.01959 0.00209 0.08245 0.08477 0.27311 1.040 0.229 1238.625 0.01888
-0.01961 0.00209 0.08256 0.08488 0.27422 1.011 0.227 1238.655 0.01891
-0.01964 0.00209 0.08267 0.08500 0.27533 0.748 0.203 1238.685 0.01893
-0.01967 0.00209 0.08278 0.08511 0.27644 0.806 0.209 1238.715 0.01896
-0.01969 0.00210 0.08289 0.08522 0.27755 1.128 0.236 1238.745 0.01898
-0.01972 0.00210 0.08300 0.08533 0.27866 0.806 0.208 1238.775 0.01901
-0.01974 0.00210 0.08310 0.08544 0.27977 0.748 0.203 1238.805 0.01903
-0.01977 0.00210 0.08321 0.08556 0.28088 1.038 0.229 1238.834 0.01905
-0.01980 0.00211 0.08332 0.08567 0.28199 0.891 0.217 1238.864 0.01908
-0.01982 0.00211 0.08343 0.08578 0.28310 0.921 0.219 1238.894 0.01910
-0.01985 0.00211 0.08354 0.08589 0.28422 1.213 0.243 1238.924 0.01913
-0.01987 0.00212 0.08365 0.08600 0.28533 0.833 0.211 1238.954 0.01915
-0.01990 0.00212 0.08376 0.08612 0.28644 0.931 0.265 1238.984 0.01918
-0.01993 0.00212 0.08387 0.08623 0.28755 1.086 0.280 1239.014 0.01920
-0.01995 0.00212 0.08398 0.08634 0.28866 1.241 0.294 1239.044 0.01923
-0.01998 0.00213 0.08408 0.08645 0.28977 0.887 0.261 1239.073 0.01925
-0.02000 0.00213 0.08419 0.08656 0.29088 0.926 0.265 1239.103 0.01928
-0.02003 0.00213 0.08430 0.08668 0.29199 0.927 0.264 1239.133 0.01930
-0.02005 0.00213 0.08441 0.08679 0.29310 1.005 0.272 1239.163 0.01933
-0.02008 0.00214 0.08452 0.08690 0.29422 1.006 0.270 1239.193 0.01935
-0.02011 0.00214 0.08463 0.08701 0.29533 0.811 0.252 1239.223 0.01937
-0.02013 0.00214 0.08474 0.08712 0.29644 1.363 0.304 1239.253 0.01940
-0.02016 0.00215 0.08485 0.08724 0.29755 1.167 0.287 1239.283 0.01942
-0.02018 0.00215 0.08496 0.08735 0.29866 1.284 0.297 1239.313 0.01945
-0.02021 0.00215 0.08506 0.08746 0.29977 0.853 0.255 1239.342 0.01947
-0.02024 0.00215 0.08517 0.08757 0.30089 0.960 0.294 1239.372 0.01950
-0.02026 0.00216 0.08528 0.08768 0.30200 1.284 0.297 1239.402 0.01952
-0.02029 0.00216 0.08539 0.08780 0.30311 1.012 0.272 1239.432 0.01955
-0.02031 0.00216 0.08550 0.08791 0.30422 0.776 0.248 1239.462 0.01957
-0.02034 0.00217 0.08561 0.08802 0.30533 0.657 0.235 1239.492 0.01960
-0.02037 0.00217 0.08572 0.08813 0.30644 0.893 0.261 1239.522 0.01962
-0.02039 0.00217 0.08583 0.08824 0.30756 0.776 0.248 1239.552 0.01964
-0.02042 0.00217 0.08594 0.08836 0.30867 0.583 0.221 1239.581 0.01967
-0.02044 0.00218 0.08605 0.08847 0.30978 0.741 0.242 1239.611 0.01969
-0.02047 0.00218 0.08615 0.08858 0.31089 1.057 0.276 1239.641 0.01972
-0.02049 0.00218 0.08626 0.08869 0.31200 0.820 0.252 1239.671 0.01974
-0.02052 0.00218 0.08637 0.08880 0.31312 1.015 0.271 1239.701 0.01977
-0.02055 0.00219 0.08648 0.08892 0.31423 0.974 0.267 1239.731 0.01979
-0.02057 0.00219 0.08659 0.08903 0.31534 0.972 0.267 1239.761 0.01982
-0.02060 0.00219 0.08670 0.08914 0.31645 1.049 0.274 1239.791 0.01984
-0.02062 0.00220 0.08681 0.08925 0.31756 1.168 0.286 1239.820 0.01987
-0.02065 0.00220 0.08692 0.08936 0.31868 1.289 0.297 1239.850 0.01989
-0.02068 0.00220 0.08703 0.08948 0.31979 0.740 0.243 1239.880 0.01992
-0.02070 0.00220 0.08714 0.08959 0.32090 0.660 0.234 1239.910 0.01994
-0.02073 0.00221 0.08724 0.08970 0.32201 1.011 0.271 1239.940 0.01996
-0.02075 0.00221 0.08735 0.08981 0.32313 1.008 0.271 1239.970 0.01999
-0.02078 0.00221 0.08746 0.08992 0.32424 0.620 0.229 1240.000 0.02001
-0.02081 0.00221 0.08757 0.09004 0.32535 0.976 0.243 1240.030 0.02004
-0.02083 0.00222 0.08768 0.09015 0.32646 0.947 0.220 1240.059 0.02006
-0.02086 0.00222 0.08779 0.09026 0.32758 0.602 0.187 1240.089 0.02009
-0.02088 0.00222 0.08790 0.09037 0.32869 0.893 0.215 1240.119 0.02011
-0.02091 0.00223 0.08801 0.09048 0.32980 1.104 0.232 1240.149 0.02014
-0.02093 0.00223 0.08812 0.09060 0.33091 0.827 0.206 1240.179 0.02016
-0.02096 0.00223 0.08823 0.09071 0.33203 0.643 0.190 1240.209 0.02019
-0.02099 0.00223 0.08833 0.09082 0.33314 1.013 0.228 1240.239 0.02021
-0.02101 0.00224 0.08844 0.09093 0.33425 0.917 0.220 1240.269 0.02023
-0.02104 0.00224 0.08855 0.09105 0.33537 0.765 0.204 1240.299 0.02026
-0.02106 0.00224 0.08866 0.09116 0.33648 0.943 0.221 1240.328 0.02028
-0.02109 0.00225 0.08877 0.09127 0.33759 1.099 0.235 1240.358 0.02031
-0.02112 0.00225 0.08888 0.09138 0.33870 0.844 0.213 1240.388 0.02033
-0.02114 0.00225 0.08899 0.09149 0.33982 0.954 0.223 1240.418 0.02036
-0.02117 0.00225 0.08910 0.09161 0.34093 0.966 0.223 1240.448 0.02038
-0.02119 0.00226 0.08921 0.09172 0.34204 0.931 0.220 1240.478 0.02041
-0.02122 0.00226 0.08932 0.09183 0.34316 1.017 0.230 1240.508 0.02043
-0.02125 0.00226 0.08943 0.09194 0.34427 1.021 0.228 1240.538 0.02046
-0.02127 0.00226 0.08953 0.09205 0.34538 0.845 0.209 1240.567 0.02048
-0.02130 0.00227 0.08964 0.09217 0.34650 0.822 0.213 1240.597 0.02050
-0.02132 0.00227 0.08975 0.09228 0.34761 1.043 0.229 1240.627 0.02053
-0.02135 0.00227 0.08986 0.09239 0.34872 1.341 0.252 1240.657 0.02055
-0.02138 0.00228 0.08997 0.09250 0.34984 0.905 0.218 1240.687 0.02058
-0.02140 0.00228 0.09008 0.09262 0.35095 0.981 0.222 1240.717 0.02060
-0.02143 0.00228 0.09019 0.09273 0.35206 0.925 0.218 1240.747 0.02063
-0.02145 0.00228 0.09030 0.09284 0.35318 0.781 0.204 1240.777 0.02065
-0.02148 0.00229 0.09041 0.09295 0.35429 1.013 0.225 1240.806 0.02068
-0.02151 0.00229 0.09052 0.09306 0.35540 1.099 0.232 1240.836 0.02070
-0.02153 0.00229 0.09063 0.09318 0.35652 0.953 0.220 1240.866 0.02073
-0.02156 0.00229 0.09073 0.09329 0.35763 1.156 0.237 1240.896 0.02075
-0.02158 0.00230 0.09084 0.09340 0.35874 0.808 0.207 1240.926 0.02078
-0.02161 0.00230 0.09095 0.09351 0.35986 1.041 0.227 1240.956 0.02080
-0.02163 0.00230 0.09106 0.09362 0.36097 1.099 0.232 1240.986 0.02082
-0.02166 0.00231 0.09117 0.09374 0.36209 1.068 0.229 1241.016 0.02085
-0.02169 0.00231 0.09128 0.09385 0.36320 1.041 0.227 1241.045 0.02087
-0.02171 0.00231 0.09139 0.09396 0.36431 0.810 0.206 1241.075 0.02090
-0.02174 0.00231 0.09150 0.09407 0.36543 0.927 0.218 1241.105 0.02092
-0.02176 0.00232 0.09161 0.09419 0.36654 1.274 0.245 1241.135 0.02095
-0.02179 0.00232 0.09172 0.09430 0.36766 0.869 0.212 1241.165 0.02097
-0.02182 0.00232 0.09183 0.09441 0.36877 1.160 0.237 1241.195 0.02100
-0.02184 0.00233 0.09194 0.09452 0.36988 0.928 0.217 1241.225 0.02102
-0.02187 0.00233 0.09204 0.09463 0.37100 1.072 0.229 1241.255 0.02105
-0.02189 0.00233 0.09215 0.09475 0.37211 1.159 0.236 1241.285 0.02107
-0.02192 0.00233 0.09226 0.09486 0.37323 1.189 0.239 1241.314 0.02109
-0.02195 0.00234 0.09237 0.09497 0.37434 0.868 0.212 1241.344 0.02112
-0.02197 0.00234 0.09248 0.09508 0.37545 1.158 0.236 1241.374 0.02114
-0.02200 0.00234 0.09259 0.09520 0.37657 1.128 0.234 1241.404 0.02117
-0.02202 0.00234 0.09270 0.09531 0.37768 1.011 0.224 1241.434 0.02119
-0.02205 0.00235 0.09281 0.09542 0.37880 1.010 0.225 1241.464 0.02122
-0.02208 0.00235 0.09292 0.09553 0.37991 0.777 0.204 1241.494 0.02124
-0.02210 0.00235 0.09303 0.09565 0.38103 1.181 0.238 1241.524 0.02127
-0.02213 0.00236 0.09314 0.09576 0.38214 1.181 0.239 1241.553 0.02129
-0.02215 0.00236 0.09325 0.09587 0.38326 0.890 0.215 1241.583 0.02132
-0.02218 0.00236 0.09335 0.09598 0.38437 0.805 0.207 1241.613 0.02134
-0.02221 0.00236 0.09346 0.09609 0.38549 1.008 0.225 1241.643 0.02137
-0.02223 0.00237 0.09357 0.09621 0.38660 0.776 0.204 1241.673 0.02139
-0.02226 0.00237 0.09368 0.09632 0.38771 0.891 0.215 1241.703 0.02141
-0.02228 0.00237 0.09379 0.09643 0.38883 1.179 0.239 1241.733 0.02144
-0.02231 0.00237 0.09390 0.09654 0.38994 0.890 0.214 1241.763 0.02146
-0.02234 0.00238 0.09401 0.09666 0.39106 0.859 0.211 1241.792 0.02149
-0.02236 0.00238 0.09412 0.09677 0.39217 0.919 0.217 1241.822 0.02151
-0.02239 0.00238 0.09423 0.09688 0.39329 1.120 0.234 1241.852 0.02154
-0.02241 0.00239 0.09434 0.09699 0.39440 0.715 0.198 1241.882 0.02156
-0.02244 0.00239 0.09445 0.09711 0.39552 1.268 0.245 1241.912 0.02159
-0.02246 0.00239 0.09456 0.09722 0.39663 1.124 0.234 1241.942 0.02161
-0.02249 0.00239 0.09467 0.09733 0.39775 0.836 0.209 1241.972 0.02164
-0.02252 0.00240 0.09477 0.09744 0.39886 0.660 0.192 1242.002 0.02166
-0.02254 0.00240 0.09488 0.09755 0.39998 0.976 0.222 1242.031 0.02168
-0.02257 0.00240 0.09499 0.09767 0.40109 1.005 0.224 1242.061 0.02171
-0.02259 0.00241 0.09510 0.09778 0.40221 0.772 0.204 1242.091 0.02173
-0.02262 0.00241 0.09521 0.09789 0.40332 0.713 0.198 1242.121 0.02176
-0.02265 0.00241 0.09532 0.09800 0.40444 0.800 0.206 1242.151 0.02178
-0.02267 0.00241 0.09543 0.09812 0.40556 0.886 0.215 1242.181 0.02181
-0.02270 0.00242 0.09554 0.09823 0.40667 1.406 0.255 1242.211 0.02183
-0.02272 0.00242 0.09565 0.09834 0.40779 1.493 0.261 1242.241 0.02186
-0.02275 0.00242 0.09576 0.09845 0.40890 0.942 0.218 1242.271 0.02188
-0.02278 0.00242 0.09587 0.09857 0.41002 0.825 0.209 1242.300 0.02191
-0.02280 0.00243 0.09598 0.09868 0.41113 0.854 0.212 1242.330 0.02193
-0.02283 0.00243 0.09609 0.09879 0.41225 0.709 0.198 1242.360 0.02196
-0.02285 0.00243 0.09620 0.09890 0.41336 0.910 0.217 1242.390 0.02198
-0.02288 0.00244 0.09631 0.09902 0.41448 0.911 0.216 1242.420 0.02200
-0.02291 0.00244 0.09641 0.09913 0.41560 1.115 0.234 1242.450 0.02203
-0.02293 0.00244 0.09652 0.09924 0.41671 0.972 0.221 1242.480 0.02205
-0.02296 0.00244 0.09663 0.09935 0.41783 1.173 0.238 1242.510 0.02208
-0.02298 0.00245 0.09674 0.09947 0.41894 1.087 0.231 1242.539 0.02210
-0.02301 0.00245 0.09685 0.09958 0.42006 0.972 0.220 1242.569 0.02213
-0.02304 0.00245 0.09696 0.09969 0.42117 0.913 0.217 1242.599 0.02215
-0.02306 0.00246 0.09707 0.09980 0.42229 1.086 0.231 1242.629 0.02218
-0.02309 0.00246 0.09718 0.09992 0.42341 0.911 0.216 1242.659 0.02220
-0.02311 0.00246 0.09729 0.10003 0.42452 1.142 0.235 1242.689 0.02223
-0.02314 0.00246 0.09740 0.10014 0.42564 1.113 0.233 1242.719 0.02225
-0.02317 0.00247 0.09751 0.10025 0.42675 1.042 0.229 1242.749 0.02227
-0.02319 0.00247 0.09762 0.10036 0.42787 1.090 0.231 1242.778 0.02230
-0.02322 0.00247 0.09773 0.10048 0.42899 0.873 0.214 1242.808 0.02232
-0.02324 0.00247 0.09784 0.10059 0.43010 0.973 0.224 1242.838 0.02235
-0.02327 0.00248 0.09795 0.10070 0.43122 1.154 0.236 1242.868 0.02237
-0.02330 0.00248 0.09805 0.10081 0.43234 0.820 0.209 1242.898 0.02240
-0.02332 0.00248 0.09816 0.10093 0.43345 0.964 0.219 1242.928 0.02242
-0.02335 0.00249 0.09827 0.10104 0.43457 0.710 0.197 1242.958 0.02245
-0.02337 0.00249 0.09838 0.10115 0.43569 0.735 0.200 1242.988 0.02247
-0.02340 0.00249 0.09849 0.10126 0.43680 0.875 0.217 1243.017 0.02250
-0.02343 0.00249 0.09860 0.10138 0.43792 1.136 0.235 1243.047 0.02252
-0.02345 0.00250 0.09871 0.10149 0.43903 1.111 0.235 1243.077 0.02254
-0.02348 0.00250 0.09882 0.10160 0.44015 0.591 0.186 1243.107 0.02257
-0.02350 0.00250 0.09893 0.10171 0.44127 0.842 0.214 1243.137 0.02259
-0.02353 0.00250 0.09904 0.10183 0.44238 1.062 0.231 1243.167 0.02262
-0.02356 0.00251 0.09915 0.10194 0.44350 1.272 0.247 1243.197 0.02264
-0.02358 0.00251 0.09926 0.10205 0.44462 0.961 0.219 1243.227 0.02267
-0.02361 0.00251 0.09937 0.10216 0.44574 1.626 0.271 1243.257 0.02269
-0.02363 0.00252 0.09948 0.10228 0.44685 0.981 0.221 1243.286 0.02272
-0.02366 0.00252 0.09959 0.10239 0.44797 1.060 0.228 1243.316 0.02274
-0.02369 0.00252 0.09970 0.10250 0.44909 0.946 0.219 1243.346 0.02277
-0.02371 0.00252 0.09981 0.10261 0.45020 1.091 0.231 1243.376 0.02279
-0.02374 0.00253 0.09992 0.10273 0.45132 1.032 0.226 1243.406 0.02282
-0.02376 0.00253 0.10002 0.10284 0.45244 0.973 0.221 1243.436 0.02284
-0.02379 0.00253 0.10013 0.10295 0.45355 0.914 0.216 1243.466 0.02286
-0.02382 0.00254 0.10024 0.10307 0.45467 0.741 0.200 1243.496 0.02289
-0.02384 0.00254 0.10035 0.10318 0.45579 1.174 0.238 1243.525 0.02291
-0.02387 0.00254 0.10046 0.10329 0.45691 1.174 0.238 1243.555 0.02294
-0.02389 0.00254 0.10057 0.10340 0.45802 0.799 0.206 1243.585 0.02296
-0.02392 0.00255 0.10068 0.10352 0.45914 1.118 0.233 1243.615 0.02299
-0.02395 0.00255 0.10079 0.10363 0.46026 0.889 0.213 1243.645 0.02301
-0.02397 0.00255 0.10090 0.10374 0.46137 0.744 0.201 1243.675 0.02304
-0.02400 0.00255 0.10101 0.10385 0.46249 1.121 0.233 1243.705 0.02306
-0.02402 0.00256 0.10112 0.10397 0.46361 0.774 0.203 1243.735 0.02309
-0.02405 0.00256 0.10123 0.10408 0.46473 0.948 0.219 1243.764 0.02311
-0.02408 0.00256 0.10134 0.10419 0.46584 0.948 0.219 1243.794 0.02313
-0.02410 0.00257 0.10145 0.10430 0.46696 1.412 0.255 1243.824 0.02316
-0.02413 0.00257 0.10156 0.10442 0.46808 1.123 0.233 1243.854 0.02318
-0.02415 0.00257 0.10167 0.10453 0.46920 0.832 0.208 1243.884 0.02321
-0.02418 0.00257 0.10178 0.10464 0.47031 1.091 0.231 1243.914 0.02323
-0.02421 0.00258 0.10189 0.10475 0.47143 0.687 0.195 1243.944 0.02326
-0.02423 0.00258 0.10200 0.10487 0.47255 0.715 0.197 1243.974 0.02328
-0.02426 0.00258 0.10211 0.10498 0.47367 0.947 0.219 1244.003 0.02331
-0.02428 0.00259 0.10221 0.10509 0.47479 0.835 0.209 1244.033 0.02333
-0.02431 0.00259 0.10232 0.10520 0.47590 1.241 0.242 1244.063 0.02336
-0.02434 0.00259 0.10243 0.10532 0.47702 1.096 0.231 1244.093 0.02338
-0.02436 0.00259 0.10254 0.10543 0.47814 0.837 0.209 1244.123 0.02341
-0.02439 0.00260 0.10265 0.10554 0.47926 1.067 0.228 1244.153 0.02343
-0.02441 0.00260 0.10276 0.10565 0.48038 1.009 0.224 1244.183 0.02345
-0.02444 0.00260 0.10287 0.10577 0.48149 1.095 0.231 1244.213 0.02348
-0.02447 0.00260 0.10298 0.10588 0.48261 0.775 0.203 1244.243 0.02350
-0.02449 0.00261 0.10309 0.10599 0.48373 0.946 0.218 1244.272 0.02353
-0.02452 0.00261 0.10320 0.10611 0.48485 0.802 0.206 1244.302 0.02355
-0.02454 0.00261 0.10331 0.10622 0.48597 0.945 0.219 1244.332 0.02358
-0.02457 0.00262 0.10342 0.10633 0.48708 0.713 0.198 1244.362 0.02360
-0.02460 0.00262 0.10353 0.10644 0.48820 0.887 0.214 1244.392 0.02363
-0.02462 0.00262 0.10364 0.10656 0.48932 0.885 0.214 1244.422 0.02365
-0.02465 0.00262 0.10375 0.10667 0.49044 0.771 0.203 1244.452 0.02368
-0.02467 0.00263 0.10386 0.10678 0.49156 1.091 0.231 1244.482 0.02370
-0.02470 0.00263 0.10397 0.10689 0.49268 0.949 0.219 1244.511 0.02372
-0.02473 0.00263 0.10408 0.10701 0.49379 0.687 0.195 1244.541 0.02375
-0.02475 0.00263 0.10419 0.10712 0.49491 0.887 0.213 1244.571 0.02377
-0.02478 0.00264 0.10430 0.10723 0.49603 1.090 0.231 1244.601 0.02380
-0.02481 0.00264 0.10441 0.10734 0.49715 1.261 0.244 1244.631 0.02382
-0.02483 0.00264 0.10452 0.10746 0.49827 0.883 0.214 1244.661 0.02385
-0.02486 0.00265 0.10463 0.10757 0.49939 0.910 0.216 1244.691 0.02387
-0.02488 0.00265 0.10474 0.10768 0.50051 1.168 0.237 1244.721 0.02390
-0.02491 0.00265 0.10484 0.10780 0.50163 0.736 0.200 1244.750 0.02392
-0.02494 0.00265 0.10495 0.10791 0.50274 1.081 0.231 1244.780 0.02395
-0.02496 0.00266 0.10506 0.10802 0.50386 0.850 0.211 1244.810 0.02397
-0.02499 0.00266 0.10517 0.10813 0.50498 1.281 0.246 1244.840 0.02400
-0.02501 0.00266 0.10528 0.10825 0.50610 1.224 0.242 1244.870 0.02402
-0.02504 0.00267 0.10539 0.10836 0.50722 1.025 0.226 1244.900 0.02404
-0.02507 0.00267 0.10550 0.10847 0.50834 1.453 0.259 1244.930 0.02407
-0.02509 0.00267 0.10561 0.10858 0.50946 1.199 0.240 1244.960 0.02409
-0.02512 0.00267 0.10572 0.10870 0.51058 1.141 0.235 1244.989 0.02412
-0.02514 0.00268 0.10583 0.10881 0.51170 0.966 0.221 1245.019 0.02414
-0.02517 0.00268 0.10594 0.10892 0.51282 0.848 0.211 1245.049 0.02417
-0.02520 0.00268 0.10605 0.10904 0.51393 0.849 0.211 1245.079 0.02419
-0.02522 0.00268 0.10616 0.10915 0.51505 1.197 0.240 1245.109 0.02422
-0.02525 0.00269 0.10627 0.10926 0.51617 0.792 0.206 1245.139 0.02424
-0.02527 0.00269 0.10638 0.10937 0.51729 0.994 0.223 1245.169 0.02427
-0.02530 0.00269 0.10649 0.10949 0.51841 0.909 0.216 1245.199 0.02429
-0.02533 0.00270 0.10660 0.10960 0.51953 1.080 0.230 1245.229 0.02431
-0.02535 0.00270 0.10671 0.10971 0.52065 1.024 0.226 1245.258 0.02434
-0.02538 0.00270 0.10682 0.10983 0.52177 1.027 0.226 1245.288 0.02436
-0.02540 0.00270 0.10693 0.10994 0.52289 1.489 0.261 1245.318 0.02439
-0.02543 0.00271 0.10704 0.11005 0.52401 1.027 0.225 1245.348 0.02441
-0.02546 0.00271 0.10715 0.11016 0.52513 1.050 0.228 1245.378 0.02444
-0.02548 0.00271 0.10726 0.11028 0.52625 1.186 0.239 1245.408 0.02446
-0.02551 0.00272 0.10737 0.11039 0.52737 0.953 0.221 1245.438 0.02449
-0.02553 0.00272 0.10748 0.11050 0.52849 1.114 0.233 1245.468 0.02451
-0.02556 0.00272 0.10759 0.11061 0.52961 1.241 0.244 1245.497 0.02454
-0.02559 0.00272 0.10770 0.11073 0.53073 0.826 0.208 1245.527 0.02456
-0.02561 0.00273 0.10781 0.11084 0.53185 0.897 0.216 1245.557 0.02458
-0.02564 0.00273 0.10792 0.11095 0.53297 0.954 0.218 1245.587 0.02461
-0.02567 0.00273 0.10803 0.11107 0.53409 1.151 0.238 1245.617 0.02463
-0.02569 0.00273 0.10814 0.11118 0.53521 0.828 0.211 1245.647 0.02466
-0.02572 0.00274 0.10825 0.11129 0.53633 1.170 0.240 1245.677 0.02468
-0.02574 0.00274 0.10835 0.11140 0.53745 1.303 0.248 1245.707 0.02471
-0.02577 0.00274 0.10846 0.11152 0.53857 0.905 0.215 1245.736 0.02473
-0.02580 0.00275 0.10857 0.11163 0.53969 0.831 0.211 1245.766 0.02476
-0.02582 0.00275 0.10868 0.11174 0.54081 0.818 0.209 1245.796 0.02478
-0.02585 0.00275 0.10879 0.11186 0.54193 1.167 0.240 1245.826 0.02481
-0.02587 0.00275 0.10890 0.11197 0.54305 1.068 0.230 1245.856 0.02483
-0.02590 0.00276 0.10901 0.11208 0.54417 0.850 0.214 1245.886 0.02486
-0.02593 0.00276 0.10912 0.11219 0.54529 0.915 0.219 1245.916 0.02488
-0.02595 0.00276 0.10923 0.11231 0.54641 0.625 0.191 1245.946 0.02490
-0.02598 0.00277 0.10934 0.11242 0.54753 0.926 0.219 1245.975 0.02493
-0.02600 0.00277 0.10945 0.11253 0.54865 1.185 0.240 1246.005 0.02495
-0.02603 0.00277 0.10956 0.11265 0.54977 0.885 0.217 1246.035 0.02498
-0.02606 0.00277 0.10967 0.11276 0.55089 0.936 0.218 1246.065 0.02500
-0.02608 0.00278 0.10978 0.11287 0.55201 1.034 0.280 1246.095 0.02503
-0.02611 0.00278 0.10989 0.11299 0.55313 0.919 0.269 1246.125 0.02505
-0.02613 0.00278 0.11000 0.11310 0.55425 0.882 0.265 1246.155 0.02508
-0.02616 0.00278 0.11011 0.11321 0.55537 1.308 0.303 1246.185 0.02510
-0.02619 0.00279 0.11022 0.11332 0.55649 1.192 0.293 1246.215 0.02513
-0.02621 0.00279 0.11033 0.11344 0.55762 0.803 0.257 1246.244 0.02515
-0.02624 0.00279 0.11044 0.11355 0.55874 1.382 0.310 1246.274 0.02517
-0.02626 0.00280 0.11055 0.11366 0.55986 0.761 0.254 1246.304 0.02520
-0.02629 0.00280 0.11066 0.11378 0.56098 1.146 0.286 1246.334 0.02522
-0.02632 0.00280 0.11077 0.11389 0.56210 1.147 0.290 1246.364 0.02525
-0.02634 0.00280 0.11088 0.11400 0.56322 0.644 0.241 1246.394 0.02527
-0.02637 0.00281 0.11099 0.11411 0.56434 0.876 0.258 1246.424 0.02530
-0.02640 0.00281 0.11110 0.11423 0.56546 0.913 0.265 1246.454 0.02532
-0.02642 0.00281 0.11121 0.11434 0.56658 1.284 0.252 1246.483 0.02535
-0.02645 0.00282 0.11132 0.11445 0.56770 1.034 0.232 1246.513 0.02537
-0.02647 0.00282 0.11143 0.11457 0.56883 1.119 0.233 1246.543 0.02540
-0.02650 0.00282 0.11154 0.11468 0.56995 0.974 0.222 1246.573 0.02542
-0.02653 0.00282 0.11165 0.11479 0.57107 1.059 0.229 1246.603 0.02545
-0.02655 0.00283 0.11176 0.11490 0.57219 1.117 0.233 1246.633 0.02547
-0.02658 0.00283 0.11187 0.11502 0.57331 0.741 0.201 1246.663 0.02549
-0.02660 0.00283 0.11198 0.11513 0.57443 1.115 0.233 1246.693 0.02552
-0.02663 0.00283 0.11209 0.11524 0.57555 0.772 0.204 1246.722 0.02554
-0.02666 0.00284 0.11220 0.11536 0.57667 1.001 0.223 1246.752 0.02557
-0.02668 0.00284 0.11231 0.11547 0.57780 0.887 0.214 1246.782 0.02559
-0.02671 0.00284 0.11242 0.11558 0.57892 1.146 0.236 1246.812 0.02562
-0.02673 0.00285 0.11253 0.11570 0.58004 0.977 0.222 1246.842 0.02564
-0.02676 0.00285 0.11264 0.11581 0.58116 1.092 0.231 1246.872 0.02567
-0.02679 0.00285 0.11275 0.11592 0.58228 1.146 0.235 1246.902 0.02569
-0.02681 0.00285 0.11286 0.11603 0.58340 0.974 0.222 1246.932 0.02572
-0.02684 0.00286 0.11297 0.11615 0.58453 0.945 0.218 1246.961 0.02574
-0.02687 0.00286 0.11308 0.11626 0.58565 1.090 0.231 1246.991 0.02576
-0.02689 0.00286 0.11319 0.11637 0.58677 0.770 0.203 1247.021 0.02579
-0.02692 0.00287 0.11330 0.11649 0.58789 0.857 0.212 1247.051 0.02581
-0.02694 0.00287 0.11341 0.11660 0.58901 1.147 0.235 1247.081 0.02584
-0.02697 0.00287 0.11352 0.11671 0.59013 0.974 0.221 1247.111 0.02586
-0.02700 0.00287 0.11363 0.11683 0.59126 0.945 0.218 1247.141 0.02589
-0.02702 0.00288 0.11374 0.11694 0.59238 1.235 0.242 1247.171 0.02591
-0.02705 0.00288 0.11385 0.11705 0.59350 1.059 0.229 1247.201 0.02594
-0.02707 0.00288 0.11396 0.11717 0.59462 1.089 0.231 1247.230 0.02596
-0.02710 0.00288 0.11407 0.11728 0.59575 1.119 0.234 1247.260 0.02599
-0.02713 0.00289 0.11418 0.11739 0.59687 1.033 0.226 1247.290 0.02601
-0.02715 0.00289 0.11429 0.11750 0.59799 1.179 0.238 1247.320 0.02604
-0.02718 0.00289 0.11440 0.11762 0.59911 0.892 0.214 1247.350 0.02606
-0.02721 0.00290 0.11451 0.11773 0.60023 1.065 0.229 1247.380 0.02608
-0.02723 0.00290 0.11462 0.11784 0.60136 1.063 0.229 1247.410 0.02611
-0.02726 0.00290 0.11473 0.11796 0.60248 1.002 0.224 1247.440 0.02613
-0.02728 0.00290 0.11484 0.11807 0.60360 1.294 0.247 1247.469 0.02616
-0.02731 0.00291 0.11495 0.11818 0.60472 1.121 0.234 1247.499 0.02618
-0.02734 0.00291 0.11506 0.11830 0.60585 1.410 0.255 1247.529 0.02621
-0.02736 0.00291 0.11517 0.11841 0.60697 0.917 0.217 1247.559 0.02623
-0.02739 0.00292 0.11528 0.11852 0.60809 1.207 0.240 1247.589 0.02626
-0.02741 0.00292 0.11539 0.11864 0.60921 1.167 0.246 1247.619 0.02628
-0.02744 0.00292 0.11550 0.11875 0.61034 0.713 0.214 1247.649 0.02631
-0.02747 0.00292 0.11561 0.11886 0.61146 0.921 0.217 1247.679 0.02633
-0.02749 0.00293 0.11572 0.11897 0.61258 0.834 0.209 1247.708 0.02635
-0.02752 0.00293 0.11583 0.11909 0.61370 0.805 0.207 1247.738 0.02638
-0.02754 0.00293 0.11594 0.11920 0.61483 1.207 0.240 1247.768 0.02640
-0.02757 0.00293 0.11605 0.11931 0.61595 1.091 0.231 1247.798 0.02643
-0.02760 0.00294 0.11616 0.11943 0.61707 1.263 0.244 1247.828 0.02645
-0.02762 0.00294 0.11627 0.11954 0.61820 1.233 0.243 1247.858 0.02648
-0.02765 0.00294 0.11638 0.11965 0.61932 0.713 0.198 1247.888 0.02650
-0.02768 0.00295 0.11649 0.11977 0.62044 1.091 0.231 1247.918 0.02653
-0.02770 0.00295 0.11660 0.11988 0.62156 0.800 0.206 1247.947 0.02655
-0.02773 0.00295 0.11671 0.11999 0.62269 1.146 0.236 1247.977 0.02658
-0.02775 0.00295 0.11682 0.12011 0.62381 1.004 0.224 1248.007 0.02660
-0.02778 0.00296 0.11693 0.12022 0.62493 1.148 0.236 1248.037 0.02662
-0.02781 0.00296 0.11704 0.12033 0.62606 0.891 0.214 1248.067 0.02665
-0.02783 0.00296 0.11715 0.12045 0.62718 1.005 0.224 1248.097 0.02667
-0.02786 0.00297 0.11726 0.12056 0.62830 0.891 0.214 1248.127 0.02670
-0.02788 0.00297 0.11737 0.12067 0.62943 0.861 0.212 1248.157 0.02672
-0.02791 0.00297 0.11748 0.12078 0.63055 0.890 0.214 1248.187 0.02675
-0.02794 0.00297 0.11759 0.12090 0.63167 0.979 0.222 1248.216 0.02677
-0.02796 0.00298 0.11770 0.12101 0.63280 1.183 0.238 1248.246 0.02680
-0.02799 0.00298 0.11781 0.12112 0.63392 1.180 0.238 1248.276 0.02682
-0.02802 0.00298 0.11792 0.12124 0.63504 1.121 0.234 1248.306 0.02685
-0.02804 0.00299 0.11803 0.12135 0.63617 1.152 0.235 1248.336 0.02687
-0.02807 0.00299 0.11814 0.12146 0.63729 0.541 0.180 1248.366 0.02690
-0.02809 0.00299 0.11825 0.12158 0.63841 1.210 0.241 1248.396 0.02692
-0.02812 0.00299 0.11836 0.12169 0.63954 1.210 0.240 1248.426 0.02694
-0.02815 0.00300 0.11847 0.12180 0.64066 1.472 0.259 1248.455 0.02697
-0.02817 0.00300 0.11858 0.12192 0.64179 1.213 0.241 1248.485 0.02699
-0.02820 0.00300 0.11869 0.12203 0.64291 1.038 0.227 1248.515 0.02702
-0.02822 0.00300 0.11880 0.12214 0.64403 1.009 0.224 1248.545 0.02704
-0.02825 0.00301 0.11891 0.12226 0.64516 1.183 0.238 1248.575 0.02707
-0.02828 0.00301 0.11902 0.12237 0.64628 0.947 0.222 1248.605 0.02709
-0.02830 0.00301 0.11913 0.12248 0.64741 1.480 0.263 1248.635 0.02712
-0.02833 0.00302 0.11924 0.12260 0.64853 1.374 0.254 1248.665 0.02714
-0.02836 0.00302 0.11935 0.12271 0.64965 0.708 0.201 1248.694 0.02717
-0.02838 0.00302 0.11946 0.12282 0.65078 1.110 0.233 1248.724 0.02719
-0.02841 0.00302 0.11957 0.12294 0.65190 0.933 0.219 1248.754 0.02721
-0.02843 0.00303 0.11968 0.12305 0.65303 0.920 0.217 1248.784 0.02724
-0.02846 0.00303 0.11979 0.12316 0.65415 0.763 0.204 1248.814 0.02726
-0.02849 0.00303 0.11990 0.12328 0.65527 0.951 0.222 1248.844 0.02729
-0.02851 0.00304 0.12001 0.12339 0.65640 0.888 0.215 1248.874 0.02731
-0.02854 0.00304 0.12012 0.12350 0.65752 0.972 0.225 1248.904 0.02734
-0.02856 0.00304 0.12023 0.12362 0.65865 0.966 0.222 1248.933 0.02736
-0.02859 0.00304 0.12034 0.12373 0.65977 0.940 0.219 1248.963 0.02739
-0.02862 0.00305 0.12045 0.12384 0.66090 1.014 0.227 1248.993 0.02741
-0.02864 0.00305 0.12056 0.12396 0.66202 1.160 0.257 1249.023 0.02744
-0.02867 0.00305 0.12067 0.12407 0.66314 1.138 0.281 1249.053 0.02746
-0.02870 0.00305 0.12078 0.12418 0.66427 1.213 0.289 1249.083 0.02749
-0.02872 0.00306 0.12089 0.12430 0.66539 1.057 0.274 1249.113 0.02751
-0.02875 0.00306 0.12100 0.12441 0.66652 0.863 0.254 1249.143 0.02753
-0.02877 0.00306 0.12111 0.12452 0.66764 0.899 0.258 1249.173 0.02756
-0.02880 0.00307 0.12122 0.12464 0.66877 1.057 0.273 1249.202 0.02758
-0.02883 0.00307 0.12133 0.12475 0.66989 1.015 0.271 1249.232 0.02761
-0.02885 0.00307 0.12144 0.12486 0.67102 0.582 0.223 1249.262 0.02763
-0.02888 0.00307 0.12155 0.12498 0.67214 1.166 0.284 1249.292 0.02766
-0.02891 0.00308 0.12166 0.12509 0.67327 1.131 0.280 1249.322 0.02768
-0.02893 0.00308 0.12177 0.12520 0.67439 1.131 0.281 1249.352 0.02771
-0.02896 0.00308 0.12188 0.12532 0.67552 1.168 0.284 1249.382 0.02773
-0.02898 0.00309 0.12199 0.12543 0.67664 1.132 0.281 1249.412 0.02776
-0.02901 0.00309 0.12211 0.12554 0.67777 0.699 0.214 1249.441 0.02778
-0.02904 0.00309 0.12222 0.12566 0.67889 0.970 0.222 1249.471 0.02780
-0.02906 0.00309 0.12233 0.12577 0.68002 0.769 0.204 1249.501 0.02783
-0.02909 0.00310 0.12244 0.12588 0.68114 1.090 0.232 1249.531 0.02785
-0.02911 0.00310 0.12255 0.12600 0.68227 1.091 0.232 1249.561 0.02788
-0.02914 0.00310 0.12266 0.12611 0.68339 1.267 0.245 1249.591 0.02790
-0.02917 0.00310 0.12277 0.12622 0.68452 0.653 0.193 1249.621 0.02793
-0.02919 0.00311 0.12288 0.12634 0.68564 0.740 0.202 1249.651 0.02795
-0.02922 0.00311 0.12299 0.12645 0.68677 1.091 0.232 1249.680 0.02798
-0.02925 0.00311 0.12310 0.12656 0.68789 1.093 0.232 1249.710 0.02800
-0.02927 0.00312 0.12321 0.12668 0.68902 1.298 0.247 1249.740 0.02803
-0.02930 0.00312 0.12332 0.12679 0.69014 1.325 0.249 1249.770 0.02805
-0.02932 0.00312 0.12343 0.12690 0.69127 1.151 0.236 1249.800 0.02808
-0.02935 0.00312 0.12354 0.12702 0.69240 0.977 0.223 1249.830 0.02810
-0.02938 0.00313 0.12365 0.12713 0.69352 1.268 0.245 1249.860 0.02812
-0.02940 0.00313 0.12376 0.12724 0.69465 1.068 0.230 1249.890 0.02815
-0.02943 0.00313 0.12387 0.12736 0.69577 0.746 0.202 1249.919 0.02817
-0.02946 0.00314 0.12398 0.12747 0.69690 1.009 0.224 1249.949 0.02820
-0.02948 0.00314 0.12409 0.12758 0.69802 1.009 0.224 1249.979 0.02822
-0.02951 0.00314 0.12420 0.12770 0.69915 0.920 0.218 1250.009 0.02825
-0.02953 0.00314 0.12431 0.12781 0.70027 1.068 0.230 1250.039 0.02827
-0.02956 0.00315 0.12442 0.12792 0.70140 0.920 0.218 1250.069 0.02830
-0.02959 0.00315 0.12453 0.12804 0.70253 0.834 0.210 1250.099 0.02832
-0.02961 0.00315 0.12464 0.12815 0.70365 1.241 0.244 1250.129 0.02835
-0.02964 0.00316 0.12475 0.12826 0.70478 0.922 0.217 1250.158 0.02837
-0.02967 0.00316 0.12486 0.12838 0.70590 1.067 0.230 1250.188 0.02839
-0.02969 0.00316 0.12497 0.12849 0.70703 0.721 0.199 1250.218 0.02842
-0.02972 0.00316 0.12508 0.12860 0.70816 0.636 0.190 1250.248 0.02844
-0.02974 0.00317 0.12519 0.12872 0.70928 0.812 0.207 1250.278 0.02847
-0.02977 0.00317 0.12530 0.12883 0.71041 0.987 0.223 1250.308 0.02849
-0.02980 0.00317 0.12541 0.12894 0.71153 0.898 0.215 1250.338 0.02852
-0.02982 0.00317 0.12552 0.12906 0.71266 0.898 0.215 1250.368 0.02854
-0.02985 0.00318 0.12563 0.12917 0.71379 0.779 0.204 1250.398 0.02857
-0.02987 0.00318 0.12575 0.12928 0.71491 0.348 0.155 1250.427 0.02859
-0.02990 0.00318 0.12586 0.12940 0.71604 0.432 0.166 1250.457 0.02862
-0.02993 0.00319 0.12597 0.12951 0.71717 0.465 0.219 1250.487 0.02864
-0.02995 0.00319 0.12608 0.12962 0.71829 0.817 0.259 1250.517 0.02866
-0.02998 0.00319 0.12619 0.12974 0.71942 0.699 0.247 1250.547 0.02869
-0.03001 0.00319 0.12630 0.12985 0.72055 1.168 0.293 1250.577 0.02871
-0.03003 0.00320 0.12641 0.12997 0.72167 0.660 0.242 1250.607 0.02874
-0.03006 0.00320 0.12652 0.13008 0.72280 1.049 0.282 1250.637 0.02876
-0.03008 0.00320 0.12663 0.13019 0.72393 0.778 0.255 1250.666 0.02879
-0.03011 0.00321 0.12674 0.13031 0.72505 0.854 0.263 1250.696 0.02881
-0.03014 0.00321 0.12685 0.13042 0.72618 1.089 0.284 1250.726 0.02884
-0.03016 0.00321 0.12696 0.13053 0.72731 1.206 0.295 1250.756 0.02886
-0.03019 0.00321 0.12707 0.13065 0.72843 1.167 0.293 1250.786 0.02889
-0.03022 0.00322 0.12718 0.13076 0.72956 1.209 0.296 1250.816 0.02891
-0.03024 0.00322 0.12729 0.13087 0.73069 1.087 0.286 1250.846 0.02894
-0.03027 0.00322 0.12740 0.13099 0.73181 0.662 0.242 1250.876 0.02896
-0.03029 0.00322 0.12751 0.13110 0.73294 0.817 0.259 1250.905 0.02898
-0.03032 0.00323 0.12762 0.13121 0.73407 0.898 0.268 1250.935 0.02901
-0.03035 0.00323 0.12773 0.13133 0.73519 0.503 0.224 1250.965 0.02903
-0.03037 0.00323 0.12784 0.13144 0.73632 1.011 0.279 1250.995 0.02906
-0.03040 0.00324 0.12795 0.13155 0.73745 1.013 0.279 1251.025 0.02908
-0.03043 0.00324 0.12806 0.13167 0.73858 1.246 0.300 1251.055 0.02911
-0.03045 0.00324 0.12817 0.13178 0.73970 0.719 0.234 1251.085 0.02913
-0.03048 0.00324 0.12828 0.13190 0.74083 0.930 0.218 1251.115 0.02916
-0.03050 0.00325 0.12840 0.13201 0.74196 0.840 0.210 1251.144 0.02918
-0.03053 0.00325 0.12851 0.13212 0.74308 0.924 0.218 1251.174 0.02921
-0.03056 0.00325 0.12862 0.13224 0.74421 0.868 0.213 1251.204 0.02923
-0.03058 0.00326 0.12873 0.13235 0.74534 1.062 0.231 1251.234 0.02925
-0.03061 0.00326 0.12884 0.13246 0.74647 1.379 0.254 1251.264 0.02928
-0.03064 0.00326 0.12895 0.13258 0.74759 0.949 0.224 1251.294 0.02930
-0.03066 0.00326 0.12906 0.13269 0.74872 1.200 0.242 1251.324 0.02933
-0.03069 0.00327 0.12917 0.13280 0.74985 0.902 0.221 1251.354 0.02935
-0.03071 0.00327 0.12928 0.13292 0.75098 0.911 0.221 1251.384 0.02938
-0.03074 0.00327 0.12939 0.13303 0.75210 0.906 0.221 1251.413 0.02940
-0.03077 0.00328 0.12950 0.13315 0.75323 1.065 0.233 1251.443 0.02943
-0.03079 0.00328 0.12961 0.13326 0.75436 1.050 0.231 1251.473 0.02945
-0.03082 0.00328 0.12972 0.13337 0.75549 0.915 0.219 1251.503 0.02948
-0.03085 0.00328 0.12983 0.13349 0.75661 1.286 0.248 1251.533 0.02950
-0.03087 0.00329 0.12994 0.13360 0.75774 0.841 0.214 1251.563 0.02953
-0.03090 0.00329 0.13005 0.13371 0.75887 1.258 0.247 1251.593 0.02955
-0.03092 0.00329 0.13016 0.13383 0.76000 1.489 0.266 1251.623 0.02957
-0.03095 0.00329 0.13027 0.13394 0.76113 1.322 0.251 1251.652 0.02960
-0.03098 0.00330 0.13038 0.13405 0.76225 1.198 0.240 1251.682 0.02962
-0.03100 0.00330 0.13049 0.13417 0.76338 1.190 0.240 1251.712 0.02965
-0.03103 0.00330 0.13061 0.13428 0.76451 1.072 0.231 1251.742 0.02967
-0.03106 0.00331 0.13072 0.13439 0.76564 0.810 0.209 1251.772 0.02970
-0.03108 0.00331 0.13083 0.13451 0.76677 1.104 0.233 1251.802 0.02972
-0.03111 0.00331 0.13094 0.13462 0.76789 0.987 0.224 1251.832 0.02975
-0.03113 0.00331 0.13105 0.13474 0.76902 1.017 0.227 1251.862 0.02977
-0.03116 0.00332 0.13116 0.13485 0.77015 1.249 0.245 1251.891 0.02980
-0.03119 0.00332 0.13127 0.13496 0.77128 1.134 0.236 1251.921 0.02982
-0.03121 0.00332 0.13138 0.13508 0.77241 1.371 0.254 1251.951 0.02984
-0.03124 0.00333 0.13149 0.13519 0.77354 0.989 0.224 1251.981 0.02987
-0.03127 0.00333 0.13160 0.13530 0.77466 0.961 0.221 1252.011 0.02989
-0.03129 0.00333 0.13171 0.13542 0.77579 0.842 0.211 1252.041 0.02992
-0.03132 0.00333 0.13182 0.13553 0.77692 0.780 0.206 1252.071 0.02994
-0.03134 0.00334 0.13193 0.13565 0.77805 0.782 0.206 1252.101 0.02997
-0.03137 0.00334 0.13204 0.13576 0.77918 0.669 0.193 1252.130 0.02999
-0.03140 0.00334 0.13215 0.13587 0.78031 0.933 0.219 1252.160 0.03002
-0.03142 0.00335 0.13226 0.13599 0.78144 0.580 0.184 1252.190 0.03004
-0.03145 0.00335 0.13237 0.13610 0.78256 0.608 0.188 1252.220 0.03007
-0.03148 0.00335 0.13249 0.13621 0.78369 0.519 0.178 1252.250 0.03009
-0.03150 0.00335 0.13260 0.13633 0.78482 0.400 0.164 1252.280 0.03011
-0.03153 0.00336 0.13271 0.13644 0.78595 0.604 0.188 1252.310 0.03014
-0.03155 0.00336 0.13282 0.13656 0.78708 0.487 0.175 1252.340 0.03016
-0.03158 0.00336 0.13293 0.13667 0.78821 0.400 0.165 1252.370 0.03019
-0.03161 0.00336 0.13304 0.13678 0.78934 0.254 0.142 1252.399 0.03021
-0.03163 0.00337 0.13315 0.13690 0.79047 0.314 0.153 1252.429 0.03024
-0.03166 0.00337 0.13326 0.13701 0.79160 0.550 0.182 1252.459 0.03026
-0.03169 0.00337 0.13337 0.13712 0.79272 0.609 0.186 1252.489 0.03029
-0.03171 0.00338 0.13348 0.13724 0.79385 0.579 0.184 1252.519 0.03031
-0.03174 0.00338 0.13359 0.13735 0.79498 0.785 0.206 1252.549 0.03034
-0.03177 0.00338 0.13370 0.13747 0.79611 0.935 0.220 1252.579 0.03036
-0.03179 0.00338 0.13381 0.13758 0.79724 0.964 0.222 1252.609 0.03039
-0.03182 0.00339 0.13392 0.13769 0.79837 0.849 0.212 1252.638 0.03041
-0.03184 0.00339 0.13403 0.13781 0.79950 0.434 0.168 1252.668 0.03043
-0.03187 0.00339 0.13414 0.13792 0.80063 0.404 0.162 1252.698 0.03046
-0.03190 0.00340 0.13426 0.13803 0.80176 0.316 0.153 1252.728 0.03048
-0.03192 0.00340 0.13437 0.13815 0.80289 0.438 0.169 1252.758 0.03051
-0.03195 0.00340 0.13448 0.13826 0.80402 0.498 0.175 1252.788 0.03053
-0.03198 0.00340 0.13459 0.13838 0.80515 0.348 0.156 1252.818 0.03056
-0.03200 0.00341 0.13470 0.13849 0.80628 0.611 0.189 1252.848 0.03058
-0.03203 0.00341 0.13481 0.13860 0.80741 1.260 0.246 1252.877 0.03061
-0.03205 0.00341 0.13492 0.13872 0.80853 0.762 0.204 1252.907 0.03063
-0.03208 0.00342 0.13503 0.13883 0.80966 1.030 0.228 1252.937 0.03066
-0.03211 0.00342 0.13514 0.13894 0.81079 0.970 0.223 1252.967 0.03068
-0.03213 0.00342 0.13525 0.13906 0.81192 1.026 0.228 1252.997 0.03070
-0.03216 0.00342 0.13536 0.13917 0.81305 1.001 0.225 1253.027 0.03073
-0.03219 0.00343 0.13547 0.13929 0.81418 0.763 0.204 1253.057 0.03075
-0.03221 0.00343 0.13558 0.13940 0.81531 0.971 0.223 1253.087 0.03078
-0.03224 0.00343 0.13569 0.13951 0.81644 1.148 0.237 1253.116 0.03080
-0.03226 0.00343 0.13580 0.13963 0.81757 1.090 0.233 1253.146 0.03083
-0.03229 0.00344 0.13592 0.13974 0.81870 0.828 0.210 1253.176 0.03085
-0.03232 0.00344 0.13603 0.13986 0.81983 0.858 0.213 1253.206 0.03088
-0.03234 0.00344 0.13614 0.13997 0.82096 1.006 0.226 1253.236 0.03090
-0.03237 0.00345 0.13625 0.14008 0.82209 1.008 0.226 1253.266 0.03093
-0.03240 0.00345 0.13636 0.14020 0.82322 0.889 0.215 1253.296 0.03095
-0.03242 0.00345 0.13647 0.14031 0.82435 1.009 0.226 1253.326 0.03098
-0.03245 0.00345 0.13658 0.14042 0.82548 0.684 0.194 1253.356 0.03100
-0.03248 0.00346 0.13669 0.14054 0.82661 0.919 0.218 1253.385 0.03102
-0.03250 0.00346 0.13680 0.14065 0.82774 0.611 0.206 1253.415 0.03105
-0.03253 0.00346 0.13691 0.14077 0.82887 0.967 0.270 1253.445 0.03107
-0.03255 0.00347 0.13702 0.14088 0.83000 0.772 0.246 1253.475 0.03110
-0.03258 0.00347 0.13713 0.14099 0.83113 0.850 0.255 1253.505 0.03112
-0.03261 0.00347 0.13724 0.14111 0.83227 0.852 0.259 1253.535 0.03115
-0.03263 0.00347 0.13736 0.14122 0.83340 0.732 0.246 1253.565 0.03117
-0.03266 0.00348 0.13747 0.14134 0.83453 0.852 0.263 1253.595 0.03120
-0.03269 0.00348 0.13758 0.14145 0.83566 0.335 0.188 1253.624 0.03122
-0.03271 0.00348 0.13769 0.14156 0.83679 0.574 0.223 1253.654 0.03125
-0.03274 0.00349 0.13780 0.14168 0.83792 0.297 0.187 1253.684 0.03127
-0.03276 0.00349 0.13791 0.14179 0.83905 0.217 0.166 1253.714 0.03129
-0.03279 0.00349 0.13802 0.14190 0.84018 0.576 0.223 1253.744 0.03132
-0.03282 0.00349 0.13813 0.14202 0.84131 0.458 0.222 1253.774 0.03134
-0.03284 0.00350 0.13824 0.14213 0.84244 0.817 0.262 1253.804 0.03137
-0.03287 0.00350 0.13835 0.14225 0.84357 0.934 0.271 1253.834 0.03139
-0.03290 0.00350 0.13846 0.14236 0.84470 1.092 0.287 1253.863 0.03142
-0.03292 0.00350 0.13857 0.14247 0.84583 1.150 0.290 1253.893 0.03144
-0.03295 0.00351 0.13869 0.14259 0.84696 1.164 0.290 1253.923 0.03147
-0.03298 0.00351 0.13880 0.14270 0.84810 1.704 0.336 1253.953 0.03149
-0.03300 0.00351 0.13891 0.14282 0.84923 0.709 0.247 1253.983 0.03152
-0.03303 0.00352 0.13902 0.14293 0.85036 0.987 0.271 1254.013 0.03154
-0.03305 0.00352 0.13913 0.14304 0.85149 1.045 0.279 1254.043 0.03157
-0.03308 0.00352 0.13924 0.14316 0.85262 0.621 0.192 1254.073 0.03159
-0.03311 0.00352 0.13935 0.14327 0.85375 0.976 0.226 1254.102 0.03161
-0.03313 0.00353 0.13946 0.14339 0.85488 1.034 0.231 1254.132 0.03164
-0.03316 0.00353 0.13957 0.14350 0.85601 0.986 0.227 1254.162 0.03166
-0.03319 0.00353 0.13968 0.14361 0.85714 1.316 0.252 1254.192 0.03169
-0.03321 0.00354 0.13979 0.14373 0.85828 1.218 0.246 1254.222 0.03171
-0.03324 0.00354 0.13990 0.14384 0.85941 1.302 0.252 1254.252 0.03174
-0.03327 0.00354 0.14002 0.14396 0.86054 0.994 0.227 1254.282 0.03176
-0.03329 0.00354 0.14013 0.14407 0.86167 1.103 0.236 1254.312 0.03179
-0.03332 0.00355 0.14024 0.14418 0.86280 0.994 0.227 1254.342 0.03181
-0.03334 0.00355 0.14035 0.14430 0.86393 0.626 0.197 1254.371 0.03184
-0.03337 0.00355 0.14046 0.14441 0.86506 0.675 0.197 1254.401 0.03186
-0.03340 0.00356 0.14057 0.14453 0.86620 0.973 0.227 1254.431 0.03188
-0.03342 0.00356 0.14068 0.14464 0.86733 0.698 0.200 1254.461 0.03191
-0.03345 0.00356 0.14079 0.14475 0.86846 0.913 0.222 1254.491 0.03193
-0.03348 0.00356 0.14090 0.14487 0.86959 0.947 0.222 1254.521 0.03196
-0.03350 0.00357 0.14101 0.14498 0.87072 1.031 0.232 1254.551 0.03198
-0.03353 0.00357 0.14112 0.14510 0.87185 1.187 0.241 1254.581 0.03201
-0.03356 0.00357 0.14124 0.14521 0.87299 0.861 0.214 1254.610 0.03203
-0.03358 0.00357 0.14135 0.14532 0.87412 0.833 0.211 1254.640 0.03206
-0.03361 0.00358 0.14146 0.14544 0.87525 0.653 0.194 1254.670 0.03208
-0.03363 0.00358 0.14157 0.14555 0.87638 0.894 0.217 1254.700 0.03211
-0.03366 0.00358 0.14168 0.14567 0.87751 1.310 0.250 1254.730 0.03213
-0.03369 0.00359 0.14179 0.14578 0.87865 1.338 0.253 1254.760 0.03215
-0.03371 0.00359 0.14190 0.14589 0.87978 1.044 0.230 1254.790 0.03218
-0.03374 0.00359 0.14201 0.14601 0.88091 1.249 0.247 1254.820 0.03220
-0.03377 0.00359 0.14212 0.14612 0.88204 1.342 0.253 1254.849 0.03223
-0.03379 0.00360 0.14223 0.14624 0.88317 1.139 0.237 1254.879 0.03225
-0.03382 0.00360 0.14234 0.14635 0.88431 1.193 0.242 1254.909 0.03228
-0.03384 0.00360 0.14246 0.14646 0.88544 0.832 0.211 1254.939 0.03230
-0.03387 0.00361 0.14257 0.14658 0.88657 1.044 0.230 1254.969 0.03233
-0.03390 0.00361 0.14268 0.14669 0.88770 0.892 0.217 1254.999 0.03235
-0.03392 0.00361 0.14279 0.14681 0.88884 0.862 0.215 1255.029 0.03238
-0.03395 0.00361 0.14290 0.14692 0.88997 0.922 0.220 1255.059 0.03240
-0.03398 0.00362 0.14301 0.14704 0.89110 1.189 0.242 1255.088 0.03243
-0.03400 0.00362 0.14312 0.14715 0.89223 1.431 0.260 1255.118 0.03245
-0.03403 0.00362 0.14323 0.14726 0.89337 0.924 0.220 1255.148 0.03247
-0.03406 0.00363 0.14334 0.14738 0.89450 1.090 0.272 1255.178 0.03250
-0.03408 0.00363 0.14345 0.14749 0.89563 1.031 0.285 1255.208 0.03252
-0.03411 0.00363 0.14357 0.14761 0.89676 1.155 0.295 1255.238 0.03255
-0.03413 0.00363 0.14368 0.14772 0.89790 1.276 0.306 1255.268 0.03257
-0.03416 0.00364 0.14379 0.14783 0.89903 1.196 0.299 1255.298 0.03260
-0.03419 0.00364 0.14390 0.14795 0.90016 1.194 0.298 1255.328 0.03262
-0.03421 0.00364 0.14401 0.14806 0.90129 1.477 0.322 1255.357 0.03265
-0.03424 0.00364 0.14412 0.14818 0.90243 1.198 0.299 1255.387 0.03267
-0.03427 0.00365 0.14423 0.14829 0.90356 1.155 0.295 1255.417 0.03270
-0.03429 0.00365 0.14434 0.14840 0.90469 0.916 0.274 1255.447 0.03272
-0.03432 0.00365 0.14445 0.14852 0.90583 0.913 0.273 1255.477 0.03274
-0.03435 0.00366 0.14456 0.14863 0.90696 0.632 0.244 1255.507 0.03277
-0.03437 0.00366 0.14468 0.14875 0.90809 1.037 0.284 1255.537 0.03279
-0.03440 0.00366 0.14479 0.14886 0.90923 1.034 0.286 1255.567 0.03282
-0.03443 0.00366 0.14490 0.14898 0.91036 1.117 0.293 1255.596 0.03284
-0.03445 0.00367 0.14501 0.14909 0.91149 1.035 0.285 1255.626 0.03287
-0.03448 0.00367 0.14512 0.14920 0.91263 0.916 0.273 1255.656 0.03289
-0.03450 0.00367 0.14523 0.14932 0.91376 1.159 0.296 1255.686 0.03292
-0.03453 0.00368 0.14534 0.14943 0.91489 1.397 0.316 1255.716 0.03294
-0.03456 0.00368 0.14545 0.14955 0.91603 1.156 0.297 1255.746 0.03297
-0.03458 0.00368 0.14556 0.14966 0.91716 1.478 0.323 1255.776 0.03299
-0.03461 0.00368 0.14567 0.14977 0.91829 1.076 0.289 1255.806 0.03302
-0.03464 0.00369 0.14579 0.14989 0.91943 1.116 0.292 1255.835 0.03304
-0.03466 0.00369 0.14590 0.15000 0.92056 1.042 0.286 1255.865 0.03306
-0.03469 0.00369 0.14601 0.15012 0.92169 1.009 0.317 1255.895 0.03309
-0.03472 0.00370 0.14612 0.15023 0.92283 0.833 0.266 1255.925 0.03311
-0.03474 0.00370 0.14623 0.15035 0.92396 0.636 0.244 1255.955 0.03314
-0.03477 0.00370 0.14634 0.15046 0.92509 0.999 0.283 1255.985 0.03316
-0.03479 0.00370 0.14645 0.15057 0.92623 1.241 0.304 1256.015 0.03319
-0.03482 0.00371 0.14656 0.15069 0.92736 1.284 0.308 1256.045 0.03321
-0.03485 0.00371 0.14667 0.15080 0.92849 1.042 0.286 1256.074 0.03324
-0.03487 0.00371 0.14679 0.15092 0.92963 1.081 0.288 1256.104 0.03326
-0.03490 0.00372 0.14690 0.15103 0.93076 1.089 0.290 1256.134 0.03329
-0.03493 0.00372 0.14701 0.15115 0.93190 1.168 0.297 1256.164 0.03331
-0.03495 0.00372 0.14712 0.15126 0.93303 0.968 0.278 1256.194 0.03333
-0.03498 0.00372 0.14723 0.15137 0.93416 0.849 0.267 1256.224 0.03336
-0.03501 0.00373 0.14734 0.15149 0.93530 0.644 0.245 1256.254 0.03338
-0.03503 0.00373 0.14745 0.15160 0.93643 0.724 0.254 1256.284 0.03341
-0.03506 0.00373 0.14756 0.15172 0.93757 0.482 0.226 1256.314 0.03343
-0.03508 0.00373 0.14767 0.15183 0.93870 0.277 0.196 1256.343 0.03346
-0.03511 0.00374 0.14779 0.15195 0.93983 0.278 0.196 1256.373 0.03348
-0.03514 0.00374 0.14790 0.15206 0.94097 0.074 0.159 1256.403 0.03351
-0.03516 0.00374 0.14801 0.15217 0.94210 0.147 0.158 1256.433 0.03353
-0.03519 0.00375 0.14812 0.15229 0.94324 0.325 0.154 1256.463 0.03356
-0.03522 0.00375 0.14823 0.15240 0.94437 0.234 0.141 1256.493 0.03358
-0.03524 0.00375 0.14834 0.15252 0.94551 0.597 0.189 1256.523 0.03361
-0.03527 0.00375 0.14845 0.15263 0.94664 0.780 0.208 1256.553 0.03363
-0.03530 0.00376 0.14856 0.15275 0.94777 0.900 0.219 1256.582 0.03365
-0.03532 0.00376 0.14867 0.15286 0.94891 1.054 0.233 1256.612 0.03368
-0.03535 0.00376 0.14879 0.15297 0.95004 1.171 0.243 1256.642 0.03370
-0.03538 0.00377 0.14890 0.15309 0.95118 1.019 0.230 1256.672 0.03373
-0.03540 0.00377 0.14901 0.15320 0.95231 0.870 0.217 1256.702 0.03375
-0.03543 0.00377 0.14912 0.15332 0.95345 0.990 0.227 1256.732 0.03378
-0.03545 0.00377 0.14923 0.15343 0.95458 0.686 0.199 1256.762 0.03380
-0.03548 0.00378 0.14934 0.15355 0.95572 0.987 0.228 1256.792 0.03383
-0.03551 0.00378 0.14945 0.15366 0.95685 0.957 0.225 1256.821 0.03385
-0.03553 0.00378 0.14956 0.15377 0.95799 0.867 0.217 1256.851 0.03388
-0.03556 0.00379 0.14968 0.15389 0.95912 0.505 0.179 1256.881 0.03390
-0.03559 0.00379 0.14979 0.15400 0.96026 0.715 0.202 1256.911 0.03392
-0.03561 0.00379 0.14990 0.15412 0.96139 0.415 0.169 1256.941 0.03395
-0.03564 0.00379 0.15001 0.15423 0.96253 0.869 0.217 1256.971 0.03397
-0.03567 0.00380 0.15012 0.15435 0.96366 0.810 0.212 1257.001 0.03400
-0.03569 0.00380 0.15023 0.15446 0.96480 0.747 0.206 1257.031 0.03402
-0.03572 0.00380 0.15034 0.15457 0.96593 0.740 0.205 1257.060 0.03405
-0.03575 0.00381 0.15045 0.15469 0.96707 0.889 0.220 1257.090 0.03407
-0.03577 0.00381 0.15057 0.15480 0.96820 0.738 0.207 1257.120 0.03410
-0.03580 0.00381 0.15068 0.15492 0.96934 0.800 0.215 1257.150 0.03412
-0.03582 0.00381 0.15079 0.15503 0.97047 0.935 0.228 1257.180 0.03415
-0.03585 0.00382 0.15090 0.15515 0.97161 0.885 0.219 1257.210 0.03417
-0.03588 0.00382 0.15101 0.15526 0.97274 0.856 0.216 1257.240 0.03419
-0.03590 0.00382 0.15112 0.15537 0.97388 0.583 0.193 1257.270 0.03422
-0.03593 0.00382 0.15123 0.15549 0.97501 0.792 0.212 1257.300 0.03424
-0.03596 0.00383 0.15134 0.15560 0.97615 0.856 0.218 1257.329 0.03427
-0.03598 0.00383 0.15146 0.15572 0.97728 1.089 0.239 1257.359 0.03429
-0.03601 0.00383 0.15157 0.15583 0.97842 1.128 0.241 1257.389 0.03432
-0.03604 0.00384 0.15168 0.15595 0.97955 0.808 0.212 1257.419 0.03434
-0.03606 0.00384 0.15179 0.15606 0.98069 1.303 0.251 1257.449 0.03437
-0.03609 0.00384 0.15190 0.15618 0.98183 0.894 0.223 1257.479 0.03439
-0.03612 0.00384 0.15201 0.15629 0.98296 1.107 0.239 1257.509 0.03442
-0.03614 0.00385 0.15212 0.15640 0.98410 1.254 0.251 1257.539 0.03444
-0.03617 0.00385 0.15223 0.15652 0.98523 0.793 0.213 1257.568 0.03447
-0.03619 0.00385 0.15235 0.15663 0.98637 1.007 0.232 1257.598 0.03449
-0.03622 0.00386 0.15246 0.15675 0.98750 1.097 0.239 1257.628 0.03451
-0.03625 0.00386 0.15257 0.15686 0.98864 0.949 0.227 1257.658 0.03454
-0.03627 0.00386 0.15268 0.15698 0.98978 1.101 0.239 1257.688 0.03456
-0.03630 0.00386 0.15279 0.15709 0.99091 1.007 0.232 1257.718 0.03459
-0.03633 0.00387 0.15290 0.15721 0.99205 1.100 0.239 1257.748 0.03461
-0.03635 0.00387 0.15301 0.15732 0.99318 1.160 0.244 1257.778 0.03464
-0.03638 0.00387 0.15312 0.15743 0.99432 0.739 0.207 1257.807 0.03466
-0.03641 0.00388 0.15324 0.15755 0.99546 0.951 0.227 1257.837 0.03469
-0.03643 0.00388 0.15335 0.15766 0.99659 0.949 0.226 1257.867 0.03471
-0.03646 0.00388 0.15346 0.15778 0.99773 0.919 0.224 1257.897 0.03474
-0.03649 0.00388 0.15357 0.15789 0.99886 0.713 0.204 1257.927 0.03476
-0.03651 0.00389 0.15368 0.15801 1.00000 1.196 0.247 1257.957 0.03478
