x y z dist_scaled dist_frac flux_norm sig_norm wavelength redshift
0.02736 0.02407 0.04417 0.05726 0.00000 1.004 0.095 1231.247 0.01281
0.02742 0.02412 0.04425 0.05737 0.00110 0.804 0.090 1231.277 0.01284
0.02747 0.02417 0.04434 0.05748 0.00220 1.011 0.095 1231.306 0.01286
0.02752 0.02421 0.04442 0.05760 0.00330 0.922 0.090 1231.336 0.01289
0.02757 0.02426 0.04451 0.05771 0.00440 0.887 0.094 1231.366 0.01291
0.02763 0.02431 0.04459 0.05782 0.00550 0.831 0.097 1231.396 0.01294
0.02768 0.02435 0.04468 0.05793 0.00661 1.043 0.096 1231.426 0.01296
0.02773 0.02440 0.04477 0.05804 0.00771 1.078 0.098 1231.456 0.01299
0.02779 0.02445 0.04485 0.05815 0.00881 1.034 0.096 1231.486 0.01301
0.02784 0.02449 0.04494 0.05826 0.00991 1.015 0.095 1231.516 0.01303
0.02789 0.02454 0.04502 0.05837 0.01101 0.856 0.087 1231.546 0.01306
0.02795 0.02459 0.04511 0.05848 0.01211 0.959 0.092 1231.576 0.01308
0.02800 0.02463 0.04519 0.05859 0.01321 1.100 0.098 1231.605 0.01311
0.02805 0.02468 0.04528 0.05871 0.01431 1.047 0.096 1231.635 0.01313
0.02810 0.02473 0.04537 0.05882 0.01541 1.028 0.100 1231.665 0.01316
0.02816 0.02477 0.04545 0.05893 0.01652 1.044 0.096 1231.695 0.01318
0.02821 0.02482 0.04554 0.05904 0.01762 1.017 0.095 1231.725 0.01321
0.02826 0.02487 0.04562 0.05915 0.01872 1.103 0.098 1231.755 0.01323
0.02832 0.02491 0.04571 0.05926 0.01982 1.092 0.098 1231.785 0.01326
0.02837 0.02496 0.04579 0.05937 0.02092 1.082 0.097 1231.815 0.01328
0.02842 0.02501 0.04588 0.05948 0.02202 1.127 0.099 1231.845 0.01331
0.02848 0.02505 0.04596 0.05959 0.02312 1.030 0.095 1231.874 0.01333
0.02853 0.02510 0.04605 0.05970 0.02423 1.176 0.101 1231.904 0.01335
0.02858 0.02515 0.04614 0.05982 0.02533 1.123 0.099 1231.934 0.01338
0.02864 0.02519 0.04622 0.05993 0.02643 1.061 0.096 1231.964 0.01340
0.02869 0.02524 0.04631 0.06004 0.02753 0.948 0.091 1231.994 0.01343
0.02874 0.02529 0.04639 0.06015 0.02863 0.895 0.088 1232.024 0.01345
0.02879 0.02533 0.04648 0.06026 0.02973 1.033 0.095 1232.054 0.01348
0.02885 0.02538 0.04656 0.06037 0.03084 1.197 0.102 1232.084 0.01350
0.02890 0.02543 0.04665 0.06048 0.03194 0.902 0.094 1232.114 0.01353
0.02895 0.02547 0.04674 0.06059 0.03304 1.032 0.095 1232.143 0.01355
0.02901 0.02552 0.04682 0.06070 0.03414 1.084 0.097 1232.173 0.01358
0.02906 0.02557 0.04691 0.06081 0.03524 1.048 0.095 1232.203 0.01360
0.02911 0.02562 0.04699 0.06093 0.03635 0.960 0.091 1232.233 0.01362
0.02917 0.02566 0.04708 0.06104 0.03745 1.080 0.097 1232.263 0.01365
0.02922 0.02571 0.04716 0.06115 0.03855 0.984 0.092 1232.293 0.01367
0.02927 0.02576 0.04725 0.06126 0.03965 1.001 0.093 1232.323 0.01370
0.02933 0.02580 0.04734 0.06137 0.04075 1.122 0.098 1232.353 0.01372
0.02938 0.02585 0.04742 0.06148 0.04186 0.845 0.091 1232.383 0.01375
0.02943 0.02590 0.04751 0.06159 0.04296 1.145 0.099 1232.413 0.01377
0.02948 0.02594 0.04759 0.06170 0.04406 0.982 0.092 1232.442 0.01380
0.02954 0.02599 0.04768 0.06181 0.04516 0.971 0.097 1232.472 0.01382
0.02959 0.02604 0.04776 0.06193 0.04627 0.989 0.092 1232.502 0.01385
0.02964 0.02608 0.04785 0.06204 0.04737 0.902 0.088 1232.532 0.01387
0.02970 0.02613 0.04794 0.06215 0.04847 1.064 0.101 1232.562 0.01390
0.02975 0.02618 0.04802 0.06226 0.04957 0.952 0.090 1232.592 0.01392
0.02980 0.02622 0.04811 0.06237 0.05068 0.935 0.090 1232.622 0.01394
0.02986 0.02627 0.04819 0.06248 0.05178 1.114 0.098 1232.652 0.01397
0.02991 0.02632 0.04828 0.06259 0.05288 0.917 0.089 1232.682 0.01399
0.02996 0.02636 0.04836 0.06270 0.05398 0.925 0.094 1232.711 0.01402
0.03002 0.02641 0.04845 0.06281 0.05509 0.925 0.094 1232.741 0.01404
0.03007 0.02646 0.04854 0.06293 0.05619 0.933 0.094 1232.771 0.01407
0.03012 0.02650 0.04862 0.06304 0.05729 0.864 0.091 1232.801 0.01409
0.03017 0.02655 0.04871 0.06315 0.05840 0.837 0.090 1232.831 0.01412
0.03023 0.02660 0.04879 0.06326 0.05950 0.538 0.084 1232.861 0.01414
0.03028 0.02664 0.04888 0.06337 0.06060 0.359 0.072 1232.891 0.01417
0.03033 0.02669 0.04896 0.06348 0.06170 0.214 0.060 1232.921 0.01419
0.03039 0.02674 0.04905 0.06359 0.06281 0.171 0.055 1232.951 0.01421
0.03044 0.02678 0.04914 0.06370 0.06391 0.104 0.047 1232.980 0.01424
0.03049 0.02683 0.04922 0.06382 0.06501 0.189 0.057 1233.010 0.01426
0.03055 0.02688 0.04931 0.06393 0.06612 0.120 0.049 1233.040 0.01429
0.03060 0.02692 0.04939 0.06404 0.06722 0.112 0.048 1233.070 0.01431
0.03065 0.02697 0.04948 0.06415 0.06832 0.155 0.053 1233.100 0.01434
0.03071 0.02702 0.04956 0.06426 0.06943 0.196 0.058 1233.130 0.01436
0.03076 0.02706 0.04965 0.06437 0.07053 0.416 0.076 1233.160 0.01439
0.03081 0.02711 0.04974 0.06448 0.07163 0.450 0.078 1233.190 0.01441
0.03087 0.02716 0.04982 0.06459 0.07274 0.491 0.081 1233.220 0.01444
0.03092 0.02720 0.04991 0.06471 0.07384 0.610 0.088 1233.249 0.01446
0.03097 0.02725 0.04999 0.06482 0.07494 0.686 0.086 1233.279 0.01449
0.03103 0.02730 0.05008 0.06493 0.07605 0.598 0.087 1233.309 0.01451
0.03108 0.02734 0.05016 0.06504 0.07715 0.644 0.089 1233.339 0.01453
0.03113 0.02739 0.05025 0.06515 0.07825 0.837 0.089 1233.369 0.01456
0.03118 0.02744 0.05034 0.06526 0.07936 0.693 0.092 1233.399 0.01458
0.03124 0.02748 0.05042 0.06537 0.08046 0.760 0.085 1233.429 0.01461
0.03129 0.02753 0.05051 0.06548 0.08156 0.860 0.090 1233.459 0.01463
0.03134 0.02758 0.05059 0.06560 0.08267 0.822 0.088 1233.489 0.01466
0.03140 0.02762 0.05068 0.06571 0.08377 0.871 0.086 1233.519 0.01468
0.03145 0.02767 0.05077 0.06582 0.08488 0.927 0.093 1233.548 0.01471
0.03150 0.02772 0.05085 0.06593 0.08598 1.039 0.098 1233.578 0.01473
0.03156 0.02777 0.05094 0.06604 0.08708 1.002 0.092 1233.608 0.01476
0.03161 0.02781 0.05102 0.06615 0.08819 0.963 0.090 1233.638 0.01478
0.03166 0.02786 0.05111 0.06626 0.08929 0.772 0.091 1233.668 0.01480
0.03172 0.02791 0.05119 0.06637 0.09040 0.970 0.090 1233.698 0.01483
0.03177 0.02795 0.05128 0.06649 0.09150 0.971 0.095 1233.728 0.01485
0.03182 0.02800 0.05137 0.06660 0.09260 0.946 0.089 1233.758 0.01488
0.03188 0.02805 0.05145 0.06671 0.09371 0.910 0.087 1233.788 0.01490
0.03193 0.02809 0.05154 0.06682 0.09481 1.069 0.095 1233.817 0.01493
0.03198 0.02814 0.05162 0.06693 0.09592 0.919 0.088 1233.847 0.01495
0.03204 0.02819 0.05171 0.06704 0.09702 1.068 0.094 1233.877 0.01498
0.03209 0.02823 0.05180 0.06715 0.09812 1.026 0.092 1233.907 0.01500
0.03214 0.02828 0.05188 0.06726 0.09923 1.049 0.094 1233.937 0.01503
0.03219 0.02833 0.05197 0.06738 0.10033 1.034 0.093 1233.967 0.01505
0.03225 0.02837 0.05205 0.06749 0.10144 0.924 0.088 1233.997 0.01508
0.03230 0.02842 0.05214 0.06760 0.10254 0.932 0.088 1234.027 0.01510
0.03235 0.02847 0.05222 0.06771 0.10365 1.099 0.096 1234.057 0.01512
0.03241 0.02851 0.05231 0.06782 0.10475 0.997 0.091 1234.086 0.01515
0.03246 0.02856 0.05240 0.06793 0.10586 0.956 0.089 1234.116 0.01517
0.03251 0.02861 0.05248 0.06804 0.10696 1.071 0.094 1234.146 0.01520
0.03257 0.02865 0.05257 0.06815 0.10806 1.004 0.091 1234.176 0.01522
0.03262 0.02870 0.05265 0.06827 0.10917 0.929 0.088 1234.206 0.01525
0.03267 0.02875 0.05274 0.06838 0.11027 1.004 0.096 1234.236 0.01527
0.03273 0.02879 0.05283 0.06849 0.11138 0.861 0.090 1234.266 0.01530
0.03278 0.02884 0.05291 0.06860 0.11248 0.846 0.089 1234.296 0.01532
0.03283 0.02889 0.05300 0.06871 0.11359 0.887 0.091 1234.326 0.01535
0.03289 0.02894 0.05308 0.06882 0.11469 0.821 0.088 1234.356 0.01537
0.03294 0.02898 0.05317 0.06893 0.11580 0.761 0.089 1234.385 0.01540
0.03299 0.02903 0.05326 0.06905 0.11690 0.934 0.093 1234.415 0.01542
0.03305 0.02908 0.05334 0.06916 0.11801 0.786 0.086 1234.445 0.01544
0.03310 0.02912 0.05343 0.06927 0.11911 1.155 0.098 1234.475 0.01547
0.03315 0.02917 0.05351 0.06938 0.12022 0.967 0.089 1234.505 0.01549
0.03321 0.02922 0.05360 0.06949 0.12132 0.864 0.084 1234.535 0.01552
0.03326 0.02926 0.05368 0.06960 0.12243 0.864 0.090 1234.565 0.01554
0.03331 0.02931 0.05377 0.06971 0.12353 1.062 0.094 1234.595 0.01557
0.03337 0.02936 0.05386 0.06983 0.12464 1.136 0.097 1234.625 0.01559
0.03342 0.02940 0.05394 0.06994 0.12574 0.970 0.089 1234.654 0.01562
0.03347 0.02945 0.05403 0.07005 0.12685 0.862 0.084 1234.684 0.01564
0.03353 0.02950 0.05411 0.07016 0.12796 0.977 0.090 1234.714 0.01567
0.03358 0.02954 0.05420 0.07027 0.12906 1.027 0.092 1234.744 0.01569
0.03363 0.02959 0.05429 0.07038 0.13017 0.969 0.089 1234.774 0.01571
0.03368 0.02964 0.05437 0.07049 0.13127 0.920 0.087 1234.804 0.01574
0.03374 0.02968 0.05446 0.07061 0.13238 1.173 0.098 1234.834 0.01576
0.03379 0.02973 0.05454 0.07072 0.13348 0.768 0.117 1234.864 0.01579
0.03384 0.02978 0.05463 0.07083 0.13459 0.805 0.136 1234.894 0.01581
0.03390 0.02983 0.05472 0.07094 0.13569 1.205 0.160 1234.923 0.01584
0.03395 0.02987 0.05480 0.07105 0.13680 0.849 0.139 1234.953 0.01586
0.03400 0.02992 0.05489 0.07116 0.13791 1.071 0.143 1234.983 0.01589
0.03406 0.02997 0.05497 0.07127 0.13901 1.041 0.151 1235.013 0.01591
0.03411 0.03001 0.05506 0.07139 0.14012 0.893 0.142 1235.043 0.01594
0.03416 0.03006 0.05515 0.07150 0.14122 0.848 0.139 1235.073 0.01596
0.03422 0.03011 0.05523 0.07161 0.14233 0.803 0.135 1235.103 0.01599
0.03427 0.03015 0.05532 0.07172 0.14343 0.965 0.146 1235.133 0.01601
0.03432 0.03020 0.05540 0.07183 0.14454 1.082 0.153 1235.163 0.01603
0.03438 0.03025 0.05549 0.07194 0.14565 1.125 0.155 1235.192 0.01606
0.03443 0.03029 0.05558 0.07205 0.14675 0.978 0.147 1235.222 0.01608
0.03448 0.03034 0.05566 0.07217 0.14786 0.977 0.147 1235.252 0.01611
0.03454 0.03039 0.05575 0.07228 0.14897 1.096 0.138 1235.282 0.01613
0.03459 0.03043 0.05583 0.07239 0.15007 0.798 0.086 1235.312 0.01616
0.03464 0.03048 0.05592 0.07250 0.15118 1.122 0.096 1235.342 0.01618
0.03470 0.03053 0.05601 0.07261 0.15228 1.057 0.093 1235.372 0.01621
0.03475 0.03058 0.05609 0.07272 0.15339 1.032 0.092 1235.402 0.01623
0.03480 0.03062 0.05618 0.07284 0.15450 1.008 0.091 1235.432 0.01626
0.03486 0.03067 0.05626 0.07295 0.15560 1.007 0.090 1235.462 0.01628
0.03491 0.03072 0.05635 0.07306 0.15671 1.014 0.091 1235.491 0.01630
0.03496 0.03076 0.05644 0.07317 0.15782 0.893 0.085 1235.521 0.01633
0.03502 0.03081 0.05652 0.07328 0.15892 1.007 0.090 1235.551 0.01635
0.03507 0.03086 0.05661 0.07339 0.16003 1.055 0.092 1235.581 0.01638
0.03512 0.03090 0.05669 0.07350 0.16114 1.029 0.091 1235.611 0.01640
0.03518 0.03095 0.05678 0.07362 0.16224 1.022 0.091 1235.641 0.01643
0.03523 0.03100 0.05687 0.07373 0.16335 1.003 0.090 1235.671 0.01645
0.03528 0.03104 0.05695 0.07384 0.16446 1.084 0.094 1235.701 0.01648
0.03534 0.03109 0.05704 0.07395 0.16556 0.963 0.093 1235.731 0.01650
0.03539 0.03114 0.05712 0.07406 0.16667 1.093 0.094 1235.760 0.01653
0.03544 0.03118 0.05721 0.07417 0.16778 1.051 0.092 1235.790 0.01655
0.03550 0.03123 0.05730 0.07429 0.16888 0.890 0.085 1235.820 0.01658
0.03555 0.03128 0.05738 0.07440 0.16999 1.043 0.092 1235.850 0.01660
0.03560 0.03133 0.05747 0.07451 0.17110 1.091 0.094 1235.880 0.01662
0.03566 0.03137 0.05755 0.07462 0.17220 1.123 0.095 1235.910 0.01665
0.03571 0.03142 0.05764 0.07473 0.17331 0.896 0.085 1235.940 0.01667
0.03576 0.03147 0.05773 0.07484 0.17442 0.993 0.090 1235.970 0.01670
0.03582 0.03151 0.05781 0.07495 0.17552 0.927 0.086 1236.000 0.01672
0.03587 0.03156 0.05790 0.07507 0.17663 1.041 0.092 1236.029 0.01675
0.03592 0.03161 0.05798 0.07518 0.17774 0.968 0.088 1236.059 0.01677
0.03598 0.03165 0.05807 0.07529 0.17885 0.846 0.083 1236.089 0.01680
0.03603 0.03170 0.05816 0.07540 0.17995 0.919 0.091 1236.119 0.01682
0.03608 0.03175 0.05824 0.07551 0.18106 0.685 0.085 1236.149 0.01685
0.03614 0.03179 0.05833 0.07562 0.18217 0.580 0.084 1236.179 0.01687
0.03619 0.03184 0.05842 0.07574 0.18328 0.499 0.079 1236.209 0.01690
0.03624 0.03189 0.05850 0.07585 0.18438 0.652 0.088 1236.239 0.01692
0.03630 0.03194 0.05859 0.07596 0.18549 0.723 0.086 1236.269 0.01694
0.03635 0.03198 0.05867 0.07607 0.18660 0.643 0.087 1236.299 0.01697
0.03640 0.03203 0.05876 0.07618 0.18771 0.683 0.084 1236.328 0.01699
0.03646 0.03208 0.05885 0.07629 0.18881 0.546 0.082 1236.358 0.01702
0.03651 0.03212 0.05893 0.07641 0.18992 0.538 0.081 1236.388 0.01704
0.03656 0.03217 0.05902 0.07652 0.19103 0.651 0.087 1236.418 0.01707
0.03662 0.03222 0.05910 0.07663 0.19214 0.595 0.084 1236.448 0.01709
0.03667 0.03226 0.05919 0.07674 0.19324 0.699 0.085 1236.478 0.01712
0.03672 0.03231 0.05928 0.07685 0.19435 0.683 0.084 1236.508 0.01714
0.03678 0.03236 0.05936 0.07696 0.19546 0.747 0.082 1236.538 0.01717
0.03683 0.03240 0.05945 0.07708 0.19657 0.867 0.083 1236.568 0.01719
0.03688 0.03245 0.05953 0.07719 0.19767 0.850 0.083 1236.597 0.01721
0.03694 0.03250 0.05962 0.07730 0.19878 1.043 0.091 1236.627 0.01724
0.03699 0.03255 0.05971 0.07741 0.19989 0.906 0.085 1236.657 0.01726
0.03704 0.03259 0.05979 0.07752 0.20100 1.115 0.094 1236.687 0.01729
0.03710 0.03264 0.05988 0.07763 0.20211 0.993 0.089 1236.717 0.01731
0.03715 0.03269 0.05997 0.07775 0.20321 0.873 0.088 1236.747 0.01734
0.03720 0.03273 0.06005 0.07786 0.20432 1.016 0.090 1236.777 0.01736
0.03726 0.03278 0.06014 0.07797 0.20543 0.847 0.087 1236.807 0.01739
0.03731 0.03283 0.06022 0.07808 0.20654 0.967 0.088 1236.837 0.01741
0.03736 0.03287 0.06031 0.07819 0.20765 0.840 0.086 1236.866 0.01744
0.03742 0.03292 0.06040 0.07830 0.20876 0.880 0.084 1236.896 0.01746
0.03747 0.03297 0.06048 0.07842 0.20986 0.943 0.087 1236.926 0.01749
0.03752 0.03302 0.06057 0.07853 0.21097 0.934 0.086 1236.956 0.01751
0.03758 0.03306 0.06065 0.07864 0.21208 0.894 0.084 1236.986 0.01753
0.03763 0.03311 0.06074 0.07875 0.21319 0.910 0.085 1237.016 0.01756
0.03768 0.03316 0.06083 0.07886 0.21430 1.094 0.093 1237.046 0.01758
0.03774 0.03320 0.06091 0.07897 0.21541 0.918 0.086 1237.076 0.01761
0.03779 0.03325 0.06100 0.07909 0.21652 1.038 0.091 1237.106 0.01763
0.03784 0.03330 0.06109 0.07920 0.21762 1.007 0.090 1237.135 0.01766
0.03790 0.03334 0.06117 0.07931 0.21873 1.035 0.091 1237.165 0.01768
0.03795 0.03339 0.06126 0.07942 0.21984 0.988 0.089 1237.195 0.01771
0.03800 0.03344 0.06134 0.07953 0.22095 0.996 0.089 1237.225 0.01773
0.03806 0.03349 0.06143 0.07965 0.22206 1.012 0.090 1237.255 0.01776
0.03811 0.03353 0.06152 0.07976 0.22317 1.122 0.094 1237.285 0.01778
0.03816 0.03358 0.06160 0.07987 0.22428 1.020 0.090 1237.315 0.01780
0.03822 0.03363 0.06169 0.07998 0.22539 1.002 0.089 1237.345 0.01783
0.03827 0.03367 0.06178 0.08009 0.22649 1.036 0.091 1237.375 0.01785
0.03832 0.03372 0.06186 0.08020 0.22760 1.026 0.090 1237.405 0.01788
0.03838 0.03377 0.06195 0.08032 0.22871 0.916 0.085 1237.434 0.01790
0.03843 0.03381 0.06203 0.08043 0.22982 0.978 0.088 1237.464 0.01793
0.03849 0.03386 0.06212 0.08054 0.23093 1.170 0.096 1237.494 0.01795
0.03854 0.03391 0.06221 0.08065 0.23204 1.159 0.096 1237.524 0.01798
0.03859 0.03396 0.06229 0.08076 0.23315 1.176 0.097 1237.554 0.01800
0.03865 0.03400 0.06238 0.08087 0.23426 0.866 0.083 1237.584 0.01803
0.03870 0.03405 0.06247 0.08099 0.23537 1.064 0.092 1237.614 0.01805
0.03875 0.03410 0.06255 0.08110 0.23648 0.963 0.087 1237.644 0.01808
0.03881 0.03414 0.06264 0.08121 0.23759 1.057 0.091 1237.674 0.01810
0.03886 0.03419 0.06272 0.08132 0.23870 1.000 0.089 1237.703 0.01812
0.03891 0.03424 0.06281 0.08143 0.23980 0.937 0.086 1237.733 0.01815
0.03897 0.03428 0.06290 0.08155 0.24091 1.006 0.089 1237.763 0.01817
0.03902 0.03433 0.06298 0.08166 0.24202 1.206 0.098 1237.793 0.01820
0.03907 0.03438 0.06307 0.08177 0.24313 0.913 0.085 1237.823 0.01822
0.03913 0.03443 0.06316 0.08188 0.24424 0.903 0.084 1237.853 0.01825
0.03918 0.03447 0.06324 0.08199 0.24535 0.888 0.084 1237.883 0.01827
0.03923 0.03452 0.06333 0.08210 0.24646 0.959 0.087 1237.913 0.01830
0.03929 0.03457 0.06341 0.08222 0.24757 0.869 0.083 1237.943 0.01832
0.03934 0.03461 0.06350 0.08233 0.24868 1.061 0.092 1237.972 0.01835
0.03939 0.03466 0.06359 0.08244 0.24979 0.909 0.085 1238.002 0.01837
0.03945 0.03471 0.06367 0.08255 0.25090 1.037 0.090 1238.032 0.01840
0.03950 0.03475 0.06376 0.08266 0.25201 1.075 0.092 1238.062 0.01842
0.03955 0.03480 0.06385 0.08278 0.25312 0.996 0.089 1238.092 0.01844
0.03961 0.03485 0.06393 0.08289 0.25423 0.997 0.089 1238.122 0.01847
0.03966 0.03490 0.06402 0.08300 0.25534 1.059 0.091 1238.152 0.01849
0.03971 0.03494 0.06410 0.08311 0.25645 0.935 0.086 1238.182 0.01852
0.03977 0.03499 0.06419 0.08322 0.25756 1.003 0.089 1238.212 0.01854
0.03982 0.03504 0.06428 0.08334 0.25867 1.162 0.096 1238.242 0.01857
0.03987 0.03508 0.06436 0.08345 0.25978 1.120 0.094 1238.271 0.01859
0.03993 0.03513 0.06445 0.08356 0.26089 0.963 0.087 1238.301 0.01862
0.03998 0.03518 0.06454 0.08367 0.26200 0.939 0.086 1238.331 0.01864
0.04004 0.03522 0.06462 0.08378 0.26311 0.954 0.087 1238.361 0.01867
0.04009 0.03527 0.06471 0.08390 0.26422 0.931 0.086 1238.391 0.01869
0.04014 0.03532 0.06479 0.08401 0.26533 1.001 0.089 1238.421 0.01871
0.04020 0.03537 0.06488 0.08412 0.26644 0.868 0.083 1238.451 0.01874
0.04025 0.03541 0.06497 0.08423 0.26755 0.961 0.087 1238.481 0.01876
0.04030 0.03546 0.06505 0.08434 0.26866 0.740 0.081 1238.511 0.01879
0.04036 0.03551 0.06514 0.08445 0.26977 0.780 0.083 1238.540 0.01881
0.04041 0.03555 0.06523 0.08457 0.27088 1.089 0.092 1238.570 0.01884
0.04046 0.03560 0.06531 0.08468 0.27199 1.001 0.089 1238.600 0.01886
0.04052 0.03565 0.06540 0.08479 0.27311 0.859 0.087 1238.630 0.01889
0.04057 0.03570 0.06549 0.08490 0.27422 0.843 0.086 1238.660 0.01891
0.04062 0.03574 0.06557 0.08501 0.27533 0.970 0.087 1238.690 0.01894
0.04068 0.03579 0.06566 0.08513 0.27644 0.914 0.085 1238.720 0.01896
0.04073 0.03584 0.06574 0.08524 0.27755 1.119 0.094 1238.750 0.01899
0.04078 0.03588 0.06583 0.08535 0.27866 0.866 0.087 1238.780 0.01901
0.04084 0.03593 0.06592 0.08546 0.27977 0.874 0.087 1238.809 0.01903
0.04089 0.03598 0.06600 0.08557 0.28088 0.786 0.083 1238.839 0.01906
0.04094 0.03603 0.06609 0.08569 0.28199 1.108 0.093 1238.869 0.01908
0.04100 0.03607 0.06618 0.08580 0.28310 0.936 0.086 1238.899 0.01911
0.04105 0.03612 0.06626 0.08591 0.28421 0.968 0.087 1238.929 0.01913
0.04110 0.03617 0.06635 0.08602 0.28533 1.040 0.090 1238.959 0.01916
0.04116 0.03621 0.06644 0.08613 0.28644 0.882 0.083 1238.989 0.01918
0.04121 0.03626 0.06652 0.08625 0.28755 0.874 0.087 1239.019 0.01921
0.04127 0.03631 0.06661 0.08636 0.28866 0.974 0.087 1239.049 0.01923
0.04132 0.03635 0.06669 0.08647 0.28977 0.950 0.086 1239.078 0.01926
0.04137 0.03640 0.06678 0.08658 0.29088 0.967 0.087 1239.108 0.01928
0.04143 0.03645 0.06687 0.08669 0.29199 0.872 0.087 1239.138 0.01930
0.04148 0.03650 0.06695 0.08681 0.29310 0.902 0.084 1239.168 0.01933
0.04153 0.03654 0.06704 0.08692 0.29421 1.013 0.089 1239.198 0.01935
0.04159 0.03659 0.06713 0.08703 0.29533 1.114 0.093 1239.228 0.01938
0.04164 0.03664 0.06721 0.08714 0.29644 1.109 0.093 1239.258 0.01940
0.04169 0.03668 0.06730 0.08725 0.29755 1.012 0.089 1239.288 0.01943
0.04175 0.03673 0.06739 0.08737 0.29866 1.045 0.090 1239.318 0.01945
0.04180 0.03678 0.06747 0.08748 0.29977 1.029 0.090 1239.348 0.01948
0.04185 0.03683 0.06756 0.08759 0.30088 0.884 0.083 1239.377 0.01950
0.04191 0.03687 0.06765 0.08770 0.30200 1.137 0.094 1239.407 0.01953
0.04196 0.03692 0.06773 0.08781 0.30311 1.290 0.100 1239.437 0.01955
0.04201 0.03697 0.06782 0.08793 0.30422 0.937 0.085 1239.467 0.01958
0.04207 0.03701 0.06790 0.08804 0.30533 1.083 0.092 1239.497 0.01960
0.04212 0.03706 0.06799 0.08815 0.30644 1.101 0.093 1239.527 0.01962
0.04218 0.03711 0.06808 0.08826 0.30755 1.016 0.089 1239.557 0.01965
0.04223 0.03716 0.06816 0.08837 0.30867 1.069 0.091 1239.587 0.01967
0.04228 0.03720 0.06825 0.08849 0.30978 1.248 0.099 1239.617 0.01970
0.04234 0.03725 0.06834 0.08860 0.31089 1.036 0.090 1239.646 0.01972
0.04239 0.03730 0.06842 0.08871 0.31200 1.033 0.090 1239.676 0.01975
0.04244 0.03734 0.06851 0.08882 0.31311 0.876 0.083 1239.706 0.01977
0.04250 0.03739 0.06860 0.08894 0.31423 0.955 0.086 1239.736 0.01980
0.04255 0.03744 0.06868 0.08905 0.31534 0.964 0.087 1239.766 0.01982
0.04260 0.03749 0.06877 0.08916 0.31645 0.938 0.085 1239.796 0.01985
0.04266 0.03753 0.06886 0.08927 0.31756 0.955 0.090 1239.826 0.01987
0.04271 0.03758 0.06894 0.08938 0.31868 1.040 0.090 1239.856 0.01989
0.04276 0.03763 0.06903 0.08950 0.31979 0.837 0.081 1239.886 0.01992
0.04282 0.03767 0.06911 0.08961 0.32090 1.056 0.091 1239.915 0.01994
0.04287 0.03772 0.06920 0.08972 0.32201 1.024 0.089 1239.945 0.01997
0.04293 0.03777 0.06929 0.08983 0.32312 0.953 0.086 1239.975 0.01999
0.04298 0.03782 0.06937 0.08994 0.32424 0.852 0.081 1240.005 0.02002
0.04303 0.03786 0.06946 0.09006 0.32535 0.990 0.088 1240.035 0.02004
0.04309 0.03791 0.06955 0.09017 0.32646 0.984 0.087 1240.065 0.02007
0.04314 0.03796 0.06963 0.09028 0.32757 1.123 0.093 1240.095 0.02009
0.04319 0.03800 0.06972 0.09039 0.32869 0.914 0.084 1240.125 0.02012
0.04325 0.03805 0.06981 0.09051 0.32980 0.928 0.085 1240.155 0.02014
0.04330 0.03810 0.06989 0.09062 0.33091 0.929 0.085 1240.185 0.02017
0.04335 0.03815 0.06998 0.09073 0.33203 0.897 0.083 1240.214 0.02019
0.04341 0.03819 0.07007 0.09084 0.33314 0.944 0.090 1240.244 0.02021
0.04346 0.03824 0.07015 0.09095 0.33425 0.888 0.083 1240.274 0.02024
0.04352 0.03829 0.07024 0.09107 0.33536 0.841 0.081 1240.304 0.02026
0.04357 0.03833 0.07033 0.09118 0.33648 0.887 0.083 1240.334 0.02029
0.04362 0.03838 0.07041 0.09129 0.33759 0.912 0.084 1240.364 0.02031
0.04368 0.03843 0.07050 0.09140 0.33870 0.942 0.085 1240.394 0.02034
0.04373 0.03848 0.07059 0.09151 0.33982 0.951 0.086 1240.424 0.02036
0.04378 0.03852 0.07067 0.09163 0.34093 1.051 0.090 1240.454 0.02039
0.04384 0.03857 0.07076 0.09174 0.34204 1.200 0.096 1240.483 0.02041
0.04389 0.03862 0.07085 0.09185 0.34315 1.105 0.093 1240.513 0.02044
0.04394 0.03866 0.07093 0.09196 0.34427 1.082 0.092 1240.543 0.02046
0.04400 0.03871 0.07102 0.09208 0.34538 0.987 0.087 1240.573 0.02049
0.04405 0.03876 0.07110 0.09219 0.34649 0.864 0.086 1240.603 0.02051
0.04410 0.03881 0.07119 0.09230 0.34761 0.887 0.083 1240.633 0.02053
0.04416 0.03885 0.07128 0.09241 0.34872 1.074 0.091 1240.663 0.02056
0.04421 0.03890 0.07136 0.09252 0.34983 0.996 0.088 1240.693 0.02058
0.04427 0.03895 0.07145 0.09264 0.35095 1.090 0.092 1240.723 0.02061
0.04432 0.03899 0.07154 0.09275 0.35206 0.996 0.088 1240.752 0.02063
0.04437 0.03904 0.07162 0.09286 0.35317 0.932 0.085 1240.782 0.02066
0.04443 0.03909 0.07171 0.09297 0.35429 1.176 0.116 1240.812 0.02068
0.04448 0.03914 0.07180 0.09309 0.35540 1.063 0.091 1240.842 0.02071
0.04453 0.03918 0.07188 0.09320 0.35652 0.923 0.085 1240.872 0.02073
0.04459 0.03923 0.07197 0.09331 0.35763 0.933 0.085 1240.902 0.02076
0.04464 0.03928 0.07206 0.09342 0.35874 0.863 0.082 1240.932 0.02078
0.04469 0.03932 0.07214 0.09353 0.35986 0.793 0.078 1240.962 0.02080
0.04475 0.03937 0.07223 0.09365 0.36097 1.081 0.091 1240.992 0.02083
0.04480 0.03942 0.07232 0.09376 0.36208 0.941 0.085 1241.021 0.02085
0.04486 0.03947 0.07240 0.09387 0.36320 1.004 0.088 1241.051 0.02088
0.04491 0.03951 0.07249 0.09398 0.36431 1.043 0.090 1241.081 0.02090
0.04496 0.03956 0.07258 0.09410 0.36543 0.987 0.087 1241.111 0.02093
0.04502 0.03961 0.07266 0.09421 0.36654 0.892 0.083 1241.141 0.02095
0.04507 0.03966 0.07275 0.09432 0.36765 0.940 0.085 1241.171 0.02098
0.04512 0.03970 0.07284 0.09443 0.36877 0.900 0.083 1241.201 0.02100
0.04518 0.03975 0.07292 0.09455 0.36988 1.165 0.095 1241.231 0.02103
0.04523 0.03980 0.07301 0.09466 0.37100 1.070 0.091 1241.261 0.02105
0.04528 0.03984 0.07310 0.09477 0.37211 1.133 0.094 1241.291 0.02108
0.04534 0.03989 0.07318 0.09488 0.37322 0.978 0.087 1241.320 0.02110
0.04539 0.03994 0.07327 0.09499 0.37434 0.915 0.084 1241.350 0.02112
0.04545 0.03999 0.07336 0.09511 0.37545 0.948 0.086 1241.380 0.02115
0.04550 0.04003 0.07344 0.09522 0.37657 0.954 0.086 1241.410 0.02117
0.04555 0.04008 0.07353 0.09533 0.37768 1.147 0.094 1241.440 0.02120
0.04561 0.04013 0.07362 0.09544 0.37880 1.209 0.097 1241.470 0.02122
0.04566 0.04017 0.07370 0.09556 0.37991 0.861 0.082 1241.500 0.02125
0.04571 0.04022 0.07379 0.09567 0.38103 0.937 0.085 1241.530 0.02127
0.04577 0.04027 0.07388 0.09578 0.38214 1.092 0.092 1241.560 0.02130
0.04582 0.04032 0.07396 0.09589 0.38325 1.039 0.089 1241.589 0.02132
0.04588 0.04036 0.07405 0.09601 0.38437 1.085 0.091 1241.619 0.02135
0.04593 0.04041 0.07414 0.09612 0.38548 1.079 0.091 1241.649 0.02137
0.04598 0.04046 0.07422 0.09623 0.38660 1.030 0.089 1241.679 0.02139
0.04604 0.04051 0.07431 0.09634 0.38771 1.131 0.093 1241.709 0.02142
0.04609 0.04055 0.07440 0.09645 0.38883 0.983 0.087 1241.739 0.02144
0.04614 0.04060 0.07448 0.09657 0.38994 1.134 0.093 1241.769 0.02147
0.04620 0.04065 0.07457 0.09668 0.39106 0.958 0.086 1241.799 0.02149
0.04625 0.04069 0.07466 0.09679 0.39217 1.015 0.088 1241.829 0.02152
0.04630 0.04074 0.07474 0.09690 0.39329 1.028 0.089 1241.858 0.02154
0.04636 0.04079 0.07483 0.09702 0.39440 1.090 0.092 1241.888 0.02157
0.04641 0.04084 0.07492 0.09713 0.39552 1.195 0.096 1241.918 0.02159
0.04647 0.04088 0.07500 0.09724 0.39663 1.031 0.089 1241.948 0.02162
0.04652 0.04093 0.07509 0.09735 0.39775 0.998 0.088 1241.978 0.02164
0.04657 0.04098 0.07518 0.09747 0.39886 1.092 0.092 1242.008 0.02167
0.04663 0.04103 0.07526 0.09758 0.39998 0.972 0.086 1242.038 0.02169
0.04668 0.04107 0.07535 0.09769 0.40109 0.848 0.081 1242.068 0.02171
0.04673 0.04112 0.07544 0.09780 0.40221 1.070 0.091 1242.098 0.02174
0.04679 0.04117 0.07552 0.09792 0.40332 1.106 0.092 1242.128 0.02176
0.04684 0.04121 0.07561 0.09803 0.40444 1.009 0.088 1242.157 0.02179
0.04690 0.04126 0.07570 0.09814 0.40555 1.142 0.094 1242.187 0.02181
0.04695 0.04131 0.07578 0.09825 0.40667 1.042 0.090 1242.217 0.02184
0.04700 0.04136 0.07587 0.09837 0.40778 1.235 0.097 1242.247 0.02186
0.04706 0.04140 0.07596 0.09848 0.40890 0.955 0.086 1242.277 0.02189
0.04711 0.04145 0.07604 0.09859 0.41002 1.156 0.094 1242.307 0.02191
0.04716 0.04150 0.07613 0.09870 0.41113 1.094 0.092 1242.337 0.02194
0.04722 0.04154 0.07622 0.09882 0.41225 0.887 0.083 1242.367 0.02196
0.04727 0.04159 0.07630 0.09893 0.41336 1.033 0.089 1242.397 0.02199
0.04733 0.04164 0.07639 0.09904 0.41448 1.049 0.090 1242.426 0.02201
0.04738 0.04169 0.07648 0.09915 0.41559 1.141 0.094 1242.456 0.02203
0.04743 0.04173 0.07656 0.09927 0.41671 0.995 0.087 1242.486 0.02206
0.04749 0.04178 0.07665 0.09938 0.41783 0.979 0.087 1242.516 0.02208
0.04754 0.04183 0.07674 0.09949 0.41894 0.955 0.086 1242.546 0.02211
0.04759 0.04188 0.07682 0.09960 0.42006 0.800 0.083 1242.576 0.02213
0.04765 0.04192 0.07691 0.09972 0.42117 0.963 0.086 1242.606 0.02216
0.04770 0.04197 0.07700 0.09983 0.42229 0.893 0.083 1242.636 0.02218
0.04776 0.04202 0.07708 0.09994 0.42341 1.065 0.090 1242.666 0.02221
0.04781 0.04207 0.07717 0.10005 0.42452 1.017 0.088 1242.695 0.02223
0.04786 0.04211 0.07726 0.10017 0.42564 1.086 0.091 1242.725 0.02226
0.04792 0.04216 0.07734 0.10028 0.42675 1.086 0.091 1242.755 0.02228
0.04797 0.04221 0.07743 0.10039 0.42787 1.063 0.090 1242.785 0.02230
0.04802 0.04225 0.07752 0.10050 0.42899 0.939 0.085 1242.815 0.02233
0.04808 0.04230 0.07760 0.10062 0.43010 1.047 0.090 1242.845 0.02235
0.04813 0.04235 0.07769 0.10073 0.43122 1.048 0.090 1242.875 0.02238
0.04819 0.04240 0.07778 0.10084 0.43233 0.958 0.086 1242.905 0.02240
0.04824 0.04244 0.07787 0.10095 0.43345 1.009 0.088 1242.935 0.02243
0.04829 0.04249 0.07795 0.10107 0.43457 0.894 0.083 1242.964 0.02245
0.04835 0.04254 0.07804 0.10118 0.43568 0.971 0.086 1242.994 0.02248
0.04840 0.04259 0.07813 0.10129 0.43680 1.048 0.090 1243.024 0.02250
0.04845 0.04263 0.07821 0.10140 0.43792 0.919 0.084 1243.054 0.02253
0.04851 0.04268 0.07830 0.10152 0.43903 1.036 0.089 1243.084 0.02255
0.04856 0.04273 0.07839 0.10163 0.44015 0.872 0.082 1243.114 0.02258
0.04862 0.04277 0.07847 0.10174 0.44127 1.040 0.089 1243.144 0.02260
0.04867 0.04282 0.07856 0.10185 0.44238 1.011 0.088 1243.174 0.02262
0.04872 0.04287 0.07865 0.10197 0.44350 1.065 0.090 1243.204 0.02265
0.04878 0.04292 0.07873 0.10208 0.44462 0.858 0.085 1243.234 0.02267
0.04883 0.04296 0.07882 0.10219 0.44573 0.848 0.081 1243.263 0.02270
0.04888 0.04301 0.07891 0.10230 0.44685 1.365 0.102 1243.293 0.02272
0.04894 0.04306 0.07899 0.10242 0.44797 0.955 0.086 1243.323 0.02275
0.04899 0.04311 0.07908 0.10253 0.44908 0.987 0.087 1243.353 0.02277
0.04905 0.04315 0.07917 0.10264 0.45020 1.150 0.094 1243.383 0.02280
0.04910 0.04320 0.07925 0.10275 0.45132 1.019 0.088 1243.413 0.02282
0.04915 0.04325 0.07934 0.10287 0.45243 0.964 0.086 1243.443 0.02285
0.04921 0.04330 0.07943 0.10298 0.45355 1.002 0.088 1243.473 0.02287
0.04926 0.04334 0.07951 0.10309 0.45467 0.810 0.079 1243.503 0.02289
0.04932 0.04339 0.07960 0.10320 0.45579 0.995 0.087 1243.532 0.02292
0.04937 0.04344 0.07969 0.10332 0.45690 0.989 0.087 1243.562 0.02294
0.04942 0.04348 0.07978 0.10343 0.45802 0.972 0.086 1243.592 0.02297
0.04948 0.04353 0.07986 0.10354 0.45914 0.896 0.083 1243.622 0.02299
0.04953 0.04358 0.07995 0.10365 0.46026 0.819 0.079 1243.652 0.02302
0.04958 0.04363 0.08004 0.10377 0.46137 0.595 0.082 1243.682 0.02304
0.04964 0.04367 0.08012 0.10388 0.46249 0.571 0.080 1243.712 0.02307
0.04969 0.04372 0.08021 0.10399 0.46361 0.517 0.077 1243.742 0.02309
0.04975 0.04377 0.08030 0.10411 0.46472 0.295 0.062 1243.772 0.02312
0.04980 0.04382 0.08038 0.10422 0.46584 0.219 0.056 1243.801 0.02314
0.04985 0.04386 0.08047 0.10433 0.46696 0.256 0.059 1243.831 0.02317
0.04991 0.04391 0.08056 0.10444 0.46808 0.358 0.067 1243.861 0.02319
0.04996 0.04396 0.08064 0.10456 0.46920 0.319 0.064 1243.891 0.02321
0.05001 0.04401 0.08073 0.10467 0.47031 0.510 0.077 1243.921 0.02324
0.05007 0.04405 0.08082 0.10478 0.47143 0.635 0.079 1243.951 0.02326
0.05012 0.04410 0.08090 0.10489 0.47255 0.827 0.084 1243.981 0.02329
0.05018 0.04415 0.08099 0.10501 0.47367 0.874 0.082 1244.011 0.02331
0.05023 0.04420 0.08108 0.10512 0.47478 0.873 0.082 1244.041 0.02334
0.05028 0.04424 0.08117 0.10523 0.47590 0.881 0.086 1244.071 0.02336
0.05034 0.04429 0.08125 0.10534 0.47702 1.018 0.088 1244.100 0.02339
0.05039 0.04434 0.08134 0.10546 0.47814 0.894 0.083 1244.130 0.02341
0.05045 0.04438 0.08143 0.10557 0.47926 0.972 0.086 1244.160 0.02344
0.05050 0.04443 0.08151 0.10568 0.48037 1.010 0.088 1244.190 0.02346
0.05055 0.04448 0.08160 0.10580 0.48149 0.864 0.081 1244.220 0.02348
0.05061 0.04453 0.08169 0.10591 0.48261 1.125 0.093 1244.250 0.02351
0.05066 0.04457 0.08177 0.10602 0.48373 0.810 0.079 1244.280 0.02353
0.05071 0.04462 0.08186 0.10613 0.48485 0.925 0.084 1244.310 0.02356
0.05077 0.04467 0.08195 0.10625 0.48596 0.686 0.077 1244.340 0.02358
0.05082 0.04472 0.08203 0.10636 0.48708 0.933 0.084 1244.369 0.02361
0.05088 0.04476 0.08212 0.10647 0.48820 0.811 0.079 1244.399 0.02363
0.05093 0.04481 0.08221 0.10658 0.48932 0.709 0.078 1244.429 0.02366
0.05098 0.04486 0.08230 0.10670 0.49044 0.726 0.079 1244.459 0.02368
0.05104 0.04491 0.08238 0.10681 0.49156 0.578 0.081 1244.489 0.02371
0.05109 0.04495 0.08247 0.10692 0.49267 0.454 0.073 1244.519 0.02373
0.05115 0.04500 0.08256 0.10704 0.49379 0.386 0.069 1244.549 0.02376
0.05120 0.04505 0.08264 0.10715 0.49491 0.394 0.069 1244.579 0.02378
0.05125 0.04510 0.08273 0.10726 0.49603 0.387 0.069 1244.609 0.02380
0.05131 0.04514 0.08282 0.10737 0.49715 0.408 0.070 1244.638 0.02383
0.05136 0.04519 0.08290 0.10749 0.49827 0.263 0.059 1244.668 0.02385
0.05142 0.04524 0.08299 0.10760 0.49939 0.577 0.076 1244.698 0.02388
0.05147 0.04529 0.08308 0.10771 0.50051 0.570 0.080 1244.728 0.02390
0.05152 0.04533 0.08317 0.10782 0.50162 0.685 0.081 1244.758 0.02393
0.05158 0.04538 0.08325 0.10794 0.50274 0.847 0.080 1244.788 0.02395
0.05163 0.04543 0.08334 0.10805 0.50386 1.041 0.089 1244.818 0.02398
0.05168 0.04547 0.08343 0.10816 0.50498 1.061 0.090 1244.848 0.02400
0.05174 0.04552 0.08351 0.10828 0.50610 1.139 0.093 1244.878 0.02403
0.05179 0.04557 0.08360 0.10839 0.50722 0.985 0.087 1244.907 0.02405
0.05185 0.04562 0.08369 0.10850 0.50834 0.801 0.078 1244.937 0.02408
0.05190 0.04566 0.08377 0.10861 0.50946 1.023 0.088 1244.967 0.02410
0.05195 0.04571 0.08386 0.10873 0.51058 0.869 0.081 1244.997 0.02412
0.05201 0.04576 0.08395 0.10884 0.51169 1.090 0.091 1245.027 0.02415
0.05206 0.04581 0.08404 0.10895 0.51281 1.161 0.094 1245.057 0.02417
0.05212 0.04585 0.08412 0.10907 0.51393 1.144 0.093 1245.087 0.02420
0.05217 0.04590 0.08421 0.10918 0.51505 0.990 0.087 1245.117 0.02422
0.05222 0.04595 0.08430 0.10929 0.51617 0.969 0.086 1245.147 0.02425
0.05228 0.04600 0.08438 0.10940 0.51729 1.029 0.089 1245.177 0.02427
0.05233 0.04604 0.08447 0.10952 0.51841 0.998 0.087 1245.206 0.02430
0.05239 0.04609 0.08456 0.10963 0.51953 1.037 0.089 1245.236 0.02432
0.05244 0.04614 0.08464 0.10974 0.52065 1.121 0.092 1245.266 0.02435
0.05249 0.04619 0.08473 0.10985 0.52177 1.205 0.096 1245.296 0.02437
0.05255 0.04623 0.08482 0.10997 0.52289 0.975 0.086 1245.326 0.02439
0.05260 0.04628 0.08491 0.11008 0.52401 0.844 0.080 1245.356 0.02442
0.05265 0.04633 0.08499 0.11019 0.52513 1.053 0.089 1245.386 0.02444
0.05271 0.04638 0.08508 0.11031 0.52625 1.021 0.088 1245.416 0.02447
0.05276 0.04642 0.08517 0.11042 0.52737 1.119 0.092 1245.446 0.02449
0.05282 0.04647 0.08525 0.11053 0.52849 0.804 0.078 1245.475 0.02452
0.05287 0.04652 0.08534 0.11064 0.52961 1.028 0.088 1245.505 0.02454
0.05292 0.04657 0.08543 0.11076 0.53073 0.875 0.086 1245.535 0.02457
0.05298 0.04661 0.08551 0.11087 0.53185 0.989 0.087 1245.565 0.02459
0.05303 0.04666 0.08560 0.11098 0.53297 1.041 0.089 1245.595 0.02462
0.05309 0.04671 0.08569 0.11110 0.53409 1.020 0.088 1245.625 0.02464
0.05314 0.04676 0.08578 0.11121 0.53521 1.118 0.092 1245.655 0.02467
0.05319 0.04680 0.08586 0.11132 0.53633 1.089 0.091 1245.685 0.02469
0.05325 0.04685 0.08595 0.11144 0.53745 1.035 0.089 1245.715 0.02471
0.05330 0.04690 0.08604 0.11155 0.53857 1.103 0.092 1245.744 0.02474
0.05336 0.04695 0.08612 0.11166 0.53969 1.019 0.088 1245.774 0.02476
0.05341 0.04699 0.08621 0.11177 0.54081 0.911 0.083 1245.804 0.02479
0.05346 0.04704 0.08630 0.11189 0.54193 0.903 0.083 1245.834 0.02481
0.05352 0.04709 0.08639 0.11200 0.54305 0.934 0.084 1245.864 0.02484
0.05357 0.04714 0.08647 0.11211 0.54417 0.994 0.087 1245.894 0.02486
0.05363 0.04718 0.08656 0.11223 0.54529 1.017 0.088 1245.924 0.02489
0.05368 0.04723 0.08665 0.11234 0.54641 1.072 0.090 1245.954 0.02491
0.05373 0.04728 0.08673 0.11245 0.54753 1.009 0.088 1245.984 0.02494
0.05379 0.04733 0.08682 0.11256 0.54865 0.948 0.085 1246.014 0.02496
0.05384 0.04737 0.08691 0.11268 0.54977 1.039 0.089 1246.043 0.02498
0.05390 0.04742 0.08700 0.11279 0.55089 0.850 0.085 1246.073 0.02501
0.05395 0.04747 0.08708 0.11290 0.55201 0.834 0.080 1246.103 0.02503
0.05400 0.04752 0.08717 0.11302 0.55313 0.894 0.082 1246.133 0.02506
0.05406 0.04756 0.08726 0.11313 0.55425 1.025 0.088 1246.163 0.02508
0.05411 0.04761 0.08734 0.11324 0.55537 0.956 0.085 1246.193 0.02511
0.05417 0.04766 0.08743 0.11335 0.55649 0.879 0.082 1246.223 0.02513
0.05422 0.04771 0.08752 0.11347 0.55761 1.002 0.087 1246.253 0.02516
0.05427 0.04775 0.08761 0.11358 0.55873 0.935 0.084 1246.283 0.02518
0.05433 0.04780 0.08769 0.11369 0.55986 0.972 0.086 1246.312 0.02521
0.05438 0.04785 0.08778 0.11381 0.56098 0.964 0.085 1246.342 0.02523
0.05444 0.04790 0.08787 0.11392 0.56210 0.841 0.080 1246.372 0.02526
0.05449 0.04794 0.08795 0.11403 0.56322 1.094 0.091 1246.402 0.02528
0.05454 0.04799 0.08804 0.11415 0.56434 0.880 0.082 1246.432 0.02530
0.05460 0.04804 0.08813 0.11426 0.56546 0.887 0.082 1246.462 0.02533
0.05465 0.04809 0.08822 0.11437 0.56658 0.956 0.085 1246.492 0.02535
0.05471 0.04813 0.08830 0.11448 0.56770 0.810 0.078 1246.522 0.02538
0.05476 0.04818 0.08839 0.11460 0.56882 0.970 0.086 1246.552 0.02540
0.05481 0.04823 0.08848 0.11471 0.56994 0.877 0.082 1246.581 0.02543
0.05487 0.04828 0.08856 0.11482 0.57107 1.085 0.091 1246.611 0.02545
0.05492 0.04832 0.08865 0.11494 0.57219 1.008 0.087 1246.641 0.02548
0.05498 0.04837 0.08874 0.11505 0.57331 0.864 0.081 1246.671 0.02550
0.05503 0.04842 0.08883 0.11516 0.57443 1.079 0.090 1246.701 0.02553
0.05508 0.04847 0.08891 0.11528 0.57555 1.002 0.087 1246.731 0.02555
0.05514 0.04851 0.08900 0.11539 0.57667 0.795 0.078 1246.761 0.02558
0.05519 0.04856 0.08909 0.11550 0.57779 1.001 0.087 1246.791 0.02560
0.05525 0.04861 0.08917 0.11562 0.57892 1.015 0.088 1246.821 0.02562
0.05530 0.04866 0.08926 0.11573 0.58004 0.858 0.081 1246.850 0.02565
0.05535 0.04870 0.08935 0.11584 0.58116 0.939 0.084 1246.880 0.02567
0.05541 0.04875 0.08944 0.11595 0.58228 0.956 0.085 1246.910 0.02570
0.05546 0.04880 0.08952 0.11607 0.58340 0.834 0.079 1246.940 0.02572
0.05552 0.04885 0.08961 0.11618 0.58452 0.977 0.086 1246.970 0.02575
0.05557 0.04889 0.08970 0.11629 0.58565 0.856 0.085 1247.000 0.02577
0.05562 0.04894 0.08978 0.11641 0.58677 0.849 0.080 1247.030 0.02580
0.05568 0.04899 0.08987 0.11652 0.58789 0.756 0.080 1247.060 0.02582
0.05573 0.04904 0.08996 0.11663 0.58901 0.909 0.083 1247.090 0.02585
0.05579 0.04908 0.09005 0.11675 0.59013 0.687 0.077 1247.120 0.02587
0.05584 0.04913 0.09013 0.11686 0.59126 0.641 0.079 1247.149 0.02589
0.05589 0.04918 0.09022 0.11697 0.59238 0.543 0.078 1247.179 0.02592
0.05595 0.04923 0.09031 0.11709 0.59350 0.397 0.069 1247.209 0.02594
0.05600 0.04927 0.09040 0.11720 0.59462 0.283 0.061 1247.239 0.02597
0.05606 0.04932 0.09048 0.11731 0.59574 0.131 0.047 1247.269 0.02599
0.05611 0.04937 0.09057 0.11742 0.59687 0.193 0.053 1247.299 0.02602
0.05616 0.04942 0.09066 0.11754 0.59799 0.062 0.038 1247.329 0.02604
0.05622 0.04946 0.09074 0.11765 0.59911 0.078 0.040 1247.359 0.02607
0.05627 0.04951 0.09083 0.11776 0.60023 0.085 0.041 1247.389 0.02609
0.05633 0.04956 0.09092 0.11788 0.60135 0.047 0.036 1247.418 0.02612
0.05638 0.04961 0.09101 0.11799 0.60248 0.085 0.041 1247.448 0.02614
0.05643 0.04965 0.09109 0.11810 0.60360 0.100 0.043 1247.478 0.02617
0.05649 0.04970 0.09118 0.11822 0.60472 0.025 0.032 1247.508 0.02619
0.05654 0.04975 0.09127 0.11833 0.60584 0.108 0.044 1247.538 0.02621
0.05660 0.04980 0.09136 0.11844 0.60697 0.215 0.055 1247.568 0.02624
0.05665 0.04984 0.09144 0.11856 0.60809 0.244 0.058 1247.598 0.02626
0.05670 0.04989 0.09153 0.11867 0.60921 0.285 0.060 1247.628 0.02629
0.05676 0.04994 0.09162 0.11878 0.61033 0.590 0.081 1247.658 0.02631
0.05681 0.04999 0.09170 0.11890 0.61146 0.726 0.079 1247.687 0.02634
0.05687 0.05003 0.09179 0.11901 0.61258 0.762 0.076 1247.717 0.02636
0.05692 0.05008 0.09188 0.11912 0.61370 0.836 0.084 1247.747 0.02639
0.05698 0.05013 0.09197 0.11923 0.61483 0.896 0.086 1247.777 0.02641
0.05703 0.05018 0.09205 0.11935 0.61595 1.027 0.088 1247.807 0.02644
0.05708 0.05022 0.09214 0.11946 0.61707 1.014 0.087 1247.837 0.02646
0.05714 0.05027 0.09223 0.11957 0.61819 0.979 0.086 1247.867 0.02648
0.05719 0.05032 0.09232 0.11969 0.61932 1.015 0.087 1247.897 0.02651
0.05725 0.05037 0.09240 0.11980 0.62044 0.992 0.086 1247.927 0.02653
0.05730 0.05042 0.09249 0.11991 0.62156 1.020 0.088 1247.957 0.02656
0.05735 0.05046 0.09258 0.12003 0.62269 0.752 0.080 1247.986 0.02658
0.05741 0.05051 0.09266 0.12014 0.62381 1.045 0.089 1248.016 0.02661
0.05746 0.05056 0.09275 0.12025 0.62493 0.956 0.085 1248.046 0.02663
0.05752 0.05061 0.09284 0.12037 0.62606 0.946 0.084 1248.076 0.02666
0.05757 0.05065 0.09293 0.12048 0.62718 0.950 0.085 1248.106 0.02668
0.05762 0.05070 0.09301 0.12059 0.62830 0.959 0.085 1248.136 0.02671
0.05768 0.05075 0.09310 0.12071 0.62943 0.990 0.086 1248.166 0.02673
0.05773 0.05080 0.09319 0.12082 0.63055 0.883 0.082 1248.196 0.02676
0.05779 0.05084 0.09328 0.12093 0.63167 0.918 0.083 1248.226 0.02678
0.05784 0.05089 0.09336 0.12105 0.63280 0.829 0.079 1248.255 0.02680
0.05789 0.05094 0.09345 0.12116 0.63392 0.745 0.080 1248.285 0.02683
0.05795 0.05099 0.09354 0.12127 0.63504 0.911 0.083 1248.315 0.02685
0.05800 0.05103 0.09363 0.12139 0.63617 0.752 0.084 1248.345 0.02688
0.05806 0.05108 0.09371 0.12150 0.63729 0.774 0.080 1248.375 0.02690
0.05811 0.05113 0.09380 0.12161 0.63841 0.728 0.083 1248.405 0.02693
0.05817 0.05118 0.09389 0.12173 0.63954 0.759 0.076 1248.435 0.02695
0.05822 0.05122 0.09397 0.12184 0.64066 0.720 0.083 1248.465 0.02698
0.05827 0.05127 0.09406 0.12195 0.64178 0.804 0.082 1248.495 0.02700
0.05833 0.05132 0.09415 0.12207 0.64291 0.851 0.080 1248.524 0.02703
0.05838 0.05137 0.09424 0.12218 0.64403 0.768 0.076 1248.554 0.02705
0.05844 0.05142 0.09432 0.12229 0.64516 0.873 0.081 1248.584 0.02707
0.05849 0.05146 0.09441 0.12241 0.64628 0.878 0.081 1248.614 0.02710
0.05854 0.05151 0.09450 0.12252 0.64740 0.787 0.081 1248.644 0.02712
0.05860 0.05156 0.09459 0.12263 0.64853 0.872 0.081 1248.674 0.02715
0.05865 0.05161 0.09467 0.12275 0.64965 0.926 0.083 1248.704 0.02717
0.05871 0.05165 0.09476 0.12286 0.65078 1.017 0.087 1248.734 0.02720
0.05876 0.05170 0.09485 0.12297 0.65190 0.955 0.085 1248.764 0.02722
0.05882 0.05175 0.09494 0.12308 0.65302 0.924 0.083 1248.793 0.02725
0.05887 0.05180 0.09502 0.12320 0.65415 1.052 0.089 1248.823 0.02727
0.05892 0.05184 0.09511 0.12331 0.65527 1.015 0.087 1248.853 0.02730
0.05898 0.05189 0.09520 0.12342 0.65640 1.058 0.089 1248.883 0.02732
0.05903 0.05194 0.09529 0.12354 0.65752 0.923 0.083 1248.913 0.02735
0.05909 0.05199 0.09537 0.12365 0.65865 0.848 0.080 1248.943 0.02737
0.05914 0.05203 0.09546 0.12376 0.65977 0.990 0.086 1248.973 0.02739
0.05919 0.05208 0.09555 0.12388 0.66089 1.004 0.087 1249.003 0.02742
0.05925 0.05213 0.09563 0.12399 0.66202 0.914 0.083 1249.033 0.02744
0.05930 0.05218 0.09572 0.12410 0.66314 0.921 0.083 1249.063 0.02747
0.05936 0.05223 0.09581 0.12422 0.66427 0.982 0.086 1249.092 0.02749
0.05941 0.05227 0.09590 0.12433 0.66539 1.025 0.088 1249.122 0.02752
0.05946 0.05232 0.09598 0.12444 0.66652 1.027 0.088 1249.152 0.02754
0.05952 0.05237 0.09607 0.12456 0.66764 1.195 0.095 1249.182 0.02757
0.05957 0.05242 0.09616 0.12467 0.66877 1.072 0.090 1249.212 0.02759
0.05963 0.05246 0.09625 0.12479 0.66989 1.232 0.096 1249.242 0.02762
0.05968 0.05251 0.09633 0.12490 0.67102 1.100 0.091 1249.272 0.02764
0.05974 0.05256 0.09642 0.12501 0.67214 1.155 0.093 1249.302 0.02767
0.05979 0.05261 0.09651 0.12513 0.67327 1.049 0.089 1249.332 0.02769
0.05984 0.05265 0.09660 0.12524 0.67439 1.004 0.087 1249.361 0.02771
0.05990 0.05270 0.09668 0.12535 0.67551 1.170 0.094 1249.391 0.02774
0.05995 0.05275 0.09677 0.12547 0.67664 0.981 0.086 1249.421 0.02776
0.06001 0.05280 0.09686 0.12558 0.67776 0.942 0.084 1249.451 0.02779
0.06006 0.05284 0.09695 0.12569 0.67889 0.973 0.085 1249.481 0.02781
0.06012 0.05289 0.09703 0.12581 0.68002 1.070 0.089 1249.511 0.02784
0.06017 0.05294 0.09712 0.12592 0.68114 0.875 0.081 1249.541 0.02786
0.06022 0.05299 0.09721 0.12603 0.68227 1.080 0.090 1249.571 0.02789
0.06028 0.05304 0.09730 0.12615 0.68339 0.852 0.080 1249.601 0.02791
0.06033 0.05308 0.09738 0.12626 0.68452 0.963 0.085 1249.630 0.02794
0.06039 0.05313 0.09747 0.12637 0.68564 0.974 0.085 1249.660 0.02796
0.06044 0.05318 0.09756 0.12649 0.68677 0.882 0.081 1249.690 0.02798
0.06049 0.05323 0.09765 0.12660 0.68789 1.063 0.089 1249.720 0.02801
0.06055 0.05327 0.09773 0.12671 0.68902 1.040 0.088 1249.750 0.02803
0.06060 0.05332 0.09782 0.12683 0.69014 0.980 0.085 1249.780 0.02806
0.06066 0.05337 0.09791 0.12694 0.69127 0.940 0.084 1249.810 0.02808
0.06071 0.05342 0.09800 0.12705 0.69239 1.107 0.091 1249.840 0.02811
0.06077 0.05346 0.09808 0.12717 0.69352 1.038 0.088 1249.870 0.02813
0.06082 0.05351 0.09817 0.12728 0.69464 0.910 0.082 1249.900 0.02816
0.06087 0.05356 0.09826 0.12739 0.69577 1.000 0.086 1249.929 0.02818
0.06093 0.05361 0.09835 0.12751 0.69690 0.828 0.079 1249.959 0.02821
0.06098 0.05366 0.09843 0.12762 0.69802 1.042 0.088 1249.989 0.02823
0.06104 0.05370 0.09852 0.12773 0.69915 0.954 0.088 1250.019 0.02826
0.06109 0.05375 0.09861 0.12785 0.70027 1.100 0.091 1250.049 0.02828
0.06114 0.05380 0.09870 0.12796 0.70140 1.055 0.089 1250.079 0.02830
0.06120 0.05385 0.09878 0.12807 0.70253 0.973 0.085 1250.109 0.02833
0.06125 0.05389 0.09887 0.12819 0.70365 0.836 0.079 1250.139 0.02835
0.06131 0.05394 0.09896 0.12830 0.70478 0.820 0.078 1250.169 0.02838
0.06136 0.05399 0.09905 0.12841 0.70590 0.979 0.085 1250.198 0.02840
0.06142 0.05404 0.09913 0.12853 0.70703 1.068 0.089 1250.228 0.02843
0.06147 0.05408 0.09922 0.12864 0.70816 0.925 0.083 1250.258 0.02845
0.06152 0.05413 0.09931 0.12876 0.70928 0.853 0.080 1250.288 0.02848
0.06158 0.05418 0.09940 0.12887 0.71041 1.013 0.087 1250.318 0.02850
0.06163 0.05423 0.09948 0.12898 0.71153 0.951 0.084 1250.348 0.02853
0.06169 0.05428 0.09957 0.12910 0.71266 0.867 0.080 1250.378 0.02855
0.06174 0.05432 0.09966 0.12921 0.71379 0.849 0.084 1250.408 0.02857
0.06180 0.05437 0.09975 0.12932 0.71491 0.848 0.079 1250.438 0.02860
0.06185 0.05442 0.09983 0.12944 0.71604 0.658 0.074 1250.467 0.02862
0.06190 0.05447 0.09992 0.12955 0.71717 0.751 0.079 1250.497 0.02865
0.06196 0.05451 0.10001 0.12966 0.71829 0.750 0.079 1250.527 0.02867
0.06201 0.05456 0.10010 0.12978 0.71942 0.617 0.076 1250.557 0.02870
0.06207 0.05461 0.10019 0.12989 0.72054 0.404 0.069 1250.587 0.02872
0.06212 0.05466 0.10027 0.13000 0.72167 0.473 0.073 1250.617 0.02875
0.06218 0.05471 0.10036 0.13012 0.72280 0.622 0.077 1250.647 0.02877
0.06223 0.05475 0.10045 0.13023 0.72392 0.810 0.082 1250.677 0.02880
0.06228 0.05480 0.10054 0.13035 0.72505 0.915 0.082 1250.707 0.02882
0.06234 0.05485 0.10062 0.13046 0.72618 0.854 0.080 1250.737 0.02885
0.06239 0.05490 0.10071 0.13057 0.72730 1.078 0.089 1250.766 0.02887
0.06245 0.05494 0.10080 0.13069 0.72843 0.860 0.084 1250.796 0.02889
0.06250 0.05499 0.10089 0.13080 0.72956 1.062 0.089 1250.826 0.02892
0.06256 0.05504 0.10097 0.13091 0.73068 0.921 0.083 1250.856 0.02894
0.06261 0.05509 0.10106 0.13103 0.73181 0.993 0.086 1250.886 0.02897
0.06266 0.05514 0.10115 0.13114 0.73294 1.025 0.087 1250.916 0.02899
0.06272 0.05518 0.10124 0.13125 0.73407 0.933 0.083 1250.946 0.02902
0.06277 0.05523 0.10132 0.13137 0.73519 0.921 0.083 1250.976 0.02904
0.06283 0.05528 0.10141 0.13148 0.73632 1.009 0.086 1251.006 0.02907
0.06288 0.05533 0.10150 0.13159 0.73745 0.770 0.080 1251.035 0.02909
0.06294 0.05537 0.10159 0.13171 0.73857 0.844 0.079 1251.065 0.02912
0.06299 0.05542 0.10167 0.13182 0.73970 0.971 0.085 1251.095 0.02914
0.06304 0.05547 0.10176 0.13194 0.74083 1.030 0.087 1251.125 0.02917
0.06310 0.05552 0.10185 0.13205 0.74196 0.903 0.086 1251.155 0.02919
0.06315 0.05557 0.10194 0.13216 0.74308 0.995 0.086 1251.185 0.02921
0.06321 0.05561 0.10202 0.13228 0.74421 0.963 0.084 1251.215 0.02924
0.06326 0.05566 0.10211 0.13239 0.74534 0.956 0.084 1251.245 0.02926
0.06332 0.05571 0.10220 0.13250 0.74647 0.872 0.080 1251.275 0.02929
0.06337 0.05576 0.10229 0.13262 0.74759 0.723 0.073 1251.304 0.02931
0.06342 0.05580 0.10238 0.13273 0.74872 0.731 0.078 1251.334 0.02934
0.06348 0.05585 0.10246 0.13284 0.74985 0.791 0.076 1251.364 0.02936
0.06353 0.05590 0.10255 0.13296 0.75098 0.954 0.084 1251.394 0.02939
0.06359 0.05595 0.10264 0.13307 0.75210 0.977 0.085 1251.424 0.02941
0.06364 0.05600 0.10273 0.13319 0.75323 0.960 0.084 1251.454 0.02944
0.06370 0.05604 0.10281 0.13330 0.75436 1.005 0.086 1251.484 0.02946
0.06375 0.05609 0.10290 0.13341 0.75549 0.553 0.072 1251.514 0.02948
0.06380 0.05614 0.10299 0.13353 0.75661 0.805 0.077 1251.544 0.02951
0.06386 0.05619 0.10308 0.13364 0.75774 0.603 0.076 1251.573 0.02953
0.06391 0.05623 0.10316 0.13375 0.75887 0.648 0.073 1251.603 0.02956
0.06397 0.05628 0.10325 0.13387 0.76000 0.565 0.073 1251.633 0.02958
0.06402 0.05633 0.10334 0.13398 0.76113 0.364 0.066 1251.663 0.02961
0.06408 0.05638 0.10343 0.13409 0.76225 0.260 0.058 1251.693 0.02963
0.06413 0.05643 0.10352 0.13421 0.76338 0.238 0.056 1251.723 0.02966
0.06418 0.05647 0.10360 0.13432 0.76451 0.328 0.063 1251.753 0.02968
0.06424 0.05652 0.10369 0.13444 0.76564 0.490 0.074 1251.783 0.02971
0.06429 0.05657 0.10378 0.13455 0.76677 0.595 0.075 1251.813 0.02973
0.06435 0.05662 0.10387 0.13466 0.76789 0.683 0.080 1251.843 0.02976
0.06440 0.05666 0.10395 0.13478 0.76902 0.846 0.083 1251.872 0.02978
0.06446 0.05671 0.10404 0.13489 0.77015 0.771 0.075 1251.902 0.02980
0.06451 0.05676 0.10413 0.13500 0.77128 0.800 0.081 1251.932 0.02983
0.06457 0.05681 0.10422 0.13512 0.77241 0.845 0.079 1251.962 0.02985
0.06462 0.05686 0.10430 0.13523 0.77353 0.867 0.080 1251.992 0.02988
0.06467 0.05690 0.10439 0.13535 0.77466 0.684 0.075 1252.022 0.02990
0.06473 0.05695 0.10448 0.13546 0.77579 1.112 0.090 1252.052 0.02993
0.06478 0.05700 0.10457 0.13557 0.77692 1.083 0.089 1252.082 0.02995
0.06484 0.05705 0.10466 0.13569 0.77805 0.904 0.081 1252.112 0.02998
0.06489 0.05709 0.10474 0.13580 0.77918 0.910 0.082 1252.141 0.03000
0.06495 0.05714 0.10483 0.13591 0.78031 1.046 0.087 1252.171 0.03003
0.06500 0.05719 0.10492 0.13603 0.78143 1.007 0.086 1252.201 0.03005
0.06505 0.05724 0.10501 0.13614 0.78256 0.956 0.084 1252.231 0.03007
0.06511 0.05729 0.10509 0.13626 0.78369 0.814 0.077 1252.261 0.03010
0.06516 0.05733 0.10518 0.13637 0.78482 1.103 0.090 1252.291 0.03012
0.06522 0.05738 0.10527 0.13648 0.78595 0.903 0.081 1252.321 0.03015
0.06527 0.05743 0.10536 0.13660 0.78708 1.029 0.087 1252.351 0.03017
0.06533 0.05748 0.10545 0.13671 0.78821 0.948 0.083 1252.381 0.03020
0.06538 0.05753 0.10553 0.13682 0.78934 1.036 0.087 1252.410 0.03022
0.06543 0.05757 0.10562 0.13694 0.79047 1.035 0.087 1252.440 0.03025
0.06549 0.05762 0.10571 0.13705 0.79159 1.125 0.091 1252.470 0.03027
0.06554 0.05767 0.10580 0.13717 0.79272 0.910 0.081 1252.500 0.03030
0.06560 0.05772 0.10588 0.13728 0.79385 1.125 0.091 1252.530 0.03032
0.06565 0.05776 0.10597 0.13739 0.79498 0.896 0.081 1252.560 0.03035
0.06571 0.05781 0.10606 0.13751 0.79611 0.925 0.082 1252.590 0.03037
0.06576 0.05786 0.10615 0.13762 0.79724 1.124 0.090 1252.620 0.03039
0.06582 0.05791 0.10624 0.13774 0.79837 1.019 0.086 1252.650 0.03042
0.06587 0.05796 0.10632 0.13785 0.79950 1.188 0.093 1252.680 0.03044
0.06592 0.05800 0.10641 0.13796 0.80063 1.019 0.086 1252.709 0.03047
0.06598 0.05805 0.10650 0.13808 0.80176 1.138 0.091 1252.739 0.03049
0.06603 0.05810 0.10659 0.13819 0.80289 1.091 0.089 1252.769 0.03052
0.06609 0.05815 0.10667 0.13830 0.80402 0.929 0.082 1252.799 0.03054
0.06614 0.05820 0.10676 0.13842 0.80515 1.142 0.091 1252.829 0.03057
0.06620 0.05824 0.10685 0.13853 0.80627 1.040 0.087 1252.859 0.03059
0.06625 0.05829 0.10694 0.13865 0.80740 0.995 0.085 1252.889 0.03062
0.06631 0.05834 0.10703 0.13876 0.80853 1.003 0.085 1252.919 0.03064
0.06636 0.05839 0.10711 0.13887 0.80966 0.980 0.084 1252.949 0.03067
0.06641 0.05843 0.10720 0.13899 0.81079 1.083 0.089 1252.978 0.03069
0.06647 0.05848 0.10729 0.13910 0.81192 1.031 0.086 1253.008 0.03071
0.06652 0.05853 0.10738 0.13922 0.81305 1.008 0.085 1253.038 0.03074
0.06658 0.05858 0.10746 0.13933 0.81418 0.870 0.083 1253.068 0.03076
0.06663 0.05863 0.10755 0.13944 0.81531 1.096 0.089 1253.098 0.03079
0.06669 0.05867 0.10764 0.13956 0.81644 0.874 0.080 1253.128 0.03081
0.06674 0.05872 0.10773 0.13967 0.81757 0.935 0.082 1253.158 0.03084
0.06679 0.05877 0.10782 0.13978 0.81870 0.898 0.081 1253.188 0.03086
0.06685 0.05882 0.10790 0.13990 0.81983 0.984 0.084 1253.218 0.03089
0.06690 0.05887 0.10799 0.14001 0.82096 0.991 0.085 1253.247 0.03091
0.06696 0.05891 0.10808 0.14013 0.82209 1.062 0.088 1253.277 0.03094
0.06701 0.05896 0.10817 0.14024 0.82322 1.035 0.086 1253.307 0.03096
0.06707 0.05901 0.10826 0.14035 0.82435 1.099 0.089 1253.337 0.03098
0.06712 0.05906 0.10834 0.14047 0.82548 1.173 0.092 1253.367 0.03101
0.06718 0.05910 0.10843 0.14058 0.82661 1.047 0.087 1253.397 0.03103
0.06723 0.05915 0.10852 0.14070 0.82774 1.041 0.087 1253.427 0.03106
0.06728 0.05920 0.10861 0.14081 0.82887 0.880 0.080 1253.457 0.03108
0.06734 0.05925 0.10869 0.14092 0.83000 1.002 0.085 1253.487 0.03111
0.06739 0.05930 0.10878 0.14104 0.83113 0.965 0.083 1253.516 0.03113
0.06745 0.05934 0.10887 0.14115 0.83226 0.980 0.084 1253.546 0.03116
0.06750 0.05939 0.10896 0.14127 0.83339 0.769 0.074 1253.576 0.03118
0.06756 0.05944 0.10905 0.14138 0.83453 0.665 0.073 1253.606 0.03121
0.06761 0.05949 0.10913 0.14149 0.83566 0.483 0.072 1253.636 0.03123
0.06767 0.05954 0.10922 0.14161 0.83679 0.686 0.075 1253.666 0.03126
0.06772 0.05958 0.10931 0.14172 0.83792 0.657 0.077 1253.696 0.03128
0.06777 0.05963 0.10940 0.14184 0.83905 0.590 0.074 1253.726 0.03130
0.06783 0.05968 0.10949 0.14195 0.84018 0.591 0.078 1253.756 0.03133
0.06788 0.05973 0.10957 0.14206 0.84131 0.351 0.064 1253.786 0.03135
0.06794 0.05978 0.10966 0.14218 0.84244 0.393 0.067 1253.815 0.03138
0.06799 0.05982 0.10975 0.14229 0.84357 0.299 0.060 1253.845 0.03140
0.06805 0.05987 0.10984 0.14241 0.84470 0.468 0.071 1253.875 0.03143
0.06810 0.05992 0.10993 0.14252 0.84583 0.531 0.070 1253.905 0.03145
0.06816 0.05997 0.11001 0.14263 0.84696 0.837 0.081 1253.935 0.03148
0.06821 0.06002 0.11010 0.14275 0.84809 0.895 0.080 1253.965 0.03150
0.06826 0.06006 0.11019 0.14286 0.84923 0.820 0.077 1253.995 0.03153
0.06832 0.06011 0.11028 0.14298 0.85036 0.858 0.082 1254.025 0.03155
0.06837 0.06016 0.11037 0.14309 0.85149 0.894 0.080 1254.055 0.03157
0.06843 0.06021 0.11045 0.14320 0.85262 1.024 0.086 1254.084 0.03160
0.06848 0.06025 0.11054 0.14332 0.85375 1.068 0.087 1254.114 0.03162
0.06854 0.06030 0.11063 0.14343 0.85488 1.024 0.086 1254.144 0.03165
0.06859 0.06035 0.11072 0.14355 0.85601 0.929 0.081 1254.174 0.03167
0.06865 0.06040 0.11080 0.14366 0.85714 0.892 0.080 1254.204 0.03170
0.06870 0.06045 0.11089 0.14377 0.85827 0.992 0.084 1254.234 0.03172
0.06876 0.06049 0.11098 0.14389 0.85941 0.921 0.081 1254.264 0.03175
0.06881 0.06054 0.11107 0.14400 0.86054 1.110 0.089 1254.294 0.03177
0.06886 0.06059 0.11116 0.14412 0.86167 0.921 0.081 1254.324 0.03180
0.06892 0.06064 0.11124 0.14423 0.86280 0.848 0.078 1254.353 0.03182
0.06897 0.06069 0.11133 0.14434 0.86393 0.992 0.084 1254.383 0.03185
0.06903 0.06073 0.11142 0.14446 0.86506 1.042 0.086 1254.413 0.03187
0.06908 0.06078 0.11151 0.14457 0.86620 0.911 0.081 1254.443 0.03189
0.06914 0.06083 0.11160 0.14469 0.86733 0.989 0.084 1254.473 0.03192
0.06919 0.06088 0.11168 0.14480 0.86846 1.183 0.092 1254.503 0.03194
0.06925 0.06093 0.11177 0.14491 0.86959 0.822 0.076 1254.533 0.03197
0.06930 0.06097 0.11186 0.14503 0.87072 1.032 0.086 1254.563 0.03199
0.06935 0.06102 0.11195 0.14514 0.87185 1.039 0.086 1254.593 0.03202
0.06941 0.06107 0.11204 0.14526 0.87299 0.879 0.079 1254.623 0.03204
0.06946 0.06112 0.11212 0.14537 0.87412 1.046 0.086 1254.652 0.03207
0.06952 0.06117 0.11221 0.14548 0.87525 0.865 0.078 1254.682 0.03209
0.06957 0.06121 0.11230 0.14560 0.87638 0.856 0.082 1254.712 0.03212
0.06963 0.06126 0.11239 0.14571 0.87751 0.819 0.076 1254.742 0.03214
0.06968 0.06131 0.11248 0.14583 0.87865 1.063 0.087 1254.772 0.03216
0.06974 0.06136 0.11256 0.14594 0.87978 0.941 0.082 1254.802 0.03219
0.06979 0.06141 0.11265 0.14606 0.88091 0.970 0.083 1254.832 0.03221
0.06985 0.06145 0.11274 0.14617 0.88204 1.169 0.091 1254.862 0.03224
0.06990 0.06150 0.11283 0.14628 0.88317 0.925 0.081 1254.892 0.03226
0.06995 0.06155 0.11292 0.14640 0.88431 0.833 0.077 1254.921 0.03229
0.07001 0.06160 0.11300 0.14651 0.88544 0.982 0.083 1254.951 0.03231
0.07006 0.06165 0.11309 0.14663 0.88657 0.989 0.084 1254.981 0.03234
0.07012 0.06169 0.11318 0.14674 0.88770 0.952 0.082 1255.011 0.03236
0.07017 0.06174 0.11327 0.14685 0.88884 0.936 0.081 1255.041 0.03239
0.07023 0.06179 0.11336 0.14697 0.88997 1.002 0.084 1255.071 0.03241
0.07028 0.06184 0.11344 0.14708 0.89110 0.894 0.079 1255.101 0.03244
0.07034 0.06189 0.11353 0.14720 0.89223 0.958 0.082 1255.131 0.03246
0.07039 0.06193 0.11362 0.14731 0.89337 0.945 0.082 1255.161 0.03248
0.07045 0.06198 0.11371 0.14742 0.89450 0.972 0.083 1255.190 0.03251
0.07050 0.06203 0.11380 0.14754 0.89563 0.936 0.081 1255.220 0.03253
0.07055 0.06208 0.11389 0.14765 0.89676 0.977 0.083 1255.250 0.03256
0.07061 0.06213 0.11397 0.14777 0.89790 0.949 0.082 1255.280 0.03258
0.07066 0.06217 0.11406 0.14788 0.89903 0.728 0.076 1255.310 0.03261
0.07072 0.06222 0.11415 0.14800 0.90016 0.970 0.083 1255.340 0.03263
0.07077 0.06227 0.11424 0.14811 0.90129 0.990 0.083 1255.370 0.03266
0.07083 0.06232 0.11433 0.14822 0.90243 0.904 0.080 1255.400 0.03268
0.07088 0.06237 0.11441 0.14834 0.90356 0.897 0.079 1255.430 0.03271
0.07094 0.06241 0.11450 0.14845 0.90469 0.974 0.083 1255.459 0.03273
0.07099 0.06246 0.11459 0.14857 0.90583 1.260 0.094 1255.489 0.03276
0.07105 0.06251 0.11468 0.14868 0.90696 1.066 0.086 1255.519 0.03278
0.07110 0.06256 0.11477 0.14879 0.90809 1.202 0.092 1255.549 0.03280
0.07115 0.06261 0.11485 0.14891 0.90923 1.102 0.088 1255.579 0.03283
0.07121 0.06265 0.11494 0.14902 0.91036 1.101 0.088 1255.609 0.03285
0.07126 0.06270 0.11503 0.14914 0.91149 1.070 0.086 1255.639 0.03288
0.07132 0.06275 0.11512 0.14925 0.91262 1.120 0.088 1255.669 0.03290
0.07137 0.06280 0.11521 0.14937 0.91376 1.007 0.084 1255.699 0.03293
0.07143 0.06285 0.11529 0.14948 0.91489 1.019 0.084 1255.729 0.03295
0.07148 0.06289 0.11538 0.14959 0.91602 1.049 0.086 1255.758 0.03298
0.07154 0.06294 0.11547 0.14971 0.91716 1.102 0.088 1255.788 0.03300
0.07159 0.06299 0.11556 0.14982 0.91829 0.975 0.082 1255.818 0.03303
0.07165 0.06304 0.11565 0.14994 0.91942 1.010 0.084 1255.848 0.03305
0.07170 0.06309 0.11574 0.15005 0.92056 1.052 0.086 1255.878 0.03307
0.07176 0.06313 0.11582 0.15017 0.92169 1.130 0.089 1255.908 0.03310
0.07181 0.06318 0.11591 0.15028 0.92283 0.875 0.078 1255.938 0.03312
0.07186 0.06323 0.11600 0.15039 0.92396 0.993 0.083 1255.968 0.03315
0.07192 0.06328 0.11609 0.15051 0.92509 1.019 0.084 1255.998 0.03317
0.07197 0.06333 0.11618 0.15062 0.92623 1.095 0.087 1256.027 0.03320
0.07203 0.06337 0.11626 0.15074 0.92736 1.087 0.087 1256.057 0.03322
0.07208 0.06342 0.11635 0.15085 0.92849 0.853 0.077 1256.087 0.03325
0.07214 0.06347 0.11644 0.15097 0.92963 0.986 0.083 1256.117 0.03327
0.07219 0.06352 0.11653 0.15108 0.93076 1.051 0.085 1256.147 0.03330
0.07225 0.06357 0.11662 0.15119 0.93190 1.032 0.085 1256.177 0.03332
0.07230 0.06361 0.11670 0.15131 0.93303 1.130 0.088 1256.207 0.03335
0.07236 0.06366 0.11679 0.15142 0.93416 0.975 0.082 1256.237 0.03337
0.07241 0.06371 0.11688 0.15154 0.93530 0.952 0.081 1256.267 0.03339
0.07247 0.06376 0.11697 0.15165 0.93643 0.888 0.078 1256.296 0.03342
0.07252 0.06381 0.11706 0.15177 0.93757 1.061 0.086 1256.326 0.03344
0.07257 0.06385 0.11715 0.15188 0.93870 0.964 0.082 1256.356 0.03347
0.07263 0.06390 0.11723 0.15199 0.93983 1.033 0.084 1256.386 0.03349
0.07268 0.06395 0.11732 0.15211 0.94097 1.018 0.084 1256.416 0.03352
0.07274 0.06400 0.11741 0.15222 0.94210 0.840 0.076 1256.446 0.03354
0.07279 0.06405 0.11750 0.15234 0.94324 0.861 0.077 1256.476 0.03357
0.07285 0.06410 0.11759 0.15245 0.94437 0.858 0.077 1256.506 0.03359
0.07290 0.06414 0.11767 0.15257 0.94550 0.807 0.074 1256.536 0.03362
0.07296 0.06419 0.11776 0.15268 0.94664 1.067 0.086 1256.566 0.03364
0.07301 0.06424 0.11785 0.15279 0.94777 0.836 0.076 1256.595 0.03366
0.07307 0.06429 0.11794 0.15291 0.94891 0.849 0.080 1256.625 0.03369
0.07312 0.06434 0.11803 0.15302 0.95004 0.836 0.076 1256.655 0.03371
0.07318 0.06438 0.11812 0.15314 0.95118 0.973 0.082 1256.685 0.03374
0.07323 0.06443 0.11820 0.15325 0.95231 0.840 0.080 1256.715 0.03376
0.07328 0.06448 0.11829 0.15337 0.95345 1.085 0.086 1256.745 0.03379
0.07334 0.06453 0.11838 0.15348 0.95458 1.015 0.083 1256.775 0.03381
0.07339 0.06458 0.11847 0.15360 0.95572 0.818 0.075 1256.805 0.03384
0.07345 0.06462 0.11856 0.15371 0.95685 1.083 0.086 1256.835 0.03386
0.07350 0.06467 0.11864 0.15382 0.95799 1.040 0.084 1256.864 0.03389
0.07356 0.06472 0.11873 0.15394 0.95912 0.949 0.080 1256.894 0.03391
0.07361 0.06477 0.11882 0.15405 0.96026 0.948 0.080 1256.924 0.03394
0.07367 0.06482 0.11891 0.15417 0.96139 1.066 0.085 1256.954 0.03396
0.07372 0.06486 0.11900 0.15428 0.96252 0.982 0.082 1256.984 0.03398
0.07378 0.06491 0.11909 0.15440 0.96366 0.886 0.078 1257.014 0.03401
0.07383 0.06496 0.11917 0.15451 0.96479 0.914 0.079 1257.044 0.03403
0.07389 0.06501 0.11926 0.15462 0.96593 0.871 0.077 1257.074 0.03406
0.07394 0.06506 0.11935 0.15474 0.96707 1.001 0.082 1257.104 0.03408
0.07400 0.06511 0.11944 0.15485 0.96820 0.940 0.080 1257.133 0.03411
0.07405 0.06515 0.11953 0.15497 0.96934 0.902 0.078 1257.163 0.03413
0.07410 0.06520 0.11962 0.15508 0.97047 0.895 0.078 1257.193 0.03416
0.07416 0.06525 0.11970 0.15520 0.97161 0.931 0.079 1257.223 0.03418
0.07421 0.06530 0.11979 0.15531 0.97274 0.950 0.080 1257.253 0.03421
0.07427 0.06535 0.11988 0.15543 0.97388 0.749 0.071 1257.283 0.03423
0.07432 0.06539 0.11997 0.15554 0.97501 1.010 0.083 1257.313 0.03426
0.07438 0.06544 0.12006 0.15565 0.97615 0.825 0.075 1257.343 0.03428
0.07443 0.06549 0.12015 0.15577 0.97728 0.940 0.080 1257.373 0.03430
0.07449 0.06554 0.12023 0.15588 0.97842 0.932 0.079 1257.402 0.03433
0.07454 0.06559 0.12032 0.15600 0.97955 0.803 0.074 1257.432 0.03435
0.07460 0.06563 0.12041 0.15611 0.98069 0.883 0.077 1257.462 0.03438
0.07465 0.06568 0.12050 0.15623 0.98182 0.808 0.074 1257.492 0.03440
0.07471 0.06573 0.12059 0.15634 0.98296 0.993 0.082 1257.522 0.03443
0.07476 0.06578 0.12067 0.15646 0.98410 0.970 0.081 1257.552 0.03445
0.07482 0.06583 0.12076 0.15657 0.98523 0.875 0.077 1257.582 0.03448
0.07487 0.06587 0.12085 0.15668 0.98637 0.820 0.074 1257.612 0.03450
0.07493 0.06592 0.12094 0.15680 0.98750 0.893 0.077 1257.642 0.03453
0.07498 0.06597 0.12103 0.15691 0.98864 0.865 0.076 1257.672 0.03455
0.07503 0.06602 0.12112 0.15703 0.98978 0.913 0.078 1257.701 0.03457
0.07509 0.06607 0.12120 0.15714 0.99091 0.920 0.079 1257.731 0.03460
0.07514 0.06612 0.12129 0.15726 0.99205 0.987 0.081 1257.761 0.03462
0.07520 0.06616 0.12138 0.15737 0.99318 0.790 0.073 1257.791 0.03465
0.07525 0.06621 0.12147 0.15749 0.99432 1.089 0.085 1257.821 0.03467
0.07531 0.06626 0.12156 0.15760 0.99546 0.897 0.077 1257.851 0.03470
0.07536 0.06631 0.12165 0.15772 0.99659 0.985 0.081 1257.881 0.03472
0.07542 0.06636 0.12173 0.15783 0.99773 0.916 0.078 1257.911 0.03475
0.07547 0.06640 0.12182 0.15794 0.99886 0.936 0.079 1257.941 0.03477
0.07553 0.06645 0.12191 0.15806 1.00000 0.929 0.079 1257.970 0.03480
