x y z dist_scaled dist_frac flux_norm sig_norm wavelength redshift
0.02772 -0.02043 0.04574 0.05726 0.00000 0.993 0.192 1231.245 0.01281
0.02778 -0.02047 0.04583 0.05737 0.00110 0.948 0.188 1231.275 0.01284
0.02783 -0.02051 0.04592 0.05748 0.00220 1.169 0.204 1231.305 0.01286
0.02788 -0.02055 0.04601 0.05759 0.00330 0.835 0.180 1231.335 0.01289
0.02794 -0.02059 0.04610 0.05770 0.00440 1.011 0.193 1231.365 0.01291
0.02799 -0.02063 0.04619 0.05781 0.00550 1.123 0.200 1231.395 0.01293
0.02804 -0.02067 0.04628 0.05792 0.00661 1.101 0.199 1231.425 0.01296
0.02810 -0.02071 0.04636 0.05803 0.00771 1.124 0.201 1231.454 0.01298
0.02815 -0.02075 0.04645 0.05814 0.00881 1.165 0.203 1231.484 0.01301
0.02820 -0.02078 0.04654 0.05826 0.00991 1.056 0.196 1231.514 0.01303
0.02826 -0.02082 0.04663 0.05837 0.01101 0.900 0.184 1231.544 0.01306
0.02831 -0.02086 0.04672 0.05848 0.01211 0.900 0.184 1231.574 0.01308
0.02837 -0.02090 0.04681 0.05859 0.01321 1.164 0.203 1231.604 0.01311
0.02842 -0.02094 0.04690 0.05870 0.01431 0.876 0.182 1231.634 0.01313
0.02847 -0.02098 0.04699 0.05881 0.01541 0.744 0.172 1231.664 0.01316
0.02853 -0.02102 0.04707 0.05892 0.01652 0.722 0.169 1231.693 0.01318
0.02858 -0.02106 0.04716 0.05903 0.01762 1.073 0.197 1231.723 0.01321
0.02863 -0.02110 0.04725 0.05914 0.01872 0.941 0.187 1231.753 0.01323
0.02869 -0.02114 0.04734 0.05925 0.01982 0.875 0.182 1231.783 0.01325
0.02874 -0.02118 0.04743 0.05936 0.02092 0.984 0.190 1231.813 0.01328
0.02880 -0.02122 0.04752 0.05948 0.02202 0.874 0.182 1231.843 0.01330
0.02885 -0.02126 0.04761 0.05959 0.02312 1.137 0.201 1231.873 0.01333
0.02890 -0.02130 0.04769 0.05970 0.02423 0.894 0.183 1231.903 0.01335
0.02896 -0.02134 0.04778 0.05981 0.02533 0.850 0.180 1231.932 0.01338
0.02901 -0.02138 0.04787 0.05992 0.02643 0.872 0.182 1231.962 0.01340
0.02906 -0.02142 0.04796 0.06003 0.02753 0.960 0.188 1231.992 0.01343
0.02912 -0.02146 0.04805 0.06014 0.02863 1.003 0.191 1232.022 0.01345
0.02917 -0.02150 0.04814 0.06025 0.02973 1.068 0.196 1232.052 0.01348
0.02923 -0.02154 0.04823 0.06036 0.03084 0.980 0.190 1232.082 0.01350
0.02928 -0.02158 0.04832 0.06047 0.03194 0.650 0.163 1232.112 0.01352
0.02933 -0.02162 0.04840 0.06059 0.03304 0.826 0.177 1232.142 0.01355
0.02939 -0.02166 0.04849 0.06070 0.03414 1.067 0.196 1232.171 0.01357
0.02944 -0.02170 0.04858 0.06081 0.03524 0.823 0.178 1232.201 0.01360
0.02949 -0.02173 0.04867 0.06092 0.03635 0.843 0.179 1232.231 0.01362
0.02955 -0.02177 0.04876 0.06103 0.03745 1.042 0.194 1232.261 0.01365
0.02960 -0.02181 0.04885 0.06114 0.03855 0.929 0.186 1232.291 0.01367
0.02966 -0.02185 0.04894 0.06125 0.03965 1.085 0.197 1232.321 0.01370
0.02971 -0.02189 0.04902 0.06136 0.04075 0.821 0.177 1232.351 0.01372
0.02976 -0.02193 0.04911 0.06147 0.04186 0.864 0.180 1232.381 0.01375
0.02982 -0.02197 0.04920 0.06159 0.04296 1.104 0.198 1232.411 0.01377
0.02987 -0.02201 0.04929 0.06170 0.04406 1.216 0.205 1232.440 0.01380
0.02992 -0.02205 0.04938 0.06181 0.04516 0.886 0.182 1232.470 0.01382
0.02998 -0.02209 0.04947 0.06192 0.04627 1.061 0.195 1232.500 0.01384
0.03003 -0.02213 0.04956 0.06203 0.04737 0.820 0.177 1232.530 0.01387
0.03009 -0.02217 0.04965 0.06214 0.04847 1.037 0.193 1232.560 0.01389
0.03014 -0.02221 0.04973 0.06225 0.04957 1.016 0.192 1232.590 0.01392
0.03019 -0.02225 0.04982 0.06236 0.05068 0.906 0.183 1232.620 0.01394
0.03025 -0.02229 0.04991 0.06247 0.05178 1.104 0.197 1232.650 0.01397
0.03030 -0.02233 0.05000 0.06258 0.05288 0.905 0.183 1232.679 0.01399
0.03035 -0.02237 0.05009 0.06270 0.05398 0.820 0.176 1232.709 0.01402
0.03041 -0.02241 0.05018 0.06281 0.05509 0.906 0.183 1232.739 0.01404
0.03046 -0.02245 0.05027 0.06292 0.05619 1.016 0.191 1232.769 0.01407
0.03052 -0.02249 0.05036 0.06303 0.05729 1.036 0.193 1232.799 0.01409
0.03057 -0.02253 0.05044 0.06314 0.05840 0.797 0.174 1232.829 0.01411
0.03062 -0.02257 0.05053 0.06325 0.05950 0.709 0.167 1232.859 0.01414
0.03068 -0.02261 0.05062 0.06336 0.06060 0.840 0.178 1232.889 0.01416
0.03073 -0.02265 0.05071 0.06347 0.06170 0.947 0.186 1232.918 0.01419
0.03079 -0.02269 0.05080 0.06358 0.06281 0.818 0.176 1232.948 0.01421
0.03084 -0.02273 0.05089 0.06370 0.06391 1.383 0.215 1232.978 0.01424
0.03089 -0.02277 0.05098 0.06381 0.06501 0.904 0.182 1233.008 0.01426
0.03095 -0.02281 0.05107 0.06392 0.06612 1.067 0.195 1233.038 0.01429
0.03100 -0.02284 0.05116 0.06403 0.06722 1.071 0.193 1233.068 0.01431
0.03105 -0.02288 0.05124 0.06414 0.06832 0.980 0.187 1233.098 0.01434
0.03111 -0.02292 0.05133 0.06425 0.06943 0.893 0.181 1233.128 0.01436
0.03116 -0.02296 0.05142 0.06436 0.07053 0.809 0.172 1233.157 0.01439
0.03122 -0.02300 0.05151 0.06447 0.07163 0.859 0.177 1233.187 0.01441
0.03127 -0.02304 0.05160 0.06459 0.07274 1.097 0.195 1233.217 0.01443
0.03132 -0.02308 0.05169 0.06470 0.07384 1.043 0.192 1233.247 0.01446
0.03138 -0.02312 0.05178 0.06481 0.07494 1.095 0.195 1233.277 0.01448
0.03143 -0.02316 0.05187 0.06492 0.07605 1.081 0.194 1233.307 0.01451
0.03148 -0.02320 0.05195 0.06503 0.07715 1.159 0.197 1233.337 0.01453
0.03154 -0.02324 0.05204 0.06514 0.07825 1.162 0.199 1233.367 0.01456
0.03159 -0.02328 0.05213 0.06525 0.07936 0.658 0.161 1233.397 0.01458
0.03165 -0.02332 0.05222 0.06536 0.08046 0.697 0.164 1233.426 0.01461
0.03170 -0.02336 0.05231 0.06547 0.08156 0.818 0.173 1233.456 0.01463
0.03175 -0.02340 0.05240 0.06559 0.08267 0.947 0.185 1233.486 0.01466
0.03181 -0.02344 0.05249 0.06570 0.08377 1.223 0.204 1233.516 0.01468
0.03186 -0.02348 0.05258 0.06581 0.08488 0.896 0.181 1233.546 0.01470
0.03192 -0.02352 0.05267 0.06592 0.08598 1.048 0.192 1233.576 0.01473
0.03197 -0.02356 0.05275 0.06603 0.08708 0.768 0.171 1233.606 0.01475
0.03202 -0.02360 0.05284 0.06614 0.08819 0.918 0.183 1233.636 0.01478
0.03208 -0.02364 0.05293 0.06625 0.08929 0.831 0.176 1233.665 0.01480
0.03213 -0.02368 0.05302 0.06636 0.09040 0.983 0.187 1233.695 0.01483
0.03218 -0.02372 0.05311 0.06648 0.09150 1.005 0.189 1233.725 0.01485
0.03224 -0.02376 0.05320 0.06659 0.09260 0.981 0.187 1233.755 0.01488
0.03229 -0.02380 0.05329 0.06670 0.09371 1.325 0.210 1233.785 0.01490
0.03235 -0.02384 0.05338 0.06681 0.09481 0.980 0.187 1233.815 0.01493
0.03240 -0.02388 0.05347 0.06692 0.09592 1.174 0.201 1233.845 0.01495
0.03245 -0.02392 0.05355 0.06703 0.09702 1.043 0.192 1233.875 0.01497
0.03251 -0.02396 0.05364 0.06714 0.09813 1.237 0.205 1233.904 0.01500
0.03256 -0.02400 0.05373 0.06725 0.09923 0.977 0.187 1233.934 0.01502
0.03262 -0.02404 0.05382 0.06737 0.10033 1.041 0.191 1233.964 0.01505
0.03267 -0.02407 0.05391 0.06748 0.10144 0.890 0.180 1233.994 0.01507
0.03272 -0.02411 0.05400 0.06759 0.10254 0.909 0.182 1234.024 0.01510
0.03278 -0.02415 0.05409 0.06770 0.10365 0.717 0.167 1234.054 0.01512
0.03283 -0.02419 0.05418 0.06781 0.10475 0.804 0.174 1234.084 0.01515
0.03289 -0.02423 0.05427 0.06792 0.10586 0.803 0.174 1234.114 0.01517
0.03294 -0.02427 0.05435 0.06803 0.10696 0.868 0.178 1234.143 0.01520
0.03299 -0.02431 0.05444 0.06814 0.10807 0.611 0.157 1234.173 0.01522
0.03305 -0.02435 0.05453 0.06826 0.10917 0.976 0.187 1234.203 0.01525
0.03310 -0.02439 0.05462 0.06837 0.11028 1.127 0.197 1234.233 0.01527
0.03315 -0.02443 0.05471 0.06848 0.11138 0.870 0.179 1234.263 0.01529
0.03321 -0.02447 0.05480 0.06859 0.11248 1.105 0.196 1234.293 0.01532
0.03326 -0.02451 0.05489 0.06870 0.11359 0.933 0.183 1234.323 0.01534
0.03332 -0.02455 0.05498 0.06881 0.11469 1.147 0.198 1234.353 0.01537
0.03337 -0.02459 0.05507 0.06892 0.11580 0.868 0.178 1234.383 0.01539
0.03342 -0.02463 0.05515 0.06904 0.11690 0.974 0.186 1234.412 0.01542
0.03348 -0.02467 0.05524 0.06915 0.11801 1.083 0.194 1234.442 0.01544
0.03353 -0.02471 0.05533 0.06926 0.11911 1.274 0.207 1234.472 0.01547
0.03359 -0.02475 0.05542 0.06937 0.12022 0.888 0.180 1234.502 0.01549
0.03364 -0.02479 0.05551 0.06948 0.12132 0.824 0.175 1234.532 0.01552
0.03369 -0.02483 0.05560 0.06959 0.12243 0.760 0.170 1234.562 0.01554
0.03375 -0.02487 0.05569 0.06970 0.12354 1.124 0.196 1234.592 0.01556
0.03380 -0.02491 0.05578 0.06981 0.12464 1.252 0.205 1234.622 0.01559
0.03386 -0.02495 0.05587 0.06993 0.12575 1.124 0.196 1234.651 0.01561
0.03391 -0.02499 0.05596 0.07004 0.12685 0.824 0.174 1234.681 0.01564
0.03396 -0.02503 0.05604 0.07015 0.12796 1.250 0.205 1234.711 0.01566
0.03402 -0.02507 0.05613 0.07026 0.12906 0.970 0.185 1234.741 0.01569
0.03407 -0.02511 0.05622 0.07037 0.13017 1.014 0.189 1234.771 0.01571
0.03412 -0.02515 0.05631 0.07048 0.13127 0.800 0.173 1234.801 0.01574
0.03418 -0.02519 0.05640 0.07059 0.13238 1.015 0.189 1234.831 0.01576
0.03423 -0.02523 0.05649 0.07071 0.13348 1.059 0.191 1234.861 0.01579
0.03429 -0.02527 0.05658 0.07082 0.13459 1.058 0.191 1234.890 0.01581
0.03434 -0.02531 0.05667 0.07093 0.13570 0.782 0.171 1234.920 0.01584
0.03439 -0.02535 0.05676 0.07104 0.13680 0.887 0.179 1234.950 0.01586
0.03445 -0.02539 0.05684 0.07115 0.13791 0.844 0.176 1234.980 0.01588
0.03450 -0.02543 0.05693 0.07126 0.13901 0.994 0.187 1235.010 0.01591
0.03456 -0.02547 0.05702 0.07137 0.14012 1.226 0.203 1235.040 0.01593
0.03461 -0.02550 0.05711 0.07149 0.14122 1.033 0.190 1235.070 0.01596
0.03466 -0.02554 0.05720 0.07160 0.14233 1.100 0.194 1235.100 0.01598
0.03472 -0.02558 0.05729 0.07171 0.14344 1.054 0.191 1235.129 0.01601
0.03477 -0.02562 0.05738 0.07182 0.14454 0.907 0.180 1235.159 0.01603
0.03483 -0.02566 0.05747 0.07193 0.14565 0.990 0.186 1235.189 0.01606
0.03488 -0.02570 0.05756 0.07204 0.14675 0.989 0.186 1235.219 0.01608
0.03493 -0.02574 0.05765 0.07215 0.14786 0.968 0.185 1235.249 0.01611
0.03499 -0.02578 0.05774 0.07227 0.14897 1.095 0.194 1235.279 0.01613
0.03504 -0.02582 0.05782 0.07238 0.15007 0.670 0.161 1235.309 0.01615
0.03510 -0.02586 0.05791 0.07249 0.15118 1.031 0.189 1235.339 0.01618
0.03515 -0.02590 0.05800 0.07260 0.15228 1.096 0.194 1235.369 0.01620
0.03520 -0.02594 0.05809 0.07271 0.15339 1.074 0.192 1235.398 0.01623
0.03526 -0.02598 0.05818 0.07282 0.15450 1.139 0.196 1235.428 0.01625
0.03531 -0.02602 0.05827 0.07293 0.15560 1.203 0.201 1235.458 0.01628
0.03537 -0.02606 0.05836 0.07305 0.15671 0.713 0.165 1235.488 0.01630
0.03542 -0.02610 0.05845 0.07316 0.15782 0.883 0.178 1235.518 0.01633
0.03547 -0.02614 0.05854 0.07327 0.15892 0.755 0.168 1235.548 0.01635
0.03553 -0.02618 0.05863 0.07338 0.16003 1.075 0.192 1235.578 0.01638
0.03558 -0.02622 0.05871 0.07349 0.16114 0.841 0.175 1235.608 0.01640
0.03564 -0.02626 0.05880 0.07360 0.16224 0.713 0.164 1235.637 0.01643
0.03569 -0.02630 0.05889 0.07371 0.16335 1.030 0.189 1235.667 0.01645
0.03574 -0.02634 0.05898 0.07383 0.16446 1.182 0.199 1235.697 0.01647
0.03580 -0.02638 0.05907 0.07394 0.16556 0.884 0.178 1235.727 0.01650
0.03585 -0.02642 0.05916 0.07405 0.16667 0.863 0.176 1235.757 0.01652
0.03591 -0.02646 0.05925 0.07416 0.16778 1.032 0.189 1235.787 0.01655
0.03596 -0.02650 0.05934 0.07427 0.16888 0.863 0.176 1235.817 0.01657
0.03601 -0.02654 0.05943 0.07438 0.16999 0.842 0.174 1235.847 0.01660
0.03607 -0.02658 0.05952 0.07450 0.17110 1.052 0.190 1235.876 0.01662
0.03612 -0.02662 0.05961 0.07461 0.17220 0.946 0.182 1235.906 0.01665
0.03618 -0.02666 0.05969 0.07472 0.17331 0.990 0.185 1235.936 0.01667
0.03623 -0.02670 0.05978 0.07483 0.17442 0.777 0.169 1235.966 0.01670
0.03628 -0.02674 0.05987 0.07494 0.17553 1.031 0.188 1235.996 0.01672
0.03634 -0.02678 0.05996 0.07505 0.17663 0.904 0.179 1236.026 0.01674
0.03639 -0.02682 0.06005 0.07516 0.17774 0.820 0.172 1236.056 0.01677
0.03645 -0.02686 0.06014 0.07528 0.17885 0.967 0.184 1236.086 0.01679
0.03650 -0.02690 0.06023 0.07539 0.17995 0.778 0.199 1236.115 0.01682
0.03655 -0.02694 0.06032 0.07550 0.18106 1.009 0.186 1236.145 0.01684
0.03661 -0.02698 0.06041 0.07561 0.18217 0.881 0.177 1236.175 0.01687
0.03666 -0.02702 0.06050 0.07572 0.18328 1.031 0.188 1236.205 0.01689
0.03672 -0.02706 0.06059 0.07583 0.18438 0.904 0.179 1236.235 0.01692
0.03677 -0.02710 0.06068 0.07595 0.18549 1.009 0.186 1236.265 0.01694
0.03682 -0.02714 0.06076 0.07606 0.18660 1.030 0.188 1236.295 0.01697
0.03688 -0.02718 0.06085 0.07617 0.18771 0.841 0.174 1236.325 0.01699
0.03693 -0.02722 0.06094 0.07628 0.18881 0.924 0.180 1236.355 0.01701
0.03699 -0.02726 0.06103 0.07639 0.18992 0.670 0.160 1236.384 0.01704
0.03704 -0.02730 0.06112 0.07650 0.19103 0.905 0.179 1236.414 0.01706
0.03709 -0.02734 0.06121 0.07661 0.19214 1.156 0.196 1236.444 0.01709
0.03715 -0.02737 0.06130 0.07673 0.19324 1.111 0.193 1236.474 0.01711
0.03720 -0.02741 0.06139 0.07684 0.19435 0.921 0.180 1236.504 0.01714
0.03726 -0.02745 0.06148 0.07695 0.19546 1.007 0.186 1236.534 0.01716
0.03731 -0.02749 0.06157 0.07706 0.19657 1.069 0.190 1236.564 0.01719
0.03736 -0.02753 0.06166 0.07717 0.19768 0.984 0.184 1236.594 0.01721
0.03742 -0.02757 0.06175 0.07728 0.19878 1.067 0.190 1236.623 0.01724
0.03747 -0.02761 0.06183 0.07740 0.19989 0.961 0.183 1236.653 0.01726
0.03753 -0.02765 0.06192 0.07751 0.20100 1.173 0.197 1236.683 0.01729
0.03758 -0.02769 0.06201 0.07762 0.20211 1.002 0.185 1236.713 0.01731
0.03763 -0.02773 0.06210 0.07773 0.20322 1.004 0.186 1236.743 0.01733
0.03769 -0.02777 0.06219 0.07784 0.20432 0.730 0.164 1236.773 0.01736
0.03774 -0.02781 0.06228 0.07795 0.20543 0.939 0.181 1236.803 0.01738
0.03780 -0.02785 0.06237 0.07807 0.20654 1.232 0.201 1236.833 0.01741
0.03785 -0.02789 0.06246 0.07818 0.20765 0.939 0.181 1236.862 0.01743
0.03790 -0.02793 0.06255 0.07829 0.20876 1.064 0.190 1236.892 0.01746
0.03796 -0.02797 0.06264 0.07840 0.20987 0.643 0.158 1236.922 0.01748
0.03801 -0.02801 0.06273 0.07851 0.21097 0.916 0.179 1236.952 0.01751
0.03807 -0.02805 0.06282 0.07862 0.21208 1.063 0.190 1236.982 0.01753
0.03812 -0.02809 0.06290 0.07874 0.21319 1.188 0.198 1237.012 0.01756
0.03817 -0.02813 0.06299 0.07885 0.21430 1.019 0.187 1237.042 0.01758
0.03823 -0.02817 0.06308 0.07896 0.21541 1.104 0.193 1237.072 0.01760
0.03828 -0.02821 0.06317 0.07907 0.21652 1.041 0.188 1237.101 0.01763
0.03834 -0.02825 0.06326 0.07918 0.21762 0.997 0.185 1237.131 0.01765
0.03839 -0.02829 0.06335 0.07929 0.21873 0.957 0.182 1237.161 0.01768
0.03845 -0.02833 0.06344 0.07941 0.21984 1.252 0.202 1237.191 0.01770
0.03850 -0.02837 0.06353 0.07952 0.22095 1.291 0.205 1237.221 0.01773
0.03855 -0.02841 0.06362 0.07963 0.22206 0.895 0.177 1237.251 0.01775
0.03861 -0.02845 0.06371 0.07974 0.22317 1.061 0.190 1237.281 0.01778
0.03866 -0.02849 0.06380 0.07985 0.22428 0.998 0.185 1237.311 0.01780
0.03872 -0.02853 0.06389 0.07996 0.22539 0.957 0.182 1237.341 0.01783
0.03877 -0.02857 0.06398 0.08008 0.22650 0.850 0.174 1237.370 0.01785
0.03882 -0.02861 0.06406 0.08019 0.22760 1.020 0.187 1237.400 0.01788
0.03888 -0.02865 0.06415 0.08030 0.22871 0.912 0.179 1237.430 0.01790
0.03893 -0.02869 0.06424 0.08041 0.22982 1.102 0.192 1237.460 0.01792
0.03899 -0.02873 0.06433 0.08052 0.23093 1.333 0.207 1237.490 0.01795
0.03904 -0.02877 0.06442 0.08064 0.23204 0.913 0.179 1237.520 0.01797
0.03909 -0.02881 0.06451 0.08075 0.23315 0.976 0.183 1237.550 0.01800
0.03915 -0.02885 0.06460 0.08086 0.23426 1.058 0.189 1237.580 0.01802
0.03920 -0.02889 0.06469 0.08097 0.23537 1.038 0.188 1237.609 0.01805
0.03926 -0.02893 0.06478 0.08108 0.23648 1.019 0.186 1237.639 0.01807
0.03931 -0.02897 0.06487 0.08119 0.23759 1.059 0.189 1237.669 0.01810
0.03936 -0.02901 0.06496 0.08131 0.23870 1.122 0.193 1237.699 0.01812
0.03942 -0.02905 0.06505 0.08142 0.23981 0.640 0.157 1237.729 0.01815
0.03947 -0.02909 0.06514 0.08153 0.24092 1.061 0.189 1237.759 0.01817
0.03953 -0.02913 0.06523 0.08164 0.24202 1.289 0.204 1237.789 0.01819
0.03958 -0.02917 0.06531 0.08175 0.24313 0.974 0.183 1237.819 0.01822
0.03964 -0.02921 0.06540 0.08186 0.24424 1.288 0.204 1237.848 0.01824
0.03969 -0.02925 0.06549 0.08198 0.24535 1.059 0.189 1237.878 0.01827
0.03974 -0.02929 0.06558 0.08209 0.24646 0.893 0.177 1237.908 0.01829
0.03980 -0.02933 0.06567 0.08220 0.24757 1.080 0.190 1237.938 0.01832
0.03985 -0.02937 0.06576 0.08231 0.24868 0.743 0.165 1237.968 0.01834
0.03991 -0.02941 0.06585 0.08242 0.24979 0.784 0.169 1237.998 0.01837
0.03996 -0.02945 0.06594 0.08254 0.25090 0.909 0.178 1238.028 0.01839
0.04001 -0.02949 0.06603 0.08265 0.25201 1.159 0.195 1238.058 0.01842
0.04007 -0.02953 0.06612 0.08276 0.25312 1.078 0.190 1238.087 0.01844
0.04012 -0.02957 0.06621 0.08287 0.25423 1.019 0.185 1238.117 0.01847
0.04018 -0.02961 0.06630 0.08298 0.25534 1.078 0.190 1238.147 0.01849
0.04023 -0.02965 0.06639 0.08309 0.25645 0.973 0.182 1238.177 0.01851
0.04029 -0.02969 0.06648 0.08321 0.25756 0.973 0.182 1238.207 0.01854
0.04034 -0.02973 0.06657 0.08332 0.25867 0.846 0.173 1238.237 0.01856
0.04039 -0.02977 0.06665 0.08343 0.25978 0.909 0.178 1238.267 0.01859
0.04045 -0.02981 0.06674 0.08354 0.26089 0.763 0.167 1238.297 0.01861
0.04050 -0.02985 0.06683 0.08365 0.26200 1.203 0.198 1238.327 0.01864
0.04056 -0.02989 0.06692 0.08377 0.26311 1.035 0.187 1238.356 0.01866
0.04061 -0.02993 0.06701 0.08388 0.26422 0.971 0.182 1238.386 0.01869
0.04066 -0.02997 0.06710 0.08399 0.26533 1.220 0.199 1238.416 0.01871
0.04072 -0.03001 0.06719 0.08410 0.26644 0.949 0.181 1238.446 0.01874
0.04077 -0.03005 0.06728 0.08421 0.26755 0.990 0.184 1238.476 0.01876
0.04083 -0.03009 0.06737 0.08432 0.26866 1.095 0.190 1238.506 0.01878
0.04088 -0.03013 0.06746 0.08444 0.26978 1.117 0.192 1238.536 0.01881
0.04094 -0.03017 0.06755 0.08455 0.27089 1.178 0.196 1238.566 0.01883
0.04099 -0.03021 0.06764 0.08466 0.27200 1.116 0.192 1238.595 0.01886
0.04104 -0.03025 0.06773 0.08477 0.27311 1.032 0.186 1238.625 0.01888
0.04110 -0.03029 0.06782 0.08488 0.27422 0.990 0.184 1238.655 0.01891
0.04115 -0.03033 0.06791 0.08500 0.27533 1.179 0.196 1238.685 0.01893
0.04121 -0.03037 0.06800 0.08511 0.27644 0.931 0.179 1238.715 0.01896
0.04126 -0.03041 0.06809 0.08522 0.27755 0.991 0.183 1238.745 0.01898
0.04131 -0.03045 0.06817 0.08533 0.27866 0.970 0.182 1238.775 0.01901
0.04137 -0.03049 0.06826 0.08544 0.27977 0.781 0.167 1238.805 0.01903
0.04142 -0.03053 0.06835 0.08556 0.28088 1.072 0.189 1238.834 0.01905
0.04148 -0.03057 0.06844 0.08567 0.28199 1.175 0.196 1238.864 0.01908
0.04153 -0.03060 0.06853 0.08578 0.28310 0.948 0.180 1238.894 0.01910
0.04159 -0.03064 0.06862 0.08589 0.28422 0.884 0.176 1238.924 0.01913
0.04164 -0.03068 0.06871 0.08600 0.28533 1.071 0.189 1238.954 0.01915
0.04169 -0.03072 0.06880 0.08612 0.28644 0.864 0.174 1238.984 0.01918
0.04175 -0.03076 0.06889 0.08623 0.28755 1.102 0.190 1239.014 0.01920
0.04180 -0.03080 0.06898 0.08634 0.28866 1.151 0.193 1239.044 0.01923
0.04186 -0.03084 0.06907 0.08645 0.28977 0.945 0.180 1239.073 0.01925
0.04191 -0.03088 0.06916 0.08656 0.29088 0.998 0.181 1239.103 0.01928
0.04196 -0.03092 0.06925 0.08668 0.29199 1.302 0.204 1239.133 0.01930
0.04202 -0.03096 0.06934 0.08679 0.29310 0.814 0.169 1239.163 0.01933
0.04207 -0.03100 0.06943 0.08690 0.29422 0.946 0.178 1239.193 0.01935
0.04213 -0.03104 0.06952 0.08701 0.29533 0.900 0.174 1239.223 0.01937
0.04218 -0.03108 0.06961 0.08712 0.29644 0.708 0.161 1239.253 0.01940
0.04224 -0.03112 0.06970 0.08724 0.29755 1.148 0.194 1239.283 0.01942
0.04229 -0.03116 0.06978 0.08735 0.29866 0.728 0.162 1239.313 0.01945
0.04234 -0.03120 0.06987 0.08746 0.29977 1.080 0.189 1239.342 0.01947
0.04240 -0.03124 0.06996 0.08757 0.30089 0.967 0.181 1239.372 0.01950
0.04245 -0.03128 0.07005 0.08768 0.30200 0.855 0.172 1239.402 0.01952
0.04251 -0.03132 0.07014 0.08780 0.30311 0.651 0.155 1239.432 0.01955
0.04256 -0.03136 0.07023 0.08791 0.30422 0.906 0.176 1239.462 0.01957
0.04262 -0.03140 0.07032 0.08802 0.30533 0.862 0.173 1239.492 0.01960
0.04267 -0.03144 0.07041 0.08813 0.30644 0.760 0.166 1239.522 0.01962
0.04272 -0.03148 0.07050 0.08824 0.30756 0.820 0.170 1239.552 0.01964
0.04278 -0.03152 0.07059 0.08836 0.30867 1.152 0.194 1239.581 0.01967
0.04283 -0.03156 0.07068 0.08847 0.30978 1.007 0.184 1239.611 0.01969
0.04289 -0.03160 0.07077 0.08858 0.31089 0.924 0.178 1239.641 0.01972
0.04294 -0.03164 0.07086 0.08869 0.31200 1.008 0.184 1239.671 0.01974
0.04300 -0.03168 0.07095 0.08880 0.31312 1.029 0.185 1239.701 0.01977
0.04305 -0.03172 0.07104 0.08892 0.31423 1.110 0.191 1239.731 0.01979
0.04310 -0.03176 0.07113 0.08903 0.31534 0.924 0.178 1239.761 0.01982
0.04316 -0.03180 0.07122 0.08914 0.31645 0.923 0.178 1239.791 0.01984
0.04321 -0.03184 0.07131 0.08925 0.31756 1.047 0.186 1239.820 0.01987
0.04327 -0.03188 0.07140 0.08936 0.31868 1.091 0.189 1239.850 0.01989
0.04332 -0.03192 0.07149 0.08948 0.31979 0.738 0.163 1239.880 0.01992
0.04337 -0.03196 0.07157 0.08959 0.32090 0.738 0.163 1239.910 0.01994
0.04343 -0.03200 0.07166 0.08970 0.32201 0.824 0.169 1239.940 0.01996
0.04348 -0.03204 0.07175 0.08981 0.32313 0.800 0.168 1239.970 0.01999
0.04354 -0.03208 0.07184 0.08992 0.32424 0.756 0.165 1240.000 0.02001
0.04359 -0.03212 0.07193 0.09004 0.32535 0.985 0.182 1240.030 0.02004
0.04365 -0.03216 0.07202 0.09015 0.32646 0.818 0.170 1240.059 0.02006
0.04370 -0.03220 0.07211 0.09026 0.32758 0.821 0.170 1240.089 0.02009
0.04375 -0.03224 0.07220 0.09037 0.32869 1.027 0.185 1240.119 0.02011
0.04381 -0.03228 0.07229 0.09048 0.32980 0.778 0.166 1240.149 0.02014
0.04386 -0.03232 0.07238 0.09060 0.33091 0.861 0.173 1240.179 0.02016
0.04392 -0.03236 0.07247 0.09071 0.33203 0.944 0.179 1240.209 0.02019
0.04397 -0.03240 0.07256 0.09082 0.33314 0.821 0.169 1240.239 0.02021
0.04403 -0.03244 0.07265 0.09093 0.33425 1.315 0.204 1240.269 0.02023
0.04408 -0.03248 0.07274 0.09105 0.33537 0.944 0.179 1240.299 0.02026
0.04413 -0.03252 0.07283 0.09116 0.33648 0.778 0.166 1240.328 0.02028
0.04419 -0.03256 0.07292 0.09127 0.33759 0.944 0.179 1240.358 0.02031
0.04424 -0.03260 0.07301 0.09138 0.33870 0.902 0.176 1240.388 0.02033
0.04430 -0.03264 0.07310 0.09149 0.33982 1.067 0.187 1240.418 0.02036
0.04435 -0.03268 0.07319 0.09161 0.34093 0.779 0.166 1240.448 0.02038
0.04441 -0.03272 0.07328 0.09172 0.34204 0.945 0.179 1240.478 0.02041
0.04446 -0.03276 0.07337 0.09183 0.34316 0.903 0.175 1240.508 0.02043
0.04451 -0.03280 0.07346 0.09194 0.34427 0.697 0.160 1240.538 0.02046
0.04457 -0.03284 0.07355 0.09205 0.34538 0.943 0.179 1240.567 0.02048
0.04462 -0.03288 0.07363 0.09217 0.34650 1.130 0.192 1240.597 0.02050
0.04468 -0.03292 0.07372 0.09228 0.34761 0.942 0.179 1240.627 0.02053
0.04473 -0.03296 0.07381 0.09239 0.34872 0.923 0.177 1240.657 0.02055
0.04479 -0.03300 0.07390 0.09250 0.34984 0.963 0.180 1240.687 0.02058
0.04484 -0.03304 0.07399 0.09262 0.35095 1.252 0.199 1240.717 0.02060
0.04489 -0.03308 0.07408 0.09273 0.35206 0.943 0.179 1240.747 0.02063
0.04495 -0.03312 0.07417 0.09284 0.35318 0.900 0.175 1240.777 0.02065
0.04500 -0.03316 0.07426 0.09295 0.35429 0.900 0.175 1240.806 0.02068
0.04506 -0.03320 0.07435 0.09306 0.35540 1.107 0.190 1240.836 0.02070
0.04511 -0.03324 0.07444 0.09318 0.35652 0.879 0.174 1240.866 0.02073
0.04517 -0.03328 0.07453 0.09329 0.35763 1.208 0.197 1240.896 0.02075
0.04522 -0.03332 0.07462 0.09340 0.35874 0.900 0.175 1240.926 0.02078
0.04528 -0.03336 0.07471 0.09351 0.35986 1.126 0.191 1240.956 0.02080
0.04533 -0.03340 0.07480 0.09362 0.36097 1.293 0.202 1240.986 0.02082
0.04538 -0.03344 0.07489 0.09374 0.36209 0.858 0.172 1241.016 0.02085
0.04544 -0.03348 0.07498 0.09385 0.36320 0.920 0.177 1241.045 0.02087
0.04549 -0.03352 0.07507 0.09396 0.36431 1.044 0.185 1241.075 0.02090
0.04555 -0.03356 0.07516 0.09407 0.36543 0.713 0.161 1241.105 0.02092
0.04560 -0.03360 0.07525 0.09419 0.36654 1.002 0.183 1241.135 0.02095
0.04566 -0.03364 0.07534 0.09430 0.36766 0.755 0.164 1241.165 0.02097
0.04571 -0.03368 0.07543 0.09441 0.36877 1.127 0.191 1241.195 0.02100
0.04576 -0.03372 0.07552 0.09452 0.36988 1.102 0.190 1241.225 0.02102
0.04582 -0.03376 0.07561 0.09463 0.37100 0.755 0.164 1241.255 0.02105
0.04587 -0.03380 0.07570 0.09475 0.37211 1.019 0.184 1241.285 0.02107
0.04593 -0.03384 0.07579 0.09486 0.37323 1.001 0.182 1241.314 0.02109
0.04598 -0.03388 0.07588 0.09497 0.37434 0.918 0.176 1241.344 0.02112
0.04604 -0.03392 0.07597 0.09508 0.37545 0.835 0.170 1241.374 0.02114
0.04609 -0.03396 0.07606 0.09520 0.37657 0.938 0.178 1241.404 0.02117
0.04614 -0.03400 0.07615 0.09531 0.37768 0.904 0.174 1241.434 0.02119
0.04620 -0.03404 0.07623 0.09542 0.37880 0.802 0.167 1241.464 0.02122
0.04625 -0.03408 0.07632 0.09553 0.37991 0.912 0.176 1241.494 0.02124
0.04631 -0.03412 0.07641 0.09565 0.38103 1.155 0.193 1241.524 0.02127
0.04636 -0.03416 0.07650 0.09576 0.38214 1.167 0.193 1241.553 0.02129
0.04642 -0.03421 0.07659 0.09587 0.38326 0.996 0.182 1241.583 0.02132
0.04647 -0.03425 0.07668 0.09598 0.38437 0.861 0.173 1241.613 0.02134
0.04653 -0.03429 0.07677 0.09609 0.38549 1.282 0.201 1241.643 0.02137
0.04658 -0.03433 0.07686 0.09621 0.38660 1.020 0.184 1241.673 0.02139
0.04663 -0.03437 0.07695 0.09632 0.38771 0.613 0.151 1241.703 0.02141
0.04669 -0.03441 0.07704 0.09643 0.38883 1.113 0.189 1241.733 0.02144
0.04674 -0.03445 0.07713 0.09654 0.38994 0.878 0.171 1241.763 0.02146
0.04680 -0.03449 0.07722 0.09666 0.39106 0.837 0.171 1241.792 0.02149
0.04685 -0.03453 0.07731 0.09677 0.39217 0.535 0.144 1241.822 0.02151
0.04691 -0.03457 0.07740 0.09688 0.39329 1.141 0.192 1241.852 0.02154
0.04696 -0.03461 0.07749 0.09699 0.39440 0.847 0.170 1241.882 0.02156
0.04701 -0.03465 0.07758 0.09711 0.39552 0.861 0.171 1241.912 0.02159
0.04707 -0.03469 0.07767 0.09722 0.39663 0.953 0.179 1241.942 0.02161
0.04712 -0.03473 0.07776 0.09733 0.39775 0.931 0.177 1241.972 0.02164
0.04718 -0.03477 0.07785 0.09744 0.39886 0.911 0.176 1242.002 0.02166
0.04723 -0.03481 0.07794 0.09755 0.39998 0.604 0.152 1242.031 0.02168
0.04729 -0.03485 0.07803 0.09767 0.40109 0.933 0.177 1242.061 0.02171
0.04734 -0.03489 0.07812 0.09778 0.40221 0.932 0.177 1242.091 0.02173
0.04740 -0.03493 0.07821 0.09789 0.40332 0.911 0.176 1242.121 0.02176
0.04745 -0.03497 0.07830 0.09800 0.40444 0.849 0.171 1242.151 0.02178
0.04750 -0.03501 0.07839 0.09812 0.40556 0.912 0.176 1242.181 0.02181
0.04756 -0.03505 0.07848 0.09823 0.40667 1.115 0.190 1242.211 0.02183
0.04761 -0.03509 0.07857 0.09834 0.40779 1.014 0.183 1242.241 0.02186
0.04767 -0.03513 0.07866 0.09845 0.40890 1.034 0.184 1242.271 0.02188
0.04772 -0.03517 0.07875 0.09857 0.41002 0.809 0.168 1242.300 0.02191
0.04778 -0.03521 0.07884 0.09868 0.41113 0.952 0.179 1242.330 0.02193
0.04783 -0.03525 0.07893 0.09879 0.41225 1.034 0.184 1242.360 0.02196
0.04789 -0.03529 0.07902 0.09890 0.41336 1.158 0.192 1242.390 0.02198
0.04794 -0.03533 0.07911 0.09902 0.41448 0.932 0.177 1242.420 0.02200
0.04799 -0.03537 0.07920 0.09913 0.41560 0.952 0.179 1242.450 0.02203
0.04805 -0.03541 0.07929 0.09924 0.41671 1.033 0.184 1242.480 0.02205
0.04810 -0.03545 0.07938 0.09935 0.41783 0.952 0.178 1242.510 0.02208
0.04816 -0.03549 0.07947 0.09947 0.41894 0.972 0.180 1242.539 0.02210
0.04821 -0.03553 0.07956 0.09958 0.42006 0.971 0.180 1242.569 0.02213
0.04827 -0.03557 0.07965 0.09969 0.42117 0.951 0.178 1242.599 0.02215
0.04832 -0.03561 0.07974 0.09980 0.42229 1.011 0.183 1242.629 0.02218
0.04837 -0.03565 0.07983 0.09992 0.42341 1.056 0.185 1242.659 0.02220
0.04843 -0.03569 0.07992 0.10003 0.42452 1.136 0.191 1242.689 0.02223
0.04848 -0.03573 0.08001 0.10014 0.42564 1.157 0.192 1242.719 0.02225
0.04854 -0.03577 0.08010 0.10025 0.42675 0.933 0.177 1242.749 0.02227
0.04859 -0.03581 0.08018 0.10036 0.42787 0.951 0.178 1242.778 0.02230
0.04865 -0.03585 0.08027 0.10048 0.42899 1.157 0.192 1242.808 0.02232
0.04870 -0.03589 0.08036 0.10059 0.43010 0.891 0.174 1242.838 0.02235
0.04876 -0.03593 0.08045 0.10070 0.43122 1.159 0.192 1242.868 0.02237
0.04881 -0.03597 0.08054 0.10081 0.43234 0.933 0.177 1242.898 0.02240
0.04886 -0.03601 0.08063 0.10093 0.43345 1.035 0.184 1242.928 0.02242
0.04892 -0.03605 0.08072 0.10104 0.43457 1.055 0.185 1242.958 0.02245
0.04897 -0.03609 0.08081 0.10115 0.43569 1.097 0.188 1242.988 0.02247
0.04903 -0.03613 0.08090 0.10126 0.43680 1.016 0.182 1243.017 0.02250
0.04908 -0.03617 0.08099 0.10138 0.43792 0.788 0.166 1243.047 0.02252
0.04914 -0.03621 0.08108 0.10149 0.43903 1.033 0.184 1243.077 0.02254
0.04919 -0.03625 0.08117 0.10160 0.44015 0.808 0.167 1243.107 0.02257
0.04925 -0.03629 0.08126 0.10171 0.44127 0.808 0.167 1243.137 0.02259
0.04930 -0.03633 0.08135 0.10183 0.44238 0.829 0.169 1243.167 0.02262
0.04936 -0.03637 0.08144 0.10194 0.44350 0.706 0.159 1243.197 0.02264
0.04941 -0.03641 0.08153 0.10205 0.44462 1.009 0.182 1243.227 0.02267
0.04946 -0.03645 0.08162 0.10216 0.44574 1.112 0.189 1243.257 0.02269
0.04952 -0.03649 0.08171 0.10228 0.44685 1.132 0.190 1243.286 0.02272
0.04957 -0.03653 0.08180 0.10239 0.44797 0.848 0.170 1243.316 0.02274
0.04963 -0.03657 0.08189 0.10250 0.44909 0.992 0.181 1243.346 0.02277
0.04968 -0.03661 0.08198 0.10261 0.45020 1.052 0.185 1243.376 0.02279
0.04974 -0.03665 0.08207 0.10273 0.45132 0.787 0.166 1243.406 0.02282
0.04979 -0.03669 0.08216 0.10284 0.45244 1.195 0.194 1243.436 0.02284
0.04985 -0.03673 0.08225 0.10295 0.45355 1.052 0.184 1243.466 0.02286
0.04990 -0.03677 0.08234 0.10307 0.45467 0.787 0.165 1243.496 0.02289
0.04995 -0.03681 0.08243 0.10318 0.45579 0.889 0.173 1243.525 0.02291
0.05001 -0.03685 0.08252 0.10329 0.45691 0.767 0.164 1243.555 0.02294
0.05006 -0.03689 0.08261 0.10340 0.45802 1.074 0.186 1243.585 0.02296
0.05012 -0.03693 0.08270 0.10352 0.45914 0.931 0.176 1243.615 0.02299
0.05017 -0.03697 0.08279 0.10363 0.46026 1.133 0.190 1243.645 0.02301
0.05023 -0.03701 0.08288 0.10374 0.46137 0.849 0.170 1243.675 0.02304
0.05028 -0.03705 0.08297 0.10385 0.46249 0.994 0.180 1243.705 0.02306
0.05034 -0.03709 0.08306 0.10397 0.46361 0.850 0.170 1243.735 0.02309
0.05039 -0.03713 0.08315 0.10408 0.46473 0.728 0.160 1243.764 0.02311
0.05044 -0.03717 0.08324 0.10419 0.46584 0.768 0.164 1243.794 0.02313
0.05050 -0.03721 0.08333 0.10430 0.46696 1.194 0.194 1243.824 0.02316
0.05055 -0.03725 0.08342 0.10442 0.46808 0.969 0.179 1243.854 0.02318
0.05061 -0.03729 0.08351 0.10453 0.46920 1.012 0.182 1243.884 0.02321
0.05066 -0.03733 0.08360 0.10464 0.47031 0.766 0.164 1243.914 0.02323
0.05072 -0.03737 0.08369 0.10475 0.47143 0.766 0.164 1243.944 0.02326
0.05077 -0.03741 0.08378 0.10487 0.47255 1.074 0.186 1243.974 0.02328
0.05083 -0.03745 0.08387 0.10498 0.47367 0.927 0.176 1244.003 0.02331
0.05088 -0.03750 0.08396 0.10509 0.47479 1.072 0.185 1244.033 0.02333
0.05094 -0.03754 0.08405 0.10520 0.47590 1.073 0.186 1244.063 0.02336
0.05099 -0.03758 0.08414 0.10532 0.47702 0.930 0.176 1244.093 0.02338
0.05104 -0.03762 0.08423 0.10543 0.47814 1.011 0.181 1244.123 0.02341
0.05110 -0.03766 0.08432 0.10554 0.47926 0.950 0.177 1244.153 0.02343
0.05115 -0.03770 0.08441 0.10565 0.48038 0.828 0.168 1244.183 0.02345
0.05121 -0.03774 0.08450 0.10577 0.48149 0.725 0.160 1244.213 0.02348
0.05126 -0.03778 0.08459 0.10588 0.48261 0.890 0.173 1244.243 0.02350
0.05132 -0.03782 0.08468 0.10599 0.48373 1.089 0.187 1244.272 0.02353
0.05137 -0.03786 0.08477 0.10611 0.48485 0.952 0.177 1244.302 0.02355
0.05143 -0.03790 0.08486 0.10622 0.48597 0.971 0.178 1244.332 0.02358
0.05148 -0.03794 0.08495 0.10633 0.48708 1.114 0.188 1244.362 0.02360
0.05154 -0.03798 0.08504 0.10644 0.48820 0.933 0.176 1244.392 0.02363
0.05159 -0.03802 0.08513 0.10656 0.48932 0.991 0.180 1244.422 0.02365
0.05164 -0.03806 0.08522 0.10667 0.49044 0.829 0.168 1244.452 0.02368
0.05170 -0.03810 0.08531 0.10678 0.49156 1.053 0.184 1244.482 0.02370
0.05175 -0.03814 0.08540 0.10689 0.49268 0.849 0.169 1244.511 0.02372
0.05181 -0.03818 0.08549 0.10701 0.49379 0.826 0.168 1244.541 0.02375
0.05186 -0.03822 0.08558 0.10712 0.49491 0.929 0.175 1244.571 0.02377
0.05192 -0.03826 0.08567 0.10723 0.49603 1.154 0.191 1244.601 0.02380
0.05197 -0.03830 0.08576 0.10734 0.49715 1.091 0.187 1244.631 0.02382
0.05203 -0.03834 0.08585 0.10746 0.49827 0.809 0.166 1244.661 0.02385
0.05208 -0.03838 0.08594 0.10757 0.49939 0.989 0.179 1244.691 0.02387
0.05214 -0.03842 0.08603 0.10768 0.50051 1.050 0.184 1244.721 0.02390
0.05219 -0.03846 0.08612 0.10780 0.50163 0.926 0.175 1244.750 0.02392
0.05224 -0.03850 0.08621 0.10791 0.50274 0.847 0.169 1244.780 0.02395
0.05230 -0.03854 0.08630 0.10802 0.50386 0.988 0.179 1244.810 0.02397
0.05235 -0.03858 0.08639 0.10813 0.50498 1.030 0.182 1244.840 0.02400
0.05241 -0.03862 0.08648 0.10825 0.50610 1.071 0.185 1244.870 0.02402
0.05246 -0.03866 0.08657 0.10836 0.50722 1.110 0.188 1244.900 0.02404
0.05252 -0.03870 0.08666 0.10847 0.50834 1.027 0.182 1244.930 0.02407
0.05257 -0.03874 0.08675 0.10858 0.50946 0.886 0.172 1244.960 0.02409
0.05263 -0.03878 0.08684 0.10870 0.51058 1.148 0.190 1244.989 0.02412
0.05268 -0.03882 0.08693 0.10881 0.51170 0.968 0.178 1245.019 0.02414
0.05274 -0.03886 0.08702 0.10892 0.51282 1.132 0.189 1245.049 0.02417
0.05279 -0.03890 0.08711 0.10904 0.51393 1.250 0.196 1245.079 0.02419
0.05285 -0.03894 0.08720 0.10915 0.51505 0.965 0.177 1245.109 0.02422
0.05290 -0.03898 0.08729 0.10926 0.51617 0.988 0.179 1245.139 0.02424
0.05295 -0.03902 0.08738 0.10937 0.51729 0.825 0.167 1245.169 0.02427
0.05301 -0.03906 0.08747 0.10949 0.51841 1.005 0.181 1245.199 0.02429
0.05306 -0.03910 0.08756 0.10960 0.51953 1.311 0.200 1245.229 0.02431
0.05312 -0.03914 0.08765 0.10971 0.52065 1.067 0.185 1245.258 0.02434
0.05317 -0.03918 0.08774 0.10983 0.52177 1.007 0.180 1245.288 0.02436
0.05323 -0.03922 0.08783 0.10994 0.52289 1.048 0.183 1245.318 0.02439
0.05328 -0.03926 0.08792 0.11005 0.52401 0.661 0.154 1245.348 0.02441
0.05334 -0.03930 0.08801 0.11016 0.52513 0.965 0.177 1245.378 0.02444
0.05339 -0.03935 0.08810 0.11028 0.52625 0.863 0.170 1245.408 0.02446
0.05345 -0.03939 0.08819 0.11039 0.52737 0.803 0.166 1245.438 0.02449
0.05350 -0.03943 0.08828 0.11050 0.52849 0.964 0.177 1245.468 0.02451
0.05356 -0.03947 0.08837 0.11061 0.52961 0.841 0.169 1245.497 0.02454
0.05361 -0.03951 0.08846 0.11073 0.53073 0.984 0.179 1245.527 0.02456
0.05366 -0.03955 0.08855 0.11084 0.53185 1.026 0.182 1245.557 0.02458
0.05372 -0.03959 0.08864 0.11095 0.53297 1.086 0.186 1245.587 0.02461
0.05377 -0.03963 0.08873 0.11107 0.53409 0.860 0.170 1245.617 0.02463
0.05383 -0.03967 0.08882 0.11118 0.53521 0.860 0.170 1245.647 0.02466
0.05388 -0.03971 0.08891 0.11129 0.53633 0.719 0.159 1245.677 0.02468
0.05394 -0.03975 0.08900 0.11140 0.53745 1.005 0.180 1245.707 0.02471
0.05399 -0.03979 0.08910 0.11152 0.53857 1.143 0.190 1245.736 0.02473
0.05405 -0.03983 0.08919 0.11163 0.53969 1.165 0.191 1245.766 0.02476
0.05410 -0.03987 0.08928 0.11174 0.54081 0.919 0.174 1245.796 0.02478
0.05416 -0.03991 0.08937 0.11186 0.54193 0.842 0.168 1245.826 0.02481
0.05421 -0.03995 0.08946 0.11197 0.54305 0.881 0.171 1245.856 0.02483
0.05427 -0.03999 0.08955 0.11208 0.54417 0.941 0.176 1245.886 0.02486
0.05432 -0.04003 0.08964 0.11219 0.54529 1.080 0.186 1245.916 0.02488
0.05437 -0.04007 0.08973 0.11231 0.54641 1.124 0.188 1245.946 0.02490
0.05443 -0.04011 0.08982 0.11242 0.54753 1.143 0.189 1245.975 0.02493
0.05448 -0.04015 0.08991 0.11253 0.54865 1.125 0.188 1246.005 0.02495
0.05454 -0.04019 0.09000 0.11265 0.54977 0.820 0.167 1246.035 0.02498
0.05459 -0.04023 0.09009 0.11276 0.55089 1.104 0.187 1246.065 0.02500
0.05465 -0.04027 0.09018 0.11287 0.55201 0.962 0.177 1246.095 0.02503
0.05470 -0.04031 0.09027 0.11299 0.55313 0.680 0.156 1246.125 0.02505
0.05476 -0.04035 0.09036 0.11310 0.55425 0.759 0.190 1246.155 0.02508
0.05481 -0.04039 0.09045 0.11321 0.55537 0.920 0.174 1246.185 0.02510
0.05487 -0.04043 0.09054 0.11332 0.55649 0.880 0.171 1246.215 0.02513
0.05492 -0.04047 0.09063 0.11344 0.55762 1.040 0.182 1246.244 0.02515
0.05498 -0.04051 0.09072 0.11355 0.55874 1.182 0.191 1246.274 0.02517
0.05503 -0.04055 0.09081 0.11366 0.55986 1.203 0.193 1246.304 0.02520
0.05509 -0.04059 0.09090 0.11378 0.56098 1.083 0.185 1246.334 0.02522
0.05514 -0.04063 0.09099 0.11389 0.56210 1.063 0.184 1246.364 0.02525
0.05519 -0.04067 0.09108 0.11400 0.56322 1.103 0.186 1246.394 0.02527
0.05525 -0.04071 0.09117 0.11411 0.56434 0.941 0.175 1246.424 0.02530
0.05530 -0.04075 0.09126 0.11423 0.56546 0.962 0.177 1246.454 0.02532
0.05536 -0.04079 0.09135 0.11434 0.56658 0.903 0.172 1246.483 0.02535
0.05541 -0.04084 0.09144 0.11445 0.56770 1.122 0.188 1246.513 0.02537
0.05547 -0.04088 0.09153 0.11457 0.56883 0.940 0.175 1246.543 0.02540
0.05552 -0.04092 0.09162 0.11468 0.56995 1.002 0.179 1246.573 0.02542
0.05558 -0.04096 0.09171 0.11479 0.57107 0.720 0.158 1246.603 0.02545
0.05563 -0.04100 0.09180 0.11490 0.57219 1.204 0.193 1246.633 0.02547
0.05569 -0.04104 0.09189 0.11502 0.57331 0.719 0.158 1246.663 0.02549
0.05574 -0.04108 0.09198 0.11513 0.57443 1.142 0.189 1246.693 0.02552
0.05580 -0.04112 0.09207 0.11524 0.57555 1.083 0.185 1246.722 0.02554
0.05585 -0.04116 0.09216 0.11536 0.57667 1.079 0.185 1246.752 0.02557
0.05591 -0.04120 0.09225 0.11547 0.57780 0.801 0.164 1246.782 0.02559
0.05596 -0.04124 0.09234 0.11558 0.57892 0.938 0.175 1246.812 0.02562
0.05602 -0.04128 0.09243 0.11570 0.58004 1.281 0.198 1246.842 0.02564
0.05607 -0.04132 0.09252 0.11581 0.58116 0.697 0.157 1246.872 0.02567
0.05612 -0.04136 0.09261 0.11592 0.58228 1.222 0.194 1246.902 0.02569
0.05618 -0.04140 0.09270 0.11603 0.58340 0.899 0.172 1246.932 0.02572
0.05623 -0.04144 0.09279 0.11615 0.58453 1.326 0.200 1246.961 0.02574
0.05629 -0.04148 0.09288 0.11626 0.58565 1.141 0.188 1246.991 0.02576
0.05634 -0.04152 0.09297 0.11637 0.58677 0.779 0.163 1247.021 0.02579
0.05640 -0.04156 0.09307 0.11649 0.58789 0.977 0.178 1247.051 0.02581
0.05645 -0.04160 0.09316 0.11660 0.58901 0.998 0.179 1247.081 0.02584
0.05651 -0.04164 0.09325 0.11671 0.59013 1.019 0.180 1247.111 0.02586
0.05656 -0.04168 0.09334 0.11683 0.59126 0.859 0.169 1247.141 0.02589
0.05662 -0.04172 0.09343 0.11694 0.59238 1.239 0.194 1247.171 0.02591
0.05667 -0.04176 0.09352 0.11705 0.59350 1.079 0.184 1247.201 0.02594
0.05673 -0.04180 0.09361 0.11717 0.59462 0.897 0.172 1247.230 0.02596
0.05678 -0.04184 0.09370 0.11728 0.59575 1.000 0.179 1247.260 0.02599
0.05684 -0.04188 0.09379 0.11739 0.59687 1.038 0.181 1247.290 0.02601
0.05689 -0.04192 0.09388 0.11750 0.59799 1.076 0.184 1247.320 0.02604
0.05695 -0.04196 0.09397 0.11762 0.59911 0.897 0.171 1247.350 0.02606
0.05700 -0.04200 0.09406 0.11773 0.60023 0.964 0.176 1247.380 0.02608
0.05706 -0.04204 0.09415 0.11784 0.60136 1.137 0.188 1247.410 0.02611
0.05711 -0.04209 0.09424 0.11796 0.60248 1.046 0.181 1247.440 0.02613
0.05716 -0.04213 0.09433 0.11807 0.60360 0.927 0.174 1247.469 0.02616
0.05722 -0.04217 0.09442 0.11818 0.60472 1.063 0.183 1247.499 0.02618
0.05727 -0.04221 0.09451 0.11830 0.60585 0.941 0.176 1247.529 0.02621
0.05733 -0.04225 0.09460 0.11841 0.60697 0.855 0.168 1247.559 0.02623
0.05738 -0.04229 0.09469 0.11852 0.60809 1.092 0.184 1247.589 0.02626
0.05744 -0.04233 0.09478 0.11864 0.60921 0.971 0.177 1247.619 0.02628
0.05749 -0.04237 0.09487 0.11875 0.61034 1.023 0.180 1247.649 0.02631
0.05755 -0.04241 0.09496 0.11886 0.61146 1.178 0.190 1247.679 0.02633
0.05760 -0.04245 0.09505 0.11897 0.61258 1.163 0.190 1247.708 0.02635
0.05766 -0.04249 0.09514 0.11909 0.61370 0.854 0.168 1247.738 0.02638
0.05771 -0.04253 0.09523 0.11920 0.61483 1.010 0.179 1247.768 0.02640
0.05777 -0.04257 0.09532 0.11931 0.61595 1.028 0.181 1247.798 0.02643
0.05782 -0.04261 0.09541 0.11943 0.61707 1.009 0.178 1247.828 0.02645
0.05788 -0.04265 0.09550 0.11954 0.61820 1.055 0.182 1247.858 0.02648
0.05793 -0.04269 0.09559 0.11965 0.61932 0.933 0.173 1247.888 0.02650
0.05799 -0.04273 0.09569 0.11977 0.62044 1.254 0.195 1247.918 0.02653
0.05804 -0.04277 0.09578 0.11988 0.62156 1.156 0.188 1247.947 0.02655
0.05810 -0.04281 0.09587 0.11999 0.62269 0.874 0.169 1247.977 0.02658
0.05815 -0.04285 0.09596 0.12011 0.62381 1.091 0.185 1248.007 0.02660
0.05821 -0.04289 0.09605 0.12022 0.62493 1.192 0.191 1248.037 0.02662
0.05826 -0.04293 0.09614 0.12033 0.62606 1.071 0.183 1248.067 0.02665
0.05831 -0.04297 0.09623 0.12045 0.62718 1.073 0.183 1248.097 0.02667
0.05837 -0.04301 0.09632 0.12056 0.62830 1.015 0.179 1248.127 0.02670
0.05842 -0.04305 0.09641 0.12067 0.62943 1.111 0.186 1248.157 0.02672
0.05848 -0.04309 0.09650 0.12078 0.63055 0.932 0.174 1248.187 0.02675
0.05853 -0.04313 0.09659 0.12090 0.63167 0.852 0.168 1248.216 0.02677
0.05859 -0.04318 0.09668 0.12101 0.63280 0.991 0.177 1248.246 0.02680
0.05864 -0.04322 0.09677 0.12112 0.63392 0.892 0.171 1248.276 0.02682
0.05870 -0.04326 0.09686 0.12124 0.63504 0.951 0.175 1248.306 0.02685
0.05875 -0.04330 0.09695 0.12135 0.63617 1.071 0.183 1248.336 0.02687
0.05881 -0.04334 0.09704 0.12146 0.63729 0.932 0.173 1248.366 0.02690
0.05886 -0.04338 0.09713 0.12158 0.63841 1.112 0.186 1248.396 0.02692
0.05892 -0.04342 0.09722 0.12169 0.63954 0.910 0.172 1248.426 0.02694
0.05897 -0.04346 0.09731 0.12180 0.64066 0.910 0.172 1248.455 0.02697
0.05903 -0.04350 0.09740 0.12192 0.64179 0.848 0.167 1248.485 0.02699
0.05908 -0.04354 0.09749 0.12203 0.64291 1.110 0.185 1248.515 0.02702
0.05914 -0.04358 0.09758 0.12214 0.64403 0.747 0.160 1248.545 0.02704
0.05919 -0.04362 0.09767 0.12226 0.64516 1.189 0.190 1248.575 0.02707
0.05925 -0.04366 0.09777 0.12237 0.64628 0.889 0.170 1248.605 0.02709
0.05930 -0.04370 0.09786 0.12248 0.64741 1.048 0.181 1248.635 0.02712
0.05936 -0.04374 0.09795 0.12260 0.64853 1.049 0.181 1248.665 0.02714
0.05941 -0.04378 0.09804 0.12271 0.64965 0.967 0.176 1248.694 0.02717
0.05947 -0.04382 0.09813 0.12282 0.65078 0.866 0.168 1248.724 0.02719
0.05952 -0.04386 0.09822 0.12294 0.65190 0.965 0.176 1248.754 0.02721
0.05958 -0.04390 0.09831 0.12305 0.65303 0.986 0.177 1248.784 0.02724
0.05963 -0.04394 0.09840 0.12316 0.65415 1.064 0.182 1248.814 0.02726
0.05969 -0.04398 0.09849 0.12328 0.65527 1.046 0.181 1248.844 0.02729
0.05974 -0.04402 0.09858 0.12339 0.65640 0.906 0.171 1248.874 0.02731
0.05979 -0.04406 0.09867 0.12350 0.65752 0.967 0.176 1248.904 0.02734
0.05985 -0.04410 0.09876 0.12362 0.65865 1.148 0.187 1248.933 0.02736
0.05990 -0.04414 0.09885 0.12373 0.65977 1.029 0.180 1248.963 0.02739
0.05996 -0.04419 0.09894 0.12384 0.66090 1.028 0.180 1248.993 0.02741
0.06001 -0.04423 0.09903 0.12396 0.66202 0.806 0.164 1249.023 0.02744
0.06007 -0.04427 0.09912 0.12407 0.66314 0.967 0.175 1249.053 0.02746
0.06012 -0.04431 0.09921 0.12418 0.66427 1.106 0.185 1249.083 0.02749
0.06018 -0.04435 0.09930 0.12430 0.66539 1.126 0.186 1249.113 0.02751
0.06023 -0.04439 0.09939 0.12441 0.66652 1.045 0.181 1249.143 0.02753
0.06029 -0.04443 0.09948 0.12452 0.66764 0.944 0.174 1249.173 0.02756
0.06034 -0.04447 0.09958 0.12464 0.66877 0.805 0.164 1249.202 0.02758
0.06040 -0.04451 0.09967 0.12475 0.66989 0.965 0.175 1249.232 0.02761
0.06045 -0.04455 0.09976 0.12486 0.67102 0.986 0.177 1249.262 0.02763
0.06051 -0.04459 0.09985 0.12498 0.67214 0.987 0.176 1249.292 0.02766
0.06056 -0.04463 0.09994 0.12509 0.67327 1.024 0.179 1249.322 0.02768
0.06062 -0.04467 0.10003 0.12520 0.67439 1.023 0.179 1249.352 0.02771
0.06067 -0.04471 0.10012 0.12532 0.67552 1.426 0.204 1249.382 0.02773
0.06073 -0.04475 0.10021 0.12543 0.67664 0.665 0.152 1249.412 0.02776
0.06078 -0.04479 0.10030 0.12554 0.67777 0.826 0.165 1249.441 0.02778
0.06084 -0.04483 0.10039 0.12566 0.67889 1.004 0.178 1249.471 0.02780
0.06089 -0.04487 0.10048 0.12577 0.68002 0.826 0.165 1249.501 0.02783
0.06095 -0.04491 0.10057 0.12588 0.68114 1.023 0.179 1249.531 0.02785
0.06100 -0.04495 0.10066 0.12600 0.68227 1.043 0.180 1249.561 0.02788
0.06106 -0.04499 0.10075 0.12611 0.68339 1.148 0.226 1249.591 0.02790
0.06111 -0.04503 0.10084 0.12622 0.68452 1.105 0.184 1249.621 0.02793
0.06117 -0.04507 0.10093 0.12634 0.68564 0.984 0.176 1249.651 0.02795
0.06122 -0.04512 0.10102 0.12645 0.68677 1.182 0.189 1249.680 0.02798
0.06128 -0.04516 0.10111 0.12656 0.68789 1.044 0.180 1249.710 0.02800
0.06133 -0.04520 0.10121 0.12668 0.68902 1.004 0.177 1249.740 0.02803
0.06139 -0.04524 0.10130 0.12679 0.69014 1.089 0.183 1249.770 0.02805
0.06144 -0.04528 0.10139 0.12690 0.69127 0.696 0.155 1249.800 0.02808
0.06150 -0.04532 0.10148 0.12702 0.69240 1.046 0.180 1249.830 0.02810
0.06155 -0.04536 0.10157 0.12713 0.69352 1.076 0.182 1249.860 0.02812
0.06161 -0.04540 0.10166 0.12724 0.69465 0.986 0.176 1249.890 0.02815
0.06166 -0.04544 0.10175 0.12736 0.69577 1.222 0.191 1249.919 0.02817
0.06172 -0.04548 0.10184 0.12747 0.69690 1.115 0.185 1249.949 0.02820
0.06177 -0.04552 0.10193 0.12758 0.69802 1.053 0.181 1249.979 0.02822
0.06183 -0.04556 0.10202 0.12770 0.69915 1.162 0.187 1250.009 0.02825
0.06188 -0.04560 0.10211 0.12781 0.70027 0.954 0.174 1250.039 0.02827
0.06194 -0.04564 0.10220 0.12792 0.70140 1.128 0.186 1250.069 0.02830
0.06199 -0.04568 0.10229 0.12804 0.70253 0.736 0.156 1250.099 0.02832
0.06204 -0.04572 0.10238 0.12815 0.70365 0.785 0.162 1250.129 0.02835
0.06210 -0.04576 0.10247 0.12826 0.70478 0.551 0.141 1250.158 0.02837
0.06215 -0.04580 0.10256 0.12838 0.70590 0.790 0.161 1250.188 0.02839
0.06221 -0.04584 0.10266 0.12849 0.70703 0.974 0.177 1250.218 0.02842
0.06226 -0.04588 0.10275 0.12860 0.70816 1.189 0.189 1250.248 0.02844
0.06232 -0.04592 0.10284 0.12872 0.70928 1.062 0.181 1250.278 0.02847
0.06237 -0.04596 0.10293 0.12883 0.71041 1.139 0.186 1250.308 0.02849
0.06243 -0.04601 0.10302 0.12894 0.71153 0.939 0.172 1250.338 0.02852
0.06248 -0.04605 0.10311 0.12906 0.71266 0.821 0.164 1250.368 0.02854
0.06254 -0.04609 0.10320 0.12917 0.71379 0.722 0.156 1250.398 0.02857
0.06259 -0.04613 0.10329 0.12928 0.71491 0.347 0.121 1250.427 0.02859
0.06265 -0.04617 0.10338 0.12940 0.71604 0.504 0.137 1250.457 0.02862
0.06270 -0.04621 0.10347 0.12951 0.71717 0.248 0.109 1250.487 0.02864
0.06276 -0.04625 0.10356 0.12962 0.71829 0.267 0.112 1250.517 0.02866
0.06281 -0.04629 0.10365 0.12974 0.71942 0.425 0.129 1250.547 0.02869
0.06287 -0.04633 0.10374 0.12985 0.72055 0.149 0.095 1250.577 0.02871
0.06292 -0.04637 0.10383 0.12997 0.72167 0.109 0.089 1250.607 0.02874
0.06298 -0.04641 0.10392 0.13008 0.72280 0.168 0.098 1250.637 0.02876
0.06303 -0.04645 0.10402 0.13019 0.72393 0.384 0.125 1250.666 0.02879
0.06309 -0.04649 0.10411 0.13031 0.72505 0.560 0.143 1250.696 0.02881
0.06314 -0.04653 0.10420 0.13042 0.72618 0.660 0.151 1250.726 0.02884
0.06320 -0.04657 0.10429 0.13053 0.72731 0.698 0.154 1250.756 0.02886
0.06325 -0.04661 0.10438 0.13065 0.72843 0.600 0.146 1250.786 0.02889
0.06331 -0.04665 0.10447 0.13076 0.72956 0.896 0.169 1250.816 0.02891
0.06336 -0.04669 0.10456 0.13087 0.73069 0.795 0.162 1250.846 0.02894
0.06342 -0.04673 0.10465 0.13099 0.73181 0.995 0.176 1250.876 0.02896
0.06347 -0.04677 0.10474 0.13110 0.73294 0.975 0.174 1250.905 0.02898
0.06353 -0.04682 0.10483 0.13121 0.73407 0.932 0.172 1250.935 0.02901
0.06358 -0.04686 0.10492 0.13133 0.73519 1.030 0.178 1250.965 0.02903
0.06364 -0.04690 0.10501 0.13144 0.73632 1.108 0.183 1250.995 0.02906
0.06369 -0.04694 0.10510 0.13155 0.73745 0.971 0.174 1251.025 0.02908
0.06375 -0.04698 0.10519 0.13167 0.73858 0.677 0.152 1251.055 0.02911
0.06380 -0.04702 0.10528 0.13178 0.73970 1.128 0.185 1251.085 0.02913
0.06386 -0.04706 0.10538 0.13190 0.74083 0.991 0.175 1251.115 0.02916
0.06391 -0.04710 0.10547 0.13201 0.74196 0.990 0.175 1251.144 0.02918
0.06397 -0.04714 0.10556 0.13212 0.74308 1.029 0.178 1251.174 0.02921
0.06402 -0.04718 0.10565 0.13224 0.74421 0.950 0.173 1251.204 0.02923
0.06408 -0.04722 0.10574 0.13235 0.74534 1.066 0.181 1251.234 0.02925
0.06413 -0.04726 0.10583 0.13246 0.74647 0.988 0.175 1251.264 0.02928
0.06419 -0.04730 0.10592 0.13258 0.74759 1.165 0.187 1251.294 0.02930
0.06424 -0.04734 0.10601 0.13269 0.74872 1.065 0.180 1251.324 0.02933
0.06430 -0.04738 0.10610 0.13280 0.74985 1.261 0.193 1251.354 0.02935
0.06435 -0.04742 0.10619 0.13292 0.75098 1.045 0.179 1251.384 0.02938
0.06441 -0.04746 0.10628 0.13303 0.75210 1.064 0.180 1251.413 0.02940
0.06446 -0.04750 0.10637 0.13315 0.75323 0.694 0.153 1251.443 0.02943
0.06452 -0.04754 0.10646 0.13326 0.75436 0.810 0.162 1251.473 0.02945
0.06457 -0.04759 0.10656 0.13337 0.75549 1.026 0.177 1251.503 0.02948
0.06463 -0.04763 0.10665 0.13349 0.75661 1.083 0.181 1251.533 0.02950
0.06468 -0.04767 0.10674 0.13360 0.75774 1.281 0.193 1251.563 0.02953
0.06474 -0.04771 0.10683 0.13371 0.75887 1.085 0.181 1251.593 0.02955
0.06479 -0.04775 0.10692 0.13383 0.76000 0.968 0.173 1251.623 0.02957
0.06485 -0.04779 0.10701 0.13394 0.76113 1.220 0.190 1251.652 0.02960
0.06490 -0.04783 0.10710 0.13405 0.76225 0.652 0.150 1251.682 0.02962
0.06496 -0.04787 0.10719 0.13417 0.76338 0.927 0.171 1251.712 0.02965
0.06501 -0.04791 0.10728 0.13428 0.76451 0.867 0.166 1251.742 0.02967
0.06507 -0.04795 0.10737 0.13439 0.76564 0.771 0.159 1251.772 0.02970
0.06512 -0.04799 0.10746 0.13451 0.76677 1.162 0.172 1251.802 0.02972
0.06518 -0.04803 0.10755 0.13462 0.76789 1.220 0.190 1251.832 0.02975
0.06523 -0.04807 0.10765 0.13474 0.76902 1.024 0.177 1251.862 0.02977
0.06529 -0.04811 0.10774 0.13485 0.77015 1.238 0.191 1251.891 0.02980
0.06534 -0.04815 0.10783 0.13496 0.77128 1.355 0.198 1251.921 0.02982
0.06540 -0.04819 0.10792 0.13508 0.77241 1.065 0.179 1251.951 0.02984
0.06545 -0.04823 0.10801 0.13519 0.77354 0.928 0.170 1251.981 0.02987
0.06551 -0.04827 0.10810 0.13530 0.77466 0.926 0.170 1252.011 0.02989
0.06556 -0.04832 0.10819 0.13542 0.77579 0.963 0.173 1252.041 0.02992
0.06562 -0.04836 0.10828 0.13553 0.77692 1.180 0.187 1252.071 0.02994
0.06567 -0.04840 0.10837 0.13565 0.77805 0.906 0.168 1252.101 0.02997
0.06573 -0.04844 0.10846 0.13576 0.77918 1.022 0.176 1252.130 0.02999
0.06578 -0.04848 0.10855 0.13587 0.78031 1.081 0.180 1252.160 0.03002
0.06584 -0.04852 0.10864 0.13599 0.78144 1.220 0.189 1252.190 0.03004
0.06589 -0.04856 0.10873 0.13610 0.78256 1.118 0.183 1252.220 0.03007
0.06595 -0.04860 0.10883 0.13621 0.78369 1.117 0.183 1252.250 0.03009
0.06600 -0.04864 0.10892 0.13633 0.78482 1.081 0.180 1252.280 0.03011
0.06606 -0.04868 0.10901 0.13644 0.78595 0.943 0.171 1252.310 0.03014
0.06611 -0.04872 0.10910 0.13656 0.78708 0.944 0.156 1252.340 0.03016
0.06617 -0.04876 0.10919 0.13667 0.78821 0.985 0.174 1252.370 0.03019
0.06622 -0.04880 0.10928 0.13678 0.78934 0.788 0.159 1252.399 0.03021
0.06628 -0.04884 0.10937 0.13690 0.79047 0.922 0.170 1252.429 0.03024
0.06633 -0.04888 0.10946 0.13701 0.79160 1.098 0.181 1252.459 0.03026
0.06639 -0.04892 0.10955 0.13712 0.79272 0.962 0.172 1252.489 0.03029
0.06644 -0.04896 0.10964 0.13724 0.79385 0.943 0.171 1252.519 0.03031
0.06650 -0.04901 0.10973 0.13735 0.79498 0.922 0.169 1252.549 0.03034
0.06656 -0.04905 0.10983 0.13747 0.79611 1.037 0.177 1252.579 0.03036
0.06661 -0.04909 0.10992 0.13758 0.79724 1.040 0.177 1252.609 0.03039
0.06667 -0.04913 0.11001 0.13769 0.79837 0.959 0.172 1252.638 0.03041
0.06672 -0.04917 0.11010 0.13781 0.79950 1.234 0.189 1252.668 0.03043
0.06678 -0.04921 0.11019 0.13792 0.80063 0.981 0.173 1252.698 0.03046
0.06683 -0.04925 0.11028 0.13803 0.80176 0.941 0.170 1252.728 0.03048
0.06689 -0.04929 0.11037 0.13815 0.80289 0.941 0.170 1252.758 0.03051
0.06694 -0.04933 0.11046 0.13826 0.80402 1.156 0.184 1252.788 0.03053
0.06700 -0.04937 0.11055 0.13838 0.80515 0.787 0.159 1252.818 0.03056
0.06705 -0.04941 0.11064 0.13849 0.80628 0.861 0.165 1252.848 0.03058
0.06711 -0.04945 0.11073 0.13860 0.80741 1.057 0.178 1252.877 0.03061
0.06716 -0.04949 0.11083 0.13872 0.80853 1.230 0.189 1252.907 0.03063
0.06722 -0.04953 0.11092 0.13883 0.80966 1.054 0.178 1252.937 0.03066
0.06727 -0.04957 0.11101 0.13894 0.81079 0.879 0.165 1252.967 0.03068
0.06733 -0.04961 0.11110 0.13906 0.81192 1.034 0.177 1252.997 0.03070
0.06738 -0.04965 0.11119 0.13917 0.81305 1.016 0.175 1253.027 0.03073
0.06744 -0.04970 0.11128 0.13929 0.81418 0.959 0.171 1253.057 0.03075
0.06749 -0.04974 0.11137 0.13940 0.81531 0.901 0.167 1253.087 0.03078
0.06755 -0.04978 0.11146 0.13951 0.81644 0.979 0.172 1253.116 0.03080
0.06760 -0.04982 0.11155 0.13963 0.81757 1.189 0.186 1253.146 0.03083
0.06766 -0.04986 0.11164 0.13974 0.81870 1.170 0.185 1253.176 0.03085
0.06771 -0.04990 0.11173 0.13986 0.81983 0.862 0.164 1253.206 0.03088
0.06777 -0.04994 0.11183 0.13997 0.82096 1.016 0.175 1253.236 0.03090
0.06782 -0.04998 0.11192 0.14008 0.82209 1.093 0.180 1253.266 0.03093
0.06788 -0.05002 0.11201 0.14020 0.82322 0.956 0.171 1253.296 0.03095
0.06793 -0.05006 0.11210 0.14031 0.82435 0.918 0.168 1253.326 0.03098
0.06799 -0.05010 0.11219 0.14042 0.82548 1.169 0.184 1253.356 0.03100
0.06804 -0.05014 0.11228 0.14054 0.82661 1.031 0.176 1253.385 0.03102
0.06810 -0.05018 0.11237 0.14065 0.82774 0.936 0.169 1253.415 0.03105
0.06815 -0.05022 0.11246 0.14077 0.82887 0.765 0.157 1253.445 0.03107
0.06821 -0.05026 0.11255 0.14088 0.83000 1.110 0.181 1253.475 0.03110
0.06826 -0.05030 0.11264 0.14099 0.83113 1.265 0.190 1253.505 0.03112
0.06832 -0.05035 0.11274 0.14111 0.83227 1.072 0.178 1253.535 0.03115
0.06837 -0.05039 0.11283 0.14122 0.83340 0.936 0.169 1253.565 0.03117
0.06843 -0.05043 0.11292 0.14134 0.83453 1.052 0.177 1253.595 0.03120
0.06848 -0.05047 0.11301 0.14145 0.83566 1.034 0.175 1253.624 0.03122
0.06854 -0.05051 0.11310 0.14156 0.83679 0.973 0.172 1253.654 0.03125
0.06859 -0.05055 0.11319 0.14168 0.83792 0.760 0.156 1253.684 0.03127
0.06865 -0.05059 0.11328 0.14179 0.83905 0.550 0.139 1253.714 0.03129
0.06870 -0.05063 0.11337 0.14190 0.84018 0.337 0.118 1253.744 0.03132
0.06876 -0.05067 0.11346 0.14202 0.84131 0.262 0.108 1253.774 0.03134
0.06881 -0.05071 0.11355 0.14213 0.84244 0.242 0.106 1253.804 0.03137
0.06887 -0.05075 0.11365 0.14225 0.84357 0.148 0.093 1253.834 0.03139
0.06893 -0.05079 0.11374 0.14236 0.84470 0.419 0.126 1253.863 0.03142
0.06898 -0.05083 0.11383 0.14247 0.84583 0.456 0.130 1253.893 0.03144
0.06904 -0.05087 0.11392 0.14259 0.84696 0.475 0.132 1253.923 0.03147
0.06909 -0.05091 0.11401 0.14270 0.84810 0.495 0.133 1253.953 0.03149
0.06915 -0.05095 0.11410 0.14282 0.84923 0.647 0.147 1253.983 0.03152
0.06920 -0.05100 0.11419 0.14293 0.85036 0.706 0.151 1254.013 0.03154
0.06926 -0.05104 0.11428 0.14304 0.85149 0.726 0.153 1254.043 0.03157
0.06931 -0.05108 0.11437 0.14316 0.85262 0.782 0.157 1254.073 0.03159
0.06937 -0.05112 0.11446 0.14327 0.85375 0.953 0.170 1254.102 0.03161
0.06942 -0.05116 0.11456 0.14339 0.85488 0.646 0.146 1254.132 0.03164
0.06948 -0.05120 0.11465 0.14350 0.85601 0.780 0.156 1254.162 0.03166
0.06953 -0.05124 0.11474 0.14361 0.85714 0.837 0.161 1254.192 0.03169
0.06959 -0.05128 0.11483 0.14373 0.85828 0.912 0.167 1254.222 0.03171
0.06964 -0.05132 0.11492 0.14384 0.85941 1.028 0.174 1254.252 0.03174
0.06970 -0.05136 0.11501 0.14396 0.86054 0.779 0.157 1254.282 0.03176
0.06975 -0.05140 0.11510 0.14407 0.86167 0.797 0.158 1254.312 0.03179
0.06981 -0.05144 0.11519 0.14418 0.86280 0.855 0.162 1254.342 0.03181
0.06986 -0.05148 0.11528 0.14430 0.86393 0.893 0.165 1254.371 0.03184
0.06992 -0.05152 0.11538 0.14441 0.86506 1.142 0.181 1254.401 0.03186
0.06997 -0.05156 0.11547 0.14453 0.86620 0.889 0.165 1254.431 0.03188
0.07003 -0.05161 0.11556 0.14464 0.86733 0.928 0.168 1254.461 0.03191
0.07008 -0.05165 0.11565 0.14475 0.86846 1.442 0.188 1254.491 0.03193
0.07014 -0.05169 0.11574 0.14487 0.86959 0.607 0.142 1254.521 0.03196
0.07019 -0.05173 0.11583 0.14498 0.87072 0.890 0.165 1254.551 0.03198
0.07025 -0.05177 0.11592 0.14510 0.87185 1.196 0.185 1254.581 0.03201
0.07030 -0.05181 0.11601 0.14521 0.87299 0.832 0.160 1254.610 0.03203
0.07036 -0.05185 0.11610 0.14532 0.87412 1.063 0.176 1254.640 0.03206
0.07042 -0.05189 0.11620 0.14544 0.87525 0.814 0.159 1254.670 0.03208
0.07047 -0.05193 0.11629 0.14555 0.87638 0.908 0.166 1254.700 0.03211
0.07053 -0.05197 0.11638 0.14567 0.87751 0.850 0.162 1254.730 0.03213
0.07058 -0.05201 0.11647 0.14578 0.87865 0.774 0.156 1254.760 0.03215
0.07064 -0.05205 0.11656 0.14589 0.87978 1.097 0.178 1254.790 0.03218
0.07069 -0.05209 0.11665 0.14601 0.88091 1.096 0.178 1254.820 0.03220
0.07075 -0.05213 0.11674 0.14612 0.88204 0.829 0.160 1254.849 0.03223
0.07080 -0.05218 0.11683 0.14624 0.88317 1.097 0.178 1254.879 0.03225
0.07086 -0.05222 0.11692 0.14635 0.88431 0.944 0.168 1254.909 0.03228
0.07091 -0.05226 0.11702 0.14646 0.88544 0.944 0.168 1254.939 0.03230
0.07097 -0.05230 0.11711 0.14658 0.88657 1.246 0.175 1254.969 0.03233
0.07102 -0.05234 0.11720 0.14669 0.88770 0.942 0.168 1254.999 0.03235
0.07108 -0.05238 0.11729 0.14681 0.88884 0.942 0.168 1255.029 0.03238
0.07113 -0.05242 0.11738 0.14692 0.88997 0.829 0.160 1255.059 0.03240
0.07119 -0.05246 0.11747 0.14704 0.89110 1.055 0.175 1255.088 0.03243
0.07124 -0.05250 0.11756 0.14715 0.89223 1.036 0.174 1255.118 0.03245
0.07130 -0.05254 0.11765 0.14726 0.89337 0.961 0.169 1255.148 0.03247
0.07135 -0.05258 0.11774 0.14738 0.89450 0.959 0.169 1255.178 0.03250
0.07141 -0.05262 0.11784 0.14749 0.89563 0.883 0.163 1255.208 0.03252
0.07146 -0.05266 0.11793 0.14761 0.89676 0.939 0.167 1255.238 0.03255
0.07152 -0.05270 0.11802 0.14772 0.89790 0.995 0.171 1255.268 0.03257
0.07158 -0.05275 0.11811 0.14783 0.89903 0.807 0.158 1255.298 0.03260
0.07163 -0.05279 0.11820 0.14795 0.90016 0.863 0.162 1255.328 0.03262
0.07169 -0.05283 0.11829 0.14806 0.90129 0.767 0.155 1255.357 0.03265
0.07174 -0.05287 0.11838 0.14818 0.90243 0.996 0.171 1255.387 0.03267
0.07180 -0.05291 0.11847 0.14829 0.90356 0.995 0.171 1255.417 0.03270
0.07185 -0.05295 0.11857 0.14840 0.90469 0.899 0.164 1255.447 0.03272
0.07191 -0.05299 0.11866 0.14852 0.90583 1.013 0.172 1255.477 0.03274
0.07196 -0.05303 0.11875 0.14863 0.90696 0.917 0.165 1255.507 0.03277
0.07202 -0.05307 0.11884 0.14875 0.90809 1.071 0.176 1255.537 0.03279
0.07207 -0.05311 0.11893 0.14886 0.90923 1.087 0.177 1255.567 0.03282
0.07213 -0.05315 0.11902 0.14898 0.91036 1.219 0.185 1255.596 0.03284
0.07218 -0.05319 0.11911 0.14909 0.91149 0.934 0.167 1255.626 0.03287
0.07224 -0.05323 0.11920 0.14920 0.91263 0.859 0.161 1255.656 0.03289
0.07229 -0.05327 0.11930 0.14932 0.91376 0.708 0.150 1255.686 0.03292
0.07235 -0.05332 0.11939 0.14943 0.91489 1.085 0.176 1255.716 0.03294
0.07240 -0.05336 0.11948 0.14955 0.91603 1.027 0.173 1255.746 0.03297
0.07246 -0.05340 0.11957 0.14966 0.91716 0.948 0.167 1255.776 0.03299
0.07251 -0.05344 0.11966 0.14977 0.91829 1.224 0.185 1255.806 0.03302
0.07257 -0.05348 0.11975 0.14989 0.91943 1.174 0.182 1255.835 0.03304
0.07263 -0.05352 0.11984 0.15000 0.92056 0.913 0.165 1255.865 0.03306
0.07268 -0.05356 0.11993 0.15012 0.92169 0.957 0.168 1255.895 0.03309
0.07274 -0.05360 0.12002 0.15023 0.92283 0.831 0.158 1255.925 0.03311
0.07279 -0.05364 0.12012 0.15035 0.92396 1.277 0.188 1255.955 0.03314
0.07285 -0.05368 0.12021 0.15046 0.92509 0.651 0.145 1255.985 0.03316
0.07290 -0.05372 0.12030 0.15057 0.92623 0.970 0.168 1256.015 0.03319
0.07296 -0.05376 0.12039 0.15069 0.92736 0.813 0.157 1256.045 0.03321
0.07301 -0.05380 0.12048 0.15080 0.92849 1.014 0.172 1256.074 0.03324
0.07307 -0.05384 0.12057 0.15092 0.92963 1.090 0.176 1256.104 0.03326
0.07312 -0.05389 0.12066 0.15103 0.93076 1.249 0.174 1256.134 0.03329
0.07318 -0.05393 0.12076 0.15115 0.93190 1.006 0.171 1256.164 0.03331
0.07323 -0.05397 0.12085 0.15126 0.93303 1.145 0.179 1256.194 0.03333
0.07329 -0.05401 0.12094 0.15137 0.93416 0.980 0.169 1256.224 0.03336
0.07334 -0.05405 0.12103 0.15149 0.93530 0.751 0.153 1256.254 0.03338
0.07340 -0.05409 0.12112 0.15160 0.93643 0.966 0.168 1256.284 0.03341
0.07346 -0.05413 0.12121 0.15172 0.93757 0.909 0.164 1256.314 0.03343
0.07351 -0.05417 0.12130 0.15183 0.93870 0.872 0.161 1256.343 0.03346
0.07357 -0.05421 0.12139 0.15195 0.93983 1.171 0.181 1256.373 0.03348
0.07362 -0.05425 0.12149 0.15206 0.94097 1.040 0.172 1256.403 0.03351
0.07368 -0.05429 0.12158 0.15217 0.94210 0.702 0.148 1256.433 0.03353
0.07373 -0.05433 0.12167 0.15229 0.94324 0.927 0.165 1256.463 0.03356
0.07379 -0.05437 0.12176 0.15240 0.94437 1.073 0.175 1256.493 0.03358
0.07384 -0.05442 0.12185 0.15252 0.94551 1.071 0.174 1256.523 0.03361
0.07390 -0.05446 0.12194 0.15263 0.94664 0.959 0.167 1256.553 0.03363
0.07395 -0.05450 0.12203 0.15275 0.94777 1.073 0.174 1256.582 0.03365
0.07401 -0.05454 0.12212 0.15286 0.94891 0.736 0.151 1256.612 0.03368
0.07406 -0.05458 0.12222 0.15297 0.95004 0.773 0.154 1256.642 0.03370
0.07412 -0.05462 0.12231 0.15309 0.95118 0.941 0.165 1256.672 0.03373
0.07417 -0.05466 0.12240 0.15320 0.95231 1.068 0.174 1256.702 0.03375
0.07423 -0.05470 0.12249 0.15332 0.95345 1.200 0.182 1256.732 0.03378
0.07429 -0.05474 0.12258 0.15343 0.95458 1.254 0.185 1256.762 0.03380
0.07434 -0.05478 0.12267 0.15355 0.95572 0.695 0.148 1256.792 0.03383
0.07440 -0.05482 0.12276 0.15366 0.95685 0.771 0.153 1256.821 0.03385
0.07445 -0.05486 0.12286 0.15377 0.95799 1.328 0.178 1256.851 0.03388
0.07451 -0.05491 0.12295 0.15389 0.95912 1.105 0.176 1256.881 0.03390
0.07456 -0.05495 0.12304 0.15400 0.96026 1.179 0.180 1256.911 0.03392
0.07462 -0.05499 0.12313 0.15412 0.96139 1.011 0.170 1256.941 0.03395
0.07467 -0.05503 0.12322 0.15423 0.96253 1.010 0.170 1256.971 0.03397
0.07473 -0.05507 0.12331 0.15435 0.96366 1.084 0.174 1257.001 0.03400
0.07478 -0.05511 0.12340 0.15446 0.96480 0.676 0.146 1257.031 0.03402
0.07484 -0.05515 0.12349 0.15457 0.96593 1.119 0.176 1257.060 0.03405
0.07489 -0.05519 0.12359 0.15469 0.96707 1.008 0.170 1257.090 0.03407
0.07495 -0.05523 0.12368 0.15480 0.96820 1.080 0.174 1257.120 0.03410
0.07500 -0.05527 0.12377 0.15492 0.96934 1.007 0.169 1257.150 0.03412
0.07506 -0.05531 0.12386 0.15503 0.97047 1.009 0.169 1257.180 0.03415
0.07512 -0.05535 0.12395 0.15515 0.97161 1.249 0.184 1257.210 0.03417
0.07517 -0.05539 0.12404 0.15526 0.97274 0.897 0.162 1257.240 0.03419
0.07523 -0.05544 0.12413 0.15537 0.97388 1.117 0.176 1257.270 0.03422
0.07528 -0.05548 0.12423 0.15549 0.97501 1.135 0.177 1257.300 0.03424
0.07534 -0.05552 0.12432 0.15560 0.97615 0.967 0.166 1257.329 0.03427
0.07539 -0.05556 0.12441 0.15572 0.97728 0.986 0.168 1257.359 0.03429
0.07545 -0.05560 0.12450 0.15583 0.97842 0.729 0.149 1257.389 0.03432
0.07550 -0.05564 0.12459 0.15595 0.97955 1.095 0.174 1257.419 0.03434
0.07556 -0.05568 0.12468 0.15606 0.98069 1.043 0.171 1257.449 0.03437
0.07561 -0.05572 0.12477 0.15618 0.98183 0.802 0.155 1257.479 0.03439
0.07567 -0.05576 0.12487 0.15629 0.98296 0.657 0.143 1257.509 0.03442
0.07572 -0.05580 0.12496 0.15640 0.98410 1.060 0.172 1257.539 0.03444
0.07578 -0.05584 0.12505 0.15652 0.98523 0.710 0.148 1257.568 0.03447
0.07584 -0.05588 0.12514 0.15663 0.98637 0.747 0.150 1257.598 0.03449
0.07589 -0.05593 0.12523 0.15675 0.98750 0.819 0.156 1257.628 0.03451
0.07595 -0.05597 0.12532 0.15686 0.98864 0.780 0.153 1257.658 0.03454
0.07600 -0.05601 0.12541 0.15698 0.98978 0.985 0.167 1257.688 0.03456
0.07606 -0.05605 0.12551 0.15709 0.99091 0.966 0.165 1257.718 0.03459
0.07611 -0.05609 0.12560 0.15721 0.99205 0.818 0.155 1257.748 0.03461
0.07617 -0.05613 0.12569 0.15732 0.99318 0.855 0.158 1257.778 0.03464
0.07622 -0.05617 0.12578 0.15743 0.99432 1.075 0.172 1257.807 0.03466
0.07628 -0.05621 0.12587 0.15755 0.99546 0.963 0.165 1257.837 0.03469
0.07633 -0.05625 0.12596 0.15766 0.99659 0.909 0.161 1257.867 0.03471
0.07639 -0.05629 0.12605 0.15778 0.99773 0.904 0.161 1257.897 0.03474
0.07645 -0.05633 0.12615 0.15789 0.99886 0.907 0.161 1257.927 0.03476
0.07650 -0.05637 0.12624 0.15801 1.00000 1.017 0.168 1257.957 0.03478
