x y z dist_scaled dist_frac flux_norm sig_norm wavelength redshift
0.01406 -0.02105 0.05136 0.05726 0.00000 1.000 0.377 1231.245 0.01281
0.01409 -0.02109 0.05146 0.05737 0.00110 0.743 0.362 1231.275 0.01284
0.01411 -0.02113 0.05156 0.05748 0.00220 0.745 0.353 1231.305 0.01286
0.01414 -0.02117 0.05166 0.05759 0.00330 0.679 0.352 1231.335 0.01289
0.01417 -0.02121 0.05176 0.05770 0.00440 1.003 0.392 1231.365 0.01291
0.01419 -0.02125 0.05186 0.05781 0.00550 1.065 0.392 1231.395 0.01293
0.01422 -0.02129 0.05196 0.05792 0.00661 0.938 0.375 1231.425 0.01296
0.01425 -0.02133 0.05206 0.05803 0.00771 1.001 0.386 1231.454 0.01298
0.01428 -0.02137 0.05215 0.05814 0.00881 0.873 0.368 1231.484 0.01301
0.01430 -0.02141 0.05225 0.05826 0.00991 0.931 0.362 1231.514 0.01303
0.01433 -0.02146 0.05235 0.05837 0.01101 0.806 0.353 1231.544 0.01306
0.01436 -0.02150 0.05245 0.05848 0.01211 1.063 0.393 1231.574 0.01308
0.01439 -0.02154 0.05255 0.05859 0.01321 1.635 0.439 1231.604 0.01311
0.01441 -0.02158 0.05265 0.05870 0.01431 0.992 0.366 1231.634 0.01313
0.01444 -0.02162 0.05275 0.05881 0.01541 1.118 0.382 1231.664 0.01316
0.01447 -0.02166 0.05285 0.05892 0.01652 0.671 0.329 1231.693 0.01318
0.01449 -0.02170 0.05295 0.05903 0.01762 0.798 0.343 1231.723 0.01321
0.01452 -0.02174 0.05305 0.05914 0.01872 0.860 0.352 1231.753 0.01323
0.01455 -0.02178 0.05315 0.05925 0.01982 1.184 0.390 1231.783 0.01325
0.01458 -0.02182 0.05325 0.05936 0.02092 0.862 0.352 1231.813 0.01328
0.01460 -0.02186 0.05335 0.05948 0.02202 1.247 0.399 1231.843 0.01330
0.01463 -0.02190 0.05345 0.05959 0.02312 0.608 0.316 1231.873 0.01333
0.01466 -0.02195 0.05355 0.05970 0.02423 1.500 0.427 1231.903 0.01335
0.01469 -0.02199 0.05365 0.05981 0.02533 0.733 0.335 1231.932 0.01338
0.01471 -0.02203 0.05375 0.05992 0.02643 1.184 0.392 1231.962 0.01340
0.01474 -0.02207 0.05385 0.06003 0.02753 0.415 0.281 1231.992 0.01343
0.01477 -0.02211 0.05395 0.06014 0.02863 0.799 0.343 1232.022 0.01345
0.01479 -0.02215 0.05405 0.06025 0.02973 0.860 0.352 1232.052 0.01348
0.01482 -0.02219 0.05415 0.06036 0.03084 1.053 0.377 1232.082 0.01350
0.01485 -0.02223 0.05424 0.06047 0.03194 1.181 0.392 1232.112 0.01352
0.01488 -0.02227 0.05434 0.06059 0.03304 0.863 0.351 1232.142 0.01355
0.01490 -0.02231 0.05444 0.06070 0.03414 0.796 0.343 1232.171 0.01357
0.01493 -0.02235 0.05454 0.06081 0.03524 1.311 0.406 1232.201 0.01360
0.01496 -0.02239 0.05464 0.06092 0.03635 0.929 0.360 1232.231 0.01362
0.01498 -0.02243 0.05474 0.06103 0.03745 1.186 0.392 1232.261 0.01365
0.01501 -0.02248 0.05484 0.06114 0.03855 1.246 0.399 1232.291 0.01367
0.01504 -0.02252 0.05494 0.06125 0.03965 1.250 0.398 1232.321 0.01370
0.01507 -0.02256 0.05504 0.06136 0.04075 1.697 0.446 1232.351 0.01372
0.01509 -0.02260 0.05514 0.06147 0.04186 0.732 0.334 1232.381 0.01375
0.01512 -0.02264 0.05524 0.06159 0.04296 1.633 0.438 1232.411 0.01377
0.01515 -0.02268 0.05534 0.06170 0.04406 0.929 0.358 1232.440 0.01380
0.01518 -0.02272 0.05544 0.06181 0.04516 0.737 0.334 1232.470 0.01382
0.01520 -0.02276 0.05554 0.06192 0.04627 0.997 0.383 1232.500 0.01384
0.01523 -0.02280 0.05564 0.06203 0.04737 0.676 0.343 1232.530 0.01387
0.01526 -0.02284 0.05574 0.06214 0.04847 0.996 0.384 1232.560 0.01389
0.01528 -0.02288 0.05584 0.06225 0.04957 0.872 0.373 1232.590 0.01392
0.01531 -0.02292 0.05594 0.06236 0.05068 1.126 0.406 1232.620 0.01394
0.01534 -0.02297 0.05604 0.06247 0.05178 0.613 0.341 1232.650 0.01397
0.01537 -0.02301 0.05614 0.06258 0.05288 1.443 0.418 1232.679 0.01399
0.01539 -0.02305 0.05624 0.06270 0.05398 1.251 0.397 1232.709 0.01402
0.01542 -0.02309 0.05634 0.06281 0.05509 0.868 0.368 1232.739 0.01404
0.01545 -0.02313 0.05644 0.06292 0.05619 1.060 0.391 1232.769 0.01407
0.01548 -0.02317 0.05654 0.06303 0.05729 1.064 0.398 1232.799 0.01409
0.01550 -0.02321 0.05664 0.06314 0.05840 0.869 0.373 1232.829 0.01411
0.01553 -0.02325 0.05674 0.06325 0.05950 1.122 0.391 1232.859 0.01414
0.01556 -0.02329 0.05684 0.06336 0.06060 0.868 0.367 1232.889 0.01416
0.01559 -0.02333 0.05693 0.06347 0.06170 0.680 0.351 1232.918 0.01419
0.01561 -0.02337 0.05703 0.06358 0.06281 1.000 0.391 1232.948 0.01421
0.01564 -0.02341 0.05713 0.06370 0.06391 1.062 0.398 1232.978 0.01424
0.01567 -0.02346 0.05723 0.06381 0.06501 0.866 0.360 1233.008 0.01426
0.01569 -0.02350 0.05733 0.06392 0.06612 0.865 0.359 1233.038 0.01429
0.01572 -0.02354 0.05743 0.06403 0.06722 1.637 0.450 1233.068 0.01431
0.01575 -0.02358 0.05753 0.06414 0.06832 0.421 0.310 1233.098 0.01434
0.01578 -0.02362 0.05763 0.06425 0.06943 0.739 0.358 1233.128 0.01436
0.01580 -0.02366 0.05773 0.06436 0.07053 0.830 0.360 1233.157 0.01439
0.01583 -0.02370 0.05783 0.06447 0.07163 0.609 0.320 1233.187 0.01441
0.01586 -0.02374 0.05793 0.06459 0.07274 0.774 0.350 1233.217 0.01443
0.01589 -0.02378 0.05803 0.06470 0.07384 1.099 0.391 1233.247 0.01446
0.01591 -0.02382 0.05813 0.06481 0.07494 0.835 0.348 1233.277 0.01448
0.01594 -0.02386 0.05823 0.06492 0.07605 1.026 0.382 1233.307 0.01451
0.01597 -0.02391 0.05833 0.06503 0.07715 1.293 0.417 1233.337 0.01453
0.01599 -0.02395 0.05843 0.06514 0.07825 1.190 0.400 1233.367 0.01456
0.01602 -0.02399 0.05853 0.06525 0.07936 0.666 0.342 1233.397 0.01458
0.01605 -0.02403 0.05863 0.06536 0.08046 1.185 0.396 1233.426 0.01461
0.01608 -0.02407 0.05873 0.06547 0.08156 1.169 0.398 1233.456 0.01463
0.01610 -0.02411 0.05883 0.06559 0.08267 1.283 0.411 1233.486 0.01466
0.01613 -0.02415 0.05893 0.06570 0.08377 1.716 0.455 1233.516 0.01468
0.01616 -0.02419 0.05903 0.06581 0.08488 1.201 0.405 1233.546 0.01470
0.01619 -0.02423 0.05913 0.06592 0.08598 1.373 0.424 1233.576 0.01473
0.01621 -0.02427 0.05923 0.06603 0.08708 1.137 0.398 1233.606 0.01475
0.01624 -0.02431 0.05933 0.06614 0.08819 1.098 0.383 1233.636 0.01478
0.01627 -0.02435 0.05943 0.06625 0.08929 0.907 0.358 1233.665 0.01480
0.01629 -0.02440 0.05953 0.06636 0.09040 0.906 0.359 1233.695 0.01483
0.01632 -0.02444 0.05963 0.06648 0.09150 1.610 0.435 1233.725 0.01485
0.01635 -0.02448 0.05973 0.06659 0.09260 1.225 0.397 1233.755 0.01488
0.01638 -0.02452 0.05983 0.06670 0.09371 1.475 0.425 1233.785 0.01490
0.01640 -0.02456 0.05993 0.06681 0.09481 0.583 0.310 1233.815 0.01493
0.01643 -0.02460 0.06003 0.06692 0.09592 1.287 0.404 1233.845 0.01495
0.01646 -0.02464 0.06013 0.06703 0.09702 0.968 0.366 1233.875 0.01497
0.01649 -0.02468 0.06023 0.06714 0.09813 1.476 0.424 1233.904 0.01500
0.01651 -0.02472 0.06033 0.06725 0.09923 1.350 0.408 1233.934 0.01502
0.01654 -0.02476 0.06043 0.06737 0.10033 1.029 0.374 1233.964 0.01505
0.01657 -0.02480 0.06053 0.06748 0.10144 2.116 0.485 1233.994 0.01507
0.01660 -0.02485 0.06063 0.06759 0.10254 0.900 0.356 1234.024 0.01510
0.01662 -0.02489 0.06073 0.06770 0.10365 0.967 0.367 1234.054 0.01512
0.01665 -0.02493 0.06083 0.06781 0.10475 0.647 0.321 1234.084 0.01515
0.01668 -0.02497 0.06093 0.06792 0.10586 0.777 0.341 1234.114 0.01517
0.01670 -0.02501 0.06102 0.06803 0.10696 1.483 0.424 1234.143 0.01520
0.01673 -0.02505 0.06112 0.06814 0.10807 1.037 0.372 1234.173 0.01522
0.01676 -0.02509 0.06122 0.06826 0.10917 0.840 0.349 1234.203 0.01525
0.01679 -0.02513 0.06132 0.06837 0.11028 1.284 0.404 1234.233 0.01527
0.01681 -0.02517 0.06142 0.06848 0.11138 0.713 0.331 1234.263 0.01529
0.01684 -0.02521 0.06152 0.06859 0.11248 0.970 0.365 1234.293 0.01532
0.01687 -0.02525 0.06162 0.06870 0.11359 0.972 0.360 1234.323 0.01534
0.01690 -0.02530 0.06172 0.06881 0.11469 0.595 0.313 1234.353 0.01537
0.01692 -0.02534 0.06182 0.06892 0.11580 0.845 0.349 1234.383 0.01539
0.01695 -0.02538 0.06192 0.06904 0.11690 0.655 0.323 1234.412 0.01542
0.01698 -0.02542 0.06202 0.06915 0.11801 1.101 0.382 1234.442 0.01544
0.01701 -0.02546 0.06212 0.06926 0.11911 0.783 0.337 1234.472 0.01547
0.01703 -0.02550 0.06222 0.06937 0.12022 0.785 0.341 1234.502 0.01549
0.01706 -0.02554 0.06232 0.06948 0.12132 0.848 0.347 1234.532 0.01552
0.01709 -0.02558 0.06242 0.06959 0.12243 1.420 0.417 1234.562 0.01554
0.01711 -0.02562 0.06252 0.06970 0.12354 0.717 0.332 1234.592 0.01556
0.01714 -0.02566 0.06262 0.06981 0.12464 1.293 0.403 1234.622 0.01559
0.01717 -0.02570 0.06272 0.06993 0.12575 1.165 0.387 1234.651 0.01561
0.01720 -0.02575 0.06282 0.07004 0.12685 0.658 0.323 1234.681 0.01564
0.01722 -0.02579 0.06292 0.07015 0.12796 1.294 0.404 1234.711 0.01566
0.01725 -0.02583 0.06302 0.07026 0.12906 1.107 0.382 1234.741 0.01569
0.01728 -0.02587 0.06312 0.07037 0.13017 0.981 0.366 1234.771 0.01571
0.01731 -0.02591 0.06322 0.07048 0.13127 1.298 0.396 1234.801 0.01574
0.01733 -0.02595 0.06332 0.07059 0.13238 0.982 0.366 1234.831 0.01576
0.01736 -0.02599 0.06342 0.07071 0.13348 0.723 0.331 1234.861 0.01579
0.01739 -0.02603 0.06352 0.07082 0.13459 1.104 0.382 1234.890 0.01581
0.01742 -0.02607 0.06362 0.07093 0.13570 1.102 0.382 1234.920 0.01584
0.01744 -0.02611 0.06372 0.07104 0.13680 0.592 0.313 1234.950 0.01586
0.01747 -0.02616 0.06382 0.07115 0.13791 1.992 0.470 1234.980 0.01588
0.01750 -0.02620 0.06392 0.07126 0.13901 0.968 0.366 1235.010 0.01591
0.01752 -0.02624 0.06402 0.07137 0.14012 0.838 0.350 1235.040 0.01593
0.01755 -0.02628 0.06412 0.07149 0.14122 0.963 0.365 1235.070 0.01596
0.01758 -0.02632 0.06422 0.07160 0.14233 0.965 0.361 1235.100 0.01598
0.01761 -0.02636 0.06432 0.07171 0.14344 1.284 0.404 1235.129 0.01601
0.01763 -0.02640 0.06442 0.07182 0.14454 0.709 0.326 1235.159 0.01603
0.01766 -0.02644 0.06452 0.07193 0.14565 1.026 0.374 1235.189 0.01606
0.01769 -0.02648 0.06462 0.07204 0.14675 0.773 0.341 1235.219 0.01608
0.01772 -0.02652 0.06472 0.07215 0.14786 1.096 0.382 1235.249 0.01611
0.01774 -0.02656 0.06482 0.07227 0.14897 1.092 0.382 1235.279 0.01613
0.01777 -0.02661 0.06492 0.07238 0.15007 1.156 0.389 1235.309 0.01615
0.01780 -0.02665 0.06502 0.07249 0.15118 1.157 0.388 1235.339 0.01618
0.01783 -0.02669 0.06512 0.07260 0.15228 1.217 0.396 1235.369 0.01620
0.01785 -0.02673 0.06522 0.07271 0.15339 1.283 0.404 1235.398 0.01623
0.01788 -0.02677 0.06532 0.07282 0.15450 0.837 0.350 1235.428 0.01625
0.01791 -0.02681 0.06542 0.07293 0.15560 1.474 0.424 1235.458 0.01628
0.01794 -0.02685 0.06552 0.07305 0.15671 1.344 0.409 1235.488 0.01630
0.01796 -0.02689 0.06562 0.07316 0.15782 1.026 0.374 1235.518 0.01633
0.01799 -0.02693 0.06572 0.07327 0.15892 0.898 0.357 1235.548 0.01635
0.01802 -0.02697 0.06582 0.07338 0.16003 1.024 0.374 1235.578 0.01638
0.01804 -0.02702 0.06592 0.07349 0.16114 1.345 0.410 1235.608 0.01640
0.01807 -0.02706 0.06602 0.07360 0.16224 1.089 0.380 1235.637 0.01643
0.01810 -0.02710 0.06612 0.07371 0.16335 1.019 0.373 1235.667 0.01645
0.01813 -0.02714 0.06622 0.07383 0.16446 1.275 0.403 1235.697 0.01647
0.01815 -0.02718 0.06632 0.07394 0.16556 1.340 0.409 1235.727 0.01650
0.01818 -0.02722 0.06642 0.07405 0.16667 1.393 0.417 1235.757 0.01652
0.01821 -0.02726 0.06652 0.07416 0.16778 1.459 0.423 1235.787 0.01655
0.01824 -0.02730 0.06662 0.07427 0.16888 0.566 0.312 1235.817 0.01657
0.01826 -0.02734 0.06672 0.07438 0.16999 1.014 0.373 1235.847 0.01660
0.01829 -0.02738 0.06682 0.07450 0.17110 0.825 0.350 1235.876 0.01662
0.01832 -0.02743 0.06692 0.07461 0.17220 1.078 0.382 1235.906 0.01665
0.01835 -0.02747 0.06702 0.07472 0.17331 0.950 0.360 1235.936 0.01667
0.01837 -0.02751 0.06712 0.07483 0.17442 1.014 0.374 1235.966 0.01670
0.01840 -0.02755 0.06722 0.07494 0.17553 1.651 0.443 1235.996 0.01672
0.01843 -0.02759 0.06732 0.07505 0.17663 1.400 0.417 1236.026 0.01674
0.01846 -0.02763 0.06742 0.07516 0.17774 1.083 0.382 1236.056 0.01677
0.01848 -0.02767 0.06752 0.07528 0.17885 0.639 0.323 1236.086 0.01679
0.01851 -0.02771 0.06762 0.07539 0.17995 1.275 0.403 1236.115 0.01682
0.01854 -0.02775 0.06772 0.07550 0.18106 0.761 0.339 1236.145 0.01684
0.01857 -0.02779 0.06782 0.07561 0.18217 0.764 0.339 1236.175 0.01687
0.01859 -0.02784 0.06792 0.07572 0.18328 1.336 0.410 1236.205 0.01689
0.01862 -0.02788 0.06802 0.07583 0.18438 1.082 0.381 1236.235 0.01692
0.01865 -0.02792 0.06812 0.07595 0.18549 0.953 0.366 1236.265 0.01694
0.01867 -0.02796 0.06822 0.07606 0.18660 0.957 0.365 1236.295 0.01697
0.01870 -0.02800 0.06832 0.07617 0.18771 1.020 0.374 1236.325 0.01699
0.01873 -0.02804 0.06842 0.07628 0.18881 1.276 0.403 1236.355 0.01701
0.01876 -0.02808 0.06852 0.07639 0.18992 0.638 0.318 1236.384 0.01704
0.01878 -0.02812 0.06862 0.07650 0.19103 0.835 0.350 1236.414 0.01706
0.01881 -0.02816 0.06872 0.07661 0.19214 0.707 0.330 1236.444 0.01709
0.01884 -0.02820 0.06882 0.07673 0.19324 0.582 0.313 1236.474 0.01711
0.01887 -0.02825 0.06892 0.07684 0.19435 0.767 0.341 1236.504 0.01714
0.01889 -0.02829 0.06902 0.07695 0.19546 0.707 0.328 1236.534 0.01716
0.01892 -0.02833 0.06912 0.07706 0.19657 1.155 0.387 1236.564 0.01719
0.01895 -0.02837 0.06922 0.07717 0.19768 1.411 0.416 1236.594 0.01721
0.01898 -0.02841 0.06932 0.07728 0.19878 0.964 0.365 1236.623 0.01724
0.01900 -0.02845 0.06942 0.07740 0.19989 1.028 0.374 1236.653 0.01726
0.01903 -0.02849 0.06952 0.07751 0.20100 0.969 0.365 1236.683 0.01729
0.01906 -0.02853 0.06962 0.07762 0.20211 0.840 0.349 1236.713 0.01731
0.01909 -0.02857 0.06972 0.07773 0.20322 1.290 0.402 1236.743 0.01733
0.01911 -0.02862 0.06982 0.07784 0.20432 1.034 0.371 1236.773 0.01736
0.01914 -0.02866 0.06992 0.07795 0.20543 1.164 0.388 1236.803 0.01738
0.01917 -0.02870 0.07002 0.07807 0.20654 1.227 0.397 1236.833 0.01741
0.01920 -0.02874 0.07012 0.07818 0.20765 0.907 0.358 1236.862 0.01743
0.01922 -0.02878 0.07022 0.07829 0.20876 0.782 0.341 1236.892 0.01746
0.01925 -0.02882 0.07032 0.07840 0.20987 1.171 0.387 1236.922 0.01748
0.01928 -0.02886 0.07042 0.07851 0.21097 1.302 0.402 1236.952 0.01751
0.01930 -0.02890 0.07052 0.07862 0.21208 0.537 0.303 1236.982 0.01753
0.01933 -0.02894 0.07062 0.07874 0.21319 0.858 0.347 1237.012 0.01756
0.01936 -0.02898 0.07073 0.07885 0.21430 0.921 0.357 1237.042 0.01758
0.01939 -0.02903 0.07083 0.07896 0.21541 1.045 0.374 1237.072 0.01760
0.01941 -0.02907 0.07093 0.07907 0.21652 0.861 0.353 1237.101 0.01763
0.01944 -0.02911 0.07103 0.07918 0.21762 1.118 0.388 1237.131 0.01765
0.01947 -0.02915 0.07113 0.07929 0.21873 1.244 0.404 1237.161 0.01768
0.01950 -0.02919 0.07123 0.07941 0.21984 0.733 0.327 1237.191 0.01770
0.01952 -0.02923 0.07133 0.07952 0.22095 0.672 0.341 1237.221 0.01773
0.01955 -0.02927 0.07143 0.07963 0.22206 1.185 0.401 1237.251 0.01775
0.01958 -0.02931 0.07153 0.07974 0.22317 1.177 0.389 1237.281 0.01778
0.01961 -0.02935 0.07163 0.07985 0.22428 1.051 0.373 1237.311 0.01780
0.01963 -0.02940 0.07173 0.07996 0.22539 1.371 0.417 1237.341 0.01783
0.01966 -0.02944 0.07183 0.08008 0.22650 1.242 0.403 1237.370 0.01785
0.01969 -0.02948 0.07193 0.08019 0.22760 0.983 0.366 1237.400 0.01788
0.01972 -0.02952 0.07203 0.08030 0.22871 1.300 0.404 1237.430 0.01790
0.01974 -0.02956 0.07213 0.08041 0.22982 1.043 0.374 1237.460 0.01792
0.01977 -0.02960 0.07223 0.08052 0.23093 0.790 0.339 1237.490 0.01795
0.01980 -0.02964 0.07233 0.08064 0.23204 0.796 0.341 1237.520 0.01797
0.01983 -0.02968 0.07243 0.08075 0.23315 0.982 0.366 1237.550 0.01800
0.01985 -0.02972 0.07253 0.08086 0.23426 0.660 0.323 1237.580 0.01802
0.01988 -0.02976 0.07263 0.08097 0.23537 1.105 0.382 1237.609 0.01805
0.01991 -0.02981 0.07273 0.08108 0.23648 1.295 0.402 1237.639 0.01807
0.01994 -0.02985 0.07283 0.08119 0.23759 1.294 0.402 1237.669 0.01810
0.01996 -0.02989 0.07293 0.08131 0.23870 1.103 0.380 1237.699 0.01812
0.01999 -0.02993 0.07303 0.08142 0.23981 1.042 0.373 1237.729 0.01815
0.02002 -0.02997 0.07313 0.08153 0.24092 1.046 0.374 1237.759 0.01817
0.02005 -0.03001 0.07323 0.08164 0.24202 0.854 0.350 1237.789 0.01819
0.02007 -0.03005 0.07333 0.08175 0.24313 0.726 0.332 1237.819 0.01822
0.02010 -0.03009 0.07343 0.08186 0.24424 1.110 0.381 1237.848 0.01824
0.02013 -0.03013 0.07353 0.08198 0.24535 1.553 0.430 1237.878 0.01827
0.02016 -0.03018 0.07363 0.08209 0.24646 0.976 0.365 1237.908 0.01829
0.02018 -0.03022 0.07373 0.08220 0.24757 0.843 0.349 1237.938 0.01832
0.02021 -0.03026 0.07383 0.08231 0.24868 0.901 0.357 1237.968 0.01834
0.02024 -0.03030 0.07393 0.08242 0.24979 1.027 0.374 1237.998 0.01837
0.02027 -0.03034 0.07403 0.08254 0.25090 0.707 0.332 1238.028 0.01839
0.02029 -0.03038 0.07413 0.08265 0.25201 1.093 0.375 1238.058 0.01842
0.02032 -0.03042 0.07423 0.08276 0.25312 1.152 0.388 1238.087 0.01844
0.02035 -0.03046 0.07433 0.08287 0.25423 1.405 0.416 1238.117 0.01847
0.02038 -0.03050 0.07443 0.08298 0.25534 0.895 0.358 1238.147 0.01849
0.02040 -0.03055 0.07453 0.08309 0.25645 0.963 0.366 1238.177 0.01851
0.02043 -0.03059 0.07463 0.08321 0.25756 1.412 0.416 1238.207 0.01854
0.02046 -0.03063 0.07474 0.08332 0.25867 0.774 0.338 1238.237 0.01856
0.02048 -0.03067 0.07484 0.08343 0.25978 1.226 0.396 1238.267 0.01859
0.02051 -0.03071 0.07494 0.08354 0.26089 0.719 0.332 1238.297 0.01861
0.02054 -0.03075 0.07504 0.08365 0.26200 1.101 0.380 1238.327 0.01864
0.02057 -0.03079 0.07514 0.08377 0.26311 1.420 0.415 1238.356 0.01866
0.02059 -0.03083 0.07524 0.08388 0.26422 1.291 0.403 1238.386 0.01869
0.02062 -0.03087 0.07534 0.08399 0.26533 0.654 0.321 1238.416 0.01871
0.02065 -0.03092 0.07544 0.08410 0.26644 1.107 0.380 1238.446 0.01874
0.02068 -0.03096 0.07554 0.08421 0.26755 0.652 0.322 1238.476 0.01876
0.02070 -0.03100 0.07564 0.08432 0.26866 0.840 0.348 1238.506 0.01878
0.02073 -0.03104 0.07574 0.08444 0.26978 1.610 0.436 1238.536 0.01881
0.02076 -0.03108 0.07584 0.08455 0.27089 0.781 0.338 1238.566 0.01883
0.02079 -0.03112 0.07594 0.08466 0.27200 1.487 0.424 1238.595 0.01886
0.02081 -0.03116 0.07604 0.08477 0.27311 0.592 0.313 1238.625 0.01888
0.02084 -0.03120 0.07614 0.08488 0.27422 0.782 0.337 1238.655 0.01891
0.02087 -0.03124 0.07624 0.08500 0.27533 0.530 0.302 1238.685 0.01893
0.02090 -0.03129 0.07634 0.08511 0.27644 1.420 0.417 1238.715 0.01896
0.02092 -0.03133 0.07644 0.08522 0.27755 1.293 0.400 1238.745 0.01898
0.02095 -0.03137 0.07654 0.08533 0.27866 0.722 0.328 1238.775 0.01901
0.02098 -0.03141 0.07664 0.08544 0.27977 0.657 0.323 1238.805 0.01903
0.02101 -0.03145 0.07674 0.08556 0.28088 0.913 0.353 1238.834 0.01905
0.02103 -0.03149 0.07684 0.08567 0.28199 0.847 0.350 1238.864 0.01908
0.02106 -0.03153 0.07694 0.08578 0.28310 0.786 0.339 1238.894 0.01910
0.02109 -0.03157 0.07704 0.08589 0.28422 0.797 0.361 1238.924 0.01913
0.02112 -0.03162 0.07714 0.08600 0.28533 1.050 0.374 1238.954 0.01915
0.02114 -0.03166 0.07724 0.08612 0.28644 1.412 0.421 1238.984 0.01918
0.02117 -0.03170 0.07734 0.08623 0.28755 0.425 0.292 1239.014 0.01920
0.02120 -0.03174 0.07745 0.08634 0.28866 0.994 0.375 1239.044 0.01923
0.02123 -0.03178 0.07755 0.08645 0.28977 0.754 0.349 1239.073 0.01925
0.02125 -0.03182 0.07765 0.08656 0.29088 0.686 0.341 1239.103 0.01928
0.02128 -0.03186 0.07775 0.08668 0.29199 0.465 0.311 1239.133 0.01930
0.02131 -0.03190 0.07785 0.08679 0.29310 1.049 0.382 1239.163 0.01933
0.02134 -0.03194 0.07795 0.08690 0.29422 1.210 0.404 1239.193 0.01935
0.02136 -0.03199 0.07805 0.08701 0.29533 0.886 0.364 1239.223 0.01937
0.02139 -0.03203 0.07815 0.08712 0.29644 0.813 0.358 1239.253 0.01940
0.02142 -0.03207 0.07825 0.08724 0.29755 0.653 0.341 1239.283 0.01942
0.02145 -0.03211 0.07835 0.08735 0.29866 1.274 0.410 1239.313 0.01945
0.02147 -0.03215 0.07845 0.08746 0.29977 0.825 0.359 1239.342 0.01947
0.02150 -0.03219 0.07855 0.08757 0.30089 0.615 0.333 1239.372 0.01950
0.02153 -0.03223 0.07865 0.08768 0.30200 0.546 0.311 1239.402 0.01952
0.02156 -0.03227 0.07875 0.08780 0.30311 0.862 0.350 1239.432 0.01955
0.02158 -0.03231 0.07885 0.08791 0.30422 1.184 0.393 1239.462 0.01957
0.02161 -0.03236 0.07895 0.08802 0.30533 0.927 0.374 1239.492 0.01960
0.02164 -0.03240 0.07905 0.08813 0.30644 0.611 0.338 1239.522 0.01962
0.02167 -0.03244 0.07915 0.08824 0.30756 0.737 0.348 1239.552 0.01964
0.02169 -0.03248 0.07925 0.08836 0.30867 0.867 0.374 1239.581 0.01967
0.02172 -0.03252 0.07935 0.08847 0.30978 0.933 0.373 1239.611 0.01969
0.02175 -0.03256 0.07945 0.08858 0.31089 0.483 0.322 1239.641 0.01972
0.02178 -0.03260 0.07955 0.08869 0.31200 0.869 0.367 1239.671 0.01974
0.02180 -0.03264 0.07966 0.08880 0.31312 0.673 0.350 1239.701 0.01977
0.02183 -0.03269 0.07976 0.08892 0.31423 0.673 0.336 1239.731 0.01979
0.02186 -0.03273 0.07986 0.08903 0.31534 0.991 0.374 1239.761 0.01982
0.02189 -0.03277 0.07996 0.08914 0.31645 0.674 0.341 1239.791 0.01984
0.02191 -0.03281 0.08006 0.08925 0.31756 0.932 0.382 1239.820 0.01987
0.02194 -0.03285 0.08016 0.08936 0.31868 0.609 0.323 1239.850 0.01989
0.02197 -0.03289 0.08026 0.08948 0.31979 1.058 0.396 1239.880 0.01992
0.02200 -0.03293 0.08036 0.08959 0.32090 0.610 0.341 1239.910 0.01994
0.02202 -0.03297 0.08046 0.08970 0.32201 0.738 0.351 1239.940 0.01996
0.02205 -0.03302 0.08056 0.08981 0.32313 1.319 0.425 1239.970 0.01999
0.02208 -0.03306 0.08066 0.08992 0.32424 1.117 0.378 1240.000 0.02001
0.02211 -0.03310 0.08076 0.09004 0.32535 0.800 0.348 1240.030 0.02004
0.02213 -0.03314 0.08086 0.09015 0.32646 0.922 0.366 1240.059 0.02006
0.02216 -0.03318 0.08096 0.09026 0.32758 0.663 0.322 1240.089 0.02009
0.02219 -0.03322 0.08106 0.09037 0.32869 0.468 0.289 1240.119 0.02011
0.02222 -0.03326 0.08116 0.09048 0.32980 0.726 0.327 1240.149 0.02014
0.02224 -0.03330 0.08126 0.09060 0.33091 1.110 0.382 1240.179 0.02016
0.02227 -0.03334 0.08136 0.09071 0.33203 0.845 0.351 1240.209 0.02019
0.02230 -0.03339 0.08146 0.09082 0.33314 1.233 0.394 1240.239 0.02021
0.02233 -0.03343 0.08157 0.09093 0.33425 0.656 0.319 1240.269 0.02023
0.02235 -0.03347 0.08167 0.09105 0.33537 0.467 0.292 1240.299 0.02026
0.02238 -0.03351 0.08177 0.09116 0.33648 0.987 0.367 1240.328 0.02028
0.02241 -0.03355 0.08187 0.09127 0.33759 0.602 0.309 1240.358 0.02031
0.02244 -0.03359 0.08197 0.09138 0.33870 1.240 0.397 1240.388 0.02033
0.02246 -0.03363 0.08207 0.09149 0.33982 0.792 0.341 1240.418 0.02036
0.02249 -0.03367 0.08217 0.09161 0.34093 0.855 0.350 1240.448 0.02038
0.02252 -0.03372 0.08227 0.09172 0.34204 1.244 0.398 1240.478 0.02041
0.02255 -0.03376 0.08237 0.09183 0.34316 1.116 0.381 1240.508 0.02043
0.02257 -0.03380 0.08247 0.09194 0.34427 0.604 0.313 1240.538 0.02046
0.02260 -0.03384 0.08257 0.09205 0.34538 1.311 0.403 1240.567 0.02048
0.02263 -0.03388 0.08267 0.09217 0.34650 0.856 0.351 1240.597 0.02050
0.02266 -0.03392 0.08277 0.09228 0.34761 0.730 0.331 1240.627 0.02053
0.02269 -0.03396 0.08287 0.09239 0.34872 0.857 0.351 1240.657 0.02055
0.02271 -0.03400 0.08297 0.09250 0.34984 1.172 0.390 1240.687 0.02058
0.02274 -0.03405 0.08307 0.09262 0.35095 1.240 0.398 1240.717 0.02060
0.02277 -0.03409 0.08317 0.09273 0.35206 0.982 0.368 1240.747 0.02063
0.02280 -0.03413 0.08328 0.09284 0.35318 0.915 0.357 1240.777 0.02065
0.02282 -0.03417 0.08338 0.09295 0.35429 1.426 0.419 1240.806 0.02068
0.02285 -0.03421 0.08348 0.09306 0.35540 0.853 0.350 1240.836 0.02070
0.02288 -0.03425 0.08358 0.09318 0.35652 0.851 0.349 1240.866 0.02073
0.02291 -0.03429 0.08368 0.09329 0.35763 0.785 0.345 1240.896 0.02075
0.02293 -0.03433 0.08378 0.09340 0.35874 1.562 0.432 1240.926 0.02078
0.02296 -0.03438 0.08388 0.09351 0.35986 0.716 0.333 1240.956 0.02080
0.02299 -0.03442 0.08398 0.09362 0.36097 1.043 0.372 1240.986 0.02082
0.02302 -0.03446 0.08408 0.09374 0.36209 0.853 0.351 1241.016 0.02085
0.02304 -0.03450 0.08418 0.09385 0.36320 1.568 0.432 1241.045 0.02087
0.02307 -0.03454 0.08428 0.09396 0.36431 0.861 0.350 1241.075 0.02090
0.02310 -0.03458 0.08438 0.09407 0.36543 0.994 0.369 1241.105 0.02092
0.02313 -0.03462 0.08448 0.09419 0.36654 1.251 0.412 1241.135 0.02095
0.02315 -0.03466 0.08458 0.09430 0.36766 0.863 0.349 1241.165 0.02097
0.02318 -0.03471 0.08468 0.09441 0.36877 0.607 0.321 1241.195 0.02100
0.02321 -0.03475 0.08479 0.09452 0.36988 0.867 0.366 1241.225 0.02102
0.02324 -0.03479 0.08489 0.09463 0.37100 1.317 0.419 1241.255 0.02105
0.02326 -0.03483 0.08499 0.09475 0.37211 0.613 0.342 1241.285 0.02107
0.02329 -0.03487 0.08509 0.09486 0.37323 1.061 0.385 1241.314 0.02109
0.02332 -0.03491 0.08519 0.09497 0.37434 1.509 0.431 1241.344 0.02112
0.02335 -0.03495 0.08529 0.09508 0.37545 0.741 0.349 1241.374 0.02114
0.02337 -0.03499 0.08539 0.09520 0.37657 0.484 0.313 1241.404 0.02117
0.02340 -0.03504 0.08549 0.09531 0.37768 1.005 0.390 1241.434 0.02119
0.02343 -0.03508 0.08559 0.09542 0.37880 1.323 0.426 1241.464 0.02122
0.02346 -0.03512 0.08569 0.09553 0.37991 1.645 0.456 1241.494 0.02124
0.02348 -0.03516 0.08579 0.09565 0.38103 0.758 0.359 1241.524 0.02127
0.02351 -0.03520 0.08589 0.09576 0.38214 0.260 0.281 1241.553 0.02129
0.02354 -0.03524 0.08599 0.09587 0.38326 0.771 0.352 1241.583 0.02132
0.02357 -0.03528 0.08609 0.09598 0.38437 0.526 0.323 1241.613 0.02134
0.02359 -0.03532 0.08620 0.09609 0.38549 0.844 0.359 1241.643 0.02137
0.02362 -0.03537 0.08630 0.09621 0.38660 0.723 0.350 1241.673 0.02139
0.02365 -0.03541 0.08640 0.09632 0.38771 0.637 0.334 1241.703 0.02141
0.02368 -0.03545 0.08650 0.09643 0.38883 0.694 0.342 1241.733 0.02144
0.02370 -0.03549 0.08660 0.09654 0.38994 0.348 0.293 1241.763 0.02146
0.02373 -0.03553 0.08670 0.09666 0.39106 0.760 0.352 1241.792 0.02149
0.02376 -0.03557 0.08680 0.09677 0.39217 0.324 0.290 1241.822 0.02151
0.02379 -0.03561 0.08690 0.09688 0.39329 0.403 0.304 1241.852 0.02154
0.02382 -0.03565 0.08700 0.09699 0.39440 -0.040 0.205 1241.882 0.02156
0.02384 -0.03570 0.08710 0.09711 0.39552 0.541 0.322 1241.912 0.02159
0.02387 -0.03574 0.08720 0.09722 0.39663 0.440 0.311 1241.942 0.02161
0.02390 -0.03578 0.08730 0.09733 0.39775 0.981 0.384 1241.972 0.02164
0.02393 -0.03582 0.08740 0.09744 0.39886 0.538 0.300 1242.002 0.02166
0.02395 -0.03586 0.08751 0.09755 0.39998 0.736 0.332 1242.031 0.02168
0.02398 -0.03590 0.08761 0.09767 0.40109 1.044 0.376 1242.061 0.02171
0.02401 -0.03594 0.08771 0.09778 0.40221 0.724 0.334 1242.091 0.02173
0.02404 -0.03599 0.08781 0.09789 0.40332 0.598 0.313 1242.121 0.02176
0.02406 -0.03603 0.08791 0.09800 0.40444 0.535 0.301 1242.151 0.02178
0.02409 -0.03607 0.08801 0.09812 0.40556 1.115 0.384 1242.181 0.02181
0.02412 -0.03611 0.08811 0.09823 0.40667 1.052 0.375 1242.211 0.02183
0.02415 -0.03615 0.08821 0.09834 0.40779 0.602 0.315 1242.241 0.02186
0.02417 -0.03619 0.08831 0.09845 0.40890 1.248 0.404 1242.271 0.02188
0.02420 -0.03623 0.08841 0.09857 0.41002 1.247 0.397 1242.300 0.02191
0.02423 -0.03627 0.08851 0.09868 0.41113 1.373 0.413 1242.330 0.02193
0.02426 -0.03632 0.08861 0.09879 0.41225 1.826 0.458 1242.360 0.02196
0.02428 -0.03636 0.08871 0.09890 0.41336 1.369 0.414 1242.390 0.02198
0.02431 -0.03640 0.08882 0.09902 0.41448 0.916 0.361 1242.420 0.02200
0.02434 -0.03644 0.08892 0.09913 0.41560 0.658 0.325 1242.450 0.02203
0.02437 -0.03648 0.08902 0.09924 0.41671 0.593 0.315 1242.480 0.02205
0.02439 -0.03652 0.08912 0.09935 0.41783 1.039 0.374 1242.510 0.02208
0.02442 -0.03656 0.08922 0.09947 0.41894 0.649 0.324 1242.539 0.02210
0.02445 -0.03661 0.08932 0.09958 0.42006 0.589 0.314 1242.569 0.02213
0.02448 -0.03665 0.08942 0.09969 0.42117 1.299 0.407 1242.599 0.02215
0.02451 -0.03669 0.08952 0.09980 0.42229 1.106 0.384 1242.629 0.02218
0.02453 -0.03673 0.08962 0.09992 0.42341 1.040 0.377 1242.659 0.02220
0.02456 -0.03677 0.08972 0.10003 0.42452 0.986 0.369 1242.689 0.02223
0.02459 -0.03681 0.08982 0.10014 0.42564 1.310 0.405 1242.719 0.02225
0.02462 -0.03685 0.08992 0.10025 0.42675 1.050 0.376 1242.749 0.02227
0.02464 -0.03689 0.09003 0.10036 0.42787 0.860 0.353 1242.778 0.02230
0.02467 -0.03694 0.09013 0.10048 0.42899 1.245 0.400 1242.808 0.02232
0.02470 -0.03698 0.09023 0.10059 0.43010 0.667 0.325 1242.838 0.02235
0.02473 -0.03702 0.09033 0.10070 0.43122 1.059 0.378 1242.868 0.02237
0.02475 -0.03706 0.09043 0.10081 0.43234 0.614 0.344 1242.898 0.02240
0.02478 -0.03710 0.09053 0.10093 0.43345 0.546 0.304 1242.928 0.02242
0.02481 -0.03714 0.09063 0.10104 0.43457 1.063 0.377 1242.958 0.02245
0.02484 -0.03718 0.09073 0.10115 0.43569 0.810 0.370 1242.988 0.02247
0.02486 -0.03723 0.09083 0.10126 0.43680 1.386 0.421 1243.017 0.02250
0.02489 -0.03727 0.09093 0.10138 0.43792 0.872 0.367 1243.047 0.02252
0.02492 -0.03731 0.09103 0.10149 0.43903 0.874 0.376 1243.077 0.02254
0.02495 -0.03735 0.09114 0.10160 0.44015 0.615 0.334 1243.107 0.02257
0.02497 -0.03739 0.09124 0.10171 0.44127 1.191 0.400 1243.137 0.02259
0.02500 -0.03743 0.09134 0.10183 0.44238 1.130 0.398 1243.167 0.02262
0.02503 -0.03747 0.09144 0.10194 0.44350 1.001 0.378 1243.197 0.02264
0.02506 -0.03751 0.09154 0.10205 0.44462 0.870 0.361 1243.227 0.02267
0.02509 -0.03756 0.09164 0.10216 0.44574 0.801 0.342 1243.257 0.02269
0.02511 -0.03760 0.09174 0.10228 0.44685 1.064 0.385 1243.286 0.02272
0.02514 -0.03764 0.09184 0.10239 0.44797 0.682 0.342 1243.316 0.02274
0.02517 -0.03768 0.09194 0.10250 0.44909 0.750 0.361 1243.346 0.02277
0.02520 -0.03772 0.09204 0.10261 0.45020 0.495 0.325 1243.376 0.02279
0.02522 -0.03776 0.09214 0.10273 0.45132 1.208 0.415 1243.406 0.02282
0.02525 -0.03780 0.09225 0.10284 0.45244 0.949 0.383 1243.436 0.02284
0.02528 -0.03785 0.09235 0.10295 0.45355 0.759 0.360 1243.466 0.02286
0.02531 -0.03789 0.09245 0.10307 0.45467 0.886 0.378 1243.496 0.02289
0.02533 -0.03793 0.09255 0.10318 0.45579 0.829 0.369 1243.525 0.02291
0.02536 -0.03797 0.09265 0.10329 0.45691 0.900 0.378 1243.555 0.02294
0.02539 -0.03801 0.09275 0.10340 0.45802 0.959 0.384 1243.585 0.02296
0.02542 -0.03805 0.09285 0.10352 0.45914 0.440 0.314 1243.615 0.02299
0.02544 -0.03809 0.09295 0.10363 0.46026 0.575 0.334 1243.645 0.02301
0.02547 -0.03814 0.09305 0.10374 0.46137 0.441 0.316 1243.675 0.02304
0.02550 -0.03818 0.09315 0.10385 0.46249 0.635 0.344 1243.705 0.02306
0.02553 -0.03822 0.09326 0.10397 0.46361 0.705 0.353 1243.735 0.02309
0.02555 -0.03826 0.09336 0.10408 0.46473 0.512 0.327 1243.764 0.02311
0.02558 -0.03830 0.09346 0.10419 0.46584 0.845 0.364 1243.794 0.02313
0.02561 -0.03834 0.09356 0.10430 0.46696 0.585 0.335 1243.824 0.02316
0.02564 -0.03838 0.09366 0.10442 0.46808 0.386 0.303 1243.854 0.02318
0.02567 -0.03842 0.09376 0.10453 0.46920 0.125 0.256 1243.884 0.02321
0.02569 -0.03847 0.09386 0.10464 0.47031 0.323 0.293 1243.914 0.02323
0.02572 -0.03851 0.09396 0.10475 0.47143 0.452 0.312 1243.944 0.02326
0.02575 -0.03855 0.09406 0.10487 0.47255 0.458 0.317 1243.974 0.02328
0.02578 -0.03859 0.09416 0.10498 0.47367 0.329 0.293 1244.003 0.02331
0.02580 -0.03863 0.09427 0.10509 0.47479 0.654 0.345 1244.033 0.02333
0.02583 -0.03867 0.09437 0.10520 0.47590 0.625 0.471 1244.063 0.02336
0.02586 -0.03871 0.09447 0.10532 0.47702 0.268 0.283 1244.093 0.02338
0.02589 -0.03876 0.09457 0.10543 0.47814 0.332 0.295 1244.123 0.02341
0.02591 -0.03880 0.09467 0.10554 0.47926 0.468 0.316 1244.153 0.02343
0.02594 -0.03884 0.09477 0.10565 0.48038 0.659 0.346 1244.183 0.02345
0.02597 -0.03888 0.09487 0.10577 0.48149 0.401 0.302 1244.213 0.02348
0.02600 -0.03892 0.09497 0.10588 0.48261 0.592 0.337 1244.243 0.02350
0.02602 -0.03896 0.09507 0.10599 0.48373 0.792 0.363 1244.272 0.02353
0.02605 -0.03900 0.09517 0.10611 0.48485 0.594 0.336 1244.302 0.02355
0.02608 -0.03905 0.09528 0.10622 0.48597 0.595 0.337 1244.332 0.02358
0.02611 -0.03909 0.09538 0.10633 0.48708 0.136 0.256 1244.362 0.02360
0.02614 -0.03913 0.09548 0.10644 0.48820 0.394 0.306 1244.392 0.02363
0.02616 -0.03917 0.09558 0.10656 0.48932 0.266 0.283 1244.422 0.02365
0.02619 -0.03921 0.09568 0.10667 0.49044 0.198 0.271 1244.452 0.02368
0.02622 -0.03925 0.09578 0.10678 0.49156 0.133 0.258 1244.482 0.02370
0.02625 -0.03929 0.09588 0.10689 0.49268 0.200 0.271 1244.511 0.02372
0.02627 -0.03934 0.09598 0.10701 0.49379 0.588 0.336 1244.541 0.02375
0.02630 -0.03938 0.09608 0.10712 0.49491 0.457 0.316 1244.571 0.02377
0.02633 -0.03942 0.09619 0.10723 0.49603 0.715 0.354 1244.601 0.02380
0.02636 -0.03946 0.09629 0.10734 0.49715 0.455 0.316 1244.631 0.02382
0.02638 -0.03950 0.09639 0.10746 0.49827 0.586 0.337 1244.661 0.02385
0.02641 -0.03954 0.09649 0.10757 0.49939 0.778 0.362 1244.691 0.02387
0.02644 -0.03958 0.09659 0.10768 0.50051 0.716 0.355 1244.721 0.02390
0.02647 -0.03963 0.09669 0.10780 0.50163 0.915 0.380 1244.750 0.02392
0.02650 -0.03967 0.09679 0.10791 0.50274 1.099 0.400 1244.780 0.02395
0.02652 -0.03971 0.09689 0.10802 0.50386 1.226 0.416 1244.810 0.02397
0.02655 -0.03975 0.09699 0.10813 0.50498 0.641 0.344 1244.840 0.02400
0.02658 -0.03979 0.09710 0.10825 0.50610 0.833 0.372 1244.870 0.02402
0.02661 -0.03983 0.09720 0.10836 0.50722 1.355 0.428 1244.900 0.02404
0.02663 -0.03987 0.09730 0.10847 0.50834 0.695 0.355 1244.930 0.02407
0.02666 -0.03992 0.09740 0.10858 0.50946 1.152 0.409 1244.960 0.02409
0.02669 -0.03996 0.09750 0.10870 0.51058 0.828 0.372 1244.989 0.02412
0.02672 -0.04000 0.09760 0.10881 0.51170 0.627 0.345 1245.019 0.02414
0.02674 -0.04004 0.09770 0.10892 0.51282 1.279 0.423 1245.049 0.02417
0.02677 -0.04008 0.09780 0.10904 0.51393 1.016 0.395 1245.079 0.02419
0.02680 -0.04012 0.09790 0.10915 0.51505 1.013 0.395 1245.109 0.02422
0.02683 -0.04016 0.09801 0.10926 0.51617 1.011 0.381 1245.139 0.02424
0.02686 -0.04021 0.09811 0.10937 0.51729 1.729 0.468 1245.169 0.02427
0.02688 -0.04025 0.09821 0.10949 0.51841 1.341 0.431 1245.199 0.02429
0.02691 -0.04029 0.09831 0.10960 0.51953 1.134 0.384 1245.229 0.02431
0.02694 -0.04033 0.09841 0.10971 0.52065 1.070 0.388 1245.258 0.02434
0.02697 -0.04037 0.09851 0.10983 0.52177 0.944 0.370 1245.288 0.02436
0.02699 -0.04041 0.09861 0.10994 0.52289 0.680 0.332 1245.318 0.02439
0.02702 -0.04045 0.09871 0.11005 0.52401 1.662 0.455 1245.348 0.02441
0.02705 -0.04050 0.09882 0.11016 0.52513 1.137 0.401 1245.378 0.02444
0.02708 -0.04054 0.09892 0.11028 0.52625 1.267 0.409 1245.408 0.02446
0.02710 -0.04058 0.09902 0.11039 0.52737 0.998 0.372 1245.438 0.02449
0.02713 -0.04062 0.09912 0.11050 0.52849 0.670 0.328 1245.468 0.02451
0.02716 -0.04066 0.09922 0.11061 0.52961 0.741 0.337 1245.497 0.02454
0.02719 -0.04070 0.09932 0.11073 0.53073 0.932 0.365 1245.527 0.02456
0.02722 -0.04075 0.09942 0.11084 0.53185 0.866 0.356 1245.557 0.02458
0.02724 -0.04079 0.09952 0.11095 0.53297 1.389 0.417 1245.587 0.02461
0.02727 -0.04083 0.09962 0.11107 0.53409 1.324 0.411 1245.617 0.02463
0.02730 -0.04087 0.09973 0.11118 0.53521 1.384 0.418 1245.647 0.02466
0.02733 -0.04091 0.09983 0.11129 0.53633 1.516 0.431 1245.677 0.02468
0.02735 -0.04095 0.09993 0.11140 0.53745 0.469 0.294 1245.707 0.02471
0.02738 -0.04099 0.10003 0.11152 0.53857 0.927 0.359 1245.736 0.02473
0.02741 -0.04104 0.10013 0.11163 0.53969 0.932 0.365 1245.766 0.02476
0.02744 -0.04108 0.10023 0.11174 0.54081 1.133 0.388 1245.796 0.02478
0.02746 -0.04112 0.10033 0.11186 0.54193 0.937 0.365 1245.826 0.02481
0.02749 -0.04116 0.10043 0.11197 0.54305 1.201 0.402 1245.856 0.02483
0.02752 -0.04120 0.10054 0.11208 0.54417 0.873 0.356 1245.886 0.02486
0.02755 -0.04124 0.10064 0.11219 0.54529 0.945 0.372 1245.916 0.02488
0.02758 -0.04128 0.10074 0.11231 0.54641 1.463 0.432 1245.946 0.02490
0.02760 -0.04133 0.10084 0.11242 0.54753 0.805 0.346 1245.975 0.02493
0.02763 -0.04137 0.10094 0.11253 0.54865 1.201 0.403 1246.005 0.02495
0.02766 -0.04141 0.10104 0.11265 0.54977 1.203 0.401 1246.035 0.02498
0.02769 -0.04145 0.10114 0.11276 0.55089 1.201 0.397 1246.065 0.02500
0.02771 -0.04149 0.10124 0.11287 0.55201 0.812 0.347 1246.095 0.02503
0.02774 -0.04153 0.10135 0.11299 0.55313 1.076 0.397 1246.125 0.02505
0.02777 -0.04158 0.10145 0.11310 0.55425 0.810 0.346 1246.155 0.02508
0.02780 -0.04162 0.10155 0.11321 0.55537 1.728 0.462 1246.185 0.02510
0.02782 -0.04166 0.10165 0.11332 0.55649 1.216 0.419 1246.215 0.02513
0.02785 -0.04170 0.10175 0.11344 0.55762 0.951 0.390 1246.244 0.02515
0.02788 -0.04174 0.10185 0.11355 0.55874 0.692 0.356 1246.274 0.02517
0.02791 -0.04178 0.10195 0.11366 0.55986 1.345 0.433 1246.304 0.02520
0.02794 -0.04182 0.10205 0.11378 0.56098 1.540 0.446 1246.334 0.02522
0.02796 -0.04187 0.10216 0.11389 0.56210 1.282 0.425 1246.364 0.02525
0.02799 -0.04191 0.10226 0.11400 0.56322 0.885 0.381 1246.394 0.02527
0.02802 -0.04195 0.10236 0.11411 0.56434 0.954 0.389 1246.424 0.02530
0.02805 -0.04199 0.10246 0.11423 0.56546 1.212 0.419 1246.454 0.02532
0.02807 -0.04203 0.10256 0.11434 0.56658 0.952 0.386 1246.483 0.02535
0.02810 -0.04207 0.10266 0.11445 0.56770 1.213 0.417 1246.513 0.02537
0.02813 -0.04211 0.10276 0.11457 0.56883 0.891 0.382 1246.543 0.02540
0.02816 -0.04216 0.10287 0.11468 0.56995 0.699 0.357 1246.573 0.02542
0.02819 -0.04220 0.10297 0.11479 0.57107 0.893 0.382 1246.603 0.02545
0.02821 -0.04224 0.10307 0.11490 0.57219 0.764 0.363 1246.633 0.02547
0.02824 -0.04228 0.10317 0.11502 0.57331 0.566 0.338 1246.663 0.02549
0.02827 -0.04232 0.10327 0.11513 0.57443 1.293 0.426 1246.693 0.02552
0.02830 -0.04236 0.10337 0.11524 0.57555 0.961 0.390 1246.722 0.02554
0.02832 -0.04241 0.10347 0.11536 0.57667 0.764 0.365 1246.752 0.02557
0.02835 -0.04245 0.10357 0.11547 0.57780 1.024 0.396 1246.782 0.02559
0.02838 -0.04249 0.10368 0.11558 0.57892 0.957 0.390 1246.812 0.02562
0.02841 -0.04253 0.10378 0.11570 0.58004 0.621 0.326 1246.842 0.02564
0.02844 -0.04257 0.10388 0.11581 0.58116 1.212 0.420 1246.872 0.02567
0.02846 -0.04261 0.10398 0.11592 0.58228 1.152 0.412 1246.902 0.02569
0.02849 -0.04265 0.10408 0.11603 0.58340 1.154 0.413 1246.932 0.02572
0.02852 -0.04270 0.10418 0.11615 0.58453 0.826 0.372 1246.961 0.02574
0.02855 -0.04274 0.10428 0.11626 0.58565 1.478 0.432 1246.991 0.02576
0.02857 -0.04278 0.10439 0.11637 0.58677 0.884 0.374 1247.021 0.02579
0.02860 -0.04282 0.10449 0.11649 0.58789 0.894 0.383 1247.051 0.02581
0.02863 -0.04286 0.10459 0.11660 0.58901 1.413 0.440 1247.081 0.02584
0.02866 -0.04290 0.10469 0.11671 0.59013 1.016 0.380 1247.111 0.02586
0.02868 -0.04295 0.10479 0.11683 0.59126 0.954 0.383 1247.141 0.02589
0.02871 -0.04299 0.10489 0.11694 0.59238 0.822 0.364 1247.171 0.02591
0.02874 -0.04303 0.10499 0.11705 0.59350 1.215 0.420 1247.201 0.02594
0.02877 -0.04307 0.10510 0.11717 0.59462 1.152 0.413 1247.230 0.02596
0.02880 -0.04311 0.10520 0.11728 0.59575 0.490 0.309 1247.260 0.02599
0.02882 -0.04315 0.10530 0.11739 0.59687 0.494 0.321 1247.290 0.02601
0.02885 -0.04319 0.10540 0.11750 0.59799 1.502 0.434 1247.320 0.02604
0.02888 -0.04324 0.10550 0.11762 0.59911 1.147 0.406 1247.350 0.02606
0.02891 -0.04328 0.10560 0.11773 0.60023 1.166 0.406 1247.380 0.02608
0.02893 -0.04332 0.10570 0.11784 0.60136 1.030 0.390 1247.410 0.02611
0.02896 -0.04336 0.10581 0.11796 0.60248 1.108 0.399 1247.440 0.02613
0.02899 -0.04340 0.10591 0.11807 0.60360 1.002 0.384 1247.469 0.02616
0.02902 -0.04344 0.10601 0.11818 0.60472 1.088 0.399 1247.499 0.02618
0.02905 -0.04349 0.10611 0.11830 0.60585 0.959 0.383 1247.529 0.02621
0.02907 -0.04353 0.10621 0.11841 0.60697 1.243 0.413 1247.559 0.02623
0.02910 -0.04357 0.10631 0.11852 0.60809 1.031 0.391 1247.589 0.02626
0.02913 -0.04361 0.10641 0.11864 0.60921 1.243 0.414 1247.619 0.02628
0.02916 -0.04365 0.10652 0.11875 0.61034 1.174 0.407 1247.649 0.02631
0.02918 -0.04369 0.10662 0.11886 0.61146 1.629 0.454 1247.679 0.02633
0.02921 -0.04374 0.10672 0.11897 0.61258 1.031 0.392 1247.708 0.02635
0.02924 -0.04378 0.10682 0.11909 0.61370 0.943 0.384 1247.738 0.02638
0.02927 -0.04382 0.10692 0.11920 0.61483 1.190 0.413 1247.768 0.02640
0.02930 -0.04386 0.10702 0.11931 0.61595 0.875 0.358 1247.798 0.02643
0.02932 -0.04390 0.10712 0.11943 0.61707 0.743 0.340 1247.828 0.02645
0.02935 -0.04394 0.10723 0.11954 0.61820 1.016 0.376 1247.858 0.02648
0.02938 -0.04398 0.10733 0.11965 0.61932 0.749 0.337 1247.888 0.02650
0.02941 -0.04403 0.10743 0.11977 0.62044 0.551 0.310 1247.918 0.02653
0.02943 -0.04407 0.10753 0.11988 0.62156 1.151 0.408 1247.947 0.02655
0.02946 -0.04411 0.10763 0.11999 0.62269 0.683 0.332 1247.977 0.02658
0.02949 -0.04415 0.10773 0.12011 0.62381 0.684 0.328 1248.007 0.02660
0.02952 -0.04419 0.10783 0.12022 0.62493 0.816 0.351 1248.037 0.02662
0.02955 -0.04423 0.10794 0.12033 0.62606 1.282 0.422 1248.067 0.02665
0.02957 -0.04428 0.10804 0.12045 0.62718 1.342 0.415 1248.097 0.02667
0.02960 -0.04432 0.10814 0.12056 0.62830 1.413 0.427 1248.127 0.02670
0.02963 -0.04436 0.10824 0.12067 0.62943 1.344 0.420 1248.157 0.02672
0.02966 -0.04440 0.10834 0.12078 0.63055 0.752 0.338 1248.187 0.02675
0.02968 -0.04444 0.10844 0.12090 0.63167 0.684 0.331 1248.216 0.02677
0.02971 -0.04448 0.10855 0.12101 0.63280 0.951 0.377 1248.246 0.02680
0.02974 -0.04453 0.10865 0.12112 0.63392 0.881 0.361 1248.276 0.02682
0.02977 -0.04457 0.10875 0.12124 0.63504 0.885 0.369 1248.306 0.02685
0.02980 -0.04461 0.10885 0.12135 0.63617 0.821 0.371 1248.336 0.02687
0.02982 -0.04465 0.10895 0.12146 0.63729 0.757 0.359 1248.366 0.02690
0.02985 -0.04469 0.10905 0.12158 0.63841 1.489 0.450 1248.396 0.02692
0.02988 -0.04473 0.10915 0.12169 0.63954 0.622 0.323 1248.426 0.02694
0.02991 -0.04478 0.10926 0.12180 0.64066 1.027 0.401 1248.455 0.02697
0.02993 -0.04482 0.10936 0.12192 0.64179 1.424 0.443 1248.485 0.02699
0.02996 -0.04486 0.10946 0.12203 0.64291 1.026 0.393 1248.515 0.02702
0.02999 -0.04490 0.10956 0.12214 0.64403 1.228 0.423 1248.545 0.02704
0.03002 -0.04494 0.10966 0.12226 0.64516 1.089 0.399 1248.575 0.02707
0.03005 -0.04498 0.10976 0.12237 0.64628 1.221 0.415 1248.605 0.02709
0.03007 -0.04503 0.10987 0.12248 0.64741 0.557 0.309 1248.635 0.02712
0.03010 -0.04507 0.10997 0.12260 0.64853 1.097 0.399 1248.665 0.02714
0.03013 -0.04511 0.11007 0.12271 0.64965 1.427 0.442 1248.694 0.02717
0.03016 -0.04515 0.11017 0.12282 0.65078 1.227 0.421 1248.724 0.02719
0.03019 -0.04519 0.11027 0.12294 0.65190 0.894 0.386 1248.754 0.02721
0.03021 -0.04523 0.11037 0.12305 0.65303 1.230 0.421 1248.784 0.02724
0.03024 -0.04527 0.11047 0.12316 0.65415 1.033 0.402 1248.814 0.02726
0.03027 -0.04532 0.11058 0.12328 0.65527 0.836 0.378 1248.844 0.02729
0.03030 -0.04536 0.11068 0.12339 0.65640 0.902 0.386 1248.874 0.02731
0.03032 -0.04540 0.11078 0.12350 0.65752 0.702 0.360 1248.904 0.02734
0.03035 -0.04544 0.11088 0.12362 0.65865 0.570 0.341 1248.933 0.02736
0.03038 -0.04548 0.11098 0.12373 0.65977 0.836 0.377 1248.963 0.02739
0.03041 -0.04552 0.11108 0.12384 0.66090 1.170 0.413 1248.993 0.02741
0.03044 -0.04557 0.11119 0.12396 0.66202 0.705 0.361 1249.023 0.02744
0.03046 -0.04561 0.11129 0.12407 0.66314 1.169 0.416 1249.053 0.02746
0.03049 -0.04565 0.11139 0.12418 0.66427 1.306 0.430 1249.083 0.02749
0.03052 -0.04569 0.11149 0.12430 0.66539 1.036 0.402 1249.113 0.02751
0.03055 -0.04573 0.11159 0.12441 0.66652 1.104 0.409 1249.143 0.02753
0.03057 -0.04577 0.11169 0.12452 0.66764 1.102 0.409 1249.173 0.02756
0.03060 -0.04582 0.11180 0.12464 0.66877 1.167 0.416 1249.202 0.02758
0.03063 -0.04586 0.11190 0.12475 0.66989 1.633 0.464 1249.232 0.02761
0.03066 -0.04590 0.11200 0.12486 0.67102 1.373 0.438 1249.262 0.02763
0.03069 -0.04594 0.11210 0.12498 0.67214 1.104 0.409 1249.292 0.02766
0.03071 -0.04598 0.11220 0.12509 0.67327 1.039 0.403 1249.322 0.02768
0.03074 -0.04602 0.11230 0.12520 0.67439 1.239 0.425 1249.352 0.02771
0.03077 -0.04607 0.11241 0.12532 0.67552 1.107 0.410 1249.382 0.02773
0.03080 -0.04611 0.11251 0.12543 0.67664 0.976 0.395 1249.412 0.02776
0.03082 -0.04615 0.11261 0.12554 0.67777 1.038 0.402 1249.441 0.02778
0.03085 -0.04619 0.11271 0.12566 0.67889 0.773 0.369 1249.471 0.02780
0.03088 -0.04623 0.11281 0.12577 0.68002 1.036 0.401 1249.501 0.02783
0.03091 -0.04627 0.11291 0.12588 0.68114 0.769 0.371 1249.531 0.02785
0.03094 -0.04632 0.11302 0.12600 0.68227 0.433 0.319 1249.561 0.02788
0.03096 -0.04636 0.11312 0.12611 0.68339 1.702 0.471 1249.591 0.02790
0.03099 -0.04640 0.11322 0.12622 0.68452 0.837 0.377 1249.621 0.02793
0.03102 -0.04644 0.11332 0.12634 0.68564 1.100 0.410 1249.651 0.02795
0.03105 -0.04648 0.11342 0.12645 0.68677 0.696 0.353 1249.680 0.02798
0.03108 -0.04652 0.11352 0.12656 0.68789 1.091 0.395 1249.710 0.02800
0.03110 -0.04657 0.11363 0.12668 0.68902 1.093 0.394 1249.740 0.02803
0.03113 -0.04661 0.11373 0.12679 0.69014 1.357 0.428 1249.770 0.02805
0.03116 -0.04665 0.11383 0.12690 0.69127 1.022 0.380 1249.800 0.02808
0.03119 -0.04669 0.11393 0.12702 0.69240 0.485 0.299 1249.830 0.02810
0.03121 -0.04673 0.11403 0.12713 0.69352 1.235 0.426 1249.860 0.02812
0.03124 -0.04677 0.11413 0.12724 0.69465 1.329 0.433 1249.890 0.02815
0.03127 -0.04682 0.11424 0.12736 0.69577 1.080 0.395 1249.919 0.02817
0.03130 -0.04686 0.11434 0.12747 0.69690 1.164 0.404 1249.949 0.02820
0.03133 -0.04690 0.11444 0.12758 0.69802 1.351 0.431 1249.979 0.02822
0.03135 -0.04694 0.11454 0.12770 0.69915 1.248 0.417 1250.009 0.02825
0.03138 -0.04698 0.11464 0.12781 0.70027 0.563 0.324 1250.039 0.02827
0.03141 -0.04702 0.11474 0.12792 0.70140 0.912 0.379 1250.069 0.02830
0.03144 -0.04707 0.11485 0.12804 0.70253 1.170 0.401 1250.099 0.02832
0.03147 -0.04711 0.11495 0.12815 0.70365 0.786 0.363 1250.129 0.02835
0.03149 -0.04715 0.11505 0.12826 0.70478 0.568 0.335 1250.158 0.02837
0.03152 -0.04719 0.11515 0.12838 0.70590 1.249 0.417 1250.188 0.02839
0.03155 -0.04723 0.11525 0.12849 0.70703 1.052 0.394 1250.218 0.02842
0.03158 -0.04727 0.11536 0.12860 0.70816 0.681 0.354 1250.248 0.02844
0.03160 -0.04732 0.11546 0.12872 0.70928 1.647 0.455 1250.278 0.02847
0.03163 -0.04736 0.11556 0.12883 0.71041 0.735 0.362 1250.308 0.02849
0.03166 -0.04740 0.11566 0.12894 0.71153 1.084 0.405 1250.338 0.02852
0.03169 -0.04744 0.11576 0.12906 0.71266 0.818 0.372 1250.368 0.02854
0.03172 -0.04748 0.11586 0.12917 0.71379 1.177 0.405 1250.398 0.02857
0.03174 -0.04753 0.11597 0.12928 0.71491 1.423 0.427 1250.427 0.02859
0.03177 -0.04757 0.11607 0.12940 0.71604 0.887 0.364 1250.457 0.02862
0.03180 -0.04761 0.11617 0.12951 0.71717 0.883 0.363 1250.487 0.02864
0.03183 -0.04765 0.11627 0.12962 0.71829 0.818 0.354 1250.517 0.02866
0.03186 -0.04769 0.11637 0.12974 0.71942 1.421 0.427 1250.547 0.02869
0.03188 -0.04773 0.11648 0.12985 0.72055 0.885 0.363 1250.577 0.02871
0.03191 -0.04778 0.11658 0.12997 0.72167 0.818 0.354 1250.607 0.02874
0.03194 -0.04782 0.11668 0.13008 0.72280 0.351 0.288 1250.637 0.02876
0.03197 -0.04786 0.11678 0.13019 0.72393 0.886 0.364 1250.666 0.02879
0.03199 -0.04790 0.11688 0.13031 0.72505 0.825 0.355 1250.696 0.02881
0.03202 -0.04794 0.11698 0.13042 0.72618 0.757 0.345 1250.726 0.02884
0.03205 -0.04798 0.11709 0.13053 0.72731 0.428 0.292 1250.756 0.02886
0.03208 -0.04803 0.11719 0.13065 0.72843 0.428 0.288 1250.786 0.02889
0.03211 -0.04807 0.11729 0.13076 0.72956 0.426 0.291 1250.816 0.02891
0.03213 -0.04811 0.11739 0.13087 0.73069 0.229 0.264 1250.846 0.02894
0.03216 -0.04815 0.11749 0.13099 0.73181 0.434 0.299 1250.876 0.02896
0.03219 -0.04819 0.11760 0.13110 0.73294 0.707 0.363 1250.905 0.02898
0.03222 -0.04823 0.11770 0.13121 0.73407 0.439 0.326 1250.935 0.02901
0.03225 -0.04828 0.11780 0.13133 0.73519 1.115 0.413 1250.965 0.02903
0.03227 -0.04832 0.11790 0.13144 0.73632 0.841 0.381 1250.995 0.02906
0.03230 -0.04836 0.11800 0.13155 0.73745 1.455 0.450 1251.025 0.02908
0.03233 -0.04840 0.11810 0.13167 0.73858 0.437 0.327 1251.055 0.02911
0.03236 -0.04844 0.11821 0.13178 0.73970 0.503 0.336 1251.085 0.02913
0.03238 -0.04849 0.11831 0.13190 0.74083 0.901 0.381 1251.115 0.02916
0.03241 -0.04853 0.11841 0.13201 0.74196 0.837 0.365 1251.144 0.02918
0.03244 -0.04857 0.11851 0.13212 0.74308 0.702 0.345 1251.174 0.02921
0.03247 -0.04861 0.11861 0.13224 0.74421 0.842 0.381 1251.204 0.02923
0.03250 -0.04865 0.11872 0.13235 0.74534 1.043 0.406 1251.234 0.02925
0.03252 -0.04869 0.11882 0.13246 0.74647 1.109 0.403 1251.264 0.02928
0.03255 -0.04874 0.11892 0.13258 0.74759 1.037 0.399 1251.294 0.02930
0.03258 -0.04878 0.11902 0.13269 0.74872 0.962 0.374 1251.324 0.02933
0.03261 -0.04882 0.11912 0.13280 0.74985 0.961 0.374 1251.354 0.02935
0.03264 -0.04886 0.11923 0.13292 0.75098 1.098 0.390 1251.384 0.02938
0.03266 -0.04890 0.11933 0.13303 0.75210 0.758 0.347 1251.413 0.02940
0.03269 -0.04894 0.11943 0.13315 0.75323 1.157 0.397 1251.443 0.02943
0.03272 -0.04899 0.11953 0.13326 0.75436 0.965 0.383 1251.473 0.02945
0.03275 -0.04903 0.11963 0.13337 0.75549 0.966 0.382 1251.503 0.02948
0.03278 -0.04907 0.11973 0.13349 0.75661 0.762 0.347 1251.533 0.02950
0.03280 -0.04911 0.11984 0.13360 0.75774 1.032 0.391 1251.563 0.02953
0.03283 -0.04915 0.11994 0.13371 0.75887 1.370 0.422 1251.593 0.02955
0.03286 -0.04920 0.12004 0.13383 0.76000 1.099 0.391 1251.623 0.02957
0.03289 -0.04924 0.12014 0.13394 0.76113 1.576 0.447 1251.652 0.02960
0.03291 -0.04928 0.12024 0.13405 0.76225 1.028 0.384 1251.682 0.02962
0.03294 -0.04932 0.12035 0.13417 0.76338 0.890 0.364 1251.712 0.02965
0.03297 -0.04936 0.12045 0.13428 0.76451 1.094 0.392 1251.742 0.02967
0.03300 -0.04940 0.12055 0.13439 0.76564 0.885 0.364 1251.772 0.02970
0.03303 -0.04945 0.12065 0.13451 0.76677 0.952 0.376 1251.802 0.02972
0.03305 -0.04949 0.12075 0.13462 0.76789 1.019 0.384 1251.832 0.02975
0.03308 -0.04953 0.12086 0.13474 0.76902 0.541 0.315 1251.862 0.02977
0.03311 -0.04957 0.12096 0.13485 0.77015 1.153 0.400 1251.891 0.02980
0.03314 -0.04961 0.12106 0.13496 0.77128 1.089 0.392 1251.921 0.02982
0.03317 -0.04965 0.12116 0.13508 0.77241 0.955 0.375 1251.951 0.02984
0.03319 -0.04970 0.12126 0.13519 0.77354 1.427 0.431 1251.981 0.02987
0.03322 -0.04974 0.12137 0.13530 0.77466 0.752 0.352 1252.011 0.02989
0.03325 -0.04978 0.12147 0.13542 0.77579 0.817 0.356 1252.041 0.02992
0.03328 -0.04982 0.12157 0.13553 0.77692 1.362 0.423 1252.071 0.02994
0.03331 -0.04986 0.12167 0.13565 0.77805 0.953 0.376 1252.101 0.02997
0.03333 -0.04991 0.12177 0.13576 0.77918 1.501 0.438 1252.130 0.02999
0.03336 -0.04995 0.12188 0.13587 0.78031 0.958 0.374 1252.160 0.03002
0.03339 -0.04999 0.12198 0.13599 0.78144 1.299 0.416 1252.190 0.03004
0.03342 -0.05003 0.12208 0.13610 0.78256 1.166 0.402 1252.220 0.03007
0.03345 -0.05007 0.12218 0.13621 0.78369 0.688 0.337 1252.250 0.03009
0.03347 -0.05011 0.12228 0.13633 0.78482 0.960 0.376 1252.280 0.03011
0.03350 -0.05016 0.12239 0.13644 0.78595 0.894 0.362 1252.310 0.03014
0.03353 -0.05020 0.12249 0.13656 0.78708 1.098 0.394 1252.340 0.03016
0.03356 -0.05024 0.12259 0.13667 0.78821 1.847 0.477 1252.370 0.03019
0.03358 -0.05028 0.12269 0.13678 0.78934 0.688 0.338 1252.399 0.03021
0.03361 -0.05032 0.12279 0.13690 0.79047 1.305 0.417 1252.429 0.03024
0.03364 -0.05037 0.12290 0.13701 0.79160 1.102 0.392 1252.459 0.03026
0.03367 -0.05041 0.12300 0.13712 0.79272 1.378 0.432 1252.489 0.03029
0.03370 -0.05045 0.12310 0.13724 0.79385 0.767 0.348 1252.519 0.03031
0.03372 -0.05049 0.12320 0.13735 0.79498 1.176 0.417 1252.549 0.03034
0.03375 -0.05053 0.12330 0.13747 0.79611 1.247 0.421 1252.579 0.03036
0.03378 -0.05057 0.12341 0.13758 0.79724 0.977 0.386 1252.609 0.03039
0.03381 -0.05062 0.12351 0.13769 0.79837 1.316 0.433 1252.638 0.03041
0.03384 -0.05066 0.12361 0.13781 0.79950 0.777 0.369 1252.668 0.03043
0.03386 -0.05070 0.12371 0.13792 0.80063 1.251 0.423 1252.698 0.03046
0.03389 -0.05074 0.12381 0.13803 0.80176 1.660 0.474 1252.728 0.03048
0.03392 -0.05078 0.12392 0.13815 0.80289 0.571 0.326 1252.758 0.03051
0.03395 -0.05083 0.12402 0.13826 0.80402 0.640 0.336 1252.788 0.03053
0.03398 -0.05087 0.12412 0.13838 0.80515 1.457 0.454 1252.818 0.03056
0.03400 -0.05091 0.12422 0.13849 0.80628 0.708 0.360 1252.848 0.03058
0.03403 -0.05095 0.12432 0.13860 0.80741 0.914 0.376 1252.877 0.03061
0.03406 -0.05099 0.12443 0.13872 0.80853 0.707 0.350 1252.907 0.03063
0.03409 -0.05103 0.12453 0.13883 0.80966 1.052 0.411 1252.937 0.03066
0.03412 -0.05108 0.12463 0.13894 0.81079 0.914 0.377 1252.967 0.03068
0.03414 -0.05112 0.12473 0.13906 0.81192 1.315 0.419 1252.997 0.03070
0.03417 -0.05116 0.12484 0.13917 0.81305 0.981 0.395 1253.027 0.03073
0.03420 -0.05120 0.12494 0.13929 0.81418 0.980 0.386 1253.057 0.03075
0.03423 -0.05124 0.12504 0.13940 0.81531 1.672 0.475 1253.087 0.03078
0.03426 -0.05129 0.12514 0.13951 0.81644 0.704 0.340 1253.116 0.03080
0.03428 -0.05133 0.12524 0.13963 0.81757 0.845 0.377 1253.146 0.03083
0.03431 -0.05137 0.12535 0.13974 0.81870 1.122 0.420 1253.176 0.03085
0.03434 -0.05141 0.12545 0.13986 0.81983 1.114 0.410 1253.206 0.03088
0.03437 -0.05145 0.12555 0.13997 0.82096 1.253 0.427 1253.236 0.03090
0.03440 -0.05149 0.12565 0.14008 0.82209 0.636 0.330 1253.266 0.03093
0.03442 -0.05154 0.12575 0.14020 0.82322 1.051 0.404 1253.296 0.03095
0.03445 -0.05158 0.12586 0.14031 0.82435 1.046 0.387 1253.326 0.03098
0.03448 -0.05162 0.12596 0.14042 0.82548 0.845 0.371 1253.356 0.03100
0.03451 -0.05166 0.12606 0.14054 0.82661 1.254 0.425 1253.385 0.03102
0.03453 -0.05170 0.12616 0.14065 0.82774 0.908 0.371 1253.415 0.03105
0.03456 -0.05175 0.12626 0.14077 0.82887 0.496 0.306 1253.445 0.03107
0.03459 -0.05179 0.12637 0.14088 0.83000 1.588 0.456 1253.475 0.03110
0.03462 -0.05183 0.12647 0.14099 0.83113 0.905 0.371 1253.505 0.03112
0.03465 -0.05187 0.12657 0.14111 0.83227 1.036 0.388 1253.535 0.03115
0.03467 -0.05191 0.12667 0.14122 0.83340 0.898 0.371 1253.565 0.03117
0.03470 -0.05196 0.12678 0.14134 0.83453 0.555 0.320 1253.595 0.03120
0.03473 -0.05200 0.12688 0.14145 0.83566 0.828 0.360 1253.624 0.03122
0.03476 -0.05204 0.12698 0.14156 0.83679 1.518 0.443 1253.654 0.03125
0.03479 -0.05208 0.12708 0.14168 0.83792 1.038 0.389 1253.684 0.03127
0.03481 -0.05212 0.12718 0.14179 0.83905 0.493 0.309 1253.714 0.03129
0.03484 -0.05216 0.12729 0.14190 0.84018 1.037 0.386 1253.744 0.03132
0.03487 -0.05221 0.12739 0.14202 0.84131 0.627 0.331 1253.774 0.03134
0.03490 -0.05225 0.12749 0.14213 0.84244 0.906 0.369 1253.804 0.03137
0.03493 -0.05229 0.12759 0.14225 0.84357 0.699 0.342 1253.834 0.03139
0.03495 -0.05233 0.12770 0.14236 0.84470 0.836 0.362 1253.863 0.03142
0.03498 -0.05237 0.12780 0.14247 0.84583 0.633 0.328 1253.893 0.03144
0.03501 -0.05242 0.12790 0.14259 0.84696 0.564 0.318 1253.923 0.03147
0.03504 -0.05246 0.12800 0.14270 0.84810 0.216 0.252 1253.953 0.03149
0.03507 -0.05250 0.12810 0.14282 0.84923 0.834 0.363 1253.983 0.03152
0.03509 -0.05254 0.12821 0.14293 0.85036 0.353 0.294 1254.013 0.03154
0.03512 -0.05258 0.12831 0.14304 0.85149 0.351 0.282 1254.043 0.03157
0.03515 -0.05263 0.12841 0.14316 0.85262 0.556 0.321 1254.073 0.03159
0.03518 -0.05267 0.12851 0.14327 0.85375 0.486 0.305 1254.102 0.03161
0.03521 -0.05271 0.12862 0.14339 0.85488 0.487 0.311 1254.132 0.03164
0.03523 -0.05275 0.12872 0.14350 0.85601 0.413 0.298 1254.162 0.03166
0.03526 -0.05279 0.12882 0.14361 0.85714 0.485 0.310 1254.192 0.03169
0.03529 -0.05283 0.12892 0.14373 0.85828 1.106 0.397 1254.222 0.03171
0.03532 -0.05288 0.12902 0.14384 0.85941 0.766 0.354 1254.252 0.03174
0.03535 -0.05292 0.12913 0.14396 0.86054 0.909 0.380 1254.282 0.03176
0.03537 -0.05296 0.12923 0.14407 0.86167 0.908 0.367 1254.312 0.03179
0.03540 -0.05300 0.12933 0.14418 0.86280 0.771 0.352 1254.342 0.03181
0.03543 -0.05304 0.12943 0.14430 0.86393 0.631 0.334 1254.371 0.03184
0.03546 -0.05309 0.12954 0.14441 0.86506 0.978 0.381 1254.401 0.03186
0.03549 -0.05313 0.12964 0.14453 0.86620 1.185 0.407 1254.431 0.03188
0.03551 -0.05317 0.12974 0.14464 0.86733 1.184 0.414 1254.461 0.03191
0.03554 -0.05321 0.12984 0.14475 0.86846 1.114 0.399 1254.491 0.03193
0.03557 -0.05325 0.12994 0.14487 0.86959 0.704 0.340 1254.521 0.03196
0.03560 -0.05330 0.13005 0.14498 0.87072 1.048 0.391 1254.551 0.03198
0.03563 -0.05334 0.13015 0.14510 0.87185 0.565 0.322 1254.581 0.03201
0.03565 -0.05338 0.13025 0.14521 0.87299 1.263 0.423 1254.610 0.03203
0.03568 -0.05342 0.13035 0.14532 0.87412 0.910 0.374 1254.640 0.03206
0.03571 -0.05346 0.13046 0.14544 0.87525 1.258 0.424 1254.670 0.03208
0.03574 -0.05351 0.13056 0.14555 0.87638 0.704 0.345 1254.700 0.03211
0.03577 -0.05355 0.13066 0.14567 0.87751 0.708 0.342 1254.730 0.03213
0.03579 -0.05359 0.13076 0.14578 0.87865 1.125 0.407 1254.760 0.03215
0.03582 -0.05363 0.13087 0.14589 0.87978 0.915 0.374 1254.790 0.03218
0.03585 -0.05367 0.13097 0.14601 0.88091 1.473 0.460 1254.820 0.03220
0.03588 -0.05372 0.13107 0.14612 0.88204 1.062 0.407 1254.849 0.03223
0.03591 -0.05376 0.13117 0.14624 0.88317 0.714 0.355 1254.879 0.03225
0.03593 -0.05380 0.13127 0.14635 0.88431 0.923 0.381 1254.909 0.03228
0.03596 -0.05384 0.13138 0.14646 0.88544 0.922 0.375 1254.939 0.03230
0.03599 -0.05388 0.13148 0.14658 0.88657 0.580 0.330 1254.969 0.03233
0.03602 -0.05392 0.13158 0.14669 0.88770 1.137 0.417 1254.999 0.03235
0.03605 -0.05397 0.13168 0.14681 0.88884 0.787 0.364 1255.029 0.03238
0.03607 -0.05401 0.13179 0.14692 0.88997 0.577 0.321 1255.059 0.03240
0.03610 -0.05405 0.13189 0.14704 0.89110 1.483 0.461 1255.088 0.03243
0.03613 -0.05409 0.13199 0.14715 0.89223 1.278 0.439 1255.118 0.03245
0.03616 -0.05413 0.13209 0.14726 0.89337 0.928 0.401 1255.148 0.03247
0.03619 -0.05418 0.13220 0.14738 0.89450 1.277 0.440 1255.178 0.03250
0.03621 -0.05422 0.13230 0.14749 0.89563 0.718 0.355 1255.208 0.03252
0.03624 -0.05426 0.13240 0.14761 0.89676 0.925 0.375 1255.238 0.03255
0.03627 -0.05430 0.13250 0.14772 0.89790 1.126 0.401 1255.268 0.03257
0.03630 -0.05434 0.13260 0.14783 0.89903 0.573 0.332 1255.298 0.03260
0.03633 -0.05439 0.13271 0.14795 0.90016 0.644 0.342 1255.328 0.03262
0.03635 -0.05443 0.13281 0.14806 0.90129 1.059 0.394 1255.357 0.03265
0.03638 -0.05447 0.13291 0.14818 0.90243 0.993 0.386 1255.387 0.03267
0.03641 -0.05451 0.13301 0.14829 0.90356 0.853 0.372 1255.417 0.03270
0.03644 -0.05455 0.13312 0.14840 0.90469 1.273 0.424 1255.447 0.03272
0.03647 -0.05460 0.13322 0.14852 0.90583 1.065 0.401 1255.477 0.03274
0.03649 -0.05464 0.13332 0.14863 0.90696 1.067 0.419 1255.507 0.03277
0.03652 -0.05468 0.13342 0.14875 0.90809 0.997 0.393 1255.537 0.03279
0.03655 -0.05472 0.13353 0.14886 0.90923 1.344 0.448 1255.567 0.03282
0.03658 -0.05476 0.13363 0.14898 0.91036 0.849 0.361 1255.596 0.03284
0.03661 -0.05481 0.13373 0.14909 0.91149 1.199 0.417 1255.626 0.03287
0.03663 -0.05485 0.13383 0.14920 0.91263 0.919 0.371 1255.656 0.03289
0.03666 -0.05489 0.13394 0.14932 0.91376 1.064 0.410 1255.686 0.03292
0.03669 -0.05493 0.13404 0.14943 0.91489 1.087 0.418 1255.716 0.03294
0.03672 -0.05497 0.13414 0.14955 0.91603 1.206 0.419 1255.746 0.03297
0.03675 -0.05502 0.13424 0.14966 0.91716 0.708 0.356 1255.776 0.03299
0.03677 -0.05506 0.13435 0.14977 0.91829 1.478 0.449 1255.806 0.03302
0.03680 -0.05510 0.13445 0.14989 0.91943 0.728 0.367 1255.835 0.03304
0.03683 -0.05514 0.13455 0.15000 0.92056 0.621 0.356 1255.865 0.03306
0.03686 -0.05518 0.13465 0.15012 0.92169 0.768 0.377 1255.895 0.03309
0.03689 -0.05523 0.13476 0.15023 0.92283 1.161 0.417 1255.925 0.03311
0.03692 -0.05527 0.13486 0.15035 0.92396 0.944 0.385 1255.955 0.03314
0.03694 -0.05531 0.13496 0.15046 0.92509 0.789 0.377 1255.985 0.03316
0.03697 -0.05535 0.13506 0.15057 0.92623 0.924 0.395 1256.015 0.03319
0.03700 -0.05539 0.13517 0.15069 0.92736 1.163 0.420 1256.045 0.03321
0.03703 -0.05544 0.13527 0.15080 0.92849 1.047 0.403 1256.074 0.03324
0.03706 -0.05548 0.13537 0.15092 0.92963 1.271 0.433 1256.104 0.03326
0.03708 -0.05552 0.13547 0.15103 0.93076 1.485 0.448 1256.134 0.03329
0.03711 -0.05556 0.13558 0.15115 0.93190 1.033 0.400 1256.164 0.03331
0.03714 -0.05560 0.13568 0.15126 0.93303 0.949 0.396 1256.194 0.03333
0.03717 -0.05565 0.13578 0.15137 0.93416 1.069 0.403 1256.224 0.03336
0.03720 -0.05569 0.13588 0.15149 0.93530 1.067 0.403 1256.254 0.03338
0.03722 -0.05573 0.13599 0.15160 0.93643 0.858 0.368 1256.284 0.03341
0.03725 -0.05577 0.13609 0.15172 0.93757 0.789 0.358 1256.314 0.03343
0.03728 -0.05581 0.13619 0.15183 0.93870 0.719 0.349 1256.343 0.03346
0.03731 -0.05586 0.13629 0.15195 0.93983 0.792 0.368 1256.373 0.03348
0.03734 -0.05590 0.13639 0.15206 0.94097 0.585 0.327 1256.403 0.03351
0.03736 -0.05594 0.13650 0.15217 0.94210 1.284 0.435 1256.433 0.03353
0.03739 -0.05598 0.13660 0.15229 0.94324 1.354 0.434 1256.463 0.03356
0.03742 -0.05602 0.13670 0.15240 0.94437 0.725 0.358 1256.493 0.03358
0.03745 -0.05607 0.13680 0.15252 0.94551 0.656 0.339 1256.523 0.03361
0.03748 -0.05611 0.13691 0.15263 0.94664 0.938 0.393 1256.553 0.03363
0.03750 -0.05615 0.13701 0.15275 0.94777 0.732 0.379 1256.582 0.03365
0.03753 -0.05619 0.13711 0.15286 0.94891 0.665 0.369 1256.612 0.03368
0.03756 -0.05623 0.13722 0.15297 0.95004 0.666 0.368 1256.642 0.03370
0.03759 -0.05628 0.13732 0.15309 0.95118 0.877 0.395 1256.672 0.03373
0.03762 -0.05632 0.13742 0.15320 0.95231 0.461 0.338 1256.702 0.03375
0.03764 -0.05636 0.13752 0.15332 0.95345 0.251 0.303 1256.732 0.03378
0.03767 -0.05640 0.13763 0.15343 0.95458 0.465 0.338 1256.762 0.03380
0.03770 -0.05644 0.13773 0.15355 0.95572 0.467 0.335 1256.792 0.03383
0.03773 -0.05649 0.13783 0.15366 0.95685 0.534 0.350 1256.821 0.03385
0.03776 -0.05653 0.13793 0.15377 0.95799 0.528 0.348 1256.851 0.03388
0.03778 -0.05657 0.13804 0.15389 0.95912 0.101 0.241 1256.881 0.03390
0.03781 -0.05661 0.13814 0.15400 0.96026 0.310 0.274 1256.911 0.03392
0.03784 -0.05665 0.13824 0.15412 0.96139 0.731 0.367 1256.941 0.03395
0.03787 -0.05670 0.13834 0.15423 0.96253 0.733 0.365 1256.971 0.03397
0.03790 -0.05674 0.13845 0.15435 0.96366 0.524 0.336 1257.001 0.03400
0.03793 -0.05678 0.13855 0.15446 0.96480 0.596 0.361 1257.031 0.03402
0.03795 -0.05682 0.13865 0.15457 0.96593 0.732 0.380 1257.060 0.03405
0.03798 -0.05686 0.13875 0.15469 0.96707 0.734 0.380 1257.090 0.03407
0.03801 -0.05691 0.13886 0.15480 0.96820 0.944 0.406 1257.120 0.03410
0.03804 -0.05695 0.13896 0.15492 0.96934 0.949 0.394 1257.150 0.03412
0.03807 -0.05699 0.13906 0.15503 0.97047 0.656 0.351 1257.180 0.03415
0.03809 -0.05703 0.13916 0.15515 0.97161 1.223 0.438 1257.210 0.03417
0.03812 -0.05707 0.13927 0.15526 0.97274 0.518 0.317 1257.240 0.03419
0.03815 -0.05712 0.13937 0.15537 0.97388 0.944 0.397 1257.270 0.03422
0.03818 -0.05716 0.13947 0.15549 0.97501 1.225 0.431 1257.300 0.03424
0.03821 -0.05720 0.13957 0.15560 0.97615 0.943 0.397 1257.329 0.03427
0.03823 -0.05724 0.13968 0.15572 0.97728 1.439 0.453 1257.359 0.03429
0.03826 -0.05728 0.13978 0.15583 0.97842 1.370 0.455 1257.389 0.03432
0.03829 -0.05733 0.13988 0.15595 0.97955 0.515 0.312 1257.419 0.03434
0.03832 -0.05737 0.13998 0.15606 0.98069 1.222 0.440 1257.449 0.03437
0.03835 -0.05741 0.14009 0.15618 0.98183 1.149 0.424 1257.479 0.03439
0.03837 -0.05745 0.14019 0.15629 0.98296 1.291 0.440 1257.509 0.03442
0.03840 -0.05749 0.14029 0.15640 0.98410 1.070 0.398 1257.539 0.03444
0.03843 -0.05754 0.14040 0.15652 0.98523 1.286 0.432 1257.568 0.03447
0.03846 -0.05758 0.14050 0.15663 0.98637 1.281 0.428 1257.598 0.03449
0.03849 -0.05762 0.14060 0.15675 0.98750 1.276 0.424 1257.628 0.03451
0.03852 -0.05766 0.14070 0.15686 0.98864 1.063 0.400 1257.658 0.03454
0.03854 -0.05770 0.14081 0.15698 0.98978 1.132 0.408 1257.688 0.03456
0.03857 -0.05775 0.14091 0.15709 0.99091 1.056 0.399 1257.718 0.03459
0.03860 -0.05779 0.14101 0.15721 0.99205 0.980 0.391 1257.748 0.03461
0.03863 -0.05783 0.14111 0.15732 0.99318 1.188 0.414 1257.778 0.03464
0.03866 -0.05787 0.14122 0.15743 0.99432 1.120 0.407 1257.807 0.03466
0.03868 -0.05792 0.14132 0.15755 0.99546 1.330 0.432 1257.837 0.03469
0.03871 -0.05796 0.14142 0.15766 0.99659 0.626 0.341 1257.867 0.03471
0.03874 -0.05800 0.14152 0.15778 0.99773 0.770 0.363 1257.897 0.03474
0.03877 -0.05804 0.14163 0.15789 0.99886 0.649 0.483 1257.927 0.03476
0.03880 -0.05808 0.14173 0.15801 1.00000 0.777 0.361 1257.957 0.03478
