x y z dist_scaled dist_frac flux_norm sig_norm wavelength redshift
0.02992 0.01924 0.04487 0.05726 0.00000 1.012 0.461 1231.245 0.01281
0.02998 0.01927 0.04495 0.05737 0.00110 0.760 0.422 1231.275 0.01284
0.03004 0.01931 0.04504 0.05748 0.00220 0.188 0.323 1231.305 0.01286
0.03010 0.01935 0.04513 0.05759 0.00330 0.027 0.279 1231.335 0.01289
0.03015 0.01938 0.04521 0.05770 0.00440 0.345 0.349 1231.365 0.01291
0.03021 0.01942 0.04530 0.05781 0.00550 -0.053 0.252 1231.395 0.01293
0.03027 0.01946 0.04539 0.05792 0.00661 0.104 0.294 1231.425 0.01296
0.03033 0.01950 0.04548 0.05803 0.00771 0.099 0.289 1231.454 0.01298
0.03039 0.01953 0.04556 0.05814 0.00881 0.483 0.363 1231.484 0.01301
0.03044 0.01957 0.04565 0.05826 0.00991 1.170 0.459 1231.514 0.01303
0.03050 0.01961 0.04574 0.05837 0.01101 0.858 0.417 1231.544 0.01306
0.03056 0.01964 0.04582 0.05848 0.01211 1.078 0.443 1231.574 0.01308
0.03062 0.01968 0.04591 0.05859 0.01321 0.994 0.431 1231.604 0.01311
0.03068 0.01972 0.04600 0.05870 0.01431 1.286 0.464 1231.634 0.01313
0.03073 0.01976 0.04608 0.05881 0.01541 1.204 0.452 1231.664 0.01316
0.03079 0.01979 0.04617 0.05892 0.01652 1.559 0.488 1231.693 0.01318
0.03085 0.01983 0.04626 0.05903 0.01762 0.890 0.411 1231.723 0.01321
0.03091 0.01987 0.04635 0.05914 0.01872 1.104 0.434 1231.753 0.01323
0.03097 0.01991 0.04643 0.05925 0.01982 1.313 0.455 1231.783 0.01325
0.03102 0.01994 0.04652 0.05936 0.02092 1.445 0.469 1231.813 0.01328
0.03108 0.01998 0.04661 0.05948 0.02202 1.083 0.426 1231.843 0.01330
0.03114 0.02002 0.04669 0.05959 0.02312 1.779 0.498 1231.873 0.01333
0.03120 0.02005 0.04678 0.05970 0.02423 1.208 0.433 1231.903 0.01335
0.03126 0.02009 0.04687 0.05981 0.02533 0.780 0.382 1231.932 0.01338
0.03131 0.02013 0.04695 0.05992 0.02643 1.122 0.423 1231.962 0.01340
0.03137 0.02017 0.04704 0.06003 0.02753 1.665 0.479 1231.992 0.01343
0.03143 0.02020 0.04713 0.06014 0.02863 1.721 0.483 1232.022 0.01345
0.03149 0.02024 0.04721 0.06025 0.02973 1.439 0.451 1232.052 0.01348
0.03155 0.02028 0.04730 0.06036 0.03084 0.958 0.398 1232.082 0.01350
0.03160 0.02032 0.04739 0.06047 0.03194 1.015 0.403 1232.112 0.01352
0.03166 0.02035 0.04748 0.06059 0.03304 0.810 0.376 1232.142 0.01355
0.03172 0.02039 0.04756 0.06070 0.03414 0.610 0.346 1232.171 0.01357
0.03178 0.02043 0.04765 0.06081 0.03524 0.477 0.325 1232.201 0.01360
0.03184 0.02047 0.04774 0.06092 0.03635 0.212 0.274 1232.231 0.01362
0.03189 0.02050 0.04782 0.06103 0.03745 0.081 0.245 1232.261 0.01365
0.03195 0.02054 0.04791 0.06114 0.03855 0.731 0.349 1232.291 0.01367
0.03201 0.02058 0.04800 0.06125 0.03965 1.178 0.409 1232.321 0.01370
0.03207 0.02061 0.04808 0.06136 0.04075 1.944 0.483 1232.351 0.01372
0.03213 0.02065 0.04817 0.06147 0.04186 0.913 0.374 1232.381 0.01375
0.03218 0.02069 0.04826 0.06159 0.04296 1.355 0.422 1232.411 0.01377
0.03224 0.02073 0.04835 0.06170 0.04406 1.093 0.394 1232.440 0.01380
0.03230 0.02076 0.04843 0.06181 0.04516 0.965 0.377 1232.470 0.01382
0.03236 0.02080 0.04852 0.06192 0.04627 0.899 0.366 1232.500 0.01384
0.03242 0.02084 0.04861 0.06203 0.04737 0.895 0.366 1232.530 0.01387
0.03247 0.02088 0.04869 0.06214 0.04847 0.642 0.327 1232.560 0.01389
0.03253 0.02091 0.04878 0.06225 0.04957 0.761 0.345 1232.590 0.01392
0.03259 0.02095 0.04887 0.06236 0.05068 0.452 0.301 1232.620 0.01394
0.03265 0.02099 0.04896 0.06247 0.05178 0.510 0.308 1232.650 0.01397
0.03271 0.02102 0.04904 0.06258 0.05288 0.509 0.306 1232.679 0.01399
0.03276 0.02106 0.04913 0.06270 0.05398 0.326 0.277 1232.709 0.01402
0.03282 0.02110 0.04922 0.06281 0.05509 0.564 0.314 1232.739 0.01404
0.03288 0.02114 0.04930 0.06292 0.05619 0.263 0.264 1232.769 0.01407
0.03294 0.02117 0.04939 0.06303 0.05729 0.261 0.262 1232.799 0.01409
0.03300 0.02121 0.04948 0.06314 0.05840 0.082 0.223 1232.829 0.01411
0.03305 0.02125 0.04956 0.06325 0.05950 0.082 0.222 1232.859 0.01414
0.03311 0.02129 0.04965 0.06336 0.06060 0.196 0.247 1232.889 0.01416
0.03317 0.02132 0.04974 0.06347 0.06170 0.253 0.255 1232.918 0.01419
0.03323 0.02136 0.04983 0.06358 0.06281 0.196 0.243 1232.948 0.01421
0.03329 0.02140 0.04991 0.06370 0.06391 0.193 0.242 1232.978 0.01424
0.03334 0.02144 0.05000 0.06381 0.06501 0.714 0.325 1233.008 0.01426
0.03340 0.02147 0.05009 0.06392 0.06612 0.768 0.330 1233.038 0.01429
0.03346 0.02151 0.05017 0.06403 0.06722 1.225 0.381 1233.068 0.01431
0.03352 0.02155 0.05026 0.06414 0.06832 1.503 0.407 1233.098 0.01434
0.03358 0.02158 0.05035 0.06425 0.06943 0.815 0.333 1233.128 0.01436
0.03364 0.02162 0.05044 0.06436 0.07053 0.926 0.346 1233.157 0.01439
0.03369 0.02166 0.05052 0.06447 0.07163 1.143 0.367 1233.187 0.01441
0.03375 0.02170 0.05061 0.06459 0.07274 1.252 0.377 1233.217 0.01443
0.03381 0.02173 0.05070 0.06470 0.07384 0.519 0.291 1233.247 0.01446
0.03387 0.02177 0.05078 0.06481 0.07494 0.910 0.339 1233.277 0.01448
0.03393 0.02181 0.05087 0.06492 0.07605 0.461 0.281 1233.307 0.01451
0.03398 0.02185 0.05096 0.06503 0.07715 0.514 0.288 1233.337 0.01453
0.03404 0.02188 0.05105 0.06514 0.07825 0.291 0.250 1233.367 0.01456
0.03410 0.02192 0.05113 0.06525 0.07936 0.125 0.217 1233.397 0.01458
0.03416 0.02196 0.05122 0.06536 0.08046 0.070 0.203 1233.426 0.01461
0.03422 0.02200 0.05131 0.06547 0.08156 0.069 0.202 1233.456 0.01463
0.03427 0.02203 0.05139 0.06559 0.08267 0.015 0.189 1233.486 0.01466
0.03433 0.02207 0.05148 0.06570 0.08377 0.069 0.200 1233.516 0.01468
0.03439 0.02211 0.05157 0.06581 0.08488 0.015 0.187 1233.546 0.01470
0.03445 0.02215 0.05166 0.06592 0.08598 0.015 0.186 1233.576 0.01473
0.03451 0.02218 0.05174 0.06603 0.08708 0.228 0.232 1233.606 0.01475
0.03456 0.02222 0.05183 0.06614 0.08819 0.067 0.199 1233.636 0.01478
0.03462 0.02226 0.05192 0.06625 0.08929 0.121 0.210 1233.665 0.01480
0.03468 0.02229 0.05200 0.06636 0.09040 0.121 0.209 1233.695 0.01483
0.03474 0.02233 0.05209 0.06648 0.09150 0.017 0.183 1233.725 0.01485
0.03480 0.02237 0.05218 0.06659 0.09260 -0.036 0.167 1233.755 0.01488
0.03486 0.02241 0.05227 0.06670 0.09371 0.069 0.196 1233.785 0.01490
0.03491 0.02244 0.05235 0.06681 0.09481 -0.033 0.166 1233.815 0.01493
0.03497 0.02248 0.05244 0.06692 0.09592 0.122 0.205 1233.845 0.01495
0.03503 0.02252 0.05253 0.06703 0.09702 0.123 0.206 1233.875 0.01497
0.03509 0.02256 0.05261 0.06714 0.09813 0.123 0.206 1233.904 0.01500
0.03515 0.02259 0.05270 0.06725 0.09923 0.790 0.307 1233.934 0.01502
0.03520 0.02263 0.05279 0.06737 0.10033 1.246 0.355 1233.964 0.01505
0.03526 0.02267 0.05288 0.06748 0.10144 1.139 0.343 1233.994 0.01507
0.03532 0.02271 0.05296 0.06759 0.10254 0.931 0.320 1234.024 0.01510
0.03538 0.02274 0.05305 0.06770 0.10365 0.980 0.326 1234.054 0.01512
0.03544 0.02278 0.05314 0.06781 0.10475 1.281 0.356 1234.084 0.01515
0.03549 0.02282 0.05322 0.06792 0.10586 1.121 0.339 1234.114 0.01517
0.03555 0.02286 0.05331 0.06803 0.10696 0.621 0.282 1234.143 0.01520
0.03561 0.02289 0.05340 0.06814 0.10807 0.566 0.274 1234.173 0.01522
0.03567 0.02293 0.05349 0.06826 0.10917 0.319 0.236 1234.203 0.01525
0.03573 0.02297 0.05357 0.06837 0.11028 0.237 0.217 1234.233 0.01527
0.03579 0.02300 0.05366 0.06848 0.11138 0.186 0.208 1234.263 0.01529
0.03584 0.02304 0.05375 0.06859 0.11248 0.232 0.216 1234.293 0.01532
0.03590 0.02308 0.05384 0.06870 0.11359 0.456 0.248 1234.323 0.01534
0.03596 0.02312 0.05392 0.06881 0.11469 0.868 0.302 1234.353 0.01537
0.03602 0.02315 0.05401 0.06892 0.11580 0.980 0.314 1234.383 0.01539
0.03608 0.02319 0.05410 0.06904 0.11690 1.510 0.364 1234.412 0.01542
0.03613 0.02323 0.05418 0.06915 0.11801 1.494 0.364 1234.442 0.01544
0.03619 0.02327 0.05427 0.06926 0.11911 1.416 0.359 1234.472 0.01547
0.03625 0.02330 0.05436 0.06937 0.12022 1.115 0.331 1234.502 0.01549
0.03631 0.02334 0.05445 0.06948 0.12132 0.984 0.315 1234.532 0.01552
0.03637 0.02338 0.05453 0.06959 0.12243 1.319 0.347 1234.562 0.01554
0.03643 0.02342 0.05462 0.06970 0.12354 1.037 0.312 1234.592 0.01556
0.03648 0.02345 0.05471 0.06981 0.12464 1.061 0.317 1234.622 0.01559
0.03654 0.02349 0.05479 0.06993 0.12575 1.231 0.329 1234.651 0.01561
0.03660 0.02353 0.05488 0.07004 0.12685 0.535 0.253 1234.681 0.01564
0.03666 0.02357 0.05497 0.07015 0.12796 0.444 0.239 1234.711 0.01566
0.03672 0.02360 0.05506 0.07026 0.12906 0.326 0.224 1234.741 0.01569
0.03677 0.02364 0.05514 0.07037 0.13017 0.227 0.206 1234.771 0.01571
0.03683 0.02368 0.05523 0.07048 0.13127 0.120 0.184 1234.801 0.01574
0.03689 0.02372 0.05532 0.07059 0.13238 0.304 0.220 1234.831 0.01576
0.03695 0.02375 0.05541 0.07071 0.13348 0.024 0.163 1234.861 0.01579
0.03701 0.02379 0.05549 0.07082 0.13459 0.211 0.205 1234.890 0.01581
0.03707 0.02383 0.05558 0.07093 0.13570 0.165 0.195 1234.920 0.01584
0.03712 0.02387 0.05567 0.07104 0.13680 0.025 0.162 1234.950 0.01586
0.03718 0.02390 0.05575 0.07115 0.13791 0.072 0.173 1234.980 0.01588
0.03724 0.02394 0.05584 0.07126 0.13901 0.164 0.192 1235.010 0.01591
0.03730 0.02398 0.05593 0.07137 0.14012 0.255 0.211 1235.040 0.01593
0.03736 0.02401 0.05602 0.07149 0.14122 0.118 0.182 1235.070 0.01596
0.03742 0.02405 0.05610 0.07160 0.14233 0.164 0.192 1235.100 0.01598
0.03747 0.02409 0.05619 0.07171 0.14344 0.117 0.182 1235.129 0.01601
0.03753 0.02413 0.05628 0.07182 0.14454 0.070 0.171 1235.159 0.01603
0.03759 0.02416 0.05637 0.07193 0.14565 0.296 0.213 1235.189 0.01606
0.03765 0.02420 0.05645 0.07204 0.14675 0.340 0.221 1235.219 0.01608
0.03771 0.02424 0.05654 0.07215 0.14786 0.538 0.248 1235.249 0.01611
0.03776 0.02428 0.05663 0.07227 0.14897 0.353 0.221 1235.279 0.01613
0.03782 0.02431 0.05672 0.07238 0.15007 0.747 0.274 1235.309 0.01615
0.03788 0.02435 0.05680 0.07249 0.15118 0.867 0.284 1235.339 0.01618
0.03794 0.02439 0.05689 0.07260 0.15228 0.979 0.297 1235.369 0.01620
0.03800 0.02443 0.05698 0.07271 0.15339 1.026 0.302 1235.398 0.01623
0.03806 0.02446 0.05706 0.07282 0.15450 0.901 0.287 1235.428 0.01625
0.03811 0.02450 0.05715 0.07293 0.15560 0.920 0.291 1235.458 0.01628
0.03817 0.02454 0.05724 0.07305 0.15671 1.098 0.308 1235.488 0.01630
0.03823 0.02458 0.05733 0.07316 0.15782 0.691 0.260 1235.518 0.01633
0.03829 0.02461 0.05741 0.07327 0.15892 1.436 0.335 1235.548 0.01635
0.03835 0.02465 0.05750 0.07338 0.16003 1.584 0.348 1235.578 0.01638
0.03841 0.02469 0.05759 0.07349 0.16114 1.615 0.352 1235.608 0.01640
0.03846 0.02473 0.05768 0.07360 0.16224 1.069 0.305 1235.637 0.01643
0.03852 0.02476 0.05776 0.07371 0.16335 1.185 0.313 1235.667 0.01645
0.03858 0.02480 0.05785 0.07383 0.16446 1.262 0.319 1235.697 0.01647
0.03864 0.02484 0.05794 0.07394 0.16556 1.492 0.338 1235.727 0.01650
0.03870 0.02488 0.05803 0.07405 0.16667 0.963 0.289 1235.757 0.01652
0.03876 0.02491 0.05811 0.07416 0.16778 0.968 0.293 1235.787 0.01655
0.03881 0.02495 0.05820 0.07427 0.16888 1.529 0.343 1235.817 0.01657
0.03887 0.02499 0.05829 0.07438 0.16999 1.223 0.317 1235.847 0.01660
0.03893 0.02503 0.05838 0.07450 0.17110 0.750 0.268 1235.876 0.01662
0.03899 0.02506 0.05846 0.07461 0.17220 0.961 0.290 1235.906 0.01665
0.03905 0.02510 0.05855 0.07472 0.17331 1.474 0.337 1235.936 0.01667
0.03910 0.02514 0.05864 0.07483 0.17442 1.342 0.325 1235.966 0.01670
0.03916 0.02518 0.05872 0.07494 0.17553 0.784 0.271 1235.996 0.01672
0.03922 0.02521 0.05881 0.07505 0.17663 1.251 0.317 1236.026 0.01674
0.03928 0.02525 0.05890 0.07516 0.17774 1.206 0.312 1236.056 0.01677
0.03934 0.02529 0.05899 0.07528 0.17885 1.076 0.300 1236.086 0.01679
0.03940 0.02533 0.05907 0.07539 0.17995 1.413 0.330 1236.115 0.01682
0.03945 0.02536 0.05916 0.07550 0.18106 1.072 0.299 1236.145 0.01684
0.03951 0.02540 0.05925 0.07561 0.18217 1.194 0.310 1236.175 0.01687
0.03957 0.02544 0.05934 0.07572 0.18328 0.858 0.277 1236.205 0.01689
0.03963 0.02548 0.05942 0.07583 0.18438 1.317 0.320 1236.235 0.01692
0.03969 0.02551 0.05951 0.07595 0.18549 1.489 0.413 1236.265 0.01694
0.03975 0.02555 0.05960 0.07606 0.18660 1.186 0.308 1236.295 0.01697
0.03980 0.02559 0.05969 0.07617 0.18771 1.268 0.315 1236.325 0.01699
0.03986 0.02563 0.05977 0.07628 0.18881 1.097 0.299 1236.355 0.01701
0.03992 0.02566 0.05986 0.07639 0.18992 1.219 0.310 1236.384 0.01704
0.03998 0.02570 0.05995 0.07650 0.19103 1.217 0.309 1236.414 0.01706
0.04004 0.02574 0.06004 0.07661 0.19214 1.254 0.313 1236.444 0.01709
0.04010 0.02578 0.06012 0.07673 0.19324 1.044 0.293 1236.474 0.01711
0.04015 0.02581 0.06021 0.07684 0.19435 0.836 0.272 1236.504 0.01714
0.04021 0.02585 0.06030 0.07695 0.19546 1.086 0.296 1236.534 0.01716
0.04027 0.02589 0.06039 0.07706 0.19657 1.498 0.331 1236.564 0.01719
0.04033 0.02593 0.06047 0.07717 0.19768 1.455 0.327 1236.594 0.01721
0.04039 0.02596 0.06056 0.07728 0.19878 1.162 0.302 1236.623 0.01724
0.04045 0.02600 0.06065 0.07740 0.19989 1.241 0.309 1236.653 0.01726
0.04050 0.02604 0.06074 0.07751 0.20100 0.831 0.268 1236.683 0.01729
0.04056 0.02608 0.06082 0.07762 0.20211 1.034 0.289 1236.713 0.01731
0.04062 0.02611 0.06091 0.07773 0.20322 0.787 0.263 1236.743 0.01733
0.04068 0.02615 0.06100 0.07784 0.20432 0.621 0.245 1236.773 0.01736
0.04074 0.02619 0.06109 0.07795 0.20543 0.783 0.263 1236.803 0.01738
0.04080 0.02623 0.06117 0.07807 0.20654 0.416 0.218 1236.833 0.01741
0.04085 0.02626 0.06126 0.07818 0.20765 0.375 0.212 1236.862 0.01743
0.04091 0.02630 0.06135 0.07829 0.20876 0.375 0.210 1236.892 0.01746
0.04097 0.02634 0.06144 0.07840 0.20987 0.456 0.221 1236.922 0.01748
0.04103 0.02638 0.06152 0.07851 0.21097 0.375 0.211 1236.952 0.01751
0.04109 0.02641 0.06161 0.07862 0.21208 0.051 0.150 1236.982 0.01753
0.04115 0.02645 0.06170 0.07874 0.21319 0.171 0.173 1237.012 0.01756
0.04120 0.02649 0.06179 0.07885 0.21430 0.050 0.151 1237.042 0.01758
0.04126 0.02653 0.06187 0.07896 0.21541 0.050 0.150 1237.072 0.01760
0.04132 0.02656 0.06196 0.07907 0.21652 0.010 0.140 1237.101 0.01763
0.04138 0.02660 0.06205 0.07918 0.21762 0.091 0.159 1237.131 0.01765
0.04144 0.02664 0.06214 0.07929 0.21873 0.130 0.167 1237.161 0.01768
0.04150 0.02668 0.06222 0.07941 0.21984 0.208 0.183 1237.191 0.01770
0.04155 0.02671 0.06231 0.07952 0.22095 0.765 0.258 1237.221 0.01773
0.04161 0.02675 0.06240 0.07963 0.22206 0.565 0.234 1237.251 0.01775
0.04167 0.02679 0.06249 0.07974 0.22317 1.081 0.289 1237.281 0.01778
0.04173 0.02683 0.06257 0.07985 0.22428 0.763 0.256 1237.311 0.01780
0.04179 0.02686 0.06266 0.07996 0.22539 0.959 0.277 1237.341 0.01783
0.04185 0.02690 0.06275 0.08008 0.22650 1.036 0.284 1237.370 0.01785
0.04191 0.02694 0.06284 0.08019 0.22760 1.076 0.287 1237.400 0.01788
0.04196 0.02698 0.06292 0.08030 0.22871 0.719 0.251 1237.430 0.01790
0.04202 0.02701 0.06301 0.08041 0.22982 0.877 0.267 1237.460 0.01792
0.04208 0.02705 0.06310 0.08052 0.23093 0.835 0.263 1237.490 0.01795
0.04214 0.02709 0.06319 0.08064 0.23204 0.716 0.249 1237.520 0.01797
0.04220 0.02713 0.06327 0.08075 0.23315 0.714 0.248 1237.550 0.01800
0.04226 0.02716 0.06336 0.08086 0.23426 0.752 0.253 1237.580 0.01802
0.04231 0.02720 0.06345 0.08097 0.23537 0.909 0.269 1237.609 0.01805
0.04237 0.02724 0.06354 0.08108 0.23648 0.949 0.273 1237.639 0.01807
0.04243 0.02728 0.06362 0.08119 0.23759 0.752 0.253 1237.669 0.01810
0.04249 0.02731 0.06371 0.08131 0.23870 0.751 0.251 1237.699 0.01812
0.04255 0.02735 0.06380 0.08142 0.23981 0.673 0.242 1237.729 0.01815
0.04261 0.02739 0.06389 0.08153 0.24092 0.595 0.234 1237.759 0.01817
0.04266 0.02743 0.06397 0.08164 0.24202 0.128 0.164 1237.789 0.01819
0.04272 0.02746 0.06406 0.08175 0.24313 0.204 0.175 1237.819 0.01822
0.04278 0.02750 0.06415 0.08186 0.24424 0.009 0.136 1237.848 0.01824
0.04284 0.02754 0.06424 0.08198 0.24535 0.202 0.177 1237.878 0.01827
0.04290 0.02758 0.06433 0.08209 0.24646 0.124 0.163 1237.908 0.01829
0.04296 0.02761 0.06441 0.08220 0.24757 0.163 0.169 1237.938 0.01832
0.04301 0.02765 0.06450 0.08231 0.24868 0.045 0.144 1237.968 0.01834
0.04307 0.02769 0.06459 0.08242 0.24979 0.470 0.217 1237.998 0.01837
0.04313 0.02773 0.06468 0.08254 0.25090 0.815 0.257 1238.028 0.01839
0.04319 0.02776 0.06476 0.08265 0.25201 0.931 0.268 1238.058 0.01842
0.04325 0.02780 0.06485 0.08276 0.25312 1.007 0.275 1238.087 0.01844
0.04331 0.02784 0.06494 0.08287 0.25423 1.045 0.278 1238.117 0.01847
0.04337 0.02788 0.06503 0.08298 0.25534 0.507 0.220 1238.147 0.01849
0.04342 0.02791 0.06511 0.08309 0.25645 1.005 0.275 1238.177 0.01851
0.04348 0.02795 0.06520 0.08321 0.25756 1.195 0.291 1238.207 0.01854
0.04354 0.02799 0.06529 0.08332 0.25867 1.080 0.280 1238.237 0.01856
0.04360 0.02803 0.06538 0.08343 0.25978 0.966 0.270 1238.267 0.01859
0.04366 0.02807 0.06546 0.08354 0.26089 0.927 0.266 1238.297 0.01861
0.04372 0.02810 0.06555 0.08365 0.26200 1.232 0.293 1238.327 0.01864
0.04377 0.02814 0.06564 0.08377 0.26311 0.888 0.260 1238.356 0.01866
0.04383 0.02818 0.06573 0.08388 0.26422 1.460 0.311 1238.386 0.01869
0.04389 0.02822 0.06582 0.08399 0.26533 1.230 0.292 1238.416 0.01871
0.04395 0.02825 0.06590 0.08410 0.26644 1.154 0.286 1238.446 0.01874
0.04401 0.02829 0.06599 0.08421 0.26755 0.927 0.265 1238.476 0.01876
0.04407 0.02833 0.06608 0.08432 0.26866 1.040 0.274 1238.506 0.01878
0.04413 0.02837 0.06617 0.08444 0.26978 1.000 0.271 1238.536 0.01881
0.04418 0.02840 0.06625 0.08455 0.27089 0.583 0.227 1238.566 0.01883
0.04424 0.02844 0.06634 0.08466 0.27200 0.811 0.252 1238.595 0.01886
0.04430 0.02848 0.06643 0.08477 0.27311 1.148 0.283 1238.625 0.01888
0.04436 0.02852 0.06652 0.08488 0.27422 0.695 0.240 1238.655 0.01891
0.04442 0.02855 0.06660 0.08500 0.27533 1.036 0.273 1238.685 0.01893
0.04448 0.02859 0.06669 0.08511 0.27644 0.807 0.251 1238.715 0.01896
0.04453 0.02863 0.06678 0.08522 0.27755 0.355 0.196 1238.745 0.01898
0.04459 0.02867 0.06687 0.08533 0.27866 0.280 0.185 1238.775 0.01901
0.04465 0.02870 0.06695 0.08544 0.27977 0.206 0.172 1238.805 0.01903
0.04471 0.02874 0.06704 0.08556 0.28088 0.281 0.185 1238.834 0.01905
0.04477 0.02878 0.06713 0.08567 0.28199 0.094 0.150 1238.864 0.01908
0.04483 0.02882 0.06722 0.08578 0.28310 0.056 0.140 1238.894 0.01910
0.04489 0.02885 0.06731 0.08589 0.28422 0.204 0.171 1238.924 0.01913
0.04494 0.02889 0.06739 0.08600 0.28533 0.167 0.165 1238.954 0.01915
0.04500 0.02893 0.06748 0.08612 0.28644 0.392 0.200 1238.984 0.01918
0.04506 0.02897 0.06757 0.08623 0.28755 0.803 0.247 1239.014 0.01920
0.04512 0.02901 0.06766 0.08634 0.28866 0.691 0.237 1239.044 0.01923
0.04518 0.02904 0.06774 0.08645 0.28977 0.764 0.244 1239.073 0.01925
0.04524 0.02908 0.06783 0.08656 0.29088 0.949 0.263 1239.103 0.01928
0.04530 0.02912 0.06792 0.08668 0.29199 1.504 0.310 1239.133 0.01930
0.04535 0.02916 0.06801 0.08679 0.29310 1.245 0.288 1239.163 0.01933
0.04541 0.02919 0.06810 0.08690 0.29422 1.282 0.292 1239.193 0.01935
0.04547 0.02923 0.06818 0.08701 0.29533 0.984 0.266 1239.223 0.01937
0.04553 0.02927 0.06827 0.08712 0.29644 0.797 0.247 1239.253 0.01940
0.04559 0.02931 0.06836 0.08724 0.29755 0.531 0.263 1239.283 0.01942
0.04565 0.02934 0.06845 0.08735 0.29866 0.833 0.251 1239.313 0.01945
0.04570 0.02938 0.06853 0.08746 0.29977 1.350 0.297 1239.342 0.01947
0.04576 0.02942 0.06862 0.08757 0.30089 0.793 0.246 1239.372 0.01950
0.04582 0.02946 0.06871 0.08768 0.30200 0.904 0.257 1239.402 0.01952
0.04588 0.02949 0.06880 0.08780 0.30311 0.829 0.249 1239.432 0.01955
0.04594 0.02953 0.06889 0.08791 0.30422 1.455 0.305 1239.462 0.01957
0.04600 0.02957 0.06897 0.08802 0.30533 0.937 0.261 1239.492 0.01960
0.04606 0.02961 0.06906 0.08813 0.30644 0.863 0.253 1239.522 0.01962
0.04611 0.02964 0.06915 0.08824 0.30756 1.193 0.283 1239.552 0.01964
0.04617 0.02968 0.06924 0.08836 0.30867 1.412 0.301 1239.581 0.01967
0.04623 0.02972 0.06932 0.08847 0.30978 1.080 0.273 1239.611 0.01969
0.04629 0.02976 0.06941 0.08858 0.31089 0.933 0.260 1239.641 0.01972
0.04635 0.02980 0.06950 0.08869 0.31200 0.933 0.259 1239.671 0.01974
0.04641 0.02983 0.06959 0.08880 0.31312 0.711 0.237 1239.701 0.01977
0.04647 0.02987 0.06968 0.08892 0.31423 0.564 0.220 1239.731 0.01979
0.04652 0.02991 0.06976 0.08903 0.31534 0.197 0.168 1239.761 0.01982
0.04658 0.02995 0.06985 0.08914 0.31645 0.454 0.206 1239.791 0.01984
0.04664 0.02998 0.06994 0.08925 0.31756 0.160 0.159 1239.820 0.01987
0.04670 0.03002 0.07003 0.08936 0.31868 0.087 0.145 1239.850 0.01989
0.04676 0.03006 0.07011 0.08948 0.31979 0.195 0.168 1239.880 0.01992
0.04682 0.03010 0.07020 0.08959 0.32090 0.598 0.224 1239.910 0.01994
0.04688 0.03013 0.07029 0.08970 0.32201 0.489 0.209 1239.940 0.01996
0.04693 0.03017 0.07038 0.08981 0.32313 0.741 0.240 1239.970 0.01999
0.04699 0.03021 0.07047 0.08992 0.32424 0.923 0.257 1240.000 0.02001
0.04705 0.03025 0.07055 0.09004 0.32535 0.740 0.238 1240.030 0.02004
0.04711 0.03028 0.07064 0.09015 0.32646 0.703 0.235 1240.059 0.02006
0.04717 0.03032 0.07073 0.09026 0.32758 0.522 0.214 1240.089 0.02009
0.04723 0.03036 0.07082 0.09037 0.32869 0.597 0.223 1240.119 0.02011
0.04729 0.03040 0.07090 0.09048 0.32980 0.341 0.190 1240.149 0.02014
0.04734 0.03044 0.07099 0.09060 0.33091 0.740 0.239 1240.179 0.02016
0.04740 0.03047 0.07108 0.09071 0.33203 0.558 0.217 1240.209 0.02019
0.04746 0.03051 0.07117 0.09082 0.33314 0.885 0.253 1240.239 0.02021
0.04752 0.03055 0.07126 0.09093 0.33425 1.138 0.275 1240.269 0.02023
0.04758 0.03059 0.07134 0.09105 0.33537 1.175 0.277 1240.299 0.02026
0.04764 0.03062 0.07143 0.09116 0.33648 1.245 0.285 1240.328 0.02028
0.04770 0.03066 0.07152 0.09127 0.33759 0.953 0.260 1240.358 0.02031
0.04775 0.03070 0.07161 0.09138 0.33870 1.098 0.272 1240.388 0.02033
0.04781 0.03074 0.07170 0.09149 0.33982 1.060 0.269 1240.418 0.02036
0.04787 0.03077 0.07178 0.09161 0.34093 0.915 0.254 1240.448 0.02038
0.04793 0.03081 0.07187 0.09172 0.34204 0.951 0.258 1240.478 0.02041
0.04799 0.03085 0.07196 0.09183 0.34316 0.913 0.255 1240.508 0.02043
0.04805 0.03089 0.07205 0.09194 0.34427 1.058 0.268 1240.538 0.02046
0.04811 0.03092 0.07213 0.09205 0.34538 1.094 0.272 1240.567 0.02048
0.04816 0.03096 0.07222 0.09217 0.34650 0.734 0.236 1240.597 0.02050
0.04822 0.03100 0.07231 0.09228 0.34761 1.165 0.277 1240.627 0.02053
0.04828 0.03104 0.07240 0.09239 0.34872 0.913 0.255 1240.657 0.02055
0.04834 0.03108 0.07249 0.09250 0.34984 0.840 0.247 1240.687 0.02058
0.04840 0.03111 0.07257 0.09262 0.35095 1.129 0.274 1240.717 0.02060
0.04846 0.03115 0.07266 0.09273 0.35206 1.020 0.264 1240.747 0.02063
0.04852 0.03119 0.07275 0.09284 0.35318 0.730 0.236 1240.777 0.02065
0.04858 0.03123 0.07284 0.09295 0.35429 1.125 0.274 1240.806 0.02068
0.04863 0.03126 0.07293 0.09306 0.35540 0.910 0.254 1240.836 0.02070
0.04869 0.03130 0.07301 0.09318 0.35652 0.839 0.247 1240.866 0.02073
0.04875 0.03134 0.07310 0.09329 0.35763 0.767 0.240 1240.896 0.02075
0.04881 0.03138 0.07319 0.09340 0.35874 1.233 0.283 1240.926 0.02078
0.04887 0.03141 0.07328 0.09351 0.35986 0.733 0.235 1240.956 0.02080
0.04893 0.03145 0.07337 0.09362 0.36097 1.524 0.304 1240.986 0.02082
0.04899 0.03149 0.07345 0.09374 0.36209 1.056 0.267 1241.016 0.02085
0.04904 0.03153 0.07354 0.09385 0.36320 0.805 0.242 1241.045 0.02087
0.04910 0.03157 0.07363 0.09396 0.36431 1.378 0.293 1241.075 0.02090
0.04916 0.03160 0.07372 0.09407 0.36543 1.090 0.269 1241.105 0.02092
0.04922 0.03164 0.07381 0.09419 0.36654 1.125 0.273 1241.135 0.02095
0.04928 0.03168 0.07389 0.09430 0.36766 0.587 0.219 1241.165 0.02097
0.04934 0.03172 0.07398 0.09441 0.36877 0.945 0.256 1241.195 0.02100
0.04940 0.03175 0.07407 0.09452 0.36988 1.017 0.263 1241.225 0.02102
0.04945 0.03179 0.07416 0.09463 0.37100 1.087 0.268 1241.255 0.02105
0.04951 0.03183 0.07425 0.09475 0.37211 0.979 0.259 1241.285 0.02107
0.04957 0.03187 0.07433 0.09486 0.37323 0.834 0.245 1241.314 0.02109
0.04963 0.03190 0.07442 0.09497 0.37434 1.084 0.269 1241.344 0.02112
0.04969 0.03194 0.07451 0.09508 0.37545 0.478 0.204 1241.374 0.02114
0.04975 0.03198 0.07460 0.09520 0.37657 0.514 0.210 1241.404 0.02117
0.04981 0.03202 0.07468 0.09531 0.37768 0.370 0.191 1241.434 0.02119
0.04987 0.03206 0.07477 0.09542 0.37880 0.264 0.176 1241.464 0.02122
0.04992 0.03209 0.07486 0.09553 0.37991 0.122 0.147 1241.494 0.02124
0.04998 0.03213 0.07495 0.09565 0.38103 0.479 0.206 1241.524 0.02127
0.05004 0.03217 0.07504 0.09576 0.38214 0.336 0.183 1241.553 0.02129
0.05010 0.03221 0.07512 0.09587 0.38326 0.584 0.218 1241.583 0.02132
0.05016 0.03224 0.07521 0.09598 0.38437 1.118 0.270 1241.613 0.02134
0.05022 0.03228 0.07530 0.09609 0.38549 0.691 0.230 1241.643 0.02137
0.05028 0.03232 0.07539 0.09621 0.38660 0.904 0.251 1241.673 0.02139
0.05033 0.03236 0.07548 0.09632 0.38771 1.117 0.271 1241.703 0.02141
0.05039 0.03240 0.07556 0.09643 0.38883 0.796 0.241 1241.733 0.02144
0.05045 0.03243 0.07565 0.09654 0.38994 0.830 0.244 1241.763 0.02146
0.05051 0.03247 0.07574 0.09666 0.39106 1.079 0.268 1241.792 0.02149
0.05057 0.03251 0.07583 0.09677 0.39217 0.794 0.240 1241.822 0.02151
0.05063 0.03255 0.07592 0.09688 0.39329 0.829 0.244 1241.852 0.02154
0.05069 0.03258 0.07601 0.09699 0.39440 0.544 0.213 1241.882 0.02156
0.05075 0.03262 0.07609 0.09711 0.39552 0.935 0.255 1241.912 0.02159
0.05080 0.03266 0.07618 0.09722 0.39663 1.005 0.261 1241.942 0.02161
0.05086 0.03270 0.07627 0.09733 0.39775 0.685 0.230 1241.972 0.02164
0.05092 0.03273 0.07636 0.09744 0.39886 0.471 0.205 1242.002 0.02166
0.05098 0.03277 0.07645 0.09755 0.39998 0.363 0.190 1242.031 0.02168
0.05104 0.03281 0.07653 0.09767 0.40109 0.470 0.205 1242.061 0.02171
0.05110 0.03285 0.07662 0.09778 0.40221 0.292 0.180 1242.091 0.02173
0.05116 0.03289 0.07671 0.09789 0.40332 0.364 0.191 1242.121 0.02176
0.05122 0.03292 0.07680 0.09800 0.40444 0.471 0.204 1242.151 0.02178
0.05127 0.03296 0.07689 0.09812 0.40556 0.719 0.233 1242.181 0.02181
0.05133 0.03300 0.07697 0.09823 0.40667 0.647 0.225 1242.211 0.02183
0.05139 0.03304 0.07706 0.09834 0.40779 1.249 0.282 1242.241 0.02186
0.05145 0.03307 0.07715 0.09845 0.40890 0.859 0.247 1242.271 0.02188
0.05151 0.03311 0.07724 0.09857 0.41002 0.789 0.240 1242.300 0.02191
0.05157 0.03315 0.07733 0.09868 0.41113 0.967 0.257 1242.330 0.02193
0.05163 0.03319 0.07741 0.09879 0.41225 1.074 0.267 1242.360 0.02196
0.05169 0.03323 0.07750 0.09890 0.41336 1.110 0.269 1242.390 0.02198
0.05174 0.03326 0.07759 0.09902 0.41448 1.001 0.260 1242.420 0.02200
0.05180 0.03330 0.07768 0.09913 0.41560 1.179 0.276 1242.450 0.02203
0.05186 0.03334 0.07777 0.09924 0.41671 1.109 0.269 1242.480 0.02205
0.05192 0.03338 0.07785 0.09935 0.41783 1.001 0.260 1242.510 0.02208
0.05198 0.03341 0.07794 0.09947 0.41894 0.895 0.250 1242.539 0.02210
0.05204 0.03345 0.07803 0.09958 0.42006 0.930 0.253 1242.569 0.02213
0.05210 0.03349 0.07812 0.09969 0.42117 0.894 0.250 1242.599 0.02215
0.05216 0.03353 0.07821 0.09980 0.42229 1.000 0.260 1242.629 0.02218
0.05221 0.03357 0.07829 0.09992 0.42341 0.947 0.253 1242.659 0.02220
0.05227 0.03360 0.07838 0.10003 0.42452 1.102 0.267 1242.689 0.02223
0.05233 0.03364 0.07847 0.10014 0.42564 0.958 0.253 1242.719 0.02225
0.05239 0.03368 0.07856 0.10025 0.42675 0.315 0.180 1242.749 0.02227
0.05245 0.03372 0.07865 0.10036 0.42787 0.566 0.208 1242.778 0.02230
0.05251 0.03375 0.07874 0.10048 0.42899 0.361 0.185 1242.808 0.02232
0.05257 0.03379 0.07882 0.10059 0.43010 0.216 0.162 1242.838 0.02235
0.05263 0.03383 0.07891 0.10070 0.43122 0.357 0.185 1242.868 0.02237
0.05268 0.03387 0.07900 0.10081 0.43234 0.403 0.189 1242.898 0.02240
0.05274 0.03391 0.07909 0.10093 0.43345 0.524 0.204 1242.928 0.02242
0.05280 0.03394 0.07918 0.10104 0.43457 0.706 0.225 1242.958 0.02245
0.05286 0.03398 0.07926 0.10115 0.43569 0.775 0.232 1242.988 0.02247
0.05292 0.03402 0.07935 0.10126 0.43680 1.062 0.263 1243.017 0.02250
0.05298 0.03406 0.07944 0.10138 0.43792 0.897 0.247 1243.047 0.02252
0.05304 0.03409 0.07953 0.10149 0.43903 0.663 0.223 1243.077 0.02254
0.05310 0.03413 0.07962 0.10160 0.44015 0.767 0.233 1243.107 0.02257
0.05315 0.03417 0.07970 0.10171 0.44127 1.075 0.266 1243.137 0.02259
0.05321 0.03421 0.07979 0.10183 0.44238 1.459 0.297 1243.167 0.02262
0.05327 0.03425 0.07988 0.10194 0.44350 0.823 0.243 1243.197 0.02264
0.05333 0.03428 0.07997 0.10205 0.44462 0.823 0.243 1243.227 0.02267
0.05339 0.03432 0.08006 0.10216 0.44574 1.389 0.292 1243.257 0.02269
0.05345 0.03436 0.08015 0.10228 0.44685 1.107 0.269 1243.286 0.02272
0.05351 0.03440 0.08023 0.10239 0.44797 1.142 0.272 1243.316 0.02274
0.05357 0.03443 0.08032 0.10250 0.44909 1.035 0.263 1243.346 0.02277
0.05362 0.03447 0.08041 0.10261 0.45020 1.319 0.287 1243.376 0.02279
0.05368 0.03451 0.08050 0.10273 0.45132 1.178 0.275 1243.406 0.02282
0.05374 0.03455 0.08059 0.10284 0.45244 1.638 0.310 1243.436 0.02284
0.05380 0.03459 0.08067 0.10295 0.45355 0.825 0.242 1243.466 0.02286
0.05386 0.03462 0.08076 0.10307 0.45467 1.178 0.275 1243.496 0.02289
0.05392 0.03466 0.08085 0.10318 0.45579 1.249 0.281 1243.525 0.02291
0.05398 0.03470 0.08094 0.10329 0.45691 0.860 0.246 1243.555 0.02294
0.05404 0.03474 0.08103 0.10340 0.45802 0.931 0.253 1243.585 0.02296
0.05410 0.03478 0.08112 0.10352 0.45914 0.755 0.235 1243.615 0.02299
0.05415 0.03481 0.08120 0.10363 0.46026 1.001 0.260 1243.645 0.02301
0.05421 0.03485 0.08129 0.10374 0.46137 0.834 0.243 1243.675 0.02304
0.05427 0.03489 0.08138 0.10385 0.46249 0.757 0.231 1243.705 0.02306
0.05433 0.03493 0.08147 0.10397 0.46361 0.830 0.238 1243.735 0.02309
0.05439 0.03496 0.08156 0.10408 0.46473 1.245 0.275 1243.764 0.02311
0.05445 0.03500 0.08165 0.10419 0.46584 0.896 0.246 1243.794 0.02313
0.05451 0.03504 0.08173 0.10430 0.46696 1.519 0.300 1243.824 0.02316
0.05457 0.03508 0.08182 0.10442 0.46808 1.346 0.286 1243.854 0.02318
0.05462 0.03512 0.08191 0.10453 0.46920 1.085 0.263 1243.884 0.02321
0.05468 0.03515 0.08200 0.10464 0.47031 0.794 0.235 1243.914 0.02323
0.05474 0.03519 0.08209 0.10475 0.47143 1.072 0.263 1243.944 0.02326
0.05480 0.03523 0.08217 0.10487 0.47255 1.233 0.278 1243.974 0.02328
0.05486 0.03527 0.08226 0.10498 0.47367 0.723 0.229 1244.003 0.02331
0.05492 0.03530 0.08235 0.10509 0.47479 1.288 0.284 1244.033 0.02333
0.05498 0.03534 0.08244 0.10520 0.47590 1.061 0.262 1244.063 0.02336
0.05504 0.03538 0.08253 0.10532 0.47702 0.781 0.236 1244.093 0.02338
0.05510 0.03542 0.08262 0.10543 0.47814 0.992 0.256 1244.123 0.02341
0.05515 0.03546 0.08270 0.10554 0.47926 0.886 0.243 1244.153 0.02343
0.05521 0.03549 0.08279 0.10565 0.48038 0.606 0.217 1244.183 0.02345
0.05527 0.03553 0.08288 0.10577 0.48149 0.892 0.247 1244.213 0.02348
0.05533 0.03557 0.08297 0.10588 0.48261 1.314 0.284 1244.243 0.02350
0.05539 0.03561 0.08306 0.10599 0.48373 1.109 0.269 1244.272 0.02353
0.05545 0.03565 0.08315 0.10611 0.48485 1.074 0.266 1244.302 0.02355
0.05551 0.03568 0.08323 0.10622 0.48597 1.179 0.275 1244.332 0.02358
0.05557 0.03572 0.08332 0.10633 0.48708 0.896 0.250 1244.362 0.02360
0.05563 0.03576 0.08341 0.10644 0.48820 1.319 0.287 1244.392 0.02363
0.05568 0.03580 0.08350 0.10656 0.48932 0.895 0.250 1244.422 0.02365
0.05574 0.03583 0.08359 0.10667 0.49044 1.142 0.272 1244.452 0.02368
0.05580 0.03587 0.08368 0.10678 0.49156 1.001 0.260 1244.482 0.02370
0.05586 0.03591 0.08376 0.10689 0.49268 1.320 0.287 1244.511 0.02372
0.05592 0.03595 0.08385 0.10701 0.49379 0.896 0.250 1244.541 0.02375
0.05598 0.03599 0.08394 0.10712 0.49491 1.002 0.260 1244.571 0.02377
0.05604 0.03602 0.08403 0.10723 0.49603 0.932 0.253 1244.601 0.02380
0.05610 0.03606 0.08412 0.10734 0.49715 1.039 0.263 1244.631 0.02382
0.05616 0.03610 0.08421 0.10746 0.49827 1.073 0.267 1244.661 0.02385
0.05621 0.03614 0.08429 0.10757 0.49939 0.967 0.256 1244.691 0.02387
0.05627 0.03618 0.08438 0.10768 0.50051 1.002 0.259 1244.721 0.02390
0.05633 0.03621 0.08447 0.10780 0.50163 0.790 0.240 1244.750 0.02392
0.05639 0.03625 0.08456 0.10791 0.50274 0.931 0.254 1244.780 0.02395
0.05645 0.03629 0.08465 0.10802 0.50386 1.073 0.267 1244.810 0.02397
0.05651 0.03633 0.08474 0.10813 0.50498 1.003 0.260 1244.840 0.02400
0.05657 0.03636 0.08482 0.10825 0.50610 0.685 0.229 1244.870 0.02402
0.05663 0.03640 0.08491 0.10836 0.50722 0.791 0.240 1244.900 0.02404
0.05669 0.03644 0.08500 0.10847 0.50834 1.358 0.290 1244.930 0.02407
0.05674 0.03648 0.08509 0.10858 0.50946 0.863 0.247 1244.960 0.02409
0.05680 0.03652 0.08518 0.10870 0.51058 0.969 0.257 1244.989 0.02412
0.05686 0.03655 0.08527 0.10881 0.51170 0.792 0.240 1245.019 0.02414
0.05692 0.03659 0.08535 0.10892 0.51282 0.721 0.233 1245.049 0.02417
0.05698 0.03663 0.08544 0.10904 0.51393 0.367 0.190 1245.079 0.02419
0.05704 0.03667 0.08553 0.10915 0.51505 0.296 0.177 1245.109 0.02422
0.05710 0.03671 0.08562 0.10926 0.51617 0.475 0.204 1245.139 0.02424
0.05716 0.03674 0.08571 0.10937 0.51729 0.511 0.207 1245.169 0.02427
0.05722 0.03678 0.08580 0.10949 0.51841 0.511 0.207 1245.199 0.02429
0.05728 0.03682 0.08588 0.10960 0.51953 0.440 0.199 1245.229 0.02431
0.05733 0.03686 0.08597 0.10971 0.52065 0.866 0.248 1245.258 0.02434
0.05739 0.03689 0.08606 0.10983 0.52177 1.043 0.264 1245.288 0.02436
0.05745 0.03693 0.08615 0.10994 0.52289 0.723 0.233 1245.318 0.02439
0.05751 0.03697 0.08624 0.11005 0.52401 0.760 0.236 1245.348 0.02441
0.05757 0.03701 0.08633 0.11016 0.52513 1.010 0.261 1245.378 0.02444
0.05763 0.03705 0.08641 0.11028 0.52625 1.222 0.279 1245.408 0.02446
0.05769 0.03708 0.08650 0.11039 0.52737 0.865 0.247 1245.438 0.02449
0.05775 0.03712 0.08659 0.11050 0.52849 1.080 0.267 1245.468 0.02451
0.05781 0.03716 0.08668 0.11061 0.52961 1.080 0.267 1245.497 0.02454
0.05786 0.03720 0.08677 0.11073 0.53073 0.796 0.239 1245.527 0.02456
0.05792 0.03724 0.08686 0.11084 0.53185 0.938 0.255 1245.557 0.02458
0.05798 0.03727 0.08694 0.11095 0.53297 1.400 0.294 1245.587 0.02461
0.05804 0.03731 0.08703 0.11107 0.53409 1.293 0.285 1245.617 0.02463
0.05810 0.03735 0.08712 0.11118 0.53521 0.867 0.248 1245.647 0.02466
0.05816 0.03739 0.08721 0.11129 0.53633 0.582 0.218 1245.677 0.02468
0.05822 0.03743 0.08730 0.11140 0.53745 1.259 0.283 1245.707 0.02471
0.05828 0.03746 0.08739 0.11152 0.53857 0.655 0.226 1245.736 0.02473
0.05834 0.03750 0.08748 0.11163 0.53969 1.223 0.280 1245.766 0.02476
0.05840 0.03754 0.08756 0.11174 0.54081 1.009 0.262 1245.796 0.02478
0.05845 0.03758 0.08765 0.11186 0.54193 1.223 0.280 1245.826 0.02481
0.05851 0.03762 0.08774 0.11197 0.54305 1.008 0.262 1245.856 0.02483
0.05857 0.03765 0.08783 0.11208 0.54417 1.435 0.297 1245.886 0.02486
0.05863 0.03769 0.08792 0.11219 0.54529 0.937 0.255 1245.916 0.02488
0.05869 0.03773 0.08801 0.11231 0.54641 0.723 0.234 1245.946 0.02490
0.05875 0.03777 0.08809 0.11242 0.54753 0.972 0.258 1245.975 0.02493
0.05881 0.03780 0.08818 0.11253 0.54865 0.759 0.237 1246.005 0.02495
0.05887 0.03784 0.08827 0.11265 0.54977 1.187 0.277 1246.035 0.02498
0.05893 0.03788 0.08836 0.11276 0.55089 1.294 0.286 1246.065 0.02500
0.05899 0.03792 0.08845 0.11287 0.55201 1.009 0.261 1246.095 0.02503
0.05904 0.03796 0.08854 0.11299 0.55313 0.902 0.252 1246.125 0.02505
0.05910 0.03799 0.08862 0.11310 0.55425 1.258 0.284 1246.155 0.02508
0.05916 0.03803 0.08871 0.11321 0.55537 0.794 0.241 1246.185 0.02510
0.05922 0.03807 0.08880 0.11332 0.55649 1.114 0.272 1246.215 0.02513
0.05928 0.03811 0.08889 0.11344 0.55762 0.971 0.259 1246.244 0.02515
0.05934 0.03815 0.08898 0.11355 0.55874 1.184 0.277 1246.274 0.02517
0.05940 0.03818 0.08907 0.11366 0.55986 1.220 0.280 1246.304 0.02520
0.05946 0.03822 0.08916 0.11378 0.56098 1.184 0.278 1246.334 0.02522
0.05952 0.03826 0.08924 0.11389 0.56210 1.113 0.272 1246.364 0.02525
0.05958 0.03830 0.08933 0.11400 0.56322 0.828 0.245 1246.394 0.02527
0.05963 0.03834 0.08942 0.11411 0.56434 1.080 0.268 1246.424 0.02530
0.05969 0.03837 0.08951 0.11423 0.56546 1.222 0.281 1246.454 0.02532
0.05975 0.03841 0.08960 0.11434 0.56658 0.905 0.328 1246.483 0.02535
0.05981 0.03845 0.08969 0.11445 0.56770 1.080 0.269 1246.513 0.02537
0.05987 0.03849 0.08978 0.11457 0.56883 0.937 0.256 1246.543 0.02540
0.05993 0.03853 0.08986 0.11468 0.56995 1.045 0.266 1246.573 0.02542
0.05999 0.03856 0.08995 0.11479 0.57107 1.188 0.278 1246.603 0.02545
0.06005 0.03860 0.09004 0.11490 0.57219 1.225 0.282 1246.633 0.02547
0.06011 0.03864 0.09013 0.11502 0.57331 1.154 0.275 1246.663 0.02549
0.06017 0.03868 0.09022 0.11513 0.57443 0.939 0.256 1246.693 0.02552
0.06022 0.03872 0.09031 0.11524 0.57555 0.903 0.253 1246.722 0.02554
0.06028 0.03875 0.09040 0.11536 0.57667 1.083 0.269 1246.752 0.02557
0.06034 0.03879 0.09048 0.11547 0.57780 1.084 0.269 1246.782 0.02559
0.06040 0.03883 0.09057 0.11558 0.57892 1.012 0.263 1246.812 0.02562
0.06046 0.03887 0.09066 0.11570 0.58004 1.156 0.276 1246.842 0.02564
0.06052 0.03891 0.09075 0.11581 0.58116 0.728 0.235 1246.872 0.02567
0.06058 0.03894 0.09084 0.11592 0.58228 0.442 0.202 1246.902 0.02569
0.06064 0.03898 0.09093 0.11603 0.58340 1.051 0.267 1246.932 0.02572
0.06070 0.03902 0.09101 0.11615 0.58453 1.051 0.266 1246.961 0.02574
0.06076 0.03906 0.09110 0.11626 0.58565 0.694 0.232 1246.991 0.02576
0.06082 0.03909 0.09119 0.11637 0.58677 1.017 0.263 1247.021 0.02579
0.06087 0.03913 0.09128 0.11649 0.58789 1.088 0.270 1247.051 0.02581
0.06093 0.03917 0.09137 0.11660 0.58901 0.946 0.257 1247.081 0.02584
0.06099 0.03921 0.09146 0.11671 0.59013 0.766 0.240 1247.111 0.02586
0.06105 0.03925 0.09155 0.11683 0.59126 1.052 0.267 1247.141 0.02589
0.06111 0.03928 0.09163 0.11694 0.59238 0.945 0.257 1247.171 0.02591
0.06117 0.03932 0.09172 0.11705 0.59350 0.980 0.261 1247.201 0.02594
0.06123 0.03936 0.09181 0.11717 0.59462 1.413 0.297 1247.230 0.02596
0.06129 0.03940 0.09190 0.11728 0.59575 1.234 0.283 1247.260 0.02599
0.06135 0.03944 0.09199 0.11739 0.59687 0.875 0.250 1247.290 0.02601
0.06141 0.03947 0.09208 0.11750 0.59799 0.875 0.251 1247.320 0.02604
0.06147 0.03951 0.09217 0.11762 0.59911 1.199 0.280 1247.350 0.02606
0.06152 0.03955 0.09226 0.11773 0.60023 1.198 0.280 1247.380 0.02608
0.06158 0.03959 0.09234 0.11784 0.60136 1.055 0.268 1247.410 0.02611
0.06164 0.03963 0.09243 0.11796 0.60248 0.695 0.273 1247.440 0.02613
0.06170 0.03966 0.09252 0.11807 0.60360 0.839 0.247 1247.469 0.02616
0.06176 0.03970 0.09261 0.11818 0.60472 0.731 0.235 1247.499 0.02618
0.06182 0.03974 0.09270 0.11830 0.60585 1.056 0.268 1247.529 0.02621
0.06188 0.03978 0.09279 0.11841 0.60697 0.949 0.258 1247.559 0.02623
0.06194 0.03982 0.09288 0.11852 0.60809 1.598 0.310 1247.589 0.02626
0.06200 0.03985 0.09296 0.11864 0.60921 1.058 0.268 1247.619 0.02628
0.06206 0.03989 0.09305 0.11875 0.61034 0.878 0.251 1247.649 0.02631
0.06212 0.03993 0.09314 0.11886 0.61146 1.598 0.311 1247.679 0.02633
0.06217 0.03997 0.09323 0.11897 0.61258 0.733 0.237 1247.708 0.02635
0.06223 0.04001 0.09332 0.11909 0.61370 1.094 0.271 1247.738 0.02638
0.06229 0.04004 0.09341 0.11920 0.61483 1.058 0.268 1247.768 0.02640
0.06235 0.04008 0.09350 0.11931 0.61595 0.806 0.244 1247.798 0.02643
0.06241 0.04012 0.09358 0.11943 0.61707 0.950 0.258 1247.828 0.02645
0.06247 0.04016 0.09367 0.11954 0.61820 1.023 0.265 1247.858 0.02648
0.06253 0.04020 0.09376 0.11965 0.61932 1.022 0.265 1247.888 0.02650
0.06259 0.04023 0.09385 0.11977 0.62044 1.275 0.286 1247.918 0.02653
0.06265 0.04027 0.09394 0.11988 0.62156 0.915 0.255 1247.947 0.02655
0.06271 0.04031 0.09403 0.11999 0.62269 0.843 0.248 1247.977 0.02658
0.06277 0.04035 0.09412 0.12011 0.62381 1.204 0.281 1248.007 0.02660
0.06282 0.04039 0.09421 0.12022 0.62493 1.059 0.268 1248.037 0.02662
0.06288 0.04042 0.09429 0.12033 0.62606 1.060 0.268 1248.067 0.02665
0.06294 0.04046 0.09438 0.12045 0.62718 0.952 0.259 1248.097 0.02667
0.06300 0.04050 0.09447 0.12056 0.62830 1.207 0.281 1248.127 0.02670
0.06306 0.04054 0.09456 0.12067 0.62943 1.207 0.281 1248.157 0.02672
0.06312 0.04058 0.09465 0.12078 0.63055 1.063 0.269 1248.187 0.02675
0.06318 0.04061 0.09474 0.12090 0.63167 1.027 0.265 1248.216 0.02677
0.06324 0.04065 0.09483 0.12101 0.63280 0.919 0.255 1248.246 0.02680
0.06330 0.04069 0.09491 0.12112 0.63392 1.172 0.278 1248.276 0.02682
0.06336 0.04073 0.09500 0.12124 0.63504 1.281 0.287 1248.306 0.02685
0.06342 0.04077 0.09509 0.12135 0.63617 1.064 0.269 1248.336 0.02687
0.06348 0.04080 0.09518 0.12146 0.63729 0.919 0.255 1248.366 0.02690
0.06353 0.04084 0.09527 0.12158 0.63841 0.846 0.249 1248.396 0.02692
0.06359 0.04088 0.09536 0.12169 0.63954 1.172 0.278 1248.426 0.02694
0.06365 0.04092 0.09545 0.12180 0.64066 1.064 0.269 1248.455 0.02697
0.06371 0.04096 0.09554 0.12192 0.64179 1.135 0.276 1248.485 0.02699
0.06377 0.04099 0.09562 0.12203 0.64291 1.098 0.272 1248.515 0.02702
0.06383 0.04103 0.09571 0.12214 0.64403 0.699 0.233 1248.545 0.02704
0.06389 0.04107 0.09580 0.12226 0.64516 0.916 0.255 1248.575 0.02707
0.06395 0.04111 0.09589 0.12237 0.64628 0.807 0.245 1248.605 0.02709
0.06401 0.04115 0.09598 0.12248 0.64741 1.387 0.296 1248.635 0.02712
0.06407 0.04119 0.09607 0.12260 0.64853 0.881 0.253 1248.665 0.02714
0.06413 0.04122 0.09616 0.12271 0.64965 1.136 0.276 1248.694 0.02717
0.06419 0.04126 0.09625 0.12282 0.65078 1.244 0.285 1248.724 0.02719
0.06424 0.04130 0.09633 0.12294 0.65190 1.100 0.273 1248.754 0.02721
0.06430 0.04134 0.09642 0.12305 0.65303 1.136 0.275 1248.784 0.02724
0.06436 0.04138 0.09651 0.12316 0.65415 0.848 0.248 1248.814 0.02726
0.06442 0.04141 0.09660 0.12328 0.65527 0.920 0.256 1248.844 0.02729
0.06448 0.04145 0.09669 0.12339 0.65640 0.991 0.262 1248.874 0.02731
0.06454 0.04149 0.09678 0.12350 0.65752 1.355 0.294 1248.904 0.02734
0.06460 0.04153 0.09687 0.12362 0.65865 1.138 0.276 1248.933 0.02736
0.06466 0.04157 0.09696 0.12373 0.65977 0.994 0.263 1248.963 0.02739
0.06472 0.04160 0.09704 0.12384 0.66090 1.212 0.282 1248.993 0.02741
0.06478 0.04164 0.09713 0.12396 0.66202 1.358 0.294 1249.023 0.02744
0.06484 0.04168 0.09722 0.12407 0.66314 1.067 0.270 1249.053 0.02746
0.06490 0.04172 0.09731 0.12418 0.66427 1.030 0.266 1249.083 0.02749
0.06495 0.04176 0.09740 0.12430 0.66539 0.593 0.222 1249.113 0.02751
0.06501 0.04179 0.09749 0.12441 0.66652 1.030 0.267 1249.143 0.02753
0.06507 0.04183 0.09758 0.12452 0.66764 0.667 0.231 1249.173 0.02756
0.06513 0.04187 0.09767 0.12464 0.66877 0.704 0.234 1249.202 0.02758
0.06519 0.04191 0.09775 0.12475 0.66989 0.595 0.222 1249.232 0.02761
0.06525 0.04195 0.09784 0.12486 0.67102 0.376 0.195 1249.262 0.02763
0.06531 0.04198 0.09793 0.12498 0.67214 0.122 0.152 1249.292 0.02766
0.06537 0.04202 0.09802 0.12509 0.67327 0.523 0.214 1249.322 0.02768
0.06543 0.04206 0.09811 0.12520 0.67439 0.160 0.159 1249.352 0.02771
0.06549 0.04210 0.09820 0.12532 0.67552 0.234 0.173 1249.382 0.02773
0.06555 0.04214 0.09829 0.12543 0.67664 0.197 0.167 1249.412 0.02776
0.06561 0.04217 0.09838 0.12554 0.67777 0.198 0.165 1249.441 0.02778
0.06567 0.04221 0.09847 0.12566 0.67889 0.382 0.194 1249.471 0.02780
0.06572 0.04225 0.09855 0.12577 0.68002 0.455 0.205 1249.501 0.02783
0.06578 0.04229 0.09864 0.12588 0.68114 0.637 0.227 1249.531 0.02785
0.06584 0.04233 0.09873 0.12600 0.68227 0.602 0.223 1249.561 0.02788
0.06590 0.04237 0.09882 0.12611 0.68339 0.820 0.246 1249.591 0.02790
0.06596 0.04240 0.09891 0.12622 0.68452 0.892 0.254 1249.621 0.02793
0.06602 0.04244 0.09900 0.12634 0.68564 1.001 0.264 1249.651 0.02795
0.06608 0.04248 0.09909 0.12645 0.68677 1.038 0.268 1249.680 0.02798
0.06614 0.04252 0.09918 0.12656 0.68789 0.710 0.235 1249.710 0.02800
0.06620 0.04256 0.09926 0.12668 0.68902 0.636 0.227 1249.740 0.02803
0.06626 0.04259 0.09935 0.12679 0.69014 1.218 0.283 1249.770 0.02805
0.06632 0.04263 0.09944 0.12690 0.69127 0.817 0.247 1249.800 0.02808
0.06638 0.04267 0.09953 0.12702 0.69240 0.780 0.243 1249.830 0.02810
0.06644 0.04271 0.09962 0.12713 0.69352 0.527 0.214 1249.860 0.02812
0.06649 0.04275 0.09971 0.12724 0.69465 0.854 0.250 1249.890 0.02815
0.06655 0.04278 0.09980 0.12736 0.69577 0.853 0.250 1249.919 0.02817
0.06661 0.04282 0.09989 0.12747 0.69690 0.817 0.247 1249.949 0.02820
0.06667 0.04286 0.09998 0.12758 0.69802 0.854 0.249 1249.979 0.02822
0.06673 0.04290 0.10006 0.12770 0.69915 0.854 0.250 1250.009 0.02825
0.06679 0.04294 0.10015 0.12781 0.70027 0.454 0.205 1250.039 0.02827
0.06685 0.04297 0.10024 0.12792 0.70140 0.198 0.167 1250.069 0.02830
0.06691 0.04301 0.10033 0.12804 0.70253 0.161 0.160 1250.099 0.02832
0.06697 0.04305 0.10042 0.12815 0.70365 0.050 0.136 1250.129 0.02835
0.06703 0.04309 0.10051 0.12826 0.70478 0.195 0.164 1250.158 0.02837
0.06709 0.04313 0.10060 0.12838 0.70590 0.269 0.177 1250.188 0.02839
0.06715 0.04317 0.10069 0.12849 0.70703 0.232 0.173 1250.218 0.02842
0.06721 0.04320 0.10078 0.12860 0.70816 0.343 0.190 1250.248 0.02844
0.06727 0.04324 0.10086 0.12872 0.70928 0.562 0.219 1250.278 0.02847
0.06732 0.04328 0.10095 0.12883 0.71041 0.854 0.251 1250.308 0.02849
0.06738 0.04332 0.10104 0.12894 0.71153 0.781 0.243 1250.338 0.02852
0.06744 0.04336 0.10113 0.12906 0.71266 1.037 0.267 1250.368 0.02854
0.06750 0.04339 0.10122 0.12917 0.71379 0.781 0.242 1250.398 0.02857
0.06756 0.04343 0.10131 0.12928 0.71491 1.181 0.281 1250.427 0.02859
0.06762 0.04347 0.10140 0.12940 0.71604 0.487 0.209 1250.457 0.02862
0.06768 0.04351 0.10149 0.12951 0.71717 0.925 0.257 1250.487 0.02864
0.06774 0.04355 0.10158 0.12962 0.71829 0.670 0.232 1250.517 0.02866
0.06780 0.04358 0.10166 0.12974 0.71942 0.597 0.223 1250.547 0.02869
0.06786 0.04362 0.10175 0.12985 0.72055 0.488 0.210 1250.577 0.02871
0.06792 0.04366 0.10184 0.12997 0.72167 0.306 0.184 1250.607 0.02874
0.06798 0.04370 0.10193 0.13008 0.72280 0.307 0.185 1250.637 0.02876
0.06804 0.04374 0.10202 0.13019 0.72393 0.379 0.196 1250.666 0.02879
0.06810 0.04378 0.10211 0.13031 0.72505 0.415 0.199 1250.696 0.02881
0.06816 0.04381 0.10220 0.13042 0.72618 0.525 0.214 1250.726 0.02884
0.06821 0.04385 0.10229 0.13053 0.72731 0.744 0.239 1250.756 0.02886
0.06827 0.04389 0.10238 0.13065 0.72843 0.418 0.198 1250.786 0.02889
0.06833 0.04393 0.10247 0.13076 0.72956 0.455 0.206 1250.816 0.02891
0.06839 0.04397 0.10255 0.13087 0.73069 0.309 0.185 1250.846 0.02894
0.06845 0.04400 0.10264 0.13099 0.73181 0.161 0.159 1250.876 0.02896
0.06851 0.04404 0.10273 0.13110 0.73294 0.162 0.160 1250.905 0.02898
0.06857 0.04408 0.10282 0.13121 0.73407 0.198 0.165 1250.935 0.02901
0.06863 0.04412 0.10291 0.13133 0.73519 0.198 0.167 1250.965 0.02903
0.06869 0.04416 0.10300 0.13144 0.73632 0.307 0.185 1250.995 0.02906
0.06875 0.04419 0.10309 0.13155 0.73745 0.707 0.236 1251.025 0.02908
0.06881 0.04423 0.10318 0.13167 0.73858 0.688 0.231 1251.055 0.02911
0.06887 0.04427 0.10327 0.13178 0.73970 0.731 0.235 1251.085 0.02913
0.06893 0.04431 0.10336 0.13190 0.74083 0.962 0.261 1251.115 0.02916
0.06899 0.04435 0.10344 0.13201 0.74196 0.683 0.231 1251.144 0.02918
0.06905 0.04439 0.10353 0.13212 0.74308 0.820 0.243 1251.174 0.02921
0.06910 0.04442 0.10362 0.13224 0.74421 0.790 0.239 1251.204 0.02923
0.06916 0.04446 0.10371 0.13235 0.74534 1.355 0.295 1251.234 0.02925
0.06922 0.04450 0.10380 0.13246 0.74647 1.063 0.267 1251.264 0.02928
0.06928 0.04454 0.10389 0.13258 0.74759 1.318 0.289 1251.294 0.02930
0.06934 0.04458 0.10398 0.13269 0.74872 1.188 0.277 1251.324 0.02933
0.06940 0.04461 0.10407 0.13280 0.74985 1.264 0.286 1251.354 0.02935
0.06946 0.04465 0.10416 0.13292 0.75098 1.231 0.283 1251.384 0.02938
0.06952 0.04469 0.10425 0.13303 0.75210 1.183 0.277 1251.413 0.02940
0.06958 0.04473 0.10433 0.13315 0.75323 0.954 0.257 1251.443 0.02943
0.06964 0.04477 0.10442 0.13326 0.75436 0.898 0.250 1251.473 0.02945
0.06970 0.04481 0.10451 0.13337 0.75549 1.278 0.283 1251.503 0.02948
0.06976 0.04484 0.10460 0.13349 0.75661 0.898 0.254 1251.533 0.02950
0.06982 0.04488 0.10469 0.13360 0.75774 1.159 0.277 1251.563 0.02953
0.06988 0.04492 0.10478 0.13371 0.75887 0.883 0.254 1251.593 0.02955
0.06994 0.04496 0.10487 0.13383 0.76000 1.319 0.292 1251.623 0.02957
0.07000 0.04500 0.10496 0.13394 0.76113 0.628 0.226 1251.652 0.02960
0.07005 0.04503 0.10505 0.13405 0.76225 0.882 0.254 1251.682 0.02962
0.07011 0.04507 0.10514 0.13417 0.76338 1.100 0.274 1251.712 0.02965
0.07017 0.04511 0.10522 0.13428 0.76451 0.808 0.245 1251.742 0.02967
0.07023 0.04515 0.10531 0.13439 0.76564 0.953 0.260 1251.772 0.02970
0.07029 0.04519 0.10540 0.13451 0.76677 0.698 0.235 1251.802 0.02972
0.07035 0.04523 0.10549 0.13462 0.76789 0.952 0.260 1251.832 0.02975
0.07041 0.04526 0.10558 0.13474 0.76902 0.845 0.249 1251.862 0.02977
0.07047 0.04530 0.10567 0.13485 0.77015 0.191 0.167 1251.891 0.02980
0.07053 0.04534 0.10576 0.13496 0.77128 0.262 0.179 1251.921 0.02982
0.07059 0.04538 0.10585 0.13508 0.77241 0.189 0.166 1251.951 0.02984
0.07065 0.04542 0.10594 0.13519 0.77354 0.044 0.137 1251.981 0.02987
0.07071 0.04545 0.10603 0.13530 0.77466 0.225 0.173 1252.011 0.02989
0.07077 0.04549 0.10612 0.13542 0.77579 0.045 0.137 1252.041 0.02992
0.07083 0.04553 0.10620 0.13553 0.77692 0.263 0.179 1252.071 0.02994
0.07089 0.04557 0.10629 0.13565 0.77805 0.554 0.218 1252.101 0.02997
0.07095 0.04561 0.10638 0.13576 0.77918 0.891 0.249 1252.130 0.02999
0.07101 0.04565 0.10647 0.13587 0.78031 0.788 0.238 1252.160 0.03002
0.07106 0.04568 0.10656 0.13599 0.78144 0.723 0.234 1252.190 0.03004
0.07112 0.04572 0.10665 0.13610 0.78256 1.458 0.296 1252.220 0.03007
0.07118 0.04576 0.10674 0.13621 0.78369 0.992 0.259 1252.250 0.03009
0.07124 0.04580 0.10683 0.13633 0.78482 1.254 0.284 1252.280 0.03011
0.07130 0.04584 0.10692 0.13644 0.78595 0.985 0.256 1252.310 0.03014
0.07136 0.04587 0.10701 0.13656 0.78708 1.039 0.266 1252.340 0.03016
0.07142 0.04591 0.10710 0.13667 0.78821 1.144 0.272 1252.370 0.03019
0.07148 0.04595 0.10718 0.13678 0.78934 1.089 0.269 1252.399 0.03021
0.07154 0.04599 0.10727 0.13690 0.79047 0.978 0.259 1252.429 0.03024
0.07160 0.04603 0.10736 0.13701 0.79160 0.733 0.238 1252.459 0.03026
0.07166 0.04607 0.10745 0.13712 0.79272 0.772 0.236 1252.489 0.03029
0.07172 0.04610 0.10754 0.13724 0.79385 1.013 0.262 1252.519 0.03031
0.07178 0.04614 0.10763 0.13735 0.79498 1.040 0.266 1252.549 0.03034
0.07184 0.04618 0.10772 0.13747 0.79611 0.909 0.251 1252.579 0.03036
0.07190 0.04622 0.10781 0.13758 0.79724 1.024 0.265 1252.609 0.03039
0.07196 0.04626 0.10790 0.13769 0.79837 0.914 0.256 1252.638 0.03041
0.07202 0.04629 0.10799 0.13781 0.79950 0.804 0.245 1252.668 0.03043
0.07207 0.04633 0.10808 0.13792 0.80063 0.805 0.244 1252.698 0.03046
0.07213 0.04637 0.10817 0.13803 0.80176 0.444 0.203 1252.728 0.03048
0.07219 0.04641 0.10825 0.13815 0.80289 0.480 0.206 1252.758 0.03051
0.07225 0.04645 0.10834 0.13826 0.80402 0.226 0.171 1252.788 0.03053
0.07231 0.04649 0.10843 0.13838 0.80515 0.263 0.177 1252.818 0.03056
0.07237 0.04652 0.10852 0.13849 0.80628 0.155 0.158 1252.848 0.03058
0.07243 0.04656 0.10861 0.13860 0.80741 0.154 0.159 1252.877 0.03061
0.07249 0.04660 0.10870 0.13872 0.80853 0.299 0.183 1252.907 0.03063
0.07255 0.04664 0.10879 0.13883 0.80966 0.588 0.221 1252.937 0.03066
0.07261 0.04668 0.10888 0.13894 0.81079 0.623 0.224 1252.967 0.03068
0.07267 0.04672 0.10897 0.13906 0.81192 0.804 0.243 1252.997 0.03070
0.07273 0.04675 0.10906 0.13917 0.81305 0.912 0.254 1253.027 0.03073
0.07279 0.04679 0.10915 0.13929 0.81418 0.875 0.251 1253.057 0.03075
0.07285 0.04683 0.10924 0.13940 0.81531 0.875 0.251 1253.087 0.03078
0.07291 0.04687 0.10932 0.13951 0.81644 1.127 0.274 1253.116 0.03080
0.07297 0.04691 0.10941 0.13963 0.81757 0.875 0.251 1253.146 0.03083
0.07303 0.04694 0.10950 0.13974 0.81870 0.839 0.247 1253.176 0.03085
0.07309 0.04698 0.10959 0.13986 0.81983 1.380 0.294 1253.206 0.03088
0.07315 0.04702 0.10968 0.13997 0.82096 1.198 0.279 1253.236 0.03090
0.07321 0.04706 0.10977 0.14008 0.82209 0.913 0.253 1253.266 0.03093
0.07326 0.04710 0.10986 0.14020 0.82322 1.164 0.276 1253.296 0.03095
0.07332 0.04714 0.10995 0.14031 0.82435 1.164 0.276 1253.326 0.03098
0.07338 0.04717 0.11004 0.14042 0.82548 1.020 0.262 1253.356 0.03100
0.07344 0.04721 0.11013 0.14054 0.82661 0.948 0.257 1253.385 0.03102
0.07350 0.04725 0.11022 0.14065 0.82774 1.091 0.269 1253.415 0.03105
0.07356 0.04729 0.11031 0.14077 0.82887 0.912 0.253 1253.445 0.03107
0.07362 0.04733 0.11040 0.14088 0.83000 0.983 0.260 1253.475 0.03110
0.07368 0.04737 0.11048 0.14099 0.83113 0.768 0.239 1253.505 0.03112
0.07374 0.04740 0.11057 0.14111 0.83227 0.875 0.249 1253.535 0.03115
0.07380 0.04744 0.11066 0.14122 0.83340 0.982 0.258 1253.565 0.03117
0.07386 0.04748 0.11075 0.14134 0.83453 0.733 0.234 1253.595 0.03120
0.07392 0.04752 0.11084 0.14145 0.83566 1.054 0.265 1253.624 0.03122
0.07398 0.04756 0.11093 0.14156 0.83679 1.091 0.268 1253.654 0.03125
0.07404 0.04760 0.11102 0.14168 0.83792 0.983 0.258 1253.684 0.03127
0.07410 0.04763 0.11111 0.14179 0.83905 0.841 0.245 1253.714 0.03129
0.07416 0.04767 0.11120 0.14190 0.84018 0.376 0.190 1253.744 0.03132
0.07422 0.04771 0.11129 0.14202 0.84131 0.448 0.200 1253.774 0.03134
0.07428 0.04775 0.11138 0.14213 0.84244 0.519 0.210 1253.804 0.03137
0.07434 0.04779 0.11147 0.14225 0.84357 0.411 0.195 1253.834 0.03139
0.07440 0.04782 0.11156 0.14236 0.84470 0.446 0.198 1253.863 0.03142
0.07446 0.04786 0.11164 0.14247 0.84583 0.373 0.191 1253.893 0.03144
0.07451 0.04790 0.11173 0.14259 0.84696 0.693 0.228 1253.923 0.03147
0.07457 0.04794 0.11182 0.14270 0.84810 0.622 0.220 1253.953 0.03149
0.07463 0.04798 0.11191 0.14282 0.84923 0.871 0.247 1253.983 0.03152
0.07469 0.04802 0.11200 0.14293 0.85036 1.047 0.263 1254.013 0.03154
0.07475 0.04805 0.11209 0.14304 0.85149 1.047 0.264 1254.043 0.03157
0.07481 0.04809 0.11218 0.14316 0.85262 0.941 0.254 1254.073 0.03159
0.07487 0.04813 0.11227 0.14327 0.85375 1.047 0.263 1254.102 0.03161
0.07493 0.04817 0.11236 0.14339 0.85488 1.011 0.260 1254.132 0.03164
0.07499 0.04821 0.11245 0.14350 0.85601 1.189 0.275 1254.162 0.03166
0.07505 0.04825 0.11254 0.14361 0.85714 1.117 0.269 1254.192 0.03169
0.07511 0.04828 0.11263 0.14373 0.85828 0.940 0.252 1254.222 0.03171
0.07517 0.04832 0.11272 0.14384 0.85941 0.656 0.224 1254.252 0.03174
0.07523 0.04836 0.11281 0.14396 0.86054 0.796 0.239 1254.282 0.03176
0.07529 0.04840 0.11290 0.14407 0.86167 1.149 0.272 1254.312 0.03179
0.07535 0.04844 0.11298 0.14418 0.86280 1.006 0.259 1254.342 0.03181
0.07541 0.04848 0.11307 0.14430 0.86393 0.899 0.248 1254.371 0.03184
0.07547 0.04851 0.11316 0.14441 0.86506 1.041 0.262 1254.401 0.03186
0.07553 0.04855 0.11325 0.14453 0.86620 0.545 0.212 1254.431 0.03188
0.07559 0.04859 0.11334 0.14464 0.86733 0.615 0.219 1254.461 0.03191
0.07565 0.04863 0.11343 0.14475 0.86846 0.614 0.219 1254.491 0.03193
0.07571 0.04867 0.11352 0.14487 0.86959 0.650 0.223 1254.521 0.03196
0.07577 0.04871 0.11361 0.14498 0.87072 0.403 0.193 1254.551 0.03198
0.07583 0.04874 0.11370 0.14510 0.87185 0.190 0.158 1254.581 0.03201
0.07588 0.04878 0.11379 0.14521 0.87299 0.295 0.178 1254.610 0.03203
0.07594 0.04882 0.11388 0.14532 0.87412 0.226 0.167 1254.640 0.03206
0.07600 0.04886 0.11397 0.14544 0.87525 0.225 0.165 1254.670 0.03208
0.07606 0.04890 0.11406 0.14555 0.87638 0.610 0.218 1254.700 0.03211
0.07612 0.04894 0.11415 0.14567 0.87751 1.170 0.270 1254.730 0.03213
0.07618 0.04897 0.11424 0.14578 0.87865 0.783 0.237 1254.760 0.03215
0.07624 0.04901 0.11432 0.14589 0.87978 0.817 0.240 1254.790 0.03218
0.07630 0.04905 0.11441 0.14601 0.88091 1.446 0.293 1254.820 0.03220
0.07636 0.04909 0.11450 0.14612 0.88204 0.712 0.229 1254.849 0.03223
0.07642 0.04913 0.11459 0.14624 0.88317 1.026 0.259 1254.879 0.03225
0.07648 0.04917 0.11468 0.14635 0.88431 1.061 0.261 1254.909 0.03228
0.07654 0.04920 0.11477 0.14646 0.88544 1.373 0.287 1254.939 0.03230
0.07660 0.04924 0.11486 0.14658 0.88657 1.023 0.258 1254.969 0.03233
0.07666 0.04928 0.11495 0.14669 0.88770 0.779 0.235 1254.999 0.03235
0.07672 0.04932 0.11504 0.14681 0.88884 1.197 0.273 1255.029 0.03238
0.07678 0.04936 0.11513 0.14692 0.88997 0.952 0.252 1255.059 0.03240
0.07684 0.04940 0.11522 0.14704 0.89110 0.707 0.227 1255.088 0.03243
0.07690 0.04943 0.11531 0.14715 0.89223 1.020 0.257 1255.118 0.03245
0.07696 0.04947 0.11540 0.14726 0.89337 1.121 0.266 1255.148 0.03247
0.07702 0.04951 0.11549 0.14738 0.89450 1.085 0.263 1255.178 0.03250
0.07708 0.04955 0.11558 0.14749 0.89563 0.842 0.240 1255.208 0.03252
0.07714 0.04959 0.11567 0.14761 0.89676 0.634 0.219 1255.238 0.03255
0.07720 0.04963 0.11576 0.14772 0.89790 1.015 0.255 1255.268 0.03257
0.07726 0.04966 0.11584 0.14783 0.89903 0.738 0.230 1255.298 0.03260
0.07732 0.04970 0.11593 0.14795 0.90016 0.806 0.235 1255.328 0.03262
0.07738 0.04974 0.11602 0.14806 0.90129 1.081 0.261 1255.357 0.03265
0.07743 0.04978 0.11611 0.14818 0.90243 0.839 0.239 1255.387 0.03267
0.07749 0.04982 0.11620 0.14829 0.90356 1.252 0.275 1255.417 0.03270
0.07755 0.04986 0.11629 0.14840 0.90469 0.873 0.243 1255.447 0.03272
0.07761 0.04989 0.11638 0.14852 0.90583 0.839 0.239 1255.477 0.03274
0.07767 0.04993 0.11647 0.14863 0.90696 0.734 0.229 1255.507 0.03277
0.07773 0.04997 0.11656 0.14875 0.90809 1.076 0.260 1255.537 0.03279
0.07779 0.05001 0.11665 0.14886 0.90923 1.110 0.263 1255.567 0.03282
0.07785 0.05005 0.11674 0.14898 0.91036 0.831 0.273 1255.596 0.03284
0.07791 0.05009 0.11683 0.14909 0.91149 1.005 0.253 1255.626 0.03287
0.07797 0.05012 0.11692 0.14920 0.91263 1.312 0.279 1255.656 0.03289
0.07803 0.05016 0.11701 0.14932 0.91376 0.763 0.231 1255.686 0.03292
0.07809 0.05020 0.11710 0.14943 0.91489 0.865 0.240 1255.716 0.03294
0.07815 0.05024 0.11719 0.14955 0.91603 0.968 0.250 1255.746 0.03297
0.07821 0.05028 0.11728 0.14966 0.91716 0.354 0.182 1255.776 0.03299
0.07827 0.05032 0.11737 0.14977 0.91829 0.422 0.191 1255.806 0.03302
0.07833 0.05035 0.11745 0.14989 0.91943 0.216 0.162 1255.835 0.03304
0.07839 0.05039 0.11754 0.15000 0.92056 0.250 0.165 1255.865 0.03306
0.07845 0.05043 0.11763 0.15012 0.92169 0.318 0.177 1255.895 0.03309
0.07851 0.05047 0.11772 0.15023 0.92283 0.319 0.176 1255.925 0.03311
0.07857 0.05051 0.11781 0.15035 0.92396 0.387 0.186 1255.955 0.03314
0.07863 0.05055 0.11790 0.15046 0.92509 0.928 0.245 1255.985 0.03316
0.07869 0.05058 0.11799 0.15057 0.92623 0.826 0.235 1256.015 0.03319
0.07875 0.05062 0.11808 0.15069 0.92736 1.061 0.256 1256.045 0.03321
0.07881 0.05066 0.11817 0.15080 0.92849 0.690 0.221 1256.074 0.03324
0.07887 0.05070 0.11826 0.15092 0.92963 0.790 0.230 1256.104 0.03326
0.07893 0.05074 0.11835 0.15103 0.93076 0.789 0.231 1256.134 0.03329
0.07899 0.05078 0.11844 0.15115 0.93190 1.226 0.269 1256.164 0.03331
0.07905 0.05081 0.11853 0.15126 0.93303 0.989 0.248 1256.194 0.03333
0.07911 0.05085 0.11862 0.15137 0.93416 0.687 0.219 1256.224 0.03336
0.07917 0.05089 0.11871 0.15149 0.93530 1.155 0.263 1256.254 0.03338
0.07923 0.05093 0.11880 0.15160 0.93643 0.917 0.242 1256.284 0.03341
0.07928 0.05097 0.11889 0.15172 0.93757 1.119 0.259 1256.314 0.03343
0.07934 0.05101 0.11898 0.15183 0.93870 1.185 0.265 1256.343 0.03346
0.07940 0.05104 0.11907 0.15195 0.93983 1.016 0.250 1256.373 0.03348
0.07946 0.05108 0.11916 0.15206 0.94097 1.081 0.255 1256.403 0.03351
0.07952 0.05112 0.11925 0.15217 0.94210 1.114 0.258 1256.433 0.03353
0.07958 0.05116 0.11933 0.15229 0.94324 0.914 0.241 1256.463 0.03356
0.07964 0.05120 0.11942 0.15240 0.94437 0.946 0.243 1256.493 0.03358
0.07970 0.05124 0.11951 0.15252 0.94551 1.012 0.248 1256.523 0.03361
0.07976 0.05128 0.11960 0.15263 0.94664 0.945 0.243 1256.553 0.03363
0.07982 0.05131 0.11969 0.15275 0.94777 1.176 0.263 1256.582 0.03365
0.07988 0.05135 0.11978 0.15286 0.94891 0.978 0.245 1256.612 0.03368
0.07994 0.05139 0.11987 0.15297 0.95004 1.407 0.280 1256.642 0.03370
0.08000 0.05143 0.11996 0.15309 0.95118 0.812 0.260 1256.672 0.03373
0.08006 0.05147 0.12005 0.15320 0.95231 1.075 0.253 1256.702 0.03375
0.08012 0.05151 0.12014 0.15332 0.95345 0.777 0.225 1256.732 0.03378
0.08018 0.05154 0.12023 0.15343 0.95458 0.809 0.229 1256.762 0.03380
0.08024 0.05158 0.12032 0.15355 0.95572 1.005 0.245 1256.792 0.03383
0.08030 0.05162 0.12041 0.15366 0.95685 0.809 0.228 1256.821 0.03385
0.08036 0.05166 0.12050 0.15377 0.95799 0.775 0.225 1256.851 0.03388
0.08042 0.05170 0.12059 0.15389 0.95912 1.102 0.254 1256.881 0.03390
0.08048 0.05174 0.12068 0.15400 0.96026 0.674 0.214 1256.911 0.03392
0.08054 0.05177 0.12077 0.15412 0.96139 0.837 0.229 1256.941 0.03395
0.08060 0.05181 0.12086 0.15423 0.96253 0.705 0.216 1256.971 0.03397
0.08066 0.05185 0.12095 0.15435 0.96366 1.258 0.266 1257.001 0.03400
0.08072 0.05189 0.12104 0.15446 0.96480 1.192 0.260 1257.031 0.03402
0.08078 0.05193 0.12113 0.15457 0.96593 0.768 0.223 1257.060 0.03405
0.08084 0.05197 0.12122 0.15469 0.96707 1.026 0.246 1257.090 0.03407
0.08090 0.05200 0.12131 0.15480 0.96820 1.089 0.251 1257.120 0.03410
0.08096 0.05204 0.12140 0.15492 0.96934 0.926 0.237 1257.150 0.03412
0.08102 0.05208 0.12148 0.15503 0.97047 1.086 0.250 1257.180 0.03415
0.08108 0.05212 0.12157 0.15515 0.97161 0.763 0.221 1257.210 0.03417
0.08114 0.05216 0.12166 0.15526 0.97274 0.955 0.239 1257.240 0.03419
0.08120 0.05220 0.12175 0.15537 0.97388 0.923 0.236 1257.270 0.03422
0.08126 0.05224 0.12184 0.15549 0.97501 0.922 0.235 1257.300 0.03424
0.08132 0.05227 0.12193 0.15560 0.97615 0.984 0.241 1257.329 0.03427
0.08138 0.05231 0.12202 0.15572 0.97728 0.919 0.234 1257.359 0.03429
0.08144 0.05235 0.12211 0.15583 0.97842 1.110 0.251 1257.389 0.03432
0.08150 0.05239 0.12220 0.15595 0.97955 0.821 0.224 1257.419 0.03434
0.08156 0.05243 0.12229 0.15606 0.98069 0.915 0.234 1257.449 0.03437
0.08162 0.05247 0.12238 0.15618 0.98183 1.041 0.245 1257.479 0.03439
0.08167 0.05250 0.12247 0.15629 0.98296 0.657 0.208 1257.509 0.03442
0.08173 0.05254 0.12256 0.15640 0.98410 1.039 0.244 1257.539 0.03444
0.08179 0.05258 0.12265 0.15652 0.98523 0.910 0.233 1257.568 0.03447
0.08185 0.05262 0.12274 0.15663 0.98637 0.876 0.230 1257.598 0.03449
0.08191 0.05266 0.12283 0.15675 0.98750 1.002 0.240 1257.628 0.03451
0.08197 0.05270 0.12292 0.15686 0.98864 0.621 0.203 1257.658 0.03454
0.08203 0.05274 0.12301 0.15698 0.98978 0.969 0.237 1257.688 0.03456
0.08209 0.05277 0.12310 0.15709 0.99091 0.872 0.227 1257.718 0.03459
0.08215 0.05281 0.12319 0.15721 0.99205 0.870 0.227 1257.748 0.03461
0.08221 0.05285 0.12328 0.15732 0.99318 1.152 0.252 1257.778 0.03464
0.08227 0.05289 0.12337 0.15743 0.99432 0.899 0.230 1257.807 0.03466
0.08233 0.05293 0.12346 0.15755 0.99546 1.085 0.246 1257.837 0.03469
0.08239 0.05297 0.12355 0.15766 0.99659 0.645 0.205 1257.867 0.03471
0.08245 0.05300 0.12364 0.15778 0.99773 0.927 0.232 1257.897 0.03474
0.08251 0.05304 0.12373 0.15789 0.99886 0.957 0.234 1257.927 0.03476
0.08257 0.05308 0.12382 0.15801 1.00000 1.206 0.255 1257.957 0.03478
