x y z dist_scaled dist_frac flux_norm sig_norm wavelength redshift
0.00160 0.00612 0.05691 0.05726 0.00000 0.947 0.228 1231.245 0.01281
0.00161 0.00614 0.05702 0.05737 0.00110 1.218 0.250 1231.275 0.01284
0.00161 0.00615 0.05713 0.05748 0.00220 0.856 0.220 1231.305 0.01286
0.00161 0.00616 0.05724 0.05759 0.00330 0.947 0.227 1231.335 0.01289
0.00162 0.00617 0.05735 0.05770 0.00440 0.613 0.197 1231.365 0.01291
0.00162 0.00618 0.05746 0.05781 0.00550 0.764 0.211 1231.395 0.01293
0.00162 0.00620 0.05757 0.05792 0.00661 0.915 0.225 1231.425 0.01296
0.00163 0.00621 0.05768 0.05803 0.00771 1.036 0.235 1231.454 0.01298
0.00163 0.00622 0.05779 0.05814 0.00881 1.033 0.235 1231.484 0.01301
0.00163 0.00623 0.05790 0.05826 0.00991 0.732 0.208 1231.514 0.01303
0.00163 0.00624 0.05801 0.05837 0.01101 1.093 0.240 1231.544 0.01306
0.00164 0.00625 0.05812 0.05848 0.01211 0.882 0.222 1231.574 0.01308
0.00164 0.00627 0.05823 0.05859 0.01321 1.273 0.254 1231.604 0.01311
0.00164 0.00628 0.05834 0.05870 0.01431 0.882 0.222 1231.634 0.01313
0.00165 0.00629 0.05845 0.05881 0.01541 1.033 0.235 1231.664 0.01316
0.00165 0.00630 0.05856 0.05892 0.01652 1.060 0.238 1231.693 0.01318
0.00165 0.00631 0.05867 0.05903 0.01762 0.882 0.222 1231.723 0.01321
0.00166 0.00633 0.05878 0.05914 0.01872 0.972 0.230 1231.753 0.01323
0.00166 0.00634 0.05889 0.05925 0.01982 1.453 0.267 1231.783 0.01325
0.00166 0.00635 0.05900 0.05936 0.02092 1.031 0.235 1231.813 0.01328
0.00167 0.00636 0.05911 0.05948 0.02202 1.060 0.237 1231.843 0.01330
0.00167 0.00637 0.05922 0.05959 0.02312 1.058 0.237 1231.873 0.01333
0.00167 0.00639 0.05933 0.05970 0.02423 1.180 0.246 1231.903 0.01335
0.00168 0.00640 0.05944 0.05981 0.02533 0.910 0.224 1231.932 0.01338
0.00168 0.00641 0.05955 0.05992 0.02643 0.880 0.222 1231.962 0.01340
0.00168 0.00642 0.05966 0.06003 0.02753 1.240 0.251 1231.992 0.01343
0.00168 0.00643 0.05977 0.06014 0.02863 0.970 0.230 1232.022 0.01345
0.00169 0.00644 0.05988 0.06025 0.02973 0.970 0.229 1232.052 0.01348
0.00169 0.00646 0.05999 0.06036 0.03084 1.179 0.246 1232.082 0.01350
0.00169 0.00647 0.06010 0.06047 0.03194 0.760 0.210 1232.112 0.01352
0.00170 0.00648 0.06021 0.06059 0.03304 0.641 0.198 1232.142 0.01355
0.00170 0.00649 0.06032 0.06070 0.03414 0.697 0.205 1232.171 0.01357
0.00170 0.00650 0.06044 0.06081 0.03524 0.967 0.229 1232.201 0.01360
0.00171 0.00652 0.06055 0.06092 0.03635 1.086 0.239 1232.231 0.01362
0.00171 0.00653 0.06066 0.06103 0.03745 1.234 0.251 1232.261 0.01365
0.00171 0.00654 0.06077 0.06114 0.03855 1.088 0.239 1232.291 0.01367
0.00172 0.00655 0.06088 0.06125 0.03965 1.237 0.250 1232.321 0.01370
0.00172 0.00656 0.06099 0.06136 0.04075 1.146 0.244 1232.351 0.01372
0.00172 0.00658 0.06110 0.06147 0.04186 0.881 0.221 1232.381 0.01375
0.00172 0.00659 0.06121 0.06159 0.04296 0.941 0.227 1232.411 0.01377
0.00173 0.00660 0.06132 0.06170 0.04406 1.118 0.241 1232.440 0.01380
0.00173 0.00661 0.06143 0.06181 0.04516 0.822 0.216 1232.470 0.01382
0.00173 0.00662 0.06154 0.06192 0.04627 1.088 0.238 1232.500 0.01384
0.00174 0.00663 0.06165 0.06203 0.04737 1.116 0.241 1232.530 0.01387
0.00174 0.00665 0.06176 0.06214 0.04847 0.909 0.224 1232.560 0.01389
0.00174 0.00666 0.06187 0.06225 0.04957 0.671 0.201 1232.590 0.01392
0.00175 0.00667 0.06198 0.06236 0.05068 0.696 0.204 1232.620 0.01394
0.00175 0.00668 0.06209 0.06247 0.05178 1.146 0.243 1232.650 0.01397
0.00175 0.00669 0.06220 0.06258 0.05288 0.967 0.228 1232.679 0.01399
0.00176 0.00671 0.06231 0.06270 0.05398 0.849 0.218 1232.709 0.01402
0.00176 0.00672 0.06242 0.06281 0.05509 1.088 0.237 1232.739 0.01404
0.00176 0.00673 0.06253 0.06292 0.05619 1.149 0.242 1232.769 0.01407
0.00177 0.00674 0.06264 0.06303 0.05729 0.820 0.215 1232.799 0.01409
0.00177 0.00675 0.06275 0.06314 0.05840 0.642 0.198 1232.829 0.01411
0.00177 0.00677 0.06286 0.06325 0.05950 1.296 0.254 1232.859 0.01414
0.00177 0.00678 0.06297 0.06336 0.06060 0.881 0.220 1232.889 0.01416
0.00178 0.00679 0.06308 0.06347 0.06170 1.151 0.242 1232.918 0.01419
0.00178 0.00680 0.06319 0.06358 0.06281 1.000 0.231 1232.948 0.01421
0.00178 0.00681 0.06331 0.06370 0.06391 1.059 0.235 1232.978 0.01424
0.00179 0.00683 0.06342 0.06381 0.06501 0.940 0.225 1233.008 0.01426
0.00179 0.00684 0.06353 0.06392 0.06612 1.118 0.239 1233.038 0.01429
0.00179 0.00685 0.06364 0.06403 0.06722 0.907 0.223 1233.068 0.01431
0.00180 0.00686 0.06375 0.06414 0.06832 1.028 0.232 1233.098 0.01434
0.00180 0.00687 0.06386 0.06425 0.06943 0.819 0.214 1233.128 0.01436
0.00180 0.00688 0.06397 0.06436 0.07053 1.016 0.230 1233.157 0.01439
0.00181 0.00690 0.06408 0.06447 0.07163 1.202 0.247 1233.187 0.01441
0.00181 0.00691 0.06419 0.06459 0.07274 0.785 0.209 1233.217 0.01443
0.00181 0.00692 0.06430 0.06470 0.07384 1.151 0.242 1233.247 0.01446
0.00182 0.00693 0.06441 0.06481 0.07494 1.053 0.232 1233.277 0.01448
0.00182 0.00694 0.06452 0.06492 0.07605 1.077 0.235 1233.307 0.01451
0.00182 0.00696 0.06463 0.06503 0.07715 0.783 0.209 1233.337 0.01453
0.00182 0.00697 0.06474 0.06514 0.07825 1.082 0.235 1233.367 0.01456
0.00183 0.00698 0.06485 0.06525 0.07936 1.401 0.262 1233.397 0.01458
0.00183 0.00699 0.06496 0.06536 0.08046 0.702 0.203 1233.426 0.01461
0.00183 0.00700 0.06507 0.06547 0.08156 0.935 0.221 1233.456 0.01463
0.00184 0.00702 0.06518 0.06559 0.08267 1.065 0.235 1233.486 0.01466
0.00184 0.00703 0.06529 0.06570 0.08377 1.062 0.234 1233.516 0.01468
0.00184 0.00704 0.06540 0.06581 0.08488 1.147 0.239 1233.546 0.01470
0.00185 0.00705 0.06552 0.06592 0.08598 0.706 0.203 1233.576 0.01473
0.00185 0.00706 0.06563 0.06603 0.08708 0.718 0.203 1233.606 0.01475
0.00185 0.00707 0.06574 0.06614 0.08819 0.978 0.227 1233.636 0.01478
0.00186 0.00709 0.06585 0.06625 0.08929 0.853 0.216 1233.665 0.01480
0.00186 0.00710 0.06596 0.06636 0.09040 1.081 0.237 1233.695 0.01483
0.00186 0.00711 0.06607 0.06648 0.09150 0.754 0.209 1233.725 0.01485
0.00186 0.00712 0.06618 0.06659 0.09260 0.989 0.229 1233.755 0.01488
0.00187 0.00713 0.06629 0.06670 0.09371 1.169 0.244 1233.785 0.01490
0.00187 0.00715 0.06640 0.06681 0.09481 0.960 0.227 1233.815 0.01493
0.00187 0.00716 0.06651 0.06692 0.09592 0.930 0.225 1233.845 0.01495
0.00188 0.00717 0.06662 0.06703 0.09702 1.017 0.231 1233.875 0.01497
0.00188 0.00718 0.06673 0.06714 0.09813 0.958 0.227 1233.904 0.01500
0.00188 0.00719 0.06684 0.06725 0.09923 0.929 0.224 1233.934 0.01502
0.00189 0.00721 0.06695 0.06737 0.10033 1.491 0.267 1233.964 0.01505
0.00189 0.00722 0.06706 0.06748 0.10144 1.106 0.239 1233.994 0.01507
0.00189 0.00723 0.06717 0.06759 0.10254 0.839 0.216 1234.024 0.01510
0.00190 0.00724 0.06728 0.06770 0.10365 0.752 0.208 1234.054 0.01512
0.00190 0.00725 0.06739 0.06781 0.10475 0.633 0.196 1234.084 0.01515
0.00190 0.00727 0.06751 0.06792 0.10586 1.018 0.231 1234.114 0.01517
0.00191 0.00728 0.06762 0.06803 0.10696 1.135 0.241 1234.143 0.01520
0.00191 0.00729 0.06773 0.06814 0.10807 0.869 0.218 1234.173 0.01522
0.00191 0.00730 0.06784 0.06826 0.10917 0.873 0.218 1234.203 0.01525
0.00191 0.00731 0.06795 0.06837 0.11028 1.139 0.241 1234.233 0.01527
0.00192 0.00732 0.06806 0.06848 0.11138 1.170 0.243 1234.263 0.01529
0.00192 0.00734 0.06817 0.06859 0.11248 1.109 0.238 1234.293 0.01532
0.00192 0.00735 0.06828 0.06870 0.11359 0.813 0.214 1234.323 0.01534
0.00193 0.00736 0.06839 0.06881 0.11469 1.078 0.235 1234.353 0.01537
0.00193 0.00737 0.06850 0.06892 0.11580 0.783 0.210 1234.383 0.01539
0.00193 0.00738 0.06861 0.06904 0.11690 0.932 0.224 1234.412 0.01542
0.00194 0.00740 0.06872 0.06915 0.11801 1.198 0.245 1234.442 0.01544
0.00194 0.00741 0.06883 0.06926 0.11911 1.138 0.240 1234.472 0.01547
0.00194 0.00742 0.06894 0.06937 0.12022 1.017 0.231 1234.502 0.01549
0.00195 0.00743 0.06905 0.06948 0.12132 0.840 0.216 1234.532 0.01552
0.00195 0.00744 0.06917 0.06959 0.12243 1.017 0.231 1234.562 0.01554
0.00195 0.00746 0.06928 0.06970 0.12354 0.929 0.223 1234.592 0.01556
0.00196 0.00747 0.06939 0.06981 0.12464 0.959 0.226 1234.622 0.01559
0.00196 0.00748 0.06950 0.06993 0.12575 0.645 0.209 1234.651 0.01561
0.00196 0.00749 0.06961 0.07004 0.12685 1.010 0.276 1234.681 0.01564
0.00196 0.00750 0.06972 0.07015 0.12796 0.932 0.269 1234.711 0.01566
0.00197 0.00752 0.06983 0.07026 0.12906 0.694 0.319 1234.741 0.01569
0.00197 0.00753 0.06994 0.07037 0.13017 0.930 0.351 1234.771 0.01571
0.00197 0.00754 0.07005 0.07048 0.13127 1.108 0.370 1234.801 0.01574
0.00198 0.00755 0.07016 0.07059 0.13238 0.696 0.321 1234.831 0.01576
0.00198 0.00756 0.07027 0.07071 0.13348 1.168 0.377 1234.861 0.01579
0.00198 0.00757 0.07038 0.07082 0.13459 1.522 0.412 1234.890 0.01581
0.00199 0.00759 0.07049 0.07093 0.13570 0.577 0.305 1234.920 0.01584
0.00199 0.00760 0.07060 0.07104 0.13680 1.109 0.371 1234.950 0.01586
0.00199 0.00761 0.07071 0.07115 0.13791 1.286 0.388 1234.980 0.01588
0.00200 0.00762 0.07083 0.07126 0.13901 0.871 0.344 1235.010 0.01591
0.00200 0.00763 0.07094 0.07137 0.14012 0.753 0.329 1235.040 0.01593
0.00200 0.00765 0.07105 0.07149 0.14122 0.870 0.341 1235.070 0.01596
0.00201 0.00766 0.07116 0.07160 0.14233 1.163 0.376 1235.100 0.01598
0.00201 0.00767 0.07127 0.07171 0.14344 0.807 0.335 1235.129 0.01601
0.00201 0.00768 0.07138 0.07182 0.14454 0.827 0.282 1235.159 0.01603
0.00201 0.00769 0.07149 0.07193 0.14565 1.081 0.282 1235.189 0.01606
0.00202 0.00771 0.07160 0.07204 0.14675 0.945 0.241 1235.219 0.01608
0.00202 0.00772 0.07171 0.07215 0.14786 1.130 0.240 1235.249 0.01611
0.00202 0.00773 0.07182 0.07227 0.14897 1.043 0.232 1235.279 0.01613
0.00203 0.00774 0.07193 0.07238 0.15007 1.041 0.233 1235.309 0.01615
0.00203 0.00775 0.07204 0.07249 0.15118 1.308 0.253 1235.339 0.01618
0.00203 0.00777 0.07215 0.07260 0.15228 1.073 0.235 1235.369 0.01620
0.00204 0.00778 0.07227 0.07271 0.15339 0.835 0.214 1235.398 0.01623
0.00204 0.00779 0.07238 0.07282 0.15450 1.158 0.242 1235.428 0.01625
0.00204 0.00780 0.07249 0.07293 0.15560 0.867 0.217 1235.458 0.01628
0.00205 0.00781 0.07260 0.07305 0.15671 1.368 0.257 1235.488 0.01630
0.00205 0.00783 0.07271 0.07316 0.15782 1.072 0.235 1235.518 0.01633
0.00205 0.00784 0.07282 0.07327 0.15892 0.953 0.225 1235.548 0.01635
0.00206 0.00785 0.07293 0.07338 0.16003 0.893 0.220 1235.578 0.01638
0.00206 0.00786 0.07304 0.07349 0.16114 0.774 0.210 1235.608 0.01640
0.00206 0.00787 0.07315 0.07360 0.16224 0.864 0.218 1235.637 0.01643
0.00206 0.00788 0.07326 0.07371 0.16335 1.156 0.242 1235.667 0.01645
0.00207 0.00790 0.07337 0.07383 0.16446 1.068 0.235 1235.697 0.01647
0.00207 0.00791 0.07348 0.07394 0.16556 0.832 0.215 1235.727 0.01650
0.00207 0.00792 0.07359 0.07405 0.16667 1.128 0.239 1235.757 0.01652
0.00208 0.00793 0.07371 0.07416 0.16778 1.129 0.239 1235.787 0.01655
0.00208 0.00794 0.07382 0.07427 0.16888 1.011 0.230 1235.817 0.01657
0.00208 0.00796 0.07393 0.07438 0.16999 0.982 0.227 1235.847 0.01660
0.00209 0.00797 0.07404 0.07450 0.17110 0.952 0.225 1235.876 0.01662
0.00209 0.00798 0.07415 0.07461 0.17220 0.629 0.195 1235.906 0.01665
0.00209 0.00799 0.07426 0.07472 0.17331 1.068 0.235 1235.936 0.01667
0.00210 0.00800 0.07437 0.07483 0.17442 0.806 0.212 1235.966 0.01670
0.00210 0.00802 0.07448 0.07494 0.17553 1.187 0.244 1235.996 0.01672
0.00210 0.00803 0.07459 0.07505 0.17663 0.983 0.227 1236.026 0.01674
0.00211 0.00804 0.07470 0.07516 0.17774 1.217 0.246 1236.056 0.01677
0.00211 0.00805 0.07481 0.07528 0.17885 0.746 0.206 1236.086 0.01679
0.00211 0.00806 0.07493 0.07539 0.17995 0.898 0.220 1236.115 0.01682
0.00211 0.00808 0.07504 0.07550 0.18106 0.867 0.217 1236.145 0.01684
0.00212 0.00809 0.07515 0.07561 0.18217 1.015 0.230 1236.175 0.01687
0.00212 0.00810 0.07526 0.07572 0.18328 0.955 0.225 1236.205 0.01689
0.00212 0.00811 0.07537 0.07583 0.18438 0.838 0.214 1236.235 0.01692
0.00213 0.00812 0.07548 0.07595 0.18549 1.280 0.250 1236.265 0.01694
0.00213 0.00814 0.07559 0.07606 0.18660 0.926 0.222 1236.295 0.01697
0.00213 0.00815 0.07570 0.07617 0.18771 0.867 0.217 1236.325 0.01699
0.00214 0.00816 0.07581 0.07628 0.18881 1.015 0.230 1236.355 0.01701
0.00214 0.00817 0.07592 0.07639 0.18992 0.926 0.222 1236.384 0.01704
0.00214 0.00818 0.07603 0.07650 0.19103 0.867 0.217 1236.414 0.01706
0.00215 0.00820 0.07614 0.07661 0.19214 1.105 0.237 1236.444 0.01709
0.00215 0.00821 0.07626 0.07673 0.19324 1.045 0.232 1236.474 0.01711
0.00215 0.00822 0.07637 0.07684 0.19435 0.927 0.222 1236.504 0.01714
0.00216 0.00823 0.07648 0.07695 0.19546 0.663 0.197 1236.534 0.01716
0.00216 0.00824 0.07659 0.07706 0.19657 0.836 0.214 1236.564 0.01719
0.00216 0.00825 0.07670 0.07717 0.19768 0.806 0.211 1236.594 0.01721
0.00216 0.00827 0.07681 0.07728 0.19878 0.895 0.219 1236.623 0.01724
0.00217 0.00828 0.07692 0.07740 0.19989 1.043 0.232 1236.653 0.01726
0.00217 0.00829 0.07703 0.07751 0.20100 0.896 0.219 1236.683 0.01729
0.00217 0.00830 0.07714 0.07762 0.20211 1.075 0.234 1236.713 0.01731
0.00218 0.00831 0.07725 0.07773 0.20322 0.984 0.227 1236.743 0.01733
0.00218 0.00833 0.07737 0.07784 0.20432 1.217 0.245 1236.773 0.01736
0.00218 0.00834 0.07748 0.07795 0.20543 1.098 0.236 1236.803 0.01738
0.00219 0.00835 0.07759 0.07807 0.20654 0.922 0.222 1236.833 0.01741
0.00219 0.00836 0.07770 0.07818 0.20765 1.128 0.239 1236.862 0.01743
0.00219 0.00837 0.07781 0.07829 0.20876 0.744 0.206 1236.892 0.01746
0.00220 0.00839 0.07792 0.07840 0.20987 1.100 0.236 1236.922 0.01748
0.00220 0.00840 0.07803 0.07851 0.21097 1.009 0.229 1236.952 0.01751
0.00220 0.00841 0.07814 0.07862 0.21208 0.920 0.222 1236.982 0.01753
0.00221 0.00842 0.07825 0.07874 0.21319 0.803 0.211 1237.012 0.01756
0.00221 0.00843 0.07836 0.07885 0.21430 0.952 0.225 1237.042 0.01758
0.00221 0.00845 0.07848 0.07896 0.21541 0.864 0.217 1237.072 0.01760
0.00221 0.00846 0.07859 0.07907 0.21652 1.184 0.243 1237.101 0.01763
0.00222 0.00847 0.07870 0.07918 0.21762 1.213 0.245 1237.131 0.01765
0.00222 0.00848 0.07881 0.07929 0.21873 0.717 0.203 1237.161 0.01768
0.00222 0.00849 0.07892 0.07941 0.21984 1.127 0.239 1237.191 0.01770
0.00223 0.00851 0.07903 0.07952 0.22095 0.922 0.221 1237.221 0.01773
0.00223 0.00852 0.07914 0.07963 0.22206 0.981 0.227 1237.251 0.01775
0.00223 0.00853 0.07925 0.07974 0.22317 1.097 0.236 1237.281 0.01778
0.00224 0.00854 0.07936 0.07985 0.22428 0.833 0.214 1237.311 0.01780
0.00224 0.00855 0.07947 0.07996 0.22539 0.801 0.211 1237.341 0.01783
0.00224 0.00857 0.07959 0.08008 0.22650 1.125 0.239 1237.370 0.01785
0.00225 0.00858 0.07970 0.08019 0.22760 0.978 0.226 1237.400 0.01788
0.00225 0.00859 0.07981 0.08030 0.22871 1.064 0.234 1237.430 0.01790
0.00225 0.00860 0.07992 0.08041 0.22982 0.743 0.206 1237.460 0.01792
0.00226 0.00861 0.08003 0.08052 0.23093 1.183 0.243 1237.490 0.01795
0.00226 0.00863 0.08014 0.08064 0.23204 0.917 0.221 1237.520 0.01797
0.00226 0.00864 0.08025 0.08075 0.23315 0.627 0.194 1237.550 0.01800
0.00226 0.00865 0.08036 0.08086 0.23426 0.979 0.226 1237.580 0.01802
0.00227 0.00866 0.08047 0.08097 0.23537 1.007 0.229 1237.609 0.01805
0.00227 0.00867 0.08058 0.08108 0.23648 1.188 0.243 1237.639 0.01807
0.00227 0.00868 0.08070 0.08119 0.23759 0.803 0.211 1237.669 0.01810
0.00228 0.00870 0.08081 0.08131 0.23870 1.153 0.240 1237.699 0.01812
0.00228 0.00871 0.08092 0.08142 0.23981 1.005 0.229 1237.729 0.01815
0.00228 0.00872 0.08103 0.08153 0.24092 1.246 0.247 1237.759 0.01817
0.00229 0.00873 0.08114 0.08164 0.24202 0.919 0.221 1237.789 0.01819
0.00229 0.00874 0.08125 0.08175 0.24313 1.215 0.245 1237.819 0.01822
0.00229 0.00876 0.08136 0.08186 0.24424 1.039 0.231 1237.848 0.01824
0.00230 0.00877 0.08147 0.08198 0.24535 0.982 0.226 1237.878 0.01827
0.00230 0.00878 0.08158 0.08209 0.24646 1.154 0.240 1237.908 0.01829
0.00230 0.00879 0.08170 0.08220 0.24757 0.864 0.216 1237.938 0.01832
0.00231 0.00880 0.08181 0.08231 0.24868 1.069 0.234 1237.968 0.01834
0.00231 0.00882 0.08192 0.08242 0.24979 0.862 0.215 1237.998 0.01837
0.00231 0.00883 0.08203 0.08254 0.25090 0.745 0.206 1238.028 0.01839
0.00231 0.00884 0.08214 0.08265 0.25201 1.186 0.243 1238.058 0.01842
0.00232 0.00885 0.08225 0.08276 0.25312 1.037 0.231 1238.087 0.01844
0.00232 0.00886 0.08236 0.08287 0.25423 0.862 0.216 1238.117 0.01847
0.00232 0.00888 0.08247 0.08298 0.25534 1.007 0.229 1238.147 0.01849
0.00233 0.00889 0.08258 0.08309 0.25645 0.949 0.224 1238.177 0.01851
0.00233 0.00890 0.08270 0.08321 0.25756 0.893 0.219 1238.207 0.01854
0.00233 0.00891 0.08281 0.08332 0.25867 0.859 0.216 1238.237 0.01856
0.00234 0.00892 0.08292 0.08343 0.25978 1.067 0.233 1238.267 0.01859
0.00234 0.00894 0.08303 0.08354 0.26089 1.010 0.229 1238.297 0.01861
0.00234 0.00895 0.08314 0.08365 0.26200 1.126 0.238 1238.327 0.01864
0.00235 0.00896 0.08325 0.08377 0.26311 1.127 0.238 1238.356 0.01866
0.00235 0.00897 0.08336 0.08388 0.26422 1.038 0.231 1238.386 0.01869
0.00235 0.00898 0.08347 0.08399 0.26533 0.948 0.224 1238.416 0.01871
0.00236 0.00900 0.08359 0.08410 0.26644 1.010 0.229 1238.446 0.01874
0.00236 0.00901 0.08370 0.08421 0.26755 1.070 0.233 1238.476 0.01876
0.00236 0.00902 0.08381 0.08432 0.26866 1.100 0.235 1238.506 0.01878
0.00236 0.00903 0.08392 0.08444 0.26978 1.069 0.232 1238.536 0.01881
0.00237 0.00904 0.08403 0.08455 0.27089 1.303 0.251 1238.566 0.01883
0.00237 0.00906 0.08414 0.08466 0.27200 1.125 0.238 1238.595 0.01886
0.00237 0.00907 0.08425 0.08477 0.27311 0.630 0.194 1238.625 0.01888
0.00238 0.00908 0.08436 0.08488 0.27422 0.924 0.221 1238.655 0.01891
0.00238 0.00909 0.08448 0.08500 0.27533 0.834 0.213 1238.685 0.01893
0.00238 0.00910 0.08459 0.08511 0.27644 1.071 0.233 1238.715 0.01896
0.00239 0.00912 0.08470 0.08522 0.27755 0.805 0.211 1238.745 0.01898
0.00239 0.00913 0.08481 0.08533 0.27866 1.012 0.228 1238.775 0.01901
0.00239 0.00914 0.08492 0.08544 0.27977 0.892 0.217 1238.805 0.01903
0.00240 0.00915 0.08503 0.08556 0.28088 0.717 0.203 1238.834 0.01905
0.00240 0.00916 0.08514 0.08567 0.28199 0.864 0.215 1238.864 0.01908
0.00240 0.00918 0.08525 0.08578 0.28310 0.949 0.223 1238.894 0.01910
0.00241 0.00919 0.08537 0.08589 0.28422 1.067 0.233 1238.924 0.01913
0.00241 0.00920 0.08548 0.08600 0.28533 0.571 0.187 1238.954 0.01915
0.00241 0.00921 0.08559 0.08612 0.28644 1.010 0.228 1238.984 0.01918
0.00241 0.00922 0.08570 0.08623 0.28755 0.980 0.226 1239.014 0.01920
0.00242 0.00924 0.08581 0.08634 0.28866 1.217 0.244 1239.044 0.01923
0.00242 0.00925 0.08592 0.08645 0.28977 0.981 0.226 1239.073 0.01925
0.00242 0.00926 0.08603 0.08656 0.29088 1.191 0.239 1239.103 0.01928
0.00243 0.00927 0.08614 0.08668 0.29199 0.904 0.221 1239.133 0.01930
0.00243 0.00928 0.08626 0.08679 0.29310 1.045 0.230 1239.163 0.01933
0.00243 0.00930 0.08637 0.08690 0.29422 1.328 0.251 1239.193 0.01935
0.00244 0.00931 0.08648 0.08701 0.29533 1.128 0.238 1239.223 0.01937
0.00244 0.00932 0.08659 0.08712 0.29644 1.283 0.249 1239.253 0.01940
0.00244 0.00933 0.08670 0.08724 0.29755 1.032 0.230 1239.283 0.01942
0.00245 0.00934 0.08681 0.08735 0.29866 0.992 0.228 1239.313 0.01945
0.00245 0.00936 0.08692 0.08746 0.29977 0.871 0.216 1239.342 0.01947
0.00245 0.00937 0.08703 0.08757 0.30089 0.898 0.215 1239.372 0.01950
0.00246 0.00938 0.08715 0.08768 0.30200 0.997 0.225 1239.402 0.01952
0.00246 0.00939 0.08726 0.08780 0.30311 1.098 0.233 1239.432 0.01955
0.00246 0.00940 0.08737 0.08791 0.30422 0.816 0.209 1239.462 0.01957
0.00247 0.00941 0.08748 0.08802 0.30533 0.973 0.223 1239.492 0.01960
0.00247 0.00943 0.08759 0.08813 0.30644 0.956 0.221 1239.522 0.01962
0.00247 0.00944 0.08770 0.08824 0.30756 0.924 0.221 1239.552 0.01964
0.00247 0.00945 0.08781 0.08836 0.30867 0.716 0.202 1239.581 0.01967
0.00248 0.00946 0.08792 0.08847 0.30978 0.920 0.221 1239.611 0.01969
0.00248 0.00947 0.08804 0.08858 0.31089 1.156 0.240 1239.641 0.01972
0.00248 0.00949 0.08815 0.08869 0.31200 1.010 0.228 1239.671 0.01974
0.00249 0.00950 0.08826 0.08880 0.31312 1.039 0.230 1239.701 0.01977
0.00249 0.00951 0.08837 0.08892 0.31423 0.514 0.181 1239.731 0.01979
0.00249 0.00952 0.08848 0.08903 0.31534 0.924 0.221 1239.761 0.01982
0.00250 0.00953 0.08859 0.08914 0.31645 0.864 0.215 1239.791 0.01984
0.00250 0.00955 0.08870 0.08925 0.31756 1.010 0.228 1239.820 0.01987
0.00250 0.00956 0.08882 0.08936 0.31868 0.923 0.221 1239.850 0.01989
0.00251 0.00957 0.08893 0.08948 0.31979 0.660 0.196 1239.880 0.01992
0.00251 0.00958 0.08904 0.08959 0.32090 1.126 0.237 1239.910 0.01994
0.00251 0.00959 0.08915 0.08970 0.32201 1.184 0.242 1239.940 0.01996
0.00252 0.00961 0.08926 0.08981 0.32313 1.299 0.250 1239.970 0.01999
0.00252 0.00962 0.08937 0.08992 0.32424 0.923 0.221 1240.000 0.02001
0.00252 0.00963 0.08948 0.09004 0.32535 1.359 0.254 1240.030 0.02004
0.00252 0.00964 0.08960 0.09015 0.32646 0.977 0.225 1240.059 0.02006
0.00253 0.00965 0.08971 0.09026 0.32758 0.949 0.223 1240.089 0.02009
0.00253 0.00967 0.08982 0.09037 0.32869 0.920 0.221 1240.119 0.02011
0.00253 0.00968 0.08993 0.09048 0.32980 0.859 0.215 1240.149 0.02014
0.00254 0.00969 0.09004 0.09060 0.33091 0.950 0.223 1240.179 0.02016
0.00254 0.00970 0.09015 0.09071 0.33203 1.360 0.255 1240.209 0.02019
0.00254 0.00971 0.09026 0.09082 0.33314 1.213 0.244 1240.239 0.02021
0.00255 0.00973 0.09038 0.09093 0.33425 1.038 0.230 1240.269 0.02023
0.00255 0.00974 0.09049 0.09105 0.33537 0.865 0.215 1240.299 0.02026
0.00255 0.00975 0.09060 0.09116 0.33648 1.009 0.228 1240.328 0.02028
0.00256 0.00976 0.09071 0.09127 0.33759 1.011 0.228 1240.358 0.02031
0.00256 0.00977 0.09082 0.09138 0.33870 0.979 0.225 1240.388 0.02033
0.00256 0.00979 0.09093 0.09149 0.33982 1.300 0.250 1240.418 0.02036
0.00257 0.00980 0.09104 0.09161 0.34093 1.067 0.232 1240.448 0.02038
0.00257 0.00981 0.09116 0.09172 0.34204 0.979 0.226 1240.478 0.02041
0.00257 0.00982 0.09127 0.09183 0.34316 1.241 0.246 1240.508 0.02043
0.00257 0.00983 0.09138 0.09194 0.34427 0.893 0.218 1240.538 0.02046
0.00258 0.00985 0.09149 0.09205 0.34538 1.041 0.230 1240.567 0.02048
0.00258 0.00986 0.09160 0.09217 0.34650 0.952 0.223 1240.597 0.02050
0.00258 0.00987 0.09171 0.09228 0.34761 1.157 0.239 1240.627 0.02053
0.00259 0.00988 0.09182 0.09239 0.34872 0.894 0.217 1240.657 0.02055
0.00259 0.00989 0.09194 0.09250 0.34984 0.892 0.218 1240.687 0.02058
0.00259 0.00991 0.09205 0.09262 0.35095 0.833 0.213 1240.717 0.02060
0.00260 0.00992 0.09216 0.09273 0.35206 0.803 0.210 1240.747 0.02063
0.00260 0.00993 0.09227 0.09284 0.35318 0.806 0.209 1240.777 0.02065
0.00260 0.00994 0.09238 0.09295 0.35429 1.128 0.237 1240.806 0.02068
0.00261 0.00995 0.09249 0.09306 0.35540 0.922 0.220 1240.836 0.02070
0.00261 0.00997 0.09260 0.09318 0.35652 1.008 0.227 1240.866 0.02073
0.00261 0.00998 0.09272 0.09329 0.35763 0.805 0.210 1240.896 0.02075
0.00262 0.00999 0.09283 0.09340 0.35874 0.950 0.223 1240.926 0.02078
0.00262 0.01000 0.09294 0.09351 0.35986 0.863 0.215 1240.956 0.02080
0.00262 0.01001 0.09305 0.09362 0.36097 1.097 0.235 1240.986 0.02082
0.00263 0.01003 0.09316 0.09374 0.36209 1.273 0.248 1241.016 0.02085
0.00263 0.01004 0.09327 0.09385 0.36320 1.041 0.230 1241.045 0.02087
0.00263 0.01005 0.09339 0.09396 0.36431 0.867 0.215 1241.075 0.02090
0.00263 0.01006 0.09350 0.09407 0.36543 0.688 0.199 1241.105 0.02092
0.00264 0.01007 0.09361 0.09419 0.36654 0.979 0.225 1241.135 0.02095
0.00264 0.01009 0.09372 0.09430 0.36766 1.066 0.233 1241.165 0.02097
0.00264 0.01010 0.09383 0.09441 0.36877 0.918 0.221 1241.195 0.02100
0.00265 0.01011 0.09394 0.09452 0.36988 0.981 0.225 1241.225 0.02102
0.00265 0.01012 0.09405 0.09463 0.37100 0.862 0.215 1241.255 0.02105
0.00265 0.01013 0.09417 0.09475 0.37211 1.010 0.227 1241.285 0.02107
0.00266 0.01015 0.09428 0.09486 0.37323 1.156 0.239 1241.314 0.02109
0.00266 0.01016 0.09439 0.09497 0.37434 1.271 0.248 1241.344 0.02112
0.00266 0.01017 0.09450 0.09508 0.37545 1.039 0.230 1241.374 0.02114
0.00267 0.01018 0.09461 0.09520 0.37657 0.922 0.220 1241.404 0.02117
0.00267 0.01019 0.09472 0.09531 0.37768 1.272 0.248 1241.434 0.02119
0.00267 0.01021 0.09484 0.09542 0.37880 1.418 0.258 1241.464 0.02122
0.00268 0.01022 0.09495 0.09553 0.37991 1.269 0.248 1241.494 0.02124
0.00268 0.01023 0.09506 0.09565 0.38103 1.199 0.241 1241.524 0.02127
0.00268 0.01024 0.09517 0.09576 0.38214 1.132 0.237 1241.553 0.02129
0.00268 0.01025 0.09528 0.09587 0.38326 0.918 0.218 1241.583 0.02132
0.00269 0.01027 0.09539 0.09598 0.38437 0.975 0.223 1241.613 0.02134
0.00269 0.01028 0.09551 0.09609 0.38549 1.072 0.232 1241.643 0.02137
0.00269 0.01029 0.09562 0.09621 0.38660 1.310 0.269 1241.673 0.02139
0.00270 0.01030 0.09573 0.09632 0.38771 0.817 0.209 1241.703 0.02141
0.00270 0.01031 0.09584 0.09643 0.38883 0.886 0.215 1241.733 0.02144
0.00270 0.01033 0.09595 0.09654 0.38994 1.091 0.249 1241.763 0.02146
0.00271 0.01034 0.09606 0.09666 0.39106 1.235 0.245 1241.792 0.02149
0.00271 0.01035 0.09618 0.09677 0.39217 1.052 0.230 1241.822 0.02151
0.00271 0.01036 0.09629 0.09688 0.39329 1.152 0.239 1241.852 0.02154
0.00272 0.01037 0.09640 0.09699 0.39440 1.048 0.230 1241.882 0.02156
0.00272 0.01039 0.09651 0.09711 0.39552 0.987 0.225 1241.912 0.02159
0.00272 0.01040 0.09662 0.09722 0.39663 0.916 0.217 1241.942 0.02161
0.00273 0.01041 0.09673 0.09733 0.39775 0.726 0.202 1241.972 0.02164
0.00273 0.01042 0.09685 0.09744 0.39886 1.188 0.241 1242.002 0.02166
0.00273 0.01043 0.09696 0.09755 0.39998 0.729 0.202 1242.031 0.02168
0.00274 0.01045 0.09707 0.09767 0.40109 0.870 0.215 1242.061 0.02171
0.00274 0.01046 0.09718 0.09778 0.40221 0.952 0.223 1242.091 0.02173
0.00274 0.01047 0.09729 0.09789 0.40332 1.214 0.243 1242.121 0.02176
0.00274 0.01048 0.09740 0.09800 0.40444 1.124 0.237 1242.151 0.02178
0.00275 0.01050 0.09752 0.09812 0.40556 0.801 0.210 1242.181 0.02181
0.00275 0.01051 0.09763 0.09823 0.40667 0.977 0.225 1242.211 0.02183
0.00275 0.01052 0.09774 0.09834 0.40779 0.830 0.212 1242.241 0.02186
0.00276 0.01053 0.09785 0.09845 0.40890 0.919 0.220 1242.271 0.02188
0.00276 0.01054 0.09796 0.09857 0.41002 1.181 0.241 1242.300 0.02191
0.00276 0.01056 0.09807 0.09868 0.41113 1.062 0.232 1242.330 0.02193
0.00277 0.01057 0.09819 0.09879 0.41225 0.916 0.220 1242.360 0.02196
0.00277 0.01058 0.09830 0.09890 0.41336 0.771 0.207 1242.390 0.02198
0.00277 0.01059 0.09841 0.09902 0.41448 0.744 0.204 1242.420 0.02200
0.00278 0.01060 0.09852 0.09913 0.41560 0.804 0.210 1242.450 0.02203
0.00278 0.01062 0.09863 0.09924 0.41671 1.037 0.230 1242.480 0.02205
0.00278 0.01063 0.09874 0.09935 0.41783 1.004 0.227 1242.510 0.02208
0.00279 0.01064 0.09886 0.09947 0.41894 1.010 0.227 1242.539 0.02210
0.00279 0.01065 0.09897 0.09958 0.42006 0.773 0.207 1242.569 0.02213
0.00279 0.01066 0.09908 0.09969 0.42117 0.860 0.214 1242.599 0.02215
0.00280 0.01068 0.09919 0.09980 0.42229 1.124 0.236 1242.629 0.02218
0.00280 0.01069 0.09930 0.09992 0.42341 0.596 0.189 1242.659 0.02220
0.00280 0.01070 0.09941 0.10003 0.42452 0.919 0.220 1242.689 0.02223
0.00280 0.01071 0.09953 0.10014 0.42564 0.889 0.218 1242.719 0.02225
0.00281 0.01072 0.09964 0.10025 0.42675 0.774 0.207 1242.749 0.02227
0.00281 0.01074 0.09975 0.10036 0.42787 1.241 0.245 1242.778 0.02230
0.00281 0.01075 0.09986 0.10048 0.42899 1.126 0.237 1242.808 0.02232
0.00282 0.01076 0.09997 0.10059 0.43010 0.978 0.225 1242.838 0.02235
0.00282 0.01077 0.10008 0.10070 0.43122 0.863 0.215 1242.868 0.02237
0.00282 0.01078 0.10020 0.10081 0.43234 0.804 0.210 1242.898 0.02240
0.00283 0.01080 0.10031 0.10093 0.43345 1.011 0.227 1242.928 0.02242
0.00283 0.01081 0.10042 0.10104 0.43457 0.833 0.212 1242.958 0.02245
0.00283 0.01082 0.10053 0.10115 0.43569 1.184 0.241 1242.988 0.02247
0.00284 0.01083 0.10064 0.10126 0.43680 0.831 0.212 1243.017 0.02250
0.00284 0.01084 0.10076 0.10138 0.43792 0.864 0.215 1243.047 0.02252
0.00284 0.01086 0.10087 0.10149 0.43903 1.154 0.238 1243.077 0.02254
0.00285 0.01087 0.10098 0.10160 0.44015 0.949 0.222 1243.107 0.02257
0.00285 0.01088 0.10109 0.10171 0.44127 1.183 0.240 1243.137 0.02259
0.00285 0.01089 0.10120 0.10183 0.44238 1.010 0.227 1243.167 0.02262
0.00285 0.01090 0.10131 0.10194 0.44350 0.805 0.209 1243.197 0.02264
0.00286 0.01092 0.10143 0.10205 0.44462 0.661 0.195 1243.227 0.02267
0.00286 0.01093 0.10154 0.10216 0.44574 0.778 0.207 1243.257 0.02269
0.00286 0.01094 0.10165 0.10228 0.44685 1.187 0.241 1243.286 0.02272
0.00287 0.01095 0.10176 0.10239 0.44797 1.448 0.260 1243.316 0.02274
0.00287 0.01096 0.10187 0.10250 0.44909 1.099 0.233 1243.346 0.02277
0.00287 0.01098 0.10199 0.10261 0.45020 1.069 0.232 1243.376 0.02279
0.00288 0.01099 0.10210 0.10273 0.45132 0.949 0.222 1243.406 0.02282
0.00288 0.01100 0.10221 0.10284 0.45244 0.806 0.210 1243.436 0.02284
0.00288 0.01101 0.10232 0.10295 0.45355 1.243 0.245 1243.466 0.02286
0.00289 0.01102 0.10243 0.10307 0.45467 1.069 0.232 1243.496 0.02289
0.00289 0.01104 0.10254 0.10318 0.45579 0.918 0.220 1243.525 0.02291
0.00289 0.01105 0.10266 0.10329 0.45691 1.068 0.231 1243.555 0.02294
0.00290 0.01106 0.10277 0.10340 0.45802 0.894 0.217 1243.585 0.02296
0.00290 0.01107 0.10288 0.10352 0.45914 1.127 0.236 1243.615 0.02299
0.00290 0.01108 0.10299 0.10363 0.46026 0.835 0.212 1243.645 0.02301
0.00291 0.01110 0.10310 0.10374 0.46137 0.952 0.222 1243.675 0.02304
0.00291 0.01111 0.10322 0.10385 0.46249 1.095 0.234 1243.705 0.02306
0.00291 0.01112 0.10333 0.10397 0.46361 0.922 0.220 1243.735 0.02309
0.00291 0.01113 0.10344 0.10408 0.46473 0.981 0.224 1243.764 0.02311
0.00292 0.01114 0.10355 0.10419 0.46584 0.864 0.213 1243.794 0.02313
0.00292 0.01116 0.10366 0.10430 0.46696 1.098 0.234 1243.824 0.02316
0.00292 0.01117 0.10378 0.10442 0.46808 1.154 0.238 1243.854 0.02318
0.00293 0.01118 0.10389 0.10453 0.46920 0.921 0.219 1243.884 0.02321
0.00293 0.01119 0.10400 0.10464 0.47031 0.952 0.222 1243.914 0.02323
0.00293 0.01120 0.10411 0.10475 0.47143 1.097 0.234 1243.944 0.02326
0.00294 0.01122 0.10422 0.10487 0.47255 0.776 0.207 1243.974 0.02328
0.00294 0.01123 0.10434 0.10498 0.47367 1.011 0.226 1244.003 0.02331
0.00294 0.01124 0.10445 0.10509 0.47479 0.978 0.224 1244.033 0.02333
0.00295 0.01125 0.10456 0.10520 0.47590 1.128 0.236 1244.063 0.02336
0.00295 0.01127 0.10467 0.10532 0.47702 0.951 0.222 1244.093 0.02338
0.00295 0.01128 0.10478 0.10543 0.47814 1.098 0.234 1244.123 0.02341
0.00296 0.01129 0.10489 0.10554 0.47926 1.157 0.239 1244.153 0.02343
0.00296 0.01130 0.10501 0.10565 0.48038 1.099 0.234 1244.183 0.02345
0.00296 0.01131 0.10512 0.10577 0.48149 0.834 0.212 1244.213 0.02348
0.00297 0.01133 0.10523 0.10588 0.48261 1.211 0.243 1244.243 0.02350
0.00297 0.01134 0.10534 0.10599 0.48373 0.950 0.222 1244.272 0.02353
0.00297 0.01135 0.10545 0.10611 0.48485 1.183 0.241 1244.302 0.02355
0.00297 0.01136 0.10557 0.10622 0.48597 0.891 0.217 1244.332 0.02358
0.00298 0.01137 0.10568 0.10633 0.48708 0.953 0.221 1244.362 0.02360
0.00298 0.01139 0.10579 0.10644 0.48820 1.070 0.231 1244.392 0.02363
0.00298 0.01140 0.10590 0.10656 0.48932 1.276 0.247 1244.422 0.02365
0.00299 0.01141 0.10601 0.10667 0.49044 1.362 0.254 1244.452 0.02368
0.00299 0.01142 0.10613 0.10678 0.49156 1.070 0.232 1244.482 0.02370
0.00299 0.01143 0.10624 0.10689 0.49268 0.923 0.219 1244.511 0.02372
0.00300 0.01145 0.10635 0.10701 0.49379 0.865 0.215 1244.541 0.02375
0.00300 0.01146 0.10646 0.10712 0.49491 1.129 0.236 1244.571 0.02377
0.00300 0.01147 0.10657 0.10723 0.49603 1.158 0.237 1244.601 0.02380
0.00301 0.01148 0.10669 0.10734 0.49715 0.663 0.195 1244.631 0.02382
0.00301 0.01149 0.10680 0.10746 0.49827 0.955 0.222 1244.661 0.02385
0.00301 0.01151 0.10691 0.10757 0.49939 1.009 0.227 1244.691 0.02387
0.00302 0.01152 0.10702 0.10768 0.50051 1.014 0.227 1244.721 0.02390
0.00302 0.01153 0.10713 0.10780 0.50163 0.953 0.222 1244.750 0.02392
0.00302 0.01154 0.10725 0.10791 0.50274 0.980 0.225 1244.780 0.02395
0.00303 0.01155 0.10736 0.10802 0.50386 1.064 0.231 1244.810 0.02397
0.00303 0.01157 0.10747 0.10813 0.50498 1.185 0.241 1244.840 0.02400
0.00303 0.01158 0.10758 0.10825 0.50610 1.184 0.241 1244.870 0.02402
0.00303 0.01159 0.10769 0.10836 0.50722 0.744 0.203 1244.900 0.02404
0.00304 0.01160 0.10781 0.10847 0.50834 0.747 0.203 1244.930 0.02407
0.00304 0.01161 0.10792 0.10858 0.50946 0.891 0.217 1244.960 0.02409
0.00304 0.01163 0.10803 0.10870 0.51058 0.948 0.220 1244.989 0.02412
0.00305 0.01164 0.10814 0.10881 0.51170 0.921 0.219 1245.019 0.02414
0.00305 0.01165 0.10826 0.10892 0.51282 1.272 0.247 1245.049 0.02417
0.00305 0.01166 0.10837 0.10904 0.51393 0.976 0.224 1245.079 0.02419
0.00306 0.01168 0.10848 0.10915 0.51505 1.618 0.271 1245.109 0.02422
0.00306 0.01169 0.10859 0.10926 0.51617 0.889 0.217 1245.139 0.02424
0.00306 0.01170 0.10870 0.10937 0.51729 1.094 0.234 1245.169 0.02427
0.00307 0.01171 0.10882 0.10949 0.51841 0.863 0.214 1245.199 0.02429
0.00307 0.01172 0.10893 0.10960 0.51953 1.067 0.231 1245.229 0.02431
0.00307 0.01174 0.10904 0.10971 0.52065 0.772 0.207 1245.258 0.02434
0.00308 0.01175 0.10915 0.10983 0.52177 1.154 0.238 1245.288 0.02436
0.00308 0.01176 0.10926 0.10994 0.52289 0.894 0.217 1245.318 0.02439
0.00308 0.01177 0.10938 0.11005 0.52401 1.327 0.251 1245.348 0.02441
0.00309 0.01178 0.10949 0.11016 0.52513 1.067 0.231 1245.378 0.02444
0.00309 0.01180 0.10960 0.11028 0.52625 1.007 0.227 1245.408 0.02446
0.00309 0.01181 0.10971 0.11039 0.52737 0.947 0.222 1245.438 0.02449
0.00309 0.01182 0.10982 0.11050 0.52849 0.888 0.217 1245.468 0.02451
0.00310 0.01183 0.10994 0.11061 0.52961 0.947 0.222 1245.497 0.02454
0.00310 0.01184 0.11005 0.11073 0.53073 0.919 0.220 1245.527 0.02456
0.00310 0.01186 0.11016 0.11084 0.53185 1.065 0.231 1245.557 0.02458
0.00311 0.01187 0.11027 0.11095 0.53297 1.005 0.227 1245.587 0.02461
0.00311 0.01188 0.11039 0.11107 0.53409 1.238 0.245 1245.617 0.02463
0.00311 0.01189 0.11050 0.11118 0.53521 1.326 0.251 1245.647 0.02466
0.00312 0.01190 0.11061 0.11129 0.53633 1.238 0.245 1245.677 0.02468
0.00312 0.01192 0.11072 0.11140 0.53745 0.888 0.217 1245.707 0.02471
0.00312 0.01193 0.11083 0.11152 0.53857 0.947 0.222 1245.736 0.02473
0.00313 0.01194 0.11095 0.11163 0.53969 1.095 0.234 1245.766 0.02476
0.00313 0.01195 0.11106 0.11174 0.54081 0.715 0.201 1245.796 0.02478
0.00313 0.01196 0.11117 0.11186 0.54193 0.891 0.217 1245.826 0.02481
0.00314 0.01198 0.11128 0.11197 0.54305 0.804 0.209 1245.856 0.02483
0.00314 0.01199 0.11139 0.11208 0.54417 1.094 0.234 1245.886 0.02486
0.00314 0.01200 0.11151 0.11219 0.54529 1.096 0.234 1245.916 0.02488
0.00315 0.01201 0.11162 0.11231 0.54641 0.745 0.204 1245.946 0.02490
0.00315 0.01203 0.11173 0.11242 0.54753 1.184 0.240 1245.975 0.02493
0.00315 0.01204 0.11184 0.11253 0.54865 0.829 0.211 1246.005 0.02495
0.00315 0.01205 0.11196 0.11265 0.54977 0.977 0.224 1246.035 0.02498
0.00316 0.01206 0.11207 0.11276 0.55089 0.655 0.195 1246.065 0.02500
0.00316 0.01207 0.11218 0.11287 0.55201 0.832 0.212 1246.095 0.02503
0.00316 0.01209 0.11229 0.11299 0.55313 0.747 0.203 1246.125 0.02505
0.00317 0.01210 0.11240 0.11310 0.55425 0.837 0.212 1246.155 0.02508
0.00317 0.01211 0.11252 0.11321 0.55537 0.978 0.224 1246.185 0.02510
0.00317 0.01212 0.11263 0.11332 0.55649 1.151 0.238 1246.215 0.02513
0.00318 0.01213 0.11274 0.11344 0.55762 0.831 0.212 1246.244 0.02515
0.00318 0.01215 0.11285 0.11355 0.55874 1.096 0.233 1246.274 0.02517
0.00318 0.01216 0.11297 0.11366 0.55986 0.919 0.219 1246.304 0.02520
0.00319 0.01217 0.11308 0.11378 0.56098 0.568 0.186 1246.334 0.02522
0.00319 0.01218 0.11319 0.11389 0.56210 1.208 0.242 1246.364 0.02525
0.00319 0.01219 0.11330 0.11400 0.56322 0.890 0.216 1246.394 0.02527
0.00320 0.01221 0.11341 0.11411 0.56434 0.976 0.224 1246.424 0.02530
0.00320 0.01222 0.11353 0.11423 0.56546 1.123 0.236 1246.454 0.02532
0.00320 0.01223 0.11364 0.11434 0.56658 1.003 0.227 1246.483 0.02535
0.00321 0.01224 0.11375 0.11445 0.56770 0.800 0.209 1246.513 0.02537
0.00321 0.01225 0.11386 0.11457 0.56883 1.064 0.231 1246.543 0.02540
0.00321 0.01227 0.11398 0.11468 0.56995 1.006 0.227 1246.573 0.02542
0.00321 0.01228 0.11409 0.11479 0.57107 1.267 0.247 1246.603 0.02545
0.00322 0.01229 0.11420 0.11490 0.57219 0.945 0.222 1246.633 0.02547
0.00322 0.01230 0.11431 0.11502 0.57331 1.182 0.240 1246.663 0.02549
0.00322 0.01231 0.11442 0.11513 0.57443 0.770 0.206 1246.693 0.02552
0.00323 0.01233 0.11454 0.11524 0.57555 0.892 0.217 1246.722 0.02554
0.00323 0.01234 0.11465 0.11536 0.57667 1.093 0.233 1246.752 0.02557
0.00323 0.01235 0.11476 0.11547 0.57780 1.094 0.233 1246.782 0.02559
0.00324 0.01236 0.11487 0.11558 0.57892 0.947 0.221 1246.812 0.02562
0.00324 0.01238 0.11499 0.11570 0.58004 0.978 0.224 1246.842 0.02564
0.00324 0.01239 0.11510 0.11581 0.58116 0.832 0.211 1246.872 0.02567
0.00325 0.01240 0.11521 0.11592 0.58228 0.921 0.219 1246.902 0.02569
0.00325 0.01241 0.11532 0.11603 0.58340 1.182 0.240 1246.932 0.02572
0.00325 0.01242 0.11544 0.11615 0.58453 0.977 0.224 1246.961 0.02574
0.00326 0.01244 0.11555 0.11626 0.58565 1.299 0.248 1246.991 0.02576
0.00326 0.01245 0.11566 0.11637 0.58677 1.415 0.257 1247.021 0.02579
0.00326 0.01246 0.11577 0.11649 0.58789 1.065 0.231 1247.051 0.02581
0.00327 0.01247 0.11589 0.11660 0.58901 1.181 0.240 1247.081 0.02584
0.00327 0.01248 0.11600 0.11671 0.59013 1.300 0.249 1247.111 0.02586
0.00327 0.01250 0.11611 0.11683 0.59126 1.093 0.233 1247.141 0.02589
0.00327 0.01251 0.11622 0.11694 0.59238 1.036 0.229 1247.171 0.02591
0.00328 0.01252 0.11633 0.11705 0.59350 0.833 0.212 1247.201 0.02594
0.00328 0.01253 0.11645 0.11717 0.59462 0.859 0.214 1247.230 0.02596
0.00328 0.01254 0.11656 0.11728 0.59575 0.950 0.221 1247.260 0.02599
0.00329 0.01256 0.11667 0.11739 0.59687 1.182 0.240 1247.290 0.02601
0.00329 0.01257 0.11678 0.11750 0.59799 1.070 0.231 1247.320 0.02604
0.00329 0.01258 0.11690 0.11762 0.59911 1.095 0.233 1247.350 0.02606
0.00330 0.01259 0.11701 0.11773 0.60023 1.183 0.240 1247.380 0.02608
0.00330 0.01261 0.11712 0.11784 0.60136 1.140 0.236 1247.410 0.02611
0.00330 0.01262 0.11723 0.11796 0.60248 0.961 0.221 1247.440 0.02613
0.00331 0.01263 0.11735 0.11807 0.60360 0.931 0.221 1247.469 0.02616
0.00331 0.01264 0.11746 0.11818 0.60472 1.341 0.253 1247.499 0.02618
0.00331 0.01265 0.11757 0.11830 0.60585 1.037 0.228 1247.529 0.02621
0.00332 0.01267 0.11768 0.11841 0.60697 1.299 0.248 1247.559 0.02623
0.00332 0.01268 0.11780 0.11852 0.60809 1.012 0.226 1247.589 0.02626
0.00332 0.01269 0.11791 0.11864 0.60921 0.907 0.216 1247.619 0.02628
0.00333 0.01270 0.11802 0.11875 0.61034 0.914 0.219 1247.649 0.02631
0.00333 0.01271 0.11813 0.11886 0.61146 0.913 0.215 1247.679 0.02633
0.00333 0.01273 0.11825 0.11897 0.61258 1.085 0.230 1247.708 0.02635
0.00334 0.01274 0.11836 0.11909 0.61370 1.374 0.255 1247.738 0.02638
0.00334 0.01275 0.11847 0.11920 0.61483 1.021 0.226 1247.768 0.02640
0.00334 0.01276 0.11858 0.11931 0.61595 1.242 0.243 1247.798 0.02643
0.00334 0.01277 0.11869 0.11943 0.61707 1.135 0.235 1247.828 0.02645
0.00335 0.01279 0.11881 0.11954 0.61820 1.016 0.226 1247.858 0.02648
0.00335 0.01280 0.11892 0.11965 0.61932 0.986 0.224 1247.888 0.02650
0.00335 0.01281 0.11903 0.11977 0.62044 0.945 0.221 1247.918 0.02653
0.00336 0.01282 0.11914 0.11988 0.62156 1.091 0.232 1247.947 0.02655
0.00336 0.01283 0.11926 0.11999 0.62269 1.062 0.230 1247.977 0.02658
0.00336 0.01285 0.11937 0.12011 0.62381 0.888 0.215 1248.007 0.02660
0.00337 0.01286 0.11948 0.12022 0.62493 0.856 0.214 1248.037 0.02662
0.00337 0.01287 0.11959 0.12033 0.62606 1.120 0.235 1248.067 0.02665
0.00337 0.01288 0.11971 0.12045 0.62718 0.944 0.221 1248.097 0.02667
0.00338 0.01290 0.11982 0.12056 0.62830 1.237 0.244 1248.127 0.02670
0.00338 0.01291 0.11993 0.12067 0.62943 1.033 0.228 1248.157 0.02672
0.00338 0.01292 0.12004 0.12078 0.63055 1.206 0.242 1248.187 0.02675
0.00339 0.01293 0.12016 0.12090 0.63167 1.089 0.233 1248.216 0.02677
0.00339 0.01294 0.12027 0.12101 0.63280 0.710 0.198 1248.246 0.02680
0.00339 0.01296 0.12038 0.12112 0.63392 1.263 0.246 1248.276 0.02682
0.00340 0.01297 0.12049 0.12124 0.63504 0.709 0.200 1248.306 0.02685
0.00340 0.01298 0.12061 0.12135 0.63617 1.121 0.235 1248.336 0.02687
0.00340 0.01299 0.12072 0.12146 0.63729 1.028 0.228 1248.366 0.02690
0.00340 0.01300 0.12083 0.12158 0.63841 0.769 0.205 1248.396 0.02692
0.00341 0.01302 0.12094 0.12169 0.63954 0.971 0.224 1248.426 0.02694
0.00341 0.01303 0.12106 0.12180 0.64066 0.795 0.207 1248.455 0.02697
0.00341 0.01304 0.12117 0.12192 0.64179 1.034 0.228 1248.485 0.02699
0.00342 0.01305 0.12128 0.12203 0.64291 1.033 0.228 1248.515 0.02702
0.00342 0.01307 0.12139 0.12214 0.64403 1.146 0.237 1248.545 0.02704
0.00342 0.01308 0.12151 0.12226 0.64516 0.944 0.221 1248.575 0.02707
0.00343 0.01309 0.12162 0.12237 0.64628 0.887 0.216 1248.605 0.02709
0.00343 0.01310 0.12173 0.12248 0.64741 0.946 0.221 1248.635 0.02712
0.00343 0.01311 0.12184 0.12260 0.64853 0.741 0.203 1248.665 0.02714
0.00344 0.01313 0.12196 0.12271 0.64965 1.208 0.241 1248.694 0.02717
0.00344 0.01314 0.12207 0.12282 0.65078 0.886 0.215 1248.724 0.02719
0.00344 0.01315 0.12218 0.12294 0.65190 1.235 0.244 1248.754 0.02721
0.00345 0.01316 0.12229 0.12305 0.65303 0.799 0.208 1248.784 0.02724
0.00345 0.01317 0.12241 0.12316 0.65415 1.090 0.233 1248.814 0.02726
0.00345 0.01319 0.12252 0.12328 0.65527 1.091 0.233 1248.844 0.02729
0.00346 0.01320 0.12263 0.12339 0.65640 0.914 0.218 1248.874 0.02731
0.00346 0.01321 0.12275 0.12350 0.65752 1.005 0.226 1248.904 0.02734
0.00346 0.01322 0.12286 0.12362 0.65865 0.744 0.203 1248.933 0.02736
0.00347 0.01323 0.12297 0.12373 0.65977 0.713 0.199 1248.963 0.02739
0.00347 0.01325 0.12308 0.12384 0.66090 0.887 0.216 1248.993 0.02741
0.00347 0.01326 0.12320 0.12396 0.66202 1.093 0.232 1249.023 0.02744
0.00347 0.01327 0.12331 0.12407 0.66314 1.207 0.241 1249.053 0.02746
0.00348 0.01328 0.12342 0.12418 0.66427 1.152 0.237 1249.083 0.02749
0.00348 0.01330 0.12353 0.12430 0.66539 1.005 0.225 1249.113 0.02751
0.00348 0.01331 0.12365 0.12441 0.66652 1.034 0.228 1249.143 0.02753
0.00349 0.01332 0.12376 0.12452 0.66764 0.890 0.216 1249.173 0.02756
0.00349 0.01333 0.12387 0.12464 0.66877 1.211 0.241 1249.202 0.02758
0.00349 0.01334 0.12398 0.12475 0.66989 0.893 0.215 1249.232 0.02761
0.00350 0.01336 0.12410 0.12486 0.67102 0.977 0.223 1249.262 0.02763
0.00350 0.01337 0.12421 0.12498 0.67214 0.773 0.205 1249.292 0.02766
0.00350 0.01338 0.12432 0.12509 0.67327 0.948 0.221 1249.322 0.02768
0.00351 0.01339 0.12443 0.12520 0.67439 0.946 0.221 1249.352 0.02771
0.00351 0.01340 0.12455 0.12532 0.67552 0.918 0.218 1249.382 0.02773
0.00351 0.01342 0.12466 0.12543 0.67664 1.063 0.230 1249.412 0.02776
0.00352 0.01343 0.12477 0.12554 0.67777 1.243 0.243 1249.441 0.02778
0.00352 0.01344 0.12488 0.12566 0.67889 0.858 0.213 1249.471 0.02780
0.00352 0.01345 0.12500 0.12577 0.68002 0.976 0.223 1249.501 0.02783
0.00353 0.01346 0.12511 0.12588 0.68114 1.124 0.234 1249.531 0.02785
0.00353 0.01348 0.12522 0.12600 0.68227 1.065 0.229 1249.561 0.02788
0.00353 0.01349 0.12534 0.12611 0.68339 0.917 0.218 1249.591 0.02790
0.00353 0.01350 0.12545 0.12622 0.68452 0.917 0.218 1249.621 0.02793
0.00354 0.01351 0.12556 0.12634 0.68564 0.976 0.223 1249.651 0.02795
0.00354 0.01353 0.12567 0.12645 0.68677 1.061 0.229 1249.680 0.02798
0.00354 0.01354 0.12579 0.12656 0.68789 0.859 0.213 1249.710 0.02800
0.00355 0.01355 0.12590 0.12668 0.68902 0.977 0.222 1249.740 0.02803
0.00355 0.01356 0.12601 0.12679 0.69014 1.148 0.236 1249.770 0.02805
0.00355 0.01357 0.12612 0.12690 0.69127 1.297 0.247 1249.800 0.02808
0.00356 0.01359 0.12624 0.12702 0.69240 1.003 0.225 1249.830 0.02810
0.00356 0.01360 0.12635 0.12713 0.69352 1.092 0.232 1249.860 0.02812
0.00356 0.01361 0.12646 0.12724 0.69465 1.149 0.234 1249.890 0.02815
0.00357 0.01362 0.12658 0.12736 0.69577 1.132 0.234 1249.919 0.02817
0.00357 0.01363 0.12669 0.12747 0.69690 1.230 0.243 1249.949 0.02820
0.00357 0.01365 0.12680 0.12758 0.69802 0.923 0.217 1249.979 0.02822
0.00358 0.01366 0.12691 0.12770 0.69915 1.042 0.227 1250.009 0.02825
0.00358 0.01367 0.12703 0.12781 0.70027 0.957 0.220 1250.039 0.02827
0.00358 0.01368 0.12714 0.12792 0.70140 1.398 0.255 1250.069 0.02830
0.00359 0.01370 0.12725 0.12804 0.70253 1.031 0.227 1250.099 0.02832
0.00359 0.01371 0.12736 0.12815 0.70365 0.912 0.215 1250.129 0.02835
0.00359 0.01372 0.12748 0.12826 0.70478 1.136 0.236 1250.158 0.02837
0.00360 0.01373 0.12759 0.12838 0.70590 1.167 0.238 1250.188 0.02839
0.00360 0.01374 0.12770 0.12849 0.70703 0.832 0.210 1250.218 0.02842
0.00360 0.01376 0.12782 0.12860 0.70816 0.971 0.222 1250.248 0.02844
0.00360 0.01377 0.12793 0.12872 0.70928 0.994 0.222 1250.278 0.02847
0.00361 0.01378 0.12804 0.12883 0.71041 0.853 0.213 1250.308 0.02849
0.00361 0.01379 0.12815 0.12894 0.71153 0.840 0.209 1250.338 0.02852
0.00361 0.01380 0.12827 0.12906 0.71266 0.743 0.201 1250.368 0.02854
0.00362 0.01382 0.12838 0.12917 0.71379 0.664 0.193 1250.398 0.02857
0.00362 0.01383 0.12849 0.12928 0.71491 0.700 0.196 1250.427 0.02859
0.00362 0.01384 0.12860 0.12940 0.71604 0.684 0.196 1250.457 0.02862
0.00363 0.01385 0.12872 0.12951 0.71717 0.564 0.184 1250.487 0.02864
0.00363 0.01387 0.12883 0.12962 0.71829 0.508 0.178 1250.517 0.02866
0.00363 0.01388 0.12894 0.12974 0.71942 0.800 0.207 1250.547 0.02869
0.00364 0.01389 0.12906 0.12985 0.72055 0.942 0.220 1250.577 0.02871
0.00364 0.01390 0.12917 0.12997 0.72167 0.827 0.209 1250.607 0.02874
0.00364 0.01391 0.12928 0.13008 0.72280 0.593 0.187 1250.637 0.02876
0.00365 0.01393 0.12939 0.13019 0.72393 1.116 0.233 1250.666 0.02879
0.00365 0.01394 0.12951 0.13031 0.72505 0.857 0.212 1250.696 0.02881
0.00365 0.01395 0.12962 0.13042 0.72618 0.884 0.214 1250.726 0.02884
0.00366 0.01396 0.12973 0.13053 0.72731 0.887 0.214 1250.756 0.02886
0.00366 0.01397 0.12985 0.13065 0.72843 1.292 0.246 1250.786 0.02889
0.00366 0.01399 0.12996 0.13076 0.72956 1.061 0.229 1250.816 0.02891
0.00367 0.01400 0.13007 0.13087 0.73069 0.942 0.219 1250.846 0.02894
0.00367 0.01401 0.13018 0.13099 0.73181 0.830 0.209 1250.876 0.02896
0.00367 0.01402 0.13030 0.13110 0.73294 1.091 0.231 1250.905 0.02898
0.00367 0.01404 0.13041 0.13121 0.73407 1.062 0.228 1250.935 0.02901
0.00368 0.01405 0.13052 0.13133 0.73519 1.032 0.226 1250.965 0.02903
0.00368 0.01406 0.13064 0.13144 0.73632 0.973 0.222 1250.995 0.02906
0.00368 0.01407 0.13075 0.13155 0.73745 0.946 0.219 1251.025 0.02908
0.00369 0.01408 0.13086 0.13167 0.73858 0.918 0.217 1251.055 0.02911
0.00369 0.01410 0.13097 0.13178 0.73970 0.715 0.199 1251.085 0.02913
0.00369 0.01411 0.13109 0.13190 0.74083 0.973 0.222 1251.115 0.02916
0.00370 0.01412 0.13120 0.13201 0.74196 0.917 0.217 1251.144 0.02918
0.00370 0.01413 0.13131 0.13212 0.74308 0.916 0.217 1251.174 0.02921
0.00370 0.01414 0.13143 0.13224 0.74421 0.919 0.216 1251.204 0.02923
0.00371 0.01416 0.13154 0.13235 0.74534 0.887 0.214 1251.234 0.02925
0.00371 0.01417 0.13165 0.13246 0.74647 1.061 0.227 1251.264 0.02928
0.00371 0.01418 0.13176 0.13258 0.74759 0.915 0.217 1251.294 0.02930
0.00372 0.01419 0.13188 0.13269 0.74872 1.290 0.246 1251.324 0.02933
0.00372 0.01421 0.13199 0.13280 0.74985 0.654 0.193 1251.354 0.02935
0.00372 0.01422 0.13210 0.13292 0.75098 0.914 0.217 1251.384 0.02938
0.00373 0.01423 0.13222 0.13303 0.75210 0.856 0.211 1251.413 0.02940
0.00373 0.01424 0.13233 0.13315 0.75323 0.947 0.219 1251.443 0.02943
0.00373 0.01425 0.13244 0.13326 0.75436 1.091 0.231 1251.473 0.02945
0.00374 0.01427 0.13255 0.13337 0.75549 0.886 0.214 1251.503 0.02948
0.00374 0.01428 0.13267 0.13349 0.75661 1.058 0.227 1251.533 0.02950
0.00374 0.01429 0.13278 0.13360 0.75774 1.119 0.233 1251.563 0.02953
0.00374 0.01430 0.13289 0.13371 0.75887 0.658 0.192 1251.593 0.02955
0.00375 0.01431 0.13301 0.13383 0.76000 1.376 0.252 1251.623 0.02957
0.00375 0.01433 0.13312 0.13394 0.76113 1.116 0.232 1251.652 0.02960
0.00375 0.01434 0.13323 0.13405 0.76225 1.028 0.226 1251.682 0.02962
0.00376 0.01435 0.13335 0.13417 0.76338 0.767 0.202 1251.712 0.02965
0.00376 0.01436 0.13346 0.13428 0.76451 1.173 0.237 1251.742 0.02967
0.00376 0.01438 0.13357 0.13439 0.76564 1.089 0.230 1251.772 0.02970
0.00377 0.01439 0.13368 0.13451 0.76677 0.887 0.213 1251.802 0.02972
0.00377 0.01440 0.13380 0.13462 0.76789 0.826 0.208 1251.832 0.02975
0.00377 0.01441 0.13391 0.13474 0.76902 0.827 0.208 1251.862 0.02977
0.00378 0.01442 0.13402 0.13485 0.77015 1.229 0.241 1251.891 0.02980
0.00378 0.01444 0.13414 0.13496 0.77128 1.172 0.237 1251.921 0.02982
0.00378 0.01445 0.13425 0.13508 0.77241 0.855 0.211 1251.951 0.02984
0.00379 0.01446 0.13436 0.13519 0.77354 1.025 0.226 1251.981 0.02987
0.00379 0.01447 0.13447 0.13530 0.77466 0.909 0.215 1252.011 0.02989
0.00379 0.01448 0.13459 0.13542 0.77579 1.198 0.239 1252.041 0.02992
0.00380 0.01450 0.13470 0.13553 0.77692 0.878 0.213 1252.071 0.02994
0.00380 0.01451 0.13481 0.13565 0.77805 0.936 0.218 1252.101 0.02997
0.00380 0.01452 0.13493 0.13576 0.77918 0.934 0.218 1252.130 0.02999
0.00381 0.01453 0.13504 0.13587 0.78031 0.993 0.223 1252.160 0.03002
0.00381 0.01455 0.13515 0.13599 0.78144 1.019 0.225 1252.190 0.03004
0.00381 0.01456 0.13527 0.13610 0.78256 1.022 0.225 1252.220 0.03007
0.00381 0.01457 0.13538 0.13621 0.78369 0.820 0.208 1252.250 0.03009
0.00382 0.01458 0.13549 0.13633 0.78482 1.252 0.243 1252.280 0.03011
0.00382 0.01459 0.13560 0.13644 0.78595 1.023 0.225 1252.310 0.03014
0.00382 0.01461 0.13572 0.13656 0.78708 0.936 0.218 1252.340 0.03016
0.00383 0.01462 0.13583 0.13667 0.78821 1.080 0.230 1252.370 0.03019
0.00383 0.01463 0.13594 0.13678 0.78934 0.792 0.205 1252.399 0.03021
0.00383 0.01464 0.13606 0.13690 0.79047 0.789 0.205 1252.429 0.03024
0.00384 0.01466 0.13617 0.13701 0.79160 0.731 0.200 1252.459 0.03026
0.00384 0.01467 0.13628 0.13712 0.79272 0.816 0.208 1252.489 0.03029
0.00384 0.01468 0.13640 0.13724 0.79385 0.904 0.215 1252.519 0.03031
0.00385 0.01469 0.13651 0.13735 0.79498 0.758 0.202 1252.549 0.03034
0.00385 0.01470 0.13662 0.13747 0.79611 0.614 0.189 1252.579 0.03036
0.00385 0.01472 0.13674 0.13758 0.79724 1.103 0.231 1252.609 0.03039
0.00386 0.01473 0.13685 0.13769 0.79837 0.932 0.218 1252.638 0.03041
0.00386 0.01474 0.13696 0.13781 0.79950 1.104 0.232 1252.668 0.03043
0.00386 0.01475 0.13707 0.13792 0.80063 0.959 0.220 1252.698 0.03046
0.00387 0.01476 0.13719 0.13803 0.80176 1.106 0.232 1252.728 0.03048
0.00387 0.01478 0.13730 0.13815 0.80289 0.758 0.203 1252.758 0.03051
0.00387 0.01479 0.13741 0.13826 0.80402 1.189 0.238 1252.788 0.03053
0.00388 0.01480 0.13753 0.13838 0.80515 0.955 0.220 1252.818 0.03056
0.00388 0.01481 0.13764 0.13849 0.80628 1.133 0.234 1252.848 0.03058
0.00388 0.01483 0.13775 0.13860 0.80741 0.929 0.218 1252.877 0.03061
0.00388 0.01484 0.13787 0.13872 0.80853 1.104 0.231 1252.907 0.03063
0.00389 0.01485 0.13798 0.13883 0.80966 1.393 0.252 1252.937 0.03066
0.00389 0.01486 0.13809 0.13894 0.81079 0.901 0.215 1252.967 0.03068
0.00389 0.01487 0.13821 0.13906 0.81192 1.018 0.224 1252.997 0.03070
0.00390 0.01489 0.13832 0.13917 0.81305 0.873 0.212 1253.027 0.03073
0.00390 0.01490 0.13843 0.13929 0.81418 1.076 0.229 1253.057 0.03075
0.00390 0.01491 0.13854 0.13940 0.81531 1.074 0.229 1253.087 0.03078
0.00391 0.01492 0.13866 0.13951 0.81644 1.044 0.226 1253.116 0.03080
0.00391 0.01494 0.13877 0.13963 0.81757 1.164 0.235 1253.146 0.03083
0.00391 0.01495 0.13888 0.13974 0.81870 1.164 0.236 1253.176 0.03085
0.00392 0.01496 0.13900 0.13986 0.81983 1.075 0.228 1253.206 0.03088
0.00392 0.01497 0.13911 0.13997 0.82096 1.248 0.241 1253.236 0.03090
0.00392 0.01498 0.13922 0.14008 0.82209 1.305 0.246 1253.266 0.03093
0.00393 0.01500 0.13934 0.14020 0.82322 1.104 0.231 1253.296 0.03095
0.00393 0.01501 0.13945 0.14031 0.82435 1.248 0.242 1253.326 0.03098
0.00393 0.01502 0.13956 0.14042 0.82548 0.903 0.215 1253.356 0.03100
0.00394 0.01503 0.13968 0.14054 0.82661 1.308 0.246 1253.385 0.03102
0.00394 0.01504 0.13979 0.14065 0.82774 0.447 0.169 1253.415 0.03105
0.00394 0.01506 0.13990 0.14077 0.82887 0.790 0.204 1253.445 0.03107
0.00395 0.01507 0.14002 0.14088 0.83000 0.877 0.212 1253.475 0.03110
0.00395 0.01508 0.14013 0.14099 0.83113 0.876 0.212 1253.505 0.03112
0.00395 0.01509 0.14024 0.14111 0.83227 0.647 0.191 1253.535 0.03115
0.00396 0.01511 0.14036 0.14122 0.83340 0.676 0.194 1253.565 0.03117
0.00396 0.01512 0.14047 0.14134 0.83453 0.217 0.138 1253.595 0.03120
0.00396 0.01513 0.14058 0.14145 0.83566 0.243 0.143 1253.624 0.03122
0.00396 0.01514 0.14070 0.14156 0.83679 0.646 0.191 1253.654 0.03125
0.00397 0.01515 0.14081 0.14168 0.83792 0.331 0.155 1253.684 0.03127
0.00397 0.01517 0.14092 0.14179 0.83905 0.331 0.155 1253.714 0.03129
0.00397 0.01518 0.14103 0.14190 0.84018 0.531 0.179 1253.744 0.03132
0.00398 0.01519 0.14115 0.14202 0.84131 0.419 0.164 1253.774 0.03134
0.00398 0.01520 0.14126 0.14213 0.84244 0.619 0.188 1253.804 0.03137
0.00398 0.01522 0.14137 0.14225 0.84357 0.676 0.194 1253.834 0.03139
0.00399 0.01523 0.14149 0.14236 0.84470 0.761 0.201 1253.863 0.03142
0.00399 0.01524 0.14160 0.14247 0.84583 0.704 0.196 1253.893 0.03144
0.00399 0.01525 0.14171 0.14259 0.84696 0.905 0.214 1253.923 0.03147
0.00400 0.01526 0.14183 0.14270 0.84810 0.673 0.193 1253.953 0.03149
0.00400 0.01528 0.14194 0.14282 0.84923 1.017 0.224 1253.983 0.03152
0.00400 0.01529 0.14205 0.14293 0.85036 1.219 0.238 1254.013 0.03154
0.00401 0.01530 0.14217 0.14304 0.85149 0.963 0.219 1254.043 0.03157
0.00401 0.01531 0.14228 0.14316 0.85262 1.250 0.241 1254.073 0.03159
0.00401 0.01533 0.14239 0.14327 0.85375 0.933 0.216 1254.102 0.03161
0.00402 0.01534 0.14251 0.14339 0.85488 1.306 0.245 1254.132 0.03164
0.00402 0.01535 0.14262 0.14350 0.85601 0.760 0.201 1254.162 0.03166
0.00402 0.01536 0.14273 0.14361 0.85714 1.020 0.223 1254.192 0.03169
0.00403 0.01537 0.14285 0.14373 0.85828 0.933 0.216 1254.222 0.03171
0.00403 0.01539 0.14296 0.14384 0.85941 1.164 0.234 1254.252 0.03174
0.00403 0.01540 0.14307 0.14396 0.86054 0.932 0.216 1254.282 0.03176
0.00403 0.01541 0.14319 0.14407 0.86167 1.076 0.227 1254.312 0.03179
0.00404 0.01542 0.14330 0.14418 0.86280 1.103 0.229 1254.342 0.03181
0.00404 0.01543 0.14341 0.14430 0.86393 0.874 0.211 1254.371 0.03184
0.00404 0.01545 0.14353 0.14441 0.86506 1.046 0.225 1254.401 0.03186
0.00405 0.01546 0.14364 0.14453 0.86620 1.359 0.248 1254.431 0.03188
0.00405 0.01547 0.14375 0.14464 0.86733 1.276 0.242 1254.461 0.03191
0.00405 0.01548 0.14387 0.14475 0.86846 1.074 0.227 1254.491 0.03193
0.00406 0.01550 0.14398 0.14487 0.86959 1.100 0.229 1254.521 0.03196
0.00406 0.01551 0.14409 0.14498 0.87072 0.900 0.213 1254.551 0.03198
0.00406 0.01552 0.14421 0.14510 0.87185 0.733 0.198 1254.581 0.03201
0.00407 0.01553 0.14432 0.14521 0.87299 1.074 0.227 1254.610 0.03203
0.00407 0.01554 0.14443 0.14532 0.87412 1.101 0.229 1254.640 0.03206
0.00407 0.01556 0.14455 0.14544 0.87525 1.417 0.252 1254.670 0.03208
0.00408 0.01557 0.14466 0.14555 0.87638 1.073 0.227 1254.700 0.03211
0.00408 0.01558 0.14477 0.14567 0.87751 0.874 0.210 1254.730 0.03213
0.00408 0.01559 0.14489 0.14578 0.87865 1.046 0.224 1254.760 0.03215
0.00409 0.01561 0.14500 0.14589 0.87978 1.104 0.229 1254.790 0.03218
0.00409 0.01562 0.14511 0.14601 0.88091 1.014 0.222 1254.820 0.03220
0.00409 0.01563 0.14523 0.14612 0.88204 0.844 0.208 1254.849 0.03223
0.00410 0.01564 0.14534 0.14624 0.88317 1.274 0.242 1254.879 0.03225
0.00410 0.01565 0.14545 0.14635 0.88431 1.128 0.231 1254.909 0.03228
0.00410 0.01567 0.14557 0.14646 0.88544 1.017 0.238 1254.939 0.03230
0.00411 0.01568 0.14568 0.14658 0.88657 1.044 0.224 1254.969 0.03233
0.00411 0.01569 0.14579 0.14669 0.88770 0.731 0.197 1254.999 0.03235
0.00411 0.01570 0.14591 0.14681 0.88884 0.967 0.237 1255.029 0.03238
0.00411 0.01572 0.14602 0.14692 0.88997 1.099 0.229 1255.059 0.03240
0.00412 0.01573 0.14613 0.14704 0.89110 1.071 0.226 1255.088 0.03243
0.00412 0.01574 0.14625 0.14715 0.89223 0.871 0.209 1255.118 0.03245
0.00412 0.01575 0.14636 0.14726 0.89337 0.842 0.208 1255.148 0.03247
0.00413 0.01576 0.14647 0.14738 0.89450 1.125 0.230 1255.178 0.03250
0.00413 0.01578 0.14659 0.14749 0.89563 0.956 0.217 1255.208 0.03252
0.00413 0.01579 0.14670 0.14761 0.89676 0.871 0.210 1255.238 0.03255
0.00414 0.01580 0.14681 0.14772 0.89790 0.929 0.215 1255.268 0.03257
0.00414 0.01581 0.14693 0.14783 0.89903 0.900 0.212 1255.298 0.03260
0.00414 0.01583 0.14704 0.14795 0.90016 1.013 0.221 1255.328 0.03262
0.00415 0.01584 0.14715 0.14806 0.90129 0.983 0.219 1255.357 0.03265
0.00415 0.01585 0.14727 0.14818 0.90243 0.953 0.217 1255.387 0.03267
0.00415 0.01586 0.14738 0.14829 0.90356 1.150 0.232 1255.417 0.03270
0.00416 0.01587 0.14749 0.14840 0.90469 1.067 0.226 1255.447 0.03272
0.00416 0.01589 0.14761 0.14852 0.90583 0.697 0.194 1255.477 0.03274
0.00416 0.01590 0.14772 0.14863 0.90696 0.953 0.217 1255.507 0.03277
0.00417 0.01591 0.14784 0.14875 0.90809 1.235 0.238 1255.537 0.03279
0.00417 0.01592 0.14795 0.14886 0.90923 0.810 0.204 1255.567 0.03282
0.00417 0.01594 0.14806 0.14898 0.91036 0.894 0.212 1255.596 0.03284
0.00418 0.01595 0.14818 0.14909 0.91149 1.180 0.234 1255.626 0.03287
0.00418 0.01596 0.14829 0.14920 0.91263 0.979 0.219 1255.656 0.03289
0.00418 0.01597 0.14840 0.14932 0.91376 1.063 0.225 1255.686 0.03292
0.00419 0.01598 0.14852 0.14943 0.91489 0.921 0.214 1255.716 0.03294
0.00419 0.01600 0.14863 0.14955 0.91603 1.006 0.221 1255.746 0.03297
0.00419 0.01601 0.14874 0.14966 0.91716 1.122 0.230 1255.776 0.03299
0.00419 0.01602 0.14886 0.14977 0.91829 1.078 0.227 1255.806 0.03302
0.00420 0.01603 0.14897 0.14989 0.91943 1.180 0.234 1255.835 0.03304
0.00420 0.01605 0.14908 0.15000 0.92056 0.910 0.211 1255.865 0.03306
0.00420 0.01606 0.14920 0.15012 0.92169 0.915 0.213 1255.895 0.03309
0.00421 0.01607 0.14931 0.15023 0.92283 1.106 0.227 1255.925 0.03311
0.00421 0.01608 0.14942 0.15035 0.92396 1.053 0.225 1255.955 0.03314
0.00421 0.01609 0.14954 0.15046 0.92509 1.203 0.238 1255.985 0.03316
0.00422 0.01611 0.14965 0.15057 0.92623 1.207 0.236 1256.015 0.03319
0.00422 0.01612 0.14976 0.15069 0.92736 1.022 0.223 1256.045 0.03321
0.00422 0.01613 0.14988 0.15080 0.92849 0.761 0.201 1256.074 0.03324
0.00423 0.01614 0.14999 0.15092 0.92963 0.786 0.201 1256.104 0.03326
0.00423 0.01615 0.15011 0.15103 0.93076 1.066 0.225 1256.134 0.03329
0.00423 0.01617 0.15022 0.15115 0.93190 1.083 0.226 1256.164 0.03331
0.00424 0.01618 0.15033 0.15126 0.93303 1.095 0.226 1256.194 0.03333
0.00424 0.01619 0.15045 0.15137 0.93416 0.959 0.217 1256.224 0.03336
0.00424 0.01620 0.15056 0.15149 0.93530 0.971 0.215 1256.254 0.03338
0.00425 0.01622 0.15067 0.15160 0.93643 0.977 0.217 1256.284 0.03341
0.00425 0.01623 0.15079 0.15172 0.93757 0.864 0.208 1256.314 0.03343
0.00425 0.01624 0.15090 0.15183 0.93870 1.231 0.236 1256.343 0.03346
0.00426 0.01625 0.15101 0.15195 0.93983 1.059 0.224 1256.373 0.03348
0.00426 0.01626 0.15113 0.15206 0.94097 1.313 0.243 1256.403 0.03351
0.00426 0.01628 0.15124 0.15217 0.94210 1.258 0.238 1256.433 0.03353
0.00426 0.01629 0.15135 0.15229 0.94324 1.203 0.235 1256.463 0.03356
0.00427 0.01630 0.15147 0.15240 0.94437 0.637 0.187 1256.493 0.03358
0.00427 0.01631 0.15158 0.15252 0.94551 0.976 0.217 1256.523 0.03361
0.00427 0.01633 0.15169 0.15263 0.94664 0.693 0.192 1256.553 0.03363
0.00428 0.01634 0.15181 0.15275 0.94777 0.890 0.210 1256.582 0.03365
0.00428 0.01635 0.15192 0.15286 0.94891 0.974 0.217 1256.612 0.03368
0.00428 0.01636 0.15204 0.15297 0.95004 0.975 0.216 1256.642 0.03370
0.00429 0.01638 0.15215 0.15309 0.95118 0.721 0.195 1256.672 0.03373
0.00429 0.01639 0.15226 0.15320 0.95231 0.835 0.205 1256.702 0.03375
0.00429 0.01640 0.15238 0.15332 0.95345 0.722 0.194 1256.732 0.03378
0.00430 0.01641 0.15249 0.15343 0.95458 0.917 0.212 1256.762 0.03380
0.00430 0.01642 0.15260 0.15355 0.95572 1.086 0.226 1256.792 0.03383
0.00430 0.01644 0.15272 0.15366 0.95685 1.371 0.246 1256.821 0.03385
0.00431 0.01645 0.15283 0.15377 0.95799 0.892 0.209 1256.851 0.03388
0.00431 0.01646 0.15294 0.15389 0.95912 1.115 0.227 1256.881 0.03390
0.00431 0.01647 0.15306 0.15400 0.96026 1.284 0.240 1256.911 0.03392
0.00432 0.01649 0.15317 0.15412 0.96139 1.084 0.225 1256.941 0.03395
0.00432 0.01650 0.15329 0.15423 0.96253 0.889 0.209 1256.971 0.03397
0.00432 0.01651 0.15340 0.15435 0.96366 1.085 0.225 1257.001 0.03400
0.00433 0.01652 0.15351 0.15446 0.96480 1.087 0.225 1257.031 0.03402
0.00433 0.01653 0.15363 0.15457 0.96593 0.887 0.209 1257.060 0.03405
0.00433 0.01655 0.15374 0.15469 0.96707 1.139 0.229 1257.090 0.03407
0.00434 0.01656 0.15385 0.15480 0.96820 1.000 0.218 1257.120 0.03410
0.00434 0.01657 0.15397 0.15492 0.96934 1.085 0.225 1257.150 0.03412
0.00434 0.01658 0.15408 0.15503 0.97047 1.169 0.231 1257.180 0.03415
0.00435 0.01660 0.15419 0.15515 0.97161 1.027 0.220 1257.210 0.03417
0.00435 0.01661 0.15431 0.15526 0.97274 1.112 0.227 1257.240 0.03419
0.00435 0.01662 0.15442 0.15537 0.97388 1.025 0.220 1257.270 0.03422
0.00435 0.01663 0.15454 0.15549 0.97501 1.056 0.222 1257.300 0.03424
0.00436 0.01664 0.15465 0.15560 0.97615 0.912 0.211 1257.329 0.03427
0.00436 0.01666 0.15476 0.15572 0.97728 1.085 0.224 1257.359 0.03429
0.00436 0.01667 0.15488 0.15583 0.97842 0.971 0.216 1257.389 0.03432
0.00437 0.01668 0.15499 0.15595 0.97955 0.969 0.214 1257.419 0.03434
0.00437 0.01669 0.15510 0.15606 0.98069 1.108 0.226 1257.449 0.03437
0.00437 0.01671 0.15522 0.15618 0.98183 0.913 0.211 1257.479 0.03439
0.00438 0.01672 0.15533 0.15629 0.98296 1.051 0.221 1257.509 0.03442
0.00438 0.01673 0.15545 0.15640 0.98410 1.163 0.230 1257.539 0.03444
0.00438 0.01674 0.15556 0.15652 0.98523 1.079 0.224 1257.568 0.03447
0.00439 0.01675 0.15567 0.15663 0.98637 0.882 0.208 1257.598 0.03449
0.00439 0.01677 0.15579 0.15675 0.98750 1.022 0.219 1257.628 0.03451
0.00439 0.01678 0.15590 0.15686 0.98864 0.966 0.215 1257.658 0.03454
0.00440 0.01679 0.15601 0.15698 0.98978 0.798 0.201 1257.688 0.03456
0.00440 0.01680 0.15613 0.15709 0.99091 0.939 0.212 1257.718 0.03459
0.00440 0.01682 0.15624 0.15721 0.99205 0.966 0.215 1257.748 0.03461
0.00441 0.01683 0.15636 0.15732 0.99318 0.799 0.201 1257.778 0.03464
0.00441 0.01684 0.15647 0.15743 0.99432 1.131 0.228 1257.807 0.03466
0.00441 0.01685 0.15658 0.15755 0.99546 0.771 0.198 1257.837 0.03469
0.00442 0.01686 0.15670 0.15766 0.99659 1.050 0.221 1257.867 0.03471
0.00442 0.01688 0.15681 0.15778 0.99773 1.022 0.218 1257.897 0.03474
0.00442 0.01689 0.15692 0.15789 0.99886 1.216 0.233 1257.927 0.03476
0.00443 0.01690 0.15704 0.15801 1.00000 1.214 0.233 1257.957 0.03478
