x y z dist_scaled dist_frac flux_norm sig_norm wavelength redshift
0.02639 0.02489 0.04431 0.05726 0.00000 1.223 0.086 1231.247 0.01281
0.02644 0.02493 0.04440 0.05737 0.00110 1.027 0.079 1231.277 0.01284
0.02649 0.02498 0.04448 0.05748 0.00220 0.919 0.075 1231.306 0.01286
0.02654 0.02503 0.04457 0.05760 0.00330 0.932 0.075 1231.336 0.01289
0.02659 0.02508 0.04465 0.05771 0.00440 0.970 0.077 1231.366 0.01291
0.02664 0.02513 0.04474 0.05782 0.00550 0.860 0.072 1231.396 0.01294
0.02670 0.02518 0.04482 0.05793 0.00661 0.908 0.074 1231.426 0.01296
0.02675 0.02522 0.04491 0.05804 0.00771 1.036 0.079 1231.456 0.01299
0.02680 0.02527 0.04500 0.05815 0.00881 1.017 0.079 1231.486 0.01301
0.02685 0.02532 0.04508 0.05826 0.00991 0.950 0.076 1231.516 0.01303
0.02690 0.02537 0.04517 0.05837 0.01101 0.786 0.069 1231.546 0.01306
0.02695 0.02542 0.04525 0.05848 0.01211 0.950 0.076 1231.576 0.01308
0.02700 0.02546 0.04534 0.05859 0.01321 0.992 0.078 1231.605 0.01311
0.02705 0.02551 0.04543 0.05871 0.01431 1.077 0.081 1231.635 0.01313
0.02711 0.02556 0.04551 0.05882 0.01541 0.912 0.074 1231.665 0.01316
0.02716 0.02561 0.04560 0.05893 0.01652 0.937 0.075 1231.695 0.01318
0.02721 0.02566 0.04568 0.05904 0.01762 0.924 0.075 1231.725 0.01321
0.02726 0.02571 0.04577 0.05915 0.01872 0.924 0.075 1231.755 0.01323
0.02731 0.02575 0.04586 0.05926 0.01982 1.070 0.081 1231.785 0.01326
0.02736 0.02580 0.04594 0.05937 0.02092 0.869 0.073 1231.815 0.01328
0.02741 0.02585 0.04603 0.05948 0.02202 0.936 0.075 1231.845 0.01331
0.02746 0.02590 0.04611 0.05959 0.02312 0.881 0.073 1231.874 0.01333
0.02751 0.02595 0.04620 0.05970 0.02423 1.020 0.079 1231.904 0.01335
0.02757 0.02600 0.04628 0.05982 0.02533 0.899 0.074 1231.934 0.01338
0.02762 0.02604 0.04637 0.05993 0.02643 0.948 0.076 1231.964 0.01340
0.02767 0.02609 0.04646 0.06004 0.02753 0.947 0.076 1231.994 0.01343
0.02772 0.02614 0.04654 0.06015 0.02863 1.031 0.079 1232.024 0.01345
0.02777 0.02619 0.04663 0.06026 0.02973 0.959 0.076 1232.054 0.01348
0.02782 0.02624 0.04671 0.06037 0.03084 0.856 0.072 1232.084 0.01350
0.02787 0.02628 0.04680 0.06048 0.03194 0.959 0.076 1232.114 0.01353
0.02792 0.02633 0.04689 0.06059 0.03304 1.000 0.078 1232.143 0.01355
0.02797 0.02638 0.04697 0.06070 0.03414 1.090 0.081 1232.173 0.01358
0.02803 0.02643 0.04706 0.06081 0.03524 0.982 0.077 1232.203 0.01360
0.02808 0.02648 0.04714 0.06093 0.03635 1.236 0.087 1232.233 0.01362
0.02813 0.02653 0.04723 0.06104 0.03745 0.854 0.072 1232.263 0.01365
0.02818 0.02657 0.04732 0.06115 0.03855 1.018 0.079 1232.293 0.01367
0.02823 0.02662 0.04740 0.06126 0.03965 0.944 0.076 1232.323 0.01370
0.02828 0.02667 0.04749 0.06137 0.04075 1.077 0.081 1232.353 0.01372
0.02833 0.02672 0.04757 0.06148 0.04186 0.830 0.071 1232.383 0.01375
0.02838 0.02677 0.04766 0.06159 0.04296 0.848 0.072 1232.413 0.01377
0.02844 0.02682 0.04775 0.06170 0.04406 1.040 0.079 1232.442 0.01380
0.02849 0.02686 0.04783 0.06181 0.04516 0.878 0.073 1232.472 0.01382
0.02854 0.02691 0.04792 0.06193 0.04627 0.986 0.077 1232.502 0.01385
0.02859 0.02696 0.04800 0.06204 0.04737 0.878 0.073 1232.532 0.01387
0.02864 0.02701 0.04809 0.06215 0.04847 0.961 0.076 1232.562 0.01390
0.02869 0.02706 0.04818 0.06226 0.04957 1.046 0.080 1232.592 0.01392
0.02874 0.02711 0.04826 0.06237 0.05068 1.022 0.079 1232.622 0.01394
0.02879 0.02715 0.04835 0.06248 0.05178 0.877 0.073 1232.652 0.01397
0.02885 0.02720 0.04843 0.06259 0.05288 1.101 0.082 1232.682 0.01399
0.02890 0.02725 0.04852 0.06270 0.05398 0.804 0.070 1232.711 0.01402
0.02895 0.02730 0.04861 0.06281 0.05509 1.034 0.079 1232.741 0.01404
0.02900 0.02735 0.04869 0.06293 0.05619 0.962 0.076 1232.771 0.01407
0.02905 0.02740 0.04878 0.06304 0.05729 0.859 0.072 1232.801 0.01409
0.02910 0.02744 0.04886 0.06315 0.05840 1.016 0.078 1232.831 0.01412
0.02915 0.02749 0.04895 0.06326 0.05950 0.984 0.077 1232.861 0.01414
0.02920 0.02754 0.04904 0.06337 0.06060 0.936 0.075 1232.891 0.01417
0.02926 0.02759 0.04912 0.06348 0.06170 1.178 0.084 1232.921 0.01419
0.02931 0.02764 0.04921 0.06359 0.06281 0.900 0.074 1232.951 0.01421
0.02936 0.02769 0.04929 0.06370 0.06391 1.027 0.079 1232.980 0.01424
0.02941 0.02773 0.04938 0.06382 0.06501 0.888 0.073 1233.010 0.01426
0.02946 0.02778 0.04947 0.06393 0.06612 1.068 0.080 1233.040 0.01429
0.02951 0.02783 0.04955 0.06404 0.06722 1.117 0.082 1233.070 0.01431
0.02956 0.02788 0.04964 0.06415 0.06832 1.014 0.078 1233.100 0.01434
0.02961 0.02793 0.04972 0.06426 0.06943 0.930 0.075 1233.130 0.01436
0.02967 0.02798 0.04981 0.06437 0.07053 0.864 0.072 1233.160 0.01439
0.02972 0.02802 0.04990 0.06448 0.07163 0.906 0.074 1233.190 0.01441
0.02977 0.02807 0.04998 0.06459 0.07274 0.905 0.074 1233.220 0.01444
0.02982 0.02812 0.05007 0.06471 0.07384 1.068 0.080 1233.249 0.01446
0.02987 0.02817 0.05015 0.06482 0.07494 0.882 0.073 1233.279 0.01449
0.02992 0.02822 0.05024 0.06493 0.07605 1.033 0.079 1233.309 0.01451
0.02997 0.02827 0.05033 0.06504 0.07715 0.932 0.075 1233.339 0.01453
0.03002 0.02831 0.05041 0.06515 0.07825 0.844 0.071 1233.369 0.01456
0.03008 0.02836 0.05050 0.06526 0.07936 0.979 0.077 1233.399 0.01458
0.03013 0.02841 0.05058 0.06537 0.08046 0.886 0.073 1233.429 0.01461
0.03018 0.02846 0.05067 0.06548 0.08156 1.101 0.081 1233.459 0.01463
0.03023 0.02851 0.05076 0.06560 0.08267 0.953 0.076 1233.489 0.01466
0.03028 0.02856 0.05084 0.06571 0.08377 1.041 0.079 1233.519 0.01468
0.03033 0.02860 0.05093 0.06582 0.08488 0.908 0.074 1233.548 0.01471
0.03038 0.02865 0.05102 0.06593 0.08598 0.979 0.077 1233.578 0.01473
0.03043 0.02870 0.05110 0.06604 0.08708 0.992 0.077 1233.608 0.01476
0.03049 0.02875 0.05119 0.06615 0.08819 0.963 0.076 1233.638 0.01478
0.03054 0.02880 0.05127 0.06626 0.08929 1.059 0.080 1233.668 0.01480
0.03059 0.02885 0.05136 0.06637 0.09040 0.909 0.074 1233.698 0.01483
0.03064 0.02889 0.05145 0.06649 0.09150 0.916 0.074 1233.728 0.01485
0.03069 0.02894 0.05153 0.06660 0.09260 1.025 0.079 1233.758 0.01488
0.03074 0.02899 0.05162 0.06671 0.09371 0.999 0.078 1233.788 0.01490
0.03079 0.02904 0.05170 0.06682 0.09481 1.054 0.080 1233.817 0.01493
0.03084 0.02909 0.05179 0.06693 0.09592 1.053 0.080 1233.847 0.01495
0.03090 0.02914 0.05188 0.06704 0.09702 1.029 0.079 1233.877 0.01498
0.03095 0.02918 0.05196 0.06715 0.09812 1.059 0.080 1233.907 0.01500
0.03100 0.02923 0.05205 0.06726 0.09923 0.987 0.077 1233.937 0.01503
0.03105 0.02928 0.05213 0.06738 0.10033 1.011 0.078 1233.967 0.01505
0.03110 0.02933 0.05222 0.06749 0.10144 0.963 0.076 1233.997 0.01508
0.03115 0.02938 0.05231 0.06760 0.10254 0.993 0.077 1234.027 0.01510
0.03120 0.02943 0.05239 0.06771 0.10365 0.795 0.069 1234.057 0.01512
0.03125 0.02947 0.05248 0.06782 0.10475 0.987 0.077 1234.086 0.01515
0.03131 0.02952 0.05257 0.06793 0.10586 0.908 0.074 1234.116 0.01517
0.03136 0.02957 0.05265 0.06804 0.10696 1.029 0.079 1234.146 0.01520
0.03141 0.02962 0.05274 0.06815 0.10806 1.035 0.079 1234.176 0.01522
0.03146 0.02967 0.05282 0.06827 0.10917 0.915 0.074 1234.206 0.01525
0.03151 0.02972 0.05291 0.06838 0.11027 0.897 0.073 1234.236 0.01527
0.03156 0.02976 0.05300 0.06849 0.11138 0.908 0.074 1234.266 0.01530
0.03161 0.02981 0.05308 0.06860 0.11248 0.968 0.076 1234.296 0.01532
0.03167 0.02986 0.05317 0.06871 0.11359 0.939 0.075 1234.326 0.01535
0.03172 0.02991 0.05325 0.06882 0.11469 1.119 0.082 1234.356 0.01537
0.03177 0.02996 0.05334 0.06893 0.11580 1.047 0.079 1234.385 0.01540
0.03182 0.03001 0.05343 0.06905 0.11690 0.962 0.076 1234.415 0.01542
0.03187 0.03006 0.05351 0.06916 0.11801 0.861 0.072 1234.445 0.01544
0.03192 0.03010 0.05360 0.06927 0.11911 1.028 0.079 1234.475 0.01547
0.03197 0.03015 0.05369 0.06938 0.12022 1.010 0.078 1234.505 0.01549
0.03202 0.03020 0.05377 0.06949 0.12132 0.836 0.071 1234.535 0.01552
0.03208 0.03025 0.05386 0.06960 0.12243 1.095 0.081 1234.565 0.01554
0.03213 0.03030 0.05394 0.06971 0.12353 0.914 0.074 1234.595 0.01557
0.03218 0.03035 0.05403 0.06983 0.12464 0.866 0.072 1234.625 0.01559
0.03223 0.03039 0.05412 0.06994 0.12574 0.950 0.076 1234.654 0.01562
0.03228 0.03044 0.05420 0.07005 0.12685 0.944 0.075 1234.684 0.01564
0.03233 0.03049 0.05429 0.07016 0.12796 0.956 0.076 1234.714 0.01567
0.03238 0.03054 0.05438 0.07027 0.12906 1.004 0.078 1234.744 0.01569
0.03244 0.03059 0.05446 0.07038 0.13017 0.921 0.074 1234.774 0.01571
0.03249 0.03064 0.05455 0.07049 0.13127 0.818 0.070 1234.804 0.01574
0.03254 0.03068 0.05463 0.07061 0.13238 0.855 0.072 1234.834 0.01576
0.03259 0.03073 0.05472 0.07072 0.13348 0.824 0.070 1234.864 0.01579
0.03264 0.03078 0.05481 0.07083 0.13459 1.013 0.109 1234.894 0.01581
0.03269 0.03083 0.05489 0.07094 0.13569 0.924 0.120 1234.923 0.01584
0.03274 0.03088 0.05498 0.07105 0.13680 0.911 0.127 1234.953 0.01586
0.03279 0.03093 0.05507 0.07116 0.13791 0.851 0.123 1234.983 0.01589
0.03285 0.03098 0.05515 0.07127 0.13901 1.008 0.117 1235.013 0.01591
0.03290 0.03102 0.05524 0.07139 0.14012 0.804 0.120 1235.043 0.01594
0.03295 0.03107 0.05532 0.07150 0.14122 0.828 0.122 1235.073 0.01596
0.03300 0.03112 0.05541 0.07161 0.14233 0.960 0.122 1235.103 0.01599
0.03305 0.03117 0.05550 0.07172 0.14343 1.081 0.121 1235.133 0.01601
0.03310 0.03122 0.05558 0.07183 0.14454 0.924 0.120 1235.163 0.01603
0.03315 0.03127 0.05567 0.07194 0.14565 0.803 0.120 1235.192 0.01606
0.03321 0.03131 0.05576 0.07205 0.14675 1.081 0.122 1235.222 0.01608
0.03326 0.03136 0.05584 0.07217 0.14786 1.033 0.125 1235.252 0.01611
0.03331 0.03141 0.05593 0.07228 0.14897 0.828 0.122 1235.282 0.01613
0.03336 0.03146 0.05601 0.07239 0.15007 1.066 0.117 1235.312 0.01616
0.03341 0.03151 0.05610 0.07250 0.15118 0.961 0.076 1235.342 0.01618
0.03346 0.03156 0.05619 0.07261 0.15228 0.817 0.070 1235.372 0.01621
0.03351 0.03160 0.05627 0.07272 0.15339 0.955 0.076 1235.402 0.01623
0.03357 0.03165 0.05636 0.07284 0.15450 0.973 0.076 1235.432 0.01626
0.03362 0.03170 0.05645 0.07295 0.15560 1.015 0.078 1235.462 0.01628
0.03367 0.03175 0.05653 0.07306 0.15671 1.010 0.078 1235.491 0.01630
0.03372 0.03180 0.05662 0.07317 0.15782 1.040 0.079 1235.521 0.01633
0.03377 0.03185 0.05670 0.07328 0.15892 0.902 0.074 1235.551 0.01635
0.03382 0.03190 0.05679 0.07339 0.16003 0.818 0.070 1235.581 0.01638
0.03387 0.03194 0.05688 0.07350 0.16114 0.932 0.075 1235.611 0.01640
0.03393 0.03199 0.05696 0.07362 0.16224 0.829 0.070 1235.641 0.01643
0.03398 0.03204 0.05705 0.07373 0.16335 0.692 0.064 1235.671 0.01645
0.03403 0.03209 0.05714 0.07384 0.16446 0.650 0.062 1235.701 0.01648
0.03408 0.03214 0.05722 0.07395 0.16556 0.374 0.059 1235.731 0.01650
0.03413 0.03219 0.05731 0.07406 0.16667 0.242 0.050 1235.760 0.01653
0.03418 0.03224 0.05739 0.07417 0.16778 0.141 0.041 1235.790 0.01655
0.03423 0.03228 0.05748 0.07429 0.16888 0.158 0.043 1235.820 0.01658
0.03429 0.03233 0.05757 0.07440 0.16999 0.069 0.033 1235.850 0.01660
0.03434 0.03238 0.05765 0.07451 0.17110 0.051 0.030 1235.880 0.01662
0.03439 0.03243 0.05774 0.07462 0.17220 0.039 0.028 1235.910 0.01665
0.03444 0.03248 0.05783 0.07473 0.17331 0.027 0.026 1235.940 0.01667
0.03449 0.03253 0.05791 0.07484 0.17442 0.045 0.029 1235.970 0.01670
0.03454 0.03257 0.05800 0.07495 0.17552 0.039 0.028 1236.000 0.01672
0.03459 0.03262 0.05809 0.07507 0.17663 0.015 0.024 1236.029 0.01675
0.03465 0.03267 0.05817 0.07518 0.17774 0.063 0.032 1236.059 0.01677
0.03470 0.03272 0.05826 0.07529 0.17885 0.039 0.028 1236.089 0.01680
0.03475 0.03277 0.05834 0.07540 0.17995 0.021 0.025 1236.119 0.01682
0.03480 0.03282 0.05843 0.07551 0.18106 0.087 0.035 1236.149 0.01685
0.03485 0.03287 0.05852 0.07562 0.18217 0.105 0.037 1236.179 0.01687
0.03490 0.03291 0.05860 0.07574 0.18328 0.165 0.043 1236.209 0.01690
0.03495 0.03296 0.05869 0.07585 0.18438 0.308 0.054 1236.239 0.01692
0.03501 0.03301 0.05878 0.07596 0.18549 0.398 0.060 1236.269 0.01694
0.03506 0.03306 0.05886 0.07607 0.18660 0.657 0.063 1236.299 0.01697
0.03511 0.03311 0.05895 0.07618 0.18771 0.716 0.066 1236.328 0.01699
0.03516 0.03316 0.05904 0.07629 0.18881 0.986 0.077 1236.358 0.01702
0.03521 0.03321 0.05912 0.07641 0.18992 0.831 0.074 1236.388 0.01704
0.03526 0.03325 0.05921 0.07652 0.19103 1.016 0.078 1236.418 0.01707
0.03531 0.03330 0.05929 0.07663 0.19214 0.992 0.077 1236.448 0.01709
0.03537 0.03335 0.05938 0.07674 0.19324 0.860 0.072 1236.478 0.01712
0.03542 0.03340 0.05947 0.07685 0.19435 0.998 0.077 1236.508 0.01714
0.03547 0.03345 0.05955 0.07696 0.19546 0.920 0.074 1236.538 0.01717
0.03552 0.03350 0.05964 0.07708 0.19657 0.818 0.070 1236.568 0.01719
0.03557 0.03354 0.05973 0.07719 0.19767 0.866 0.072 1236.597 0.01721
0.03562 0.03359 0.05981 0.07730 0.19878 0.956 0.076 1236.627 0.01724
0.03567 0.03364 0.05990 0.07741 0.19989 1.046 0.079 1236.657 0.01726
0.03573 0.03369 0.05999 0.07752 0.20100 0.927 0.075 1236.687 0.01729
0.03578 0.03374 0.06007 0.07763 0.20211 1.052 0.079 1236.717 0.01731
0.03583 0.03379 0.06016 0.07775 0.20321 0.765 0.068 1236.747 0.01734
0.03588 0.03384 0.06025 0.07786 0.20432 1.023 0.078 1236.777 0.01736
0.03593 0.03388 0.06033 0.07797 0.20543 0.969 0.076 1236.807 0.01739
0.03598 0.03393 0.06042 0.07808 0.20654 0.891 0.073 1236.837 0.01741
0.03603 0.03398 0.06050 0.07819 0.20765 0.999 0.077 1236.866 0.01744
0.03609 0.03403 0.06059 0.07830 0.20876 1.034 0.079 1236.896 0.01746
0.03614 0.03408 0.06068 0.07842 0.20986 0.860 0.072 1236.926 0.01749
0.03619 0.03413 0.06076 0.07853 0.21097 0.884 0.073 1236.956 0.01751
0.03624 0.03418 0.06085 0.07864 0.21208 0.873 0.072 1236.986 0.01753
0.03629 0.03422 0.06094 0.07875 0.21319 0.999 0.077 1237.016 0.01756
0.03634 0.03427 0.06102 0.07886 0.21430 0.861 0.072 1237.046 0.01758
0.03639 0.03432 0.06111 0.07897 0.21541 1.029 0.079 1237.076 0.01761
0.03645 0.03437 0.06120 0.07909 0.21652 1.059 0.080 1237.106 0.01763
0.03650 0.03442 0.06128 0.07920 0.21762 0.921 0.074 1237.135 0.01766
0.03655 0.03447 0.06137 0.07931 0.21873 0.855 0.072 1237.165 0.01768
0.03660 0.03452 0.06146 0.07942 0.21984 0.999 0.077 1237.195 0.01771
0.03665 0.03456 0.06154 0.07953 0.22095 0.873 0.072 1237.225 0.01773
0.03670 0.03461 0.06163 0.07965 0.22206 0.962 0.076 1237.255 0.01776
0.03676 0.03466 0.06172 0.07976 0.22317 0.976 0.076 1237.285 0.01778
0.03681 0.03471 0.06180 0.07987 0.22428 0.992 0.077 1237.315 0.01780
0.03686 0.03476 0.06189 0.07998 0.22539 0.939 0.075 1237.345 0.01783
0.03691 0.03481 0.06197 0.08009 0.22649 0.849 0.071 1237.375 0.01785
0.03696 0.03486 0.06206 0.08020 0.22760 1.127 0.082 1237.405 0.01788
0.03701 0.03490 0.06215 0.08032 0.22871 1.047 0.079 1237.434 0.01790
0.03706 0.03495 0.06223 0.08043 0.22982 1.030 0.079 1237.464 0.01793
0.03712 0.03500 0.06232 0.08054 0.23093 0.976 0.076 1237.494 0.01795
0.03717 0.03505 0.06241 0.08065 0.23204 0.909 0.074 1237.524 0.01798
0.03722 0.03510 0.06249 0.08076 0.23315 0.988 0.077 1237.554 0.01800
0.03727 0.03515 0.06258 0.08087 0.23426 0.969 0.076 1237.584 0.01803
0.03732 0.03520 0.06267 0.08099 0.23537 0.915 0.074 1237.614 0.01805
0.03737 0.03524 0.06275 0.08110 0.23648 0.975 0.076 1237.644 0.01808
0.03743 0.03529 0.06284 0.08121 0.23759 1.041 0.079 1237.674 0.01810
0.03748 0.03534 0.06293 0.08132 0.23870 1.005 0.078 1237.703 0.01812
0.03753 0.03539 0.06301 0.08143 0.23980 1.107 0.081 1237.733 0.01815
0.03758 0.03544 0.06310 0.08155 0.24091 0.980 0.077 1237.763 0.01817
0.03763 0.03549 0.06319 0.08166 0.24202 1.125 0.082 1237.793 0.01820
0.03768 0.03554 0.06327 0.08177 0.24313 1.017 0.078 1237.823 0.01822
0.03773 0.03558 0.06336 0.08188 0.24424 0.987 0.077 1237.853 0.01825
0.03779 0.03563 0.06345 0.08199 0.24535 0.902 0.074 1237.883 0.01827
0.03784 0.03568 0.06353 0.08210 0.24646 0.945 0.075 1237.913 0.01830
0.03789 0.03573 0.06362 0.08222 0.24757 1.058 0.080 1237.943 0.01832
0.03794 0.03578 0.06371 0.08233 0.24868 0.998 0.077 1237.972 0.01835
0.03799 0.03583 0.06379 0.08244 0.24979 0.933 0.075 1238.002 0.01837
0.03804 0.03588 0.06388 0.08255 0.25090 1.143 0.083 1238.032 0.01840
0.03810 0.03593 0.06396 0.08266 0.25201 0.969 0.076 1238.062 0.01842
0.03815 0.03597 0.06405 0.08278 0.25312 0.950 0.075 1238.092 0.01844
0.03820 0.03602 0.06414 0.08289 0.25423 0.847 0.071 1238.122 0.01847
0.03825 0.03607 0.06422 0.08300 0.25534 1.022 0.078 1238.152 0.01849
0.03830 0.03612 0.06431 0.08311 0.25645 1.047 0.079 1238.182 0.01852
0.03835 0.03617 0.06440 0.08322 0.25756 1.148 0.083 1238.212 0.01854
0.03840 0.03622 0.06448 0.08334 0.25867 1.046 0.079 1238.242 0.01857
0.03846 0.03627 0.06457 0.08345 0.25978 0.968 0.076 1238.271 0.01859
0.03851 0.03631 0.06466 0.08356 0.26089 0.979 0.077 1238.301 0.01862
0.03856 0.03636 0.06474 0.08367 0.26200 0.973 0.076 1238.331 0.01864
0.03861 0.03641 0.06483 0.08378 0.26311 0.812 0.070 1238.361 0.01867
0.03866 0.03646 0.06492 0.08390 0.26422 1.071 0.080 1238.391 0.01869
0.03871 0.03651 0.06500 0.08401 0.26533 0.992 0.077 1238.421 0.01871
0.03877 0.03656 0.06509 0.08412 0.26644 0.980 0.077 1238.451 0.01874
0.03882 0.03661 0.06518 0.08423 0.26755 0.885 0.073 1238.481 0.01876
0.03887 0.03665 0.06526 0.08434 0.26866 0.926 0.075 1238.511 0.01879
0.03892 0.03670 0.06535 0.08445 0.26977 0.987 0.077 1238.540 0.01881
0.03897 0.03675 0.06544 0.08457 0.27088 1.047 0.079 1238.570 0.01884
0.03902 0.03680 0.06552 0.08468 0.27199 0.975 0.077 1238.600 0.01886
0.03908 0.03685 0.06561 0.08479 0.27311 0.872 0.072 1238.630 0.01889
0.03913 0.03690 0.06570 0.08490 0.27422 1.029 0.079 1238.660 0.01891
0.03918 0.03695 0.06578 0.08501 0.27533 0.848 0.071 1238.690 0.01894
0.03923 0.03700 0.06587 0.08513 0.27644 0.849 0.071 1238.720 0.01896
0.03928 0.03704 0.06596 0.08524 0.27755 0.946 0.075 1238.750 0.01899
0.03933 0.03709 0.06604 0.08535 0.27866 0.945 0.075 1238.780 0.01901
0.03938 0.03714 0.06613 0.08546 0.27977 0.770 0.068 1238.809 0.01903
0.03944 0.03719 0.06622 0.08557 0.28088 1.041 0.079 1238.839 0.01906
0.03949 0.03724 0.06630 0.08569 0.28199 0.947 0.075 1238.869 0.01908
0.03954 0.03729 0.06639 0.08580 0.28310 1.066 0.080 1238.899 0.01911
0.03959 0.03734 0.06648 0.08591 0.28421 1.000 0.078 1238.929 0.01913
0.03964 0.03738 0.06656 0.08602 0.28533 0.874 0.072 1238.959 0.01916
0.03969 0.03743 0.06665 0.08613 0.28644 0.911 0.074 1238.989 0.01918
0.03975 0.03748 0.06674 0.08625 0.28755 0.953 0.076 1239.019 0.01921
0.03980 0.03753 0.06682 0.08636 0.28866 0.893 0.073 1239.049 0.01923
0.03985 0.03758 0.06691 0.08647 0.28977 0.964 0.076 1239.078 0.01926
0.03990 0.03763 0.06700 0.08658 0.29088 0.899 0.073 1239.108 0.01928
0.03995 0.03768 0.06708 0.08669 0.29199 0.979 0.077 1239.138 0.01930
0.04000 0.03773 0.06717 0.08681 0.29310 0.900 0.074 1239.168 0.01933
0.04006 0.03777 0.06726 0.08692 0.29421 0.835 0.071 1239.198 0.01935
0.04011 0.03782 0.06734 0.08703 0.29533 0.984 0.077 1239.228 0.01938
0.04016 0.03787 0.06743 0.08714 0.29644 0.978 0.077 1239.258 0.01940
0.04021 0.03792 0.06752 0.08725 0.29755 0.883 0.073 1239.288 0.01943
0.04026 0.03797 0.06760 0.08737 0.29866 1.004 0.078 1239.318 0.01945
0.04031 0.03802 0.06769 0.08748 0.29977 0.943 0.075 1239.348 0.01948
0.04037 0.03807 0.06778 0.08759 0.30088 0.858 0.072 1239.377 0.01950
0.04042 0.03811 0.06786 0.08770 0.30200 0.972 0.076 1239.407 0.01953
0.04047 0.03816 0.06795 0.08781 0.30311 0.936 0.075 1239.437 0.01955
0.04052 0.03821 0.06804 0.08793 0.30422 1.084 0.081 1239.467 0.01958
0.04057 0.03826 0.06812 0.08804 0.30533 0.981 0.077 1239.497 0.01960
0.04062 0.03831 0.06821 0.08815 0.30644 1.017 0.078 1239.527 0.01962
0.04068 0.03836 0.06830 0.08826 0.30755 1.185 0.084 1239.557 0.01965
0.04073 0.03841 0.06838 0.08837 0.30867 1.036 0.079 1239.587 0.01967
0.04078 0.03846 0.06847 0.08849 0.30978 0.888 0.073 1239.617 0.01970
0.04083 0.03850 0.06856 0.08860 0.31089 0.957 0.076 1239.646 0.01972
0.04088 0.03855 0.06864 0.08871 0.31200 1.025 0.078 1239.676 0.01975
0.04093 0.03860 0.06873 0.08882 0.31311 0.953 0.076 1239.706 0.01977
0.04099 0.03865 0.06882 0.08894 0.31423 1.011 0.078 1239.736 0.01980
0.04104 0.03870 0.06890 0.08905 0.31534 0.962 0.076 1239.766 0.01982
0.04109 0.03875 0.06899 0.08916 0.31645 0.938 0.075 1239.796 0.01985
0.04114 0.03880 0.06908 0.08927 0.31756 0.877 0.073 1239.826 0.01987
0.04119 0.03885 0.06916 0.08938 0.31868 0.878 0.073 1239.856 0.01989
0.04124 0.03889 0.06925 0.08950 0.31979 0.902 0.074 1239.886 0.01992
0.04130 0.03894 0.06934 0.08961 0.32090 0.890 0.073 1239.915 0.01994
0.04135 0.03899 0.06942 0.08972 0.32201 0.745 0.067 1239.945 0.01997
0.04140 0.03904 0.06951 0.08983 0.32312 1.119 0.082 1239.975 0.01999
0.04145 0.03909 0.06960 0.08994 0.32424 0.963 0.076 1240.005 0.02002
0.04150 0.03914 0.06969 0.09006 0.32535 0.817 0.070 1240.035 0.02004
0.04155 0.03919 0.06977 0.09017 0.32646 0.997 0.077 1240.065 0.02007
0.04161 0.03924 0.06986 0.09028 0.32757 0.931 0.075 1240.095 0.02009
0.04166 0.03928 0.06995 0.09039 0.32869 0.950 0.076 1240.125 0.02012
0.04171 0.03933 0.07003 0.09051 0.32980 1.113 0.082 1240.155 0.02014
0.04176 0.03938 0.07012 0.09062 0.33091 0.919 0.074 1240.185 0.02017
0.04181 0.03943 0.07021 0.09073 0.33203 0.896 0.073 1240.214 0.02019
0.04186 0.03948 0.07029 0.09084 0.33314 0.859 0.072 1240.244 0.02021
0.04192 0.03953 0.07038 0.09095 0.33425 0.938 0.075 1240.274 0.02024
0.04197 0.03958 0.07047 0.09107 0.33536 1.054 0.080 1240.304 0.02026
0.04202 0.03963 0.07055 0.09118 0.33648 1.065 0.080 1240.334 0.02029
0.04207 0.03967 0.07064 0.09129 0.33759 0.945 0.075 1240.364 0.02031
0.04212 0.03972 0.07073 0.09140 0.33870 0.908 0.074 1240.394 0.02034
0.04217 0.03977 0.07081 0.09151 0.33982 0.962 0.076 1240.424 0.02036
0.04223 0.03982 0.07090 0.09163 0.34093 0.920 0.074 1240.454 0.02039
0.04228 0.03987 0.07099 0.09174 0.34204 1.035 0.079 1240.483 0.02041
0.04233 0.03992 0.07107 0.09185 0.34315 1.036 0.079 1240.513 0.02044
0.04238 0.03997 0.07116 0.09196 0.34427 0.933 0.075 1240.543 0.02046
0.04243 0.04002 0.07125 0.09208 0.34538 0.885 0.073 1240.573 0.02049
0.04248 0.04006 0.07133 0.09219 0.34649 1.061 0.080 1240.603 0.02051
0.04254 0.04011 0.07142 0.09230 0.34761 1.011 0.078 1240.633 0.02053
0.04259 0.04016 0.07151 0.09241 0.34872 1.150 0.083 1240.663 0.02056
0.04264 0.04021 0.07159 0.09252 0.34983 0.933 0.075 1240.693 0.02058
0.04269 0.04026 0.07168 0.09264 0.35095 0.848 0.071 1240.723 0.02061
0.04274 0.04031 0.07177 0.09275 0.35206 0.976 0.077 1240.752 0.02063
0.04279 0.04036 0.07186 0.09286 0.35317 1.067 0.080 1240.782 0.02066
0.04285 0.04041 0.07194 0.09297 0.35429 0.873 0.073 1240.812 0.02068
0.04290 0.04045 0.07203 0.09309 0.35540 0.836 0.071 1240.842 0.02071
0.04295 0.04050 0.07212 0.09320 0.35652 1.146 0.083 1240.872 0.02073
0.04300 0.04055 0.07220 0.09331 0.35763 0.970 0.076 1240.902 0.02076
0.04305 0.04060 0.07229 0.09342 0.35874 0.976 0.077 1240.932 0.02078
0.04310 0.04065 0.07238 0.09353 0.35986 0.940 0.075 1240.962 0.02080
0.04316 0.04070 0.07246 0.09365 0.36097 1.012 0.078 1240.992 0.02083
0.04321 0.04075 0.07255 0.09376 0.36208 0.928 0.075 1241.021 0.02085
0.04326 0.04080 0.07264 0.09387 0.36320 1.013 0.078 1241.051 0.02088
0.04331 0.04084 0.07272 0.09398 0.36431 0.868 0.072 1241.081 0.02090
0.04336 0.04089 0.07281 0.09410 0.36543 0.940 0.075 1241.111 0.02093
0.04342 0.04094 0.07290 0.09421 0.36654 0.984 0.077 1241.141 0.02095
0.04347 0.04099 0.07298 0.09432 0.36765 1.019 0.078 1241.171 0.02098
0.04352 0.04104 0.07307 0.09443 0.36877 0.880 0.073 1241.201 0.02100
0.04357 0.04109 0.07316 0.09455 0.36988 1.019 0.078 1241.231 0.02103
0.04362 0.04114 0.07325 0.09466 0.37100 1.123 0.082 1241.261 0.02105
0.04367 0.04119 0.07333 0.09477 0.37211 0.820 0.070 1241.291 0.02108
0.04373 0.04123 0.07342 0.09488 0.37322 1.074 0.080 1241.320 0.02110
0.04378 0.04128 0.07351 0.09499 0.37434 0.989 0.077 1241.350 0.02112
0.04383 0.04133 0.07359 0.09511 0.37545 0.879 0.073 1241.380 0.02115
0.04388 0.04138 0.07368 0.09522 0.37657 0.995 0.077 1241.410 0.02117
0.04393 0.04143 0.07377 0.09533 0.37768 0.917 0.074 1241.440 0.02120
0.04398 0.04148 0.07385 0.09544 0.37880 0.839 0.071 1241.470 0.02122
0.04404 0.04153 0.07394 0.09556 0.37991 1.081 0.081 1241.500 0.02125
0.04409 0.04158 0.07403 0.09567 0.38103 0.912 0.074 1241.530 0.02127
0.04414 0.04163 0.07411 0.09578 0.38214 0.978 0.077 1241.560 0.02130
0.04419 0.04167 0.07420 0.09589 0.38325 0.941 0.075 1241.589 0.02132
0.04424 0.04172 0.07429 0.09601 0.38437 0.942 0.075 1241.619 0.02135
0.04430 0.04177 0.07438 0.09612 0.38548 0.936 0.075 1241.649 0.02137
0.04435 0.04182 0.07446 0.09623 0.38660 1.035 0.079 1241.679 0.02139
0.04440 0.04187 0.07455 0.09634 0.38771 0.942 0.075 1241.709 0.02142
0.04445 0.04192 0.07464 0.09645 0.38883 1.011 0.078 1241.739 0.02144
0.04450 0.04197 0.07472 0.09657 0.38994 0.958 0.076 1241.769 0.02147
0.04455 0.04202 0.07481 0.09668 0.39106 0.960 0.076 1241.799 0.02149
0.04461 0.04206 0.07490 0.09679 0.39217 1.099 0.081 1241.829 0.02152
0.04466 0.04211 0.07498 0.09690 0.39329 1.044 0.079 1241.858 0.02154
0.04471 0.04216 0.07507 0.09702 0.39440 1.035 0.079 1241.888 0.02157
0.04476 0.04221 0.07516 0.09713 0.39552 0.952 0.076 1241.918 0.02159
0.04481 0.04226 0.07524 0.09724 0.39663 1.027 0.079 1241.948 0.02162
0.04486 0.04231 0.07533 0.09735 0.39775 0.948 0.076 1241.978 0.02164
0.04492 0.04236 0.07542 0.09747 0.39886 1.006 0.078 1242.008 0.02167
0.04497 0.04241 0.07551 0.09758 0.39998 0.973 0.077 1242.038 0.02169
0.04502 0.04246 0.07559 0.09769 0.40109 1.106 0.082 1242.068 0.02171
0.04507 0.04250 0.07568 0.09780 0.40221 0.961 0.076 1242.098 0.02174
0.04512 0.04255 0.07577 0.09792 0.40332 0.966 0.076 1242.128 0.02176
0.04518 0.04260 0.07585 0.09803 0.40444 1.049 0.080 1242.157 0.02179
0.04523 0.04265 0.07594 0.09814 0.40555 0.893 0.073 1242.187 0.02181
0.04528 0.04270 0.07603 0.09825 0.40667 1.052 0.080 1242.217 0.02184
0.04533 0.04275 0.07611 0.09837 0.40778 0.953 0.076 1242.247 0.02186
0.04538 0.04280 0.07620 0.09848 0.40890 1.112 0.082 1242.277 0.02189
0.04543 0.04285 0.07629 0.09859 0.41002 0.997 0.078 1242.307 0.02191
0.04549 0.04290 0.07638 0.09870 0.41113 0.997 0.078 1242.337 0.02194
0.04554 0.04294 0.07646 0.09882 0.41225 0.979 0.077 1242.367 0.02196
0.04559 0.04299 0.07655 0.09893 0.41336 0.973 0.077 1242.397 0.02199
0.04564 0.04304 0.07664 0.09904 0.41448 0.961 0.076 1242.426 0.02201
0.04569 0.04309 0.07672 0.09915 0.41559 1.004 0.078 1242.456 0.02203
0.04575 0.04314 0.07681 0.09927 0.41671 0.961 0.076 1242.486 0.02206
0.04580 0.04319 0.07690 0.09938 0.41783 1.046 0.080 1242.516 0.02208
0.04585 0.04324 0.07698 0.09949 0.41894 1.058 0.080 1242.546 0.02211
0.04590 0.04329 0.07707 0.09960 0.42006 1.088 0.081 1242.576 0.02213
0.04595 0.04334 0.07716 0.09972 0.42117 1.077 0.081 1242.606 0.02216
0.04600 0.04338 0.07725 0.09983 0.42229 0.973 0.077 1242.636 0.02218
0.04606 0.04343 0.07733 0.09994 0.42341 0.985 0.077 1242.666 0.02221
0.04611 0.04348 0.07742 0.10005 0.42452 0.973 0.077 1242.695 0.02223
0.04616 0.04353 0.07751 0.10017 0.42564 0.870 0.073 1242.725 0.02226
0.04621 0.04358 0.07759 0.10028 0.42675 0.937 0.075 1242.755 0.02228
0.04626 0.04363 0.07768 0.10039 0.42787 0.882 0.073 1242.785 0.02230
0.04632 0.04368 0.07777 0.10050 0.42899 1.084 0.081 1242.815 0.02233
0.04637 0.04373 0.07786 0.10062 0.43010 1.090 0.081 1242.845 0.02235
0.04642 0.04378 0.07794 0.10073 0.43122 0.937 0.075 1242.875 0.02238
0.04647 0.04382 0.07803 0.10084 0.43233 0.998 0.078 1242.905 0.02240
0.04652 0.04387 0.07812 0.10095 0.43345 1.017 0.078 1242.935 0.02243
0.04658 0.04392 0.07820 0.10107 0.43457 0.980 0.077 1242.964 0.02245
0.04663 0.04397 0.07829 0.10118 0.43568 1.041 0.079 1242.994 0.02248
0.04668 0.04402 0.07838 0.10129 0.43680 1.023 0.079 1243.024 0.02250
0.04673 0.04407 0.07846 0.10140 0.43792 0.956 0.076 1243.054 0.02253
0.04678 0.04412 0.07855 0.10152 0.43903 0.981 0.077 1243.084 0.02255
0.04683 0.04417 0.07864 0.10163 0.44015 0.938 0.075 1243.114 0.02258
0.04689 0.04422 0.07873 0.10174 0.44127 1.006 0.078 1243.144 0.02260
0.04694 0.04426 0.07881 0.10185 0.44238 0.951 0.076 1243.174 0.02262
0.04699 0.04431 0.07890 0.10197 0.44350 0.999 0.078 1243.204 0.02265
0.04704 0.04436 0.07899 0.10208 0.44462 1.188 0.085 1243.234 0.02267
0.04709 0.04441 0.07907 0.10219 0.44573 0.994 0.078 1243.263 0.02270
0.04715 0.04446 0.07916 0.10230 0.44685 0.957 0.076 1243.293 0.02272
0.04720 0.04451 0.07925 0.10242 0.44797 0.841 0.071 1243.323 0.02275
0.04725 0.04456 0.07934 0.10253 0.44908 1.085 0.081 1243.353 0.02277
0.04730 0.04461 0.07942 0.10264 0.45020 0.944 0.076 1243.383 0.02280
0.04735 0.04466 0.07951 0.10275 0.45132 0.951 0.076 1243.413 0.02282
0.04741 0.04470 0.07960 0.10287 0.45243 1.104 0.082 1243.443 0.02285
0.04746 0.04475 0.07968 0.10298 0.45355 1.103 0.082 1243.473 0.02287
0.04751 0.04480 0.07977 0.10309 0.45467 1.068 0.080 1243.503 0.02289
0.04756 0.04485 0.07986 0.10320 0.45579 0.904 0.074 1243.532 0.02292
0.04761 0.04490 0.07995 0.10332 0.45690 0.952 0.076 1243.562 0.02294
0.04766 0.04495 0.08003 0.10343 0.45802 0.959 0.076 1243.592 0.02297
0.04772 0.04500 0.08012 0.10354 0.45914 0.856 0.072 1243.622 0.02299
0.04777 0.04505 0.08021 0.10365 0.46026 1.014 0.078 1243.652 0.02302
0.04782 0.04510 0.08029 0.10377 0.46137 1.026 0.079 1243.682 0.02304
0.04787 0.04515 0.08038 0.10388 0.46249 1.191 0.085 1243.712 0.02307
0.04792 0.04519 0.08047 0.10399 0.46361 0.972 0.077 1243.742 0.02309
0.04798 0.04524 0.08056 0.10411 0.46472 0.837 0.071 1243.772 0.02312
0.04803 0.04529 0.08064 0.10422 0.46584 1.033 0.079 1243.801 0.02314
0.04808 0.04534 0.08073 0.10433 0.46696 0.941 0.076 1243.831 0.02317
0.04813 0.04539 0.08082 0.10444 0.46808 1.002 0.078 1243.861 0.02319
0.04818 0.04544 0.08090 0.10456 0.46920 0.979 0.077 1243.891 0.02321
0.04824 0.04549 0.08099 0.10467 0.47031 1.083 0.081 1243.921 0.02324
0.04829 0.04554 0.08108 0.10478 0.47143 1.033 0.079 1243.951 0.02326
0.04834 0.04559 0.08117 0.10489 0.47255 0.924 0.075 1243.981 0.02329
0.04839 0.04563 0.08125 0.10501 0.47367 0.931 0.075 1244.011 0.02331
0.04844 0.04568 0.08134 0.10512 0.47478 0.919 0.075 1244.041 0.02334
0.04850 0.04573 0.08143 0.10523 0.47590 1.064 0.080 1244.071 0.02336
0.04855 0.04578 0.08151 0.10534 0.47702 1.162 0.084 1244.100 0.02339
0.04860 0.04583 0.08160 0.10546 0.47814 1.009 0.078 1244.130 0.02341
0.04865 0.04588 0.08169 0.10557 0.47926 0.924 0.075 1244.160 0.02344
0.04870 0.04593 0.08178 0.10568 0.48037 0.875 0.073 1244.190 0.02346
0.04876 0.04598 0.08186 0.10580 0.48149 1.040 0.079 1244.220 0.02348
0.04881 0.04603 0.08195 0.10591 0.48261 1.016 0.078 1244.250 0.02351
0.04886 0.04608 0.08204 0.10602 0.48373 0.949 0.076 1244.280 0.02353
0.04891 0.04612 0.08213 0.10613 0.48485 0.882 0.073 1244.310 0.02356
0.04896 0.04617 0.08221 0.10625 0.48596 0.937 0.075 1244.340 0.02358
0.04901 0.04622 0.08230 0.10636 0.48708 0.919 0.075 1244.369 0.02361
0.04907 0.04627 0.08239 0.10647 0.48820 0.943 0.076 1244.399 0.02363
0.04912 0.04632 0.08247 0.10658 0.48932 0.948 0.076 1244.429 0.02366
0.04917 0.04637 0.08256 0.10670 0.49044 0.899 0.074 1244.459 0.02368
0.04922 0.04642 0.08265 0.10681 0.49156 0.936 0.075 1244.489 0.02371
0.04927 0.04647 0.08274 0.10692 0.49267 0.912 0.074 1244.519 0.02373
0.04933 0.04652 0.08282 0.10704 0.49379 0.943 0.076 1244.549 0.02376
0.04938 0.04657 0.08291 0.10715 0.49491 0.838 0.071 1244.579 0.02378
0.04943 0.04661 0.08300 0.10726 0.49603 1.024 0.079 1244.609 0.02380
0.04948 0.04666 0.08308 0.10737 0.49715 1.029 0.079 1244.638 0.02383
0.04953 0.04671 0.08317 0.10749 0.49827 1.015 0.078 1244.668 0.02385
0.04959 0.04676 0.08326 0.10760 0.49939 0.984 0.077 1244.698 0.02388
0.04964 0.04681 0.08335 0.10771 0.50051 0.948 0.076 1244.728 0.02390
0.04969 0.04686 0.08343 0.10782 0.50162 0.911 0.074 1244.758 0.02393
0.04974 0.04691 0.08352 0.10794 0.50274 0.802 0.070 1244.788 0.02395
0.04979 0.04696 0.08361 0.10805 0.50386 0.856 0.072 1244.818 0.02398
0.04985 0.04701 0.08370 0.10816 0.50498 1.060 0.080 1244.848 0.02400
0.04990 0.04706 0.08378 0.10828 0.50610 1.059 0.080 1244.878 0.02403
0.04995 0.04710 0.08387 0.10839 0.50722 0.992 0.078 1244.907 0.02405
0.05000 0.04715 0.08396 0.10850 0.50834 0.992 0.078 1244.937 0.02408
0.05005 0.04720 0.08404 0.10861 0.50946 1.089 0.081 1244.967 0.02410
0.05011 0.04725 0.08413 0.10873 0.51058 0.967 0.077 1244.997 0.02412
0.05016 0.04730 0.08422 0.10884 0.51169 0.991 0.078 1245.027 0.02415
0.05021 0.04735 0.08431 0.10895 0.51281 1.004 0.078 1245.057 0.02417
0.05026 0.04740 0.08439 0.10907 0.51393 1.029 0.079 1245.087 0.02420
0.05031 0.04745 0.08448 0.10918 0.51505 1.152 0.084 1245.117 0.02422
0.05037 0.04750 0.08457 0.10929 0.51617 1.102 0.082 1245.147 0.02425
0.05042 0.04755 0.08466 0.10940 0.51729 1.089 0.081 1245.177 0.02427
0.05047 0.04759 0.08474 0.10952 0.51841 1.035 0.079 1245.206 0.02430
0.05052 0.04764 0.08483 0.10963 0.51953 0.973 0.077 1245.236 0.02432
0.05057 0.04769 0.08492 0.10974 0.52065 0.901 0.074 1245.266 0.02435
0.05063 0.04774 0.08500 0.10985 0.52177 1.084 0.081 1245.296 0.02437
0.05068 0.04779 0.08509 0.10997 0.52289 1.060 0.080 1245.326 0.02439
0.05073 0.04784 0.08518 0.11008 0.52401 1.121 0.083 1245.356 0.02442
0.05078 0.04789 0.08527 0.11019 0.52513 0.919 0.075 1245.386 0.02444
0.05083 0.04794 0.08535 0.11031 0.52625 1.018 0.079 1245.416 0.02447
0.05089 0.04799 0.08544 0.11042 0.52737 0.950 0.076 1245.446 0.02449
0.05094 0.04804 0.08553 0.11053 0.52849 0.864 0.072 1245.475 0.02452
0.05099 0.04809 0.08562 0.11064 0.52961 1.133 0.083 1245.505 0.02454
0.05104 0.04813 0.08570 0.11076 0.53073 1.090 0.081 1245.535 0.02457
0.05109 0.04818 0.08579 0.11087 0.53185 0.968 0.077 1245.565 0.02459
0.05115 0.04823 0.08588 0.11098 0.53297 0.975 0.077 1245.595 0.02462
0.05120 0.04828 0.08597 0.11110 0.53409 1.103 0.082 1245.625 0.02464
0.05125 0.04833 0.08605 0.11121 0.53521 1.006 0.078 1245.655 0.02467
0.05130 0.04838 0.08614 0.11132 0.53633 0.982 0.077 1245.685 0.02469
0.05135 0.04843 0.08623 0.11144 0.53745 0.950 0.076 1245.715 0.02471
0.05141 0.04848 0.08631 0.11155 0.53857 0.993 0.078 1245.744 0.02474
0.05146 0.04853 0.08640 0.11166 0.53969 0.797 0.070 1245.774 0.02476
0.05151 0.04858 0.08649 0.11177 0.54081 1.042 0.080 1245.804 0.02479
0.05156 0.04862 0.08658 0.11189 0.54193 0.901 0.074 1245.834 0.02481
0.05161 0.04867 0.08666 0.11200 0.54305 1.061 0.080 1245.864 0.02484
0.05167 0.04872 0.08675 0.11211 0.54417 0.859 0.072 1245.894 0.02486
0.05172 0.04877 0.08684 0.11223 0.54529 0.963 0.076 1245.924 0.02489
0.05177 0.04882 0.08693 0.11234 0.54641 0.987 0.077 1245.954 0.02491
0.05182 0.04887 0.08701 0.11245 0.54753 0.907 0.074 1245.984 0.02494
0.05187 0.04892 0.08710 0.11256 0.54865 0.969 0.077 1246.014 0.02496
0.05193 0.04897 0.08719 0.11268 0.54977 1.061 0.080 1246.043 0.02498
0.05198 0.04902 0.08728 0.11279 0.55089 0.993 0.078 1246.073 0.02501
0.05203 0.04907 0.08736 0.11290 0.55201 1.029 0.079 1246.103 0.02503
0.05208 0.04912 0.08745 0.11302 0.55313 1.012 0.078 1246.133 0.02506
0.05213 0.04916 0.08754 0.11313 0.55425 1.006 0.078 1246.163 0.02508
0.05219 0.04921 0.08763 0.11324 0.55537 1.012 0.078 1246.193 0.02511
0.05224 0.04926 0.08771 0.11335 0.55649 0.975 0.077 1246.223 0.02513
0.05229 0.04931 0.08780 0.11347 0.55761 1.148 0.083 1246.253 0.02516
0.05234 0.04936 0.08789 0.11358 0.55873 0.889 0.073 1246.283 0.02518
0.05240 0.04941 0.08798 0.11369 0.55986 1.012 0.078 1246.312 0.02521
0.05245 0.04946 0.08806 0.11381 0.56098 1.030 0.079 1246.342 0.02523
0.05250 0.04951 0.08815 0.11392 0.56210 1.061 0.080 1246.372 0.02526
0.05255 0.04956 0.08824 0.11403 0.56322 0.981 0.077 1246.402 0.02528
0.05260 0.04961 0.08833 0.11415 0.56434 0.858 0.072 1246.432 0.02530
0.05266 0.04966 0.08841 0.11426 0.56546 0.976 0.077 1246.462 0.02533
0.05271 0.04970 0.08850 0.11437 0.56658 0.952 0.076 1246.492 0.02535
0.05276 0.04975 0.08859 0.11448 0.56770 0.957 0.076 1246.522 0.02538
0.05281 0.04980 0.08867 0.11460 0.56882 1.170 0.084 1246.552 0.02540
0.05286 0.04985 0.08876 0.11471 0.56994 1.031 0.079 1246.581 0.02543
0.05292 0.04990 0.08885 0.11482 0.57107 0.975 0.077 1246.611 0.02545
0.05297 0.04995 0.08894 0.11494 0.57219 0.840 0.071 1246.641 0.02548
0.05302 0.05000 0.08902 0.11505 0.57331 1.086 0.081 1246.671 0.02550
0.05307 0.05005 0.08911 0.11516 0.57443 0.976 0.077 1246.701 0.02553
0.05312 0.05010 0.08920 0.11528 0.57555 0.962 0.076 1246.731 0.02555
0.05318 0.05015 0.08929 0.11539 0.57667 0.889 0.073 1246.761 0.02558
0.05323 0.05020 0.08937 0.11550 0.57779 0.889 0.073 1246.791 0.02560
0.05328 0.05025 0.08946 0.11562 0.57892 0.926 0.075 1246.821 0.02562
0.05333 0.05029 0.08955 0.11573 0.58004 0.835 0.071 1246.850 0.02565
0.05338 0.05034 0.08964 0.11584 0.58116 0.828 0.071 1246.880 0.02567
0.05344 0.05039 0.08972 0.11595 0.58228 0.767 0.068 1246.910 0.02570
0.05349 0.05044 0.08981 0.11607 0.58340 0.890 0.073 1246.940 0.02572
0.05354 0.05049 0.08990 0.11618 0.58452 0.724 0.066 1246.970 0.02575
0.05359 0.05054 0.08999 0.11629 0.58565 0.859 0.072 1247.000 0.02577
0.05365 0.05059 0.09007 0.11641 0.58677 0.798 0.070 1247.030 0.02580
0.05370 0.05064 0.09016 0.11652 0.58789 0.891 0.074 1247.060 0.02582
0.05375 0.05069 0.09025 0.11663 0.58901 0.957 0.076 1247.090 0.02585
0.05380 0.05074 0.09034 0.11675 0.59013 0.952 0.076 1247.120 0.02587
0.05385 0.05079 0.09042 0.11686 0.59126 1.048 0.080 1247.149 0.02589
0.05391 0.05083 0.09051 0.11697 0.59238 0.866 0.072 1247.179 0.02592
0.05396 0.05088 0.09060 0.11709 0.59350 1.012 0.078 1247.209 0.02594
0.05401 0.05093 0.09069 0.11720 0.59462 1.036 0.079 1247.239 0.02597
0.05406 0.05098 0.09077 0.11731 0.59574 1.103 0.082 1247.269 0.02599
0.05411 0.05103 0.09086 0.11742 0.59687 0.938 0.075 1247.299 0.02602
0.05417 0.05108 0.09095 0.11754 0.59799 1.098 0.082 1247.329 0.02604
0.05422 0.05113 0.09104 0.11765 0.59911 1.029 0.079 1247.359 0.02607
0.05427 0.05118 0.09112 0.11776 0.60023 1.030 0.079 1247.389 0.02609
0.05432 0.05123 0.09121 0.11788 0.60135 1.011 0.078 1247.418 0.02612
0.05437 0.05128 0.09130 0.11799 0.60248 1.012 0.078 1247.448 0.02614
0.05443 0.05133 0.09139 0.11810 0.60360 1.152 0.084 1247.478 0.02617
0.05448 0.05138 0.09147 0.11822 0.60472 0.945 0.076 1247.508 0.02619
0.05453 0.05142 0.09156 0.11833 0.60584 0.938 0.075 1247.538 0.02621
0.05458 0.05147 0.09165 0.11844 0.60697 1.116 0.082 1247.568 0.02624
0.05464 0.05152 0.09174 0.11856 0.60809 0.994 0.078 1247.598 0.02626
0.05469 0.05157 0.09183 0.11867 0.60921 1.013 0.078 1247.628 0.02629
0.05474 0.05162 0.09191 0.11878 0.61033 1.043 0.080 1247.658 0.02631
0.05479 0.05167 0.09200 0.11890 0.61146 0.975 0.077 1247.687 0.02634
0.05484 0.05172 0.09209 0.11901 0.61258 0.896 0.074 1247.717 0.02636
0.05490 0.05177 0.09218 0.11912 0.61370 1.013 0.078 1247.747 0.02639
0.05495 0.05182 0.09226 0.11923 0.61483 0.961 0.076 1247.777 0.02641
0.05500 0.05187 0.09235 0.11935 0.61595 0.968 0.077 1247.807 0.02644
0.05505 0.05192 0.09244 0.11946 0.61707 1.149 0.083 1247.837 0.02646
0.05511 0.05197 0.09253 0.11957 0.61819 1.029 0.079 1247.867 0.02648
0.05516 0.05202 0.09261 0.11969 0.61932 1.071 0.081 1247.897 0.02651
0.05521 0.05206 0.09270 0.11980 0.62044 1.185 0.085 1247.927 0.02653
0.05526 0.05211 0.09279 0.11991 0.62156 1.000 0.078 1247.957 0.02656
0.05531 0.05216 0.09288 0.12003 0.62269 1.017 0.078 1247.986 0.02658
0.05537 0.05221 0.09296 0.12014 0.62381 1.024 0.079 1248.016 0.02661
0.05542 0.05226 0.09305 0.12025 0.62493 0.915 0.074 1248.046 0.02663
0.05547 0.05231 0.09314 0.12037 0.62606 1.120 0.082 1248.076 0.02666
0.05552 0.05236 0.09323 0.12048 0.62718 1.024 0.079 1248.106 0.02668
0.05557 0.05241 0.09331 0.12059 0.62830 1.036 0.079 1248.136 0.02671
0.05563 0.05246 0.09340 0.12071 0.62943 0.912 0.074 1248.166 0.02673
0.05568 0.05251 0.09349 0.12082 0.63055 0.998 0.078 1248.196 0.02676
0.05573 0.05256 0.09358 0.12093 0.63167 0.919 0.075 1248.226 0.02678
0.05578 0.05261 0.09366 0.12105 0.63280 1.103 0.082 1248.255 0.02680
0.05584 0.05265 0.09375 0.12116 0.63392 1.182 0.085 1248.285 0.02683
0.05589 0.05270 0.09384 0.12127 0.63504 0.986 0.077 1248.315 0.02685
0.05594 0.05275 0.09393 0.12139 0.63617 0.998 0.078 1248.345 0.02688
0.05599 0.05280 0.09401 0.12150 0.63729 1.156 0.084 1248.375 0.02690
0.05604 0.05285 0.09410 0.12161 0.63841 0.919 0.075 1248.405 0.02693
0.05610 0.05290 0.09419 0.12173 0.63954 1.016 0.078 1248.435 0.02695
0.05615 0.05295 0.09428 0.12184 0.64066 1.041 0.079 1248.465 0.02698
0.05620 0.05300 0.09437 0.12195 0.64178 0.980 0.077 1248.495 0.02700
0.05625 0.05305 0.09445 0.12207 0.64291 0.942 0.075 1248.524 0.02703
0.05631 0.05310 0.09454 0.12218 0.64403 1.120 0.082 1248.554 0.02705
0.05636 0.05315 0.09463 0.12229 0.64516 0.955 0.076 1248.584 0.02707
0.05641 0.05320 0.09472 0.12241 0.64628 1.078 0.081 1248.614 0.02710
0.05646 0.05325 0.09480 0.12252 0.64740 0.938 0.075 1248.644 0.02712
0.05651 0.05329 0.09489 0.12263 0.64853 1.006 0.078 1248.674 0.02715
0.05657 0.05334 0.09498 0.12275 0.64965 1.028 0.079 1248.704 0.02717
0.05662 0.05339 0.09507 0.12286 0.65078 1.096 0.081 1248.734 0.02720
0.05667 0.05344 0.09515 0.12297 0.65190 1.076 0.081 1248.764 0.02722
0.05672 0.05349 0.09524 0.12308 0.65302 1.065 0.080 1248.793 0.02725
0.05678 0.05354 0.09533 0.12320 0.65415 0.949 0.076 1248.823 0.02727
0.05683 0.05359 0.09542 0.12331 0.65527 0.998 0.078 1248.853 0.02730
0.05688 0.05364 0.09551 0.12342 0.65640 1.083 0.081 1248.883 0.02732
0.05693 0.05369 0.09559 0.12354 0.65752 0.936 0.075 1248.913 0.02735
0.05698 0.05374 0.09568 0.12365 0.65865 1.045 0.079 1248.943 0.02737
0.05704 0.05379 0.09577 0.12376 0.65977 1.064 0.080 1248.973 0.02739
0.05709 0.05384 0.09586 0.12388 0.66089 1.045 0.079 1249.003 0.02742
0.05714 0.05389 0.09594 0.12399 0.66202 0.976 0.077 1249.033 0.02744
0.05719 0.05393 0.09603 0.12410 0.66314 1.069 0.080 1249.063 0.02747
0.05725 0.05398 0.09612 0.12422 0.66427 0.905 0.074 1249.092 0.02749
0.05730 0.05403 0.09621 0.12433 0.66539 0.966 0.076 1249.122 0.02752
0.05735 0.05408 0.09629 0.12444 0.66652 0.964 0.076 1249.152 0.02754
0.05740 0.05413 0.09638 0.12456 0.66764 0.836 0.071 1249.182 0.02757
0.05745 0.05418 0.09647 0.12467 0.66877 0.715 0.066 1249.212 0.02759
0.05751 0.05423 0.09656 0.12479 0.66989 0.691 0.065 1249.242 0.02762
0.05756 0.05428 0.09665 0.12490 0.67102 0.637 0.062 1249.272 0.02764
0.05761 0.05433 0.09673 0.12501 0.67214 0.484 0.061 1249.302 0.02767
0.05766 0.05438 0.09682 0.12513 0.67327 0.460 0.060 1249.332 0.02769
0.05772 0.05443 0.09691 0.12524 0.67439 0.380 0.059 1249.361 0.02771
0.05777 0.05448 0.09700 0.12535 0.67551 0.356 0.057 1249.391 0.02774
0.05782 0.05453 0.09708 0.12547 0.67664 0.271 0.052 1249.421 0.02776
0.05787 0.05458 0.09717 0.12558 0.67776 0.331 0.056 1249.451 0.02779
0.05792 0.05462 0.09726 0.12569 0.67889 0.288 0.053 1249.481 0.02781
0.05798 0.05467 0.09735 0.12581 0.68002 0.246 0.050 1249.511 0.02784
0.05803 0.05472 0.09744 0.12592 0.68114 0.319 0.055 1249.541 0.02786
0.05808 0.05477 0.09752 0.12603 0.68227 0.318 0.055 1249.571 0.02789
0.05813 0.05482 0.09761 0.12615 0.68339 0.410 0.061 1249.601 0.02791
0.05819 0.05487 0.09770 0.12626 0.68452 0.470 0.060 1249.630 0.02794
0.05824 0.05492 0.09779 0.12637 0.68564 0.586 0.063 1249.660 0.02796
0.05829 0.05497 0.09787 0.12649 0.68677 0.586 0.063 1249.690 0.02798
0.05834 0.05502 0.09796 0.12660 0.68789 0.653 0.063 1249.720 0.02801
0.05839 0.05507 0.09805 0.12671 0.68902 0.677 0.064 1249.750 0.02803
0.05845 0.05512 0.09814 0.12683 0.69014 0.677 0.067 1249.780 0.02806
0.05850 0.05517 0.09823 0.12694 0.69127 0.841 0.071 1249.810 0.02808
0.05855 0.05522 0.09831 0.12705 0.69239 0.883 0.073 1249.840 0.02811
0.05860 0.05527 0.09840 0.12717 0.69352 0.889 0.073 1249.870 0.02813
0.05866 0.05531 0.09849 0.12728 0.69464 0.597 0.060 1249.900 0.02816
0.05871 0.05536 0.09858 0.12739 0.69577 0.604 0.064 1249.929 0.02818
0.05876 0.05541 0.09866 0.12751 0.69690 0.513 0.062 1249.959 0.02821
0.05881 0.05546 0.09875 0.12762 0.69802 0.409 0.061 1249.989 0.02823
0.05887 0.05551 0.09884 0.12773 0.69915 0.442 0.059 1250.019 0.02826
0.05892 0.05556 0.09893 0.12785 0.70027 0.404 0.060 1250.049 0.02828
0.05897 0.05561 0.09902 0.12796 0.70140 0.313 0.054 1250.079 0.02830
0.05902 0.05566 0.09910 0.12807 0.70253 0.381 0.059 1250.109 0.02833
0.05907 0.05571 0.09919 0.12819 0.70365 0.469 0.060 1250.139 0.02835
0.05913 0.05576 0.09928 0.12830 0.70478 0.509 0.063 1250.169 0.02838
0.05918 0.05581 0.09937 0.12841 0.70590 0.387 0.065 1250.198 0.02840
0.05923 0.05586 0.09945 0.12853 0.70703 0.590 0.063 1250.228 0.02843
0.05928 0.05591 0.09954 0.12864 0.70816 0.395 0.059 1250.258 0.02845
0.05934 0.05596 0.09963 0.12876 0.70928 0.396 0.060 1250.288 0.02848
0.05939 0.05601 0.09972 0.12887 0.71041 0.363 0.058 1250.318 0.02850
0.05944 0.05605 0.09981 0.12898 0.71153 0.453 0.063 1250.348 0.02853
0.05949 0.05610 0.09989 0.12910 0.71266 0.464 0.060 1250.378 0.02855
0.05955 0.05615 0.09998 0.12921 0.71379 0.347 0.057 1250.408 0.02857
0.05960 0.05620 0.10007 0.12932 0.71491 0.429 0.062 1250.438 0.02860
0.05965 0.05625 0.10016 0.12944 0.71604 0.632 0.061 1250.467 0.02862
0.05970 0.05630 0.10024 0.12955 0.71717 0.577 0.062 1250.497 0.02865
0.05975 0.05635 0.10033 0.12966 0.71829 0.348 0.057 1250.527 0.02867
0.05981 0.05640 0.10042 0.12978 0.71942 0.355 0.057 1250.557 0.02870
0.05986 0.05645 0.10051 0.12989 0.72054 0.401 0.060 1250.587 0.02872
0.05991 0.05650 0.10060 0.13000 0.72167 0.528 0.063 1250.617 0.02875
0.05996 0.05655 0.10068 0.13012 0.72280 0.468 0.064 1250.647 0.02877
0.06002 0.05660 0.10077 0.13023 0.72392 0.515 0.063 1250.677 0.02880
0.06007 0.05665 0.10086 0.13035 0.72505 0.879 0.072 1250.707 0.02882
0.06012 0.05670 0.10095 0.13046 0.72618 0.847 0.071 1250.737 0.02885
0.06017 0.05675 0.10104 0.13057 0.72730 0.879 0.072 1250.766 0.02887
0.06023 0.05679 0.10112 0.13069 0.72843 0.841 0.071 1250.796 0.02889
0.06028 0.05684 0.10121 0.13080 0.72956 0.835 0.071 1250.826 0.02892
0.06033 0.05689 0.10130 0.13091 0.73068 0.859 0.072 1250.856 0.02894
0.06038 0.05694 0.10139 0.13103 0.73181 0.926 0.074 1250.886 0.02897
0.06044 0.05699 0.10148 0.13114 0.73294 0.677 0.064 1250.916 0.02899
0.06049 0.05704 0.10156 0.13125 0.73407 0.950 0.075 1250.946 0.02902
0.06054 0.05709 0.10165 0.13137 0.73519 0.780 0.068 1250.976 0.02904
0.06059 0.05714 0.10174 0.13148 0.73632 1.003 0.077 1251.006 0.02907
0.06064 0.05719 0.10183 0.13159 0.73745 0.852 0.071 1251.035 0.02909
0.06070 0.05724 0.10191 0.13171 0.73857 0.768 0.068 1251.065 0.02912
0.06075 0.05729 0.10200 0.13182 0.73970 0.918 0.074 1251.095 0.02914
0.06080 0.05734 0.10209 0.13194 0.74083 0.816 0.070 1251.125 0.02917
0.06085 0.05739 0.10218 0.13205 0.74196 1.034 0.078 1251.155 0.02919
0.06091 0.05744 0.10227 0.13216 0.74308 0.846 0.071 1251.185 0.02921
0.06096 0.05749 0.10235 0.13228 0.74421 1.033 0.078 1251.215 0.02924
0.06101 0.05754 0.10244 0.13239 0.74534 0.882 0.072 1251.245 0.02926
0.06106 0.05758 0.10253 0.13250 0.74647 0.797 0.069 1251.275 0.02929
0.06112 0.05763 0.10262 0.13262 0.74759 0.809 0.069 1251.304 0.02931
0.06117 0.05768 0.10271 0.13273 0.74872 1.051 0.079 1251.334 0.02934
0.06122 0.05773 0.10279 0.13284 0.74985 0.983 0.076 1251.364 0.02936
0.06127 0.05778 0.10288 0.13296 0.75098 1.030 0.078 1251.394 0.02939
0.06133 0.05783 0.10297 0.13307 0.75210 0.929 0.074 1251.424 0.02941
0.06138 0.05788 0.10306 0.13319 0.75323 0.928 0.074 1251.454 0.02944
0.06143 0.05793 0.10315 0.13330 0.75436 1.246 0.086 1251.484 0.02946
0.06148 0.05798 0.10323 0.13341 0.75549 1.048 0.079 1251.514 0.02948
0.06153 0.05803 0.10332 0.13353 0.75661 0.965 0.076 1251.544 0.02951
0.06159 0.05808 0.10341 0.13364 0.75774 0.971 0.076 1251.573 0.02953
0.06164 0.05813 0.10350 0.13375 0.75887 0.915 0.074 1251.603 0.02956
0.06169 0.05818 0.10359 0.13387 0.76000 1.035 0.078 1251.633 0.02958
0.06174 0.05823 0.10367 0.13398 0.76113 0.860 0.071 1251.663 0.02961
0.06180 0.05828 0.10376 0.13409 0.76225 0.915 0.074 1251.693 0.02963
0.06185 0.05833 0.10385 0.13421 0.76338 0.753 0.067 1251.723 0.02966
0.06190 0.05838 0.10394 0.13432 0.76451 0.806 0.069 1251.753 0.02968
0.06195 0.05842 0.10403 0.13444 0.76564 0.711 0.065 1251.783 0.02971
0.06201 0.05847 0.10411 0.13455 0.76677 0.704 0.065 1251.813 0.02973
0.06206 0.05852 0.10420 0.13466 0.76789 0.680 0.067 1251.843 0.02976
0.06211 0.05857 0.10429 0.13478 0.76902 0.566 0.062 1251.872 0.02978
0.06216 0.05862 0.10438 0.13489 0.77015 0.451 0.059 1251.902 0.02980
0.06222 0.05867 0.10447 0.13500 0.77128 0.415 0.060 1251.932 0.02983
0.06227 0.05872 0.10455 0.13512 0.77241 0.331 0.055 1251.962 0.02985
0.06232 0.05877 0.10464 0.13523 0.77353 0.402 0.060 1251.992 0.02988
0.06237 0.05882 0.10473 0.13535 0.77466 0.486 0.061 1252.022 0.02990
0.06243 0.05887 0.10482 0.13546 0.77579 0.463 0.059 1252.052 0.02993
0.06248 0.05892 0.10491 0.13557 0.77692 0.391 0.059 1252.082 0.02995
0.06253 0.05897 0.10499 0.13569 0.77805 0.450 0.062 1252.112 0.02998
0.06258 0.05902 0.10508 0.13580 0.77918 0.617 0.060 1252.141 0.03000
0.06264 0.05907 0.10517 0.13591 0.78031 0.683 0.067 1252.171 0.03003
0.06269 0.05912 0.10526 0.13603 0.78143 0.688 0.064 1252.201 0.03005
0.06274 0.05917 0.10535 0.13614 0.78256 0.754 0.067 1252.231 0.03007
0.06279 0.05922 0.10543 0.13626 0.78369 0.717 0.065 1252.261 0.03010
0.06285 0.05926 0.10552 0.13637 0.78482 0.748 0.066 1252.291 0.03012
0.06290 0.05931 0.10561 0.13648 0.78595 0.801 0.069 1252.321 0.03015
0.06295 0.05936 0.10570 0.13660 0.78708 0.889 0.072 1252.351 0.03017
0.06300 0.05941 0.10579 0.13671 0.78821 0.908 0.073 1252.381 0.03020
0.06305 0.05946 0.10587 0.13682 0.78934 0.925 0.074 1252.410 0.03022
0.06311 0.05951 0.10596 0.13694 0.79047 1.097 0.080 1252.440 0.03025
0.06316 0.05956 0.10605 0.13705 0.79159 0.836 0.070 1252.470 0.03027
0.06321 0.05961 0.10614 0.13717 0.79272 1.050 0.079 1252.500 0.03030
0.06326 0.05966 0.10623 0.13728 0.79385 0.997 0.077 1252.530 0.03032
0.06332 0.05971 0.10631 0.13739 0.79498 0.978 0.076 1252.560 0.03035
0.06337 0.05976 0.10640 0.13751 0.79611 0.905 0.073 1252.590 0.03037
0.06342 0.05981 0.10649 0.13762 0.79724 0.882 0.072 1252.620 0.03039
0.06347 0.05986 0.10658 0.13774 0.79837 0.964 0.075 1252.650 0.03042
0.06353 0.05991 0.10667 0.13785 0.79950 1.000 0.077 1252.680 0.03044
0.06358 0.05996 0.10675 0.13796 0.80063 1.028 0.078 1252.709 0.03047
0.06363 0.06001 0.10684 0.13808 0.80176 1.041 0.078 1252.739 0.03049
0.06368 0.06006 0.10693 0.13819 0.80289 0.975 0.076 1252.769 0.03052
0.06374 0.06011 0.10702 0.13830 0.80402 0.904 0.073 1252.799 0.03054
0.06379 0.06016 0.10711 0.13842 0.80515 0.952 0.075 1252.829 0.03057
0.06384 0.06020 0.10720 0.13853 0.80627 0.952 0.075 1252.859 0.03059
0.06389 0.06025 0.10728 0.13865 0.80740 1.010 0.077 1252.889 0.03062
0.06395 0.06030 0.10737 0.13876 0.80853 1.057 0.079 1252.919 0.03064
0.06400 0.06035 0.10746 0.13887 0.80966 1.017 0.077 1252.949 0.03067
0.06405 0.06040 0.10755 0.13899 0.81079 0.796 0.068 1252.978 0.03069
0.06410 0.06045 0.10764 0.13910 0.81192 0.843 0.070 1253.008 0.03071
0.06416 0.06050 0.10772 0.13922 0.81305 0.849 0.070 1253.038 0.03074
0.06421 0.06055 0.10781 0.13933 0.81418 0.972 0.075 1253.068 0.03076
0.06426 0.06060 0.10790 0.13944 0.81531 0.753 0.066 1253.098 0.03079
0.06431 0.06065 0.10799 0.13956 0.81644 0.872 0.071 1253.128 0.03081
0.06437 0.06070 0.10808 0.13967 0.81757 0.913 0.073 1253.158 0.03084
0.06442 0.06075 0.10816 0.13978 0.81870 0.960 0.075 1253.188 0.03086
0.06447 0.06080 0.10825 0.13990 0.81983 0.965 0.075 1253.218 0.03089
0.06452 0.06085 0.10834 0.14001 0.82096 0.995 0.076 1253.247 0.03091
0.06458 0.06090 0.10843 0.14013 0.82209 0.887 0.072 1253.277 0.03094
0.06463 0.06095 0.10852 0.14024 0.82322 1.017 0.077 1253.307 0.03096
0.06468 0.06100 0.10861 0.14035 0.82435 1.005 0.077 1253.337 0.03098
0.06473 0.06105 0.10869 0.14047 0.82548 0.905 0.073 1253.367 0.03101
0.06479 0.06110 0.10878 0.14058 0.82661 1.011 0.077 1253.397 0.03103
0.06484 0.06115 0.10887 0.14070 0.82774 0.946 0.074 1253.427 0.03106
0.06489 0.06119 0.10896 0.14081 0.82887 0.946 0.074 1253.457 0.03108
0.06494 0.06124 0.10905 0.14092 0.83000 1.040 0.078 1253.487 0.03111
0.06500 0.06129 0.10913 0.14104 0.83113 0.980 0.075 1253.516 0.03113
0.06505 0.06134 0.10922 0.14115 0.83226 0.845 0.070 1253.546 0.03116
0.06510 0.06139 0.10931 0.14127 0.83339 0.733 0.065 1253.576 0.03118
0.06515 0.06144 0.10940 0.14138 0.83453 0.786 0.068 1253.606 0.03121
0.06521 0.06149 0.10949 0.14149 0.83566 0.609 0.063 1253.636 0.03123
0.06526 0.06154 0.10957 0.14161 0.83679 0.544 0.063 1253.666 0.03126
0.06531 0.06159 0.10966 0.14172 0.83792 0.538 0.059 1253.696 0.03128
0.06536 0.06164 0.10975 0.14184 0.83905 0.579 0.061 1253.726 0.03130
0.06542 0.06169 0.10984 0.14195 0.84018 0.490 0.057 1253.756 0.03133
0.06547 0.06174 0.10993 0.14206 0.84131 0.378 0.057 1253.786 0.03135
0.06552 0.06179 0.11002 0.14218 0.84244 0.231 0.047 1253.815 0.03138
0.06557 0.06184 0.11010 0.14229 0.84357 0.313 0.053 1253.845 0.03140
0.06563 0.06189 0.11019 0.14241 0.84470 0.366 0.057 1253.875 0.03143
0.06568 0.06194 0.11028 0.14252 0.84583 0.494 0.060 1253.905 0.03145
0.06573 0.06199 0.11037 0.14263 0.84696 0.688 0.066 1253.935 0.03148
0.06578 0.06204 0.11046 0.14275 0.84809 0.764 0.066 1253.965 0.03150
0.06584 0.06209 0.11055 0.14286 0.84923 0.747 0.066 1253.995 0.03153
0.06589 0.06214 0.11063 0.14298 0.85036 0.968 0.075 1254.025 0.03155
0.06594 0.06219 0.11072 0.14309 0.85149 1.008 0.076 1254.055 0.03157
0.06599 0.06223 0.11081 0.14320 0.85262 1.214 0.084 1254.084 0.03160
0.06605 0.06228 0.11090 0.14332 0.85375 0.857 0.070 1254.114 0.03162
0.06610 0.06233 0.11099 0.14343 0.85488 1.049 0.078 1254.144 0.03165
0.06615 0.06238 0.11107 0.14355 0.85601 0.956 0.074 1254.174 0.03167
0.06620 0.06243 0.11116 0.14366 0.85714 0.915 0.073 1254.204 0.03170
0.06626 0.06248 0.11125 0.14377 0.85827 0.919 0.073 1254.234 0.03172
0.06631 0.06253 0.11134 0.14389 0.85941 0.995 0.076 1254.264 0.03175
0.06636 0.06258 0.11143 0.14400 0.86054 1.011 0.076 1254.294 0.03177
0.06641 0.06263 0.11152 0.14412 0.86167 1.011 0.076 1254.324 0.03180
0.06647 0.06268 0.11160 0.14423 0.86280 0.912 0.072 1254.353 0.03182
0.06652 0.06273 0.11169 0.14434 0.86393 0.946 0.074 1254.383 0.03185
0.06657 0.06278 0.11178 0.14446 0.86506 0.946 0.074 1254.413 0.03187
0.06663 0.06283 0.11187 0.14457 0.86620 1.108 0.080 1254.443 0.03189
0.06668 0.06288 0.11196 0.14469 0.86733 0.997 0.076 1254.473 0.03192
0.06673 0.06293 0.11205 0.14480 0.86846 1.054 0.078 1254.503 0.03194
0.06678 0.06298 0.11213 0.14491 0.86959 1.065 0.078 1254.533 0.03197
0.06684 0.06303 0.11222 0.14503 0.87072 1.112 0.080 1254.563 0.03199
0.06689 0.06308 0.11231 0.14514 0.87185 1.000 0.076 1254.593 0.03202
0.06694 0.06313 0.11240 0.14526 0.87299 1.046 0.077 1254.623 0.03204
0.06699 0.06318 0.11249 0.14537 0.87412 0.994 0.075 1254.652 0.03207
0.06705 0.06323 0.11257 0.14548 0.87525 0.934 0.073 1254.682 0.03209
0.06710 0.06328 0.11266 0.14560 0.87638 0.842 0.069 1254.712 0.03212
0.06715 0.06333 0.11275 0.14571 0.87751 1.027 0.077 1254.742 0.03214
0.06720 0.06337 0.11284 0.14583 0.87865 0.870 0.071 1254.772 0.03216
0.06726 0.06342 0.11293 0.14594 0.87978 0.818 0.068 1254.802 0.03219
0.06731 0.06347 0.11302 0.14606 0.88091 0.957 0.074 1254.832 0.03221
0.06736 0.06352 0.11310 0.14617 0.88204 1.054 0.078 1254.862 0.03224
0.06741 0.06357 0.11319 0.14628 0.88317 1.077 0.078 1254.892 0.03226
0.06747 0.06362 0.11328 0.14640 0.88431 0.966 0.074 1254.921 0.03229
0.06752 0.06367 0.11337 0.14651 0.88544 1.094 0.079 1254.951 0.03231
0.06757 0.06372 0.11346 0.14663 0.88657 0.879 0.071 1254.981 0.03234
0.06762 0.06377 0.11355 0.14674 0.88770 0.908 0.072 1255.011 0.03236
0.06768 0.06382 0.11363 0.14685 0.88884 0.826 0.069 1255.041 0.03239
0.06773 0.06387 0.11372 0.14697 0.88997 0.998 0.075 1255.071 0.03241
0.06778 0.06392 0.11381 0.14708 0.89110 0.998 0.075 1255.101 0.03244
0.06783 0.06397 0.11390 0.14720 0.89223 0.970 0.074 1255.131 0.03246
0.06789 0.06402 0.11399 0.14731 0.89337 0.980 0.075 1255.161 0.03248
0.06794 0.06407 0.11408 0.14742 0.89450 0.859 0.070 1255.190 0.03251
0.06799 0.06412 0.11416 0.14754 0.89563 0.870 0.070 1255.220 0.03253
0.06804 0.06417 0.11425 0.14765 0.89676 0.772 0.066 1255.250 0.03256
0.06810 0.06422 0.11434 0.14777 0.89790 0.669 0.062 1255.280 0.03258
0.06815 0.06427 0.11443 0.14788 0.89903 0.611 0.062 1255.310 0.03261
0.06820 0.06432 0.11452 0.14800 0.90016 0.456 0.061 1255.340 0.03263
0.06826 0.06437 0.11461 0.14811 0.90129 0.438 0.060 1255.370 0.03266
0.06831 0.06442 0.11469 0.14822 0.90243 0.444 0.057 1255.400 0.03268
0.06836 0.06447 0.11478 0.14834 0.90356 0.484 0.059 1255.430 0.03271
0.06841 0.06452 0.11487 0.14845 0.90469 0.558 0.063 1255.459 0.03273
0.06847 0.06457 0.11496 0.14857 0.90583 0.644 0.060 1255.489 0.03276
0.06852 0.06462 0.11505 0.14868 0.90696 0.725 0.064 1255.519 0.03278
0.06857 0.06466 0.11514 0.14879 0.90809 0.878 0.070 1255.549 0.03280
0.06862 0.06471 0.11522 0.14891 0.90923 0.913 0.072 1255.579 0.03283
0.06868 0.06476 0.11531 0.14902 0.91036 0.815 0.068 1255.609 0.03285
0.06873 0.06481 0.11540 0.14914 0.91149 1.020 0.076 1255.639 0.03288
0.06878 0.06486 0.11549 0.14925 0.91262 0.933 0.072 1255.669 0.03290
0.06883 0.06491 0.11558 0.14937 0.91376 0.967 0.074 1255.699 0.03293
0.06889 0.06496 0.11567 0.14948 0.91489 1.001 0.075 1255.729 0.03295
0.06894 0.06501 0.11576 0.14959 0.91602 0.994 0.075 1255.758 0.03298
0.06899 0.06506 0.11584 0.14971 0.91716 1.028 0.076 1255.788 0.03300
0.06904 0.06511 0.11593 0.14982 0.91829 1.006 0.075 1255.818 0.03303
0.06910 0.06516 0.11602 0.14994 0.91942 1.073 0.078 1255.848 0.03305
0.06915 0.06521 0.11611 0.15005 0.92056 1.044 0.076 1255.878 0.03307
0.06920 0.06526 0.11620 0.15017 0.92169 0.907 0.071 1255.908 0.03310
0.06926 0.06531 0.11629 0.15028 0.92283 1.112 0.079 1255.938 0.03312
0.06931 0.06536 0.11637 0.15039 0.92396 0.946 0.073 1255.968 0.03315
0.06936 0.06541 0.11646 0.15051 0.92509 0.968 0.074 1255.998 0.03317
0.06941 0.06546 0.11655 0.15062 0.92623 0.964 0.073 1256.027 0.03320
0.06947 0.06551 0.11664 0.15074 0.92736 0.934 0.072 1256.057 0.03322
0.06952 0.06556 0.11673 0.15085 0.92849 0.992 0.074 1256.087 0.03325
0.06957 0.06561 0.11682 0.15097 0.92963 0.976 0.074 1256.117 0.03327
0.06962 0.06566 0.11690 0.15108 0.93076 0.976 0.074 1256.147 0.03330
0.06968 0.06571 0.11699 0.15119 0.93190 0.923 0.072 1256.177 0.03332
0.06973 0.06576 0.11708 0.15131 0.93303 1.130 0.079 1256.207 0.03335
0.06978 0.06581 0.11717 0.15142 0.93416 1.043 0.076 1256.237 0.03337
0.06983 0.06586 0.11726 0.15154 0.93530 1.028 0.076 1256.267 0.03339
0.06989 0.06591 0.11735 0.15165 0.93643 0.989 0.074 1256.296 0.03342
0.06994 0.06596 0.11744 0.15177 0.93757 0.946 0.073 1256.326 0.03344
0.06999 0.06601 0.11752 0.15188 0.93870 1.074 0.077 1256.356 0.03347
0.07005 0.06606 0.11761 0.15199 0.93983 1.012 0.075 1256.386 0.03349
0.07010 0.06610 0.11770 0.15211 0.94097 1.101 0.078 1256.416 0.03352
0.07015 0.06615 0.11779 0.15222 0.94210 1.025 0.075 1256.446 0.03354
0.07020 0.06620 0.11788 0.15234 0.94324 1.040 0.076 1256.476 0.03357
0.07026 0.06625 0.11797 0.15245 0.94437 0.964 0.073 1256.506 0.03359
0.07031 0.06630 0.11805 0.15257 0.94550 1.035 0.076 1256.536 0.03362
0.07036 0.06635 0.11814 0.15268 0.94664 0.973 0.073 1256.566 0.03364
0.07041 0.06640 0.11823 0.15279 0.94777 0.854 0.069 1256.595 0.03366
0.07047 0.06645 0.11832 0.15291 0.94891 0.939 0.072 1256.625 0.03369
0.07052 0.06650 0.11841 0.15302 0.95004 1.027 0.075 1256.655 0.03371
0.07057 0.06655 0.11850 0.15314 0.95118 1.039 0.076 1256.685 0.03374
0.07063 0.06660 0.11859 0.15325 0.95231 1.054 0.076 1256.715 0.03376
0.07068 0.06665 0.11867 0.15337 0.95345 1.036 0.076 1256.745 0.03379
0.07073 0.06670 0.11876 0.15348 0.95458 0.963 0.073 1256.775 0.03381
0.07078 0.06675 0.11885 0.15360 0.95572 1.040 0.076 1256.805 0.03384
0.07084 0.06680 0.11894 0.15371 0.95685 0.828 0.067 1256.835 0.03386
0.07089 0.06685 0.11903 0.15382 0.95799 0.972 0.073 1256.864 0.03389
0.07094 0.06690 0.11912 0.15394 0.95912 0.982 0.073 1256.894 0.03391
0.07099 0.06695 0.11920 0.15405 0.96026 1.116 0.078 1256.924 0.03394
0.07105 0.06700 0.11929 0.15417 0.96139 1.148 0.079 1256.954 0.03396
0.07110 0.06705 0.11938 0.15428 0.96252 1.064 0.076 1256.984 0.03398
0.07115 0.06710 0.11947 0.15440 0.96366 0.969 0.073 1257.014 0.03401
0.07121 0.06715 0.11956 0.15451 0.96479 1.135 0.079 1257.044 0.03403
0.07126 0.06720 0.11965 0.15462 0.96593 0.845 0.068 1257.074 0.03406
0.07131 0.06725 0.11974 0.15474 0.96707 0.984 0.073 1257.104 0.03408
0.07136 0.06730 0.11982 0.15485 0.96820 1.083 0.077 1257.133 0.03411
0.07142 0.06735 0.11991 0.15497 0.96934 0.860 0.069 1257.163 0.03413
0.07147 0.06740 0.12000 0.15508 0.97047 1.054 0.076 1257.193 0.03416
0.07152 0.06745 0.12009 0.15520 0.97161 0.965 0.073 1257.223 0.03418
0.07157 0.06750 0.12018 0.15531 0.97274 0.853 0.068 1257.253 0.03421
0.07163 0.06755 0.12027 0.15543 0.97388 0.980 0.073 1257.283 0.03423
0.07168 0.06760 0.12036 0.15554 0.97501 0.985 0.073 1257.313 0.03426
0.07173 0.06765 0.12044 0.15565 0.97615 0.990 0.073 1257.343 0.03428
0.07179 0.06770 0.12053 0.15577 0.97728 1.033 0.075 1257.373 0.03430
0.07184 0.06775 0.12062 0.15588 0.97842 0.989 0.073 1257.402 0.03433
0.07189 0.06780 0.12071 0.15600 0.97955 1.053 0.076 1257.432 0.03435
0.07194 0.06784 0.12080 0.15611 0.98069 0.955 0.072 1257.462 0.03438
0.07200 0.06789 0.12089 0.15623 0.98182 0.992 0.073 1257.492 0.03440
0.07205 0.06794 0.12098 0.15634 0.98296 1.063 0.076 1257.522 0.03443
0.07210 0.06799 0.12106 0.15646 0.98410 1.029 0.075 1257.552 0.03445
0.07215 0.06804 0.12115 0.15657 0.98523 0.968 0.072 1257.582 0.03448
0.07221 0.06809 0.12124 0.15668 0.98637 0.973 0.073 1257.612 0.03450
0.07226 0.06814 0.12133 0.15680 0.98750 0.995 0.073 1257.642 0.03453
0.07231 0.06819 0.12142 0.15691 0.98864 0.966 0.072 1257.672 0.03455
0.07237 0.06824 0.12151 0.15703 0.98978 0.950 0.072 1257.701 0.03457
0.07242 0.06829 0.12160 0.15714 0.99091 0.998 0.073 1257.731 0.03460
0.07247 0.06834 0.12168 0.15726 0.99205 0.965 0.072 1257.761 0.03462
0.07252 0.06839 0.12177 0.15737 0.99318 0.997 0.073 1257.791 0.03465
0.07258 0.06844 0.12186 0.15749 0.99432 0.979 0.073 1257.821 0.03467
0.07263 0.06849 0.12195 0.15760 0.99546 1.011 0.074 1257.851 0.03470
0.07268 0.06854 0.12204 0.15772 0.99659 0.831 0.067 1257.881 0.03472
0.07273 0.06859 0.12213 0.15783 0.99773 0.885 0.069 1257.911 0.03475
0.07279 0.06864 0.12222 0.15794 0.99886 1.032 0.074 1257.941 0.03477
0.07284 0.06869 0.12230 0.15806 1.00000 1.042 0.075 1257.970 0.03480
