x y z dist_scaled dist_frac flux_norm sig_norm wavelength redshift
-0.00123 -0.01576 0.05503 0.05726 0.00000 1.208 0.354 1231.245 0.01281
-0.00124 -0.01579 0.05514 0.05737 0.00110 1.517 0.384 1231.275 0.01284
-0.00124 -0.01582 0.05524 0.05748 0.00220 0.897 0.321 1231.305 0.01286
-0.00124 -0.01585 0.05535 0.05759 0.00330 1.153 0.346 1231.335 0.01289
-0.00124 -0.01588 0.05546 0.05770 0.00440 1.100 0.342 1231.365 0.01291
-0.00125 -0.01591 0.05556 0.05781 0.00550 0.942 0.327 1231.395 0.01293
-0.00125 -0.01594 0.05567 0.05792 0.00661 0.940 0.324 1231.425 0.01296
-0.00125 -0.01598 0.05578 0.05803 0.00771 1.300 0.361 1231.454 0.01298
-0.00125 -0.01601 0.05588 0.05814 0.00881 1.042 0.337 1231.484 0.01301
-0.00125 -0.01604 0.05599 0.05826 0.00991 0.991 0.332 1231.514 0.01303
-0.00126 -0.01607 0.05610 0.05837 0.01101 0.887 0.320 1231.544 0.01306
-0.00126 -0.01610 0.05620 0.05848 0.01211 1.091 0.341 1231.574 0.01308
-0.00126 -0.01613 0.05631 0.05859 0.01321 1.089 0.341 1231.604 0.01311
-0.00126 -0.01616 0.05642 0.05870 0.01431 1.139 0.346 1231.634 0.01313
-0.00127 -0.01619 0.05652 0.05881 0.01541 1.086 0.341 1231.664 0.01316
-0.00127 -0.01622 0.05663 0.05892 0.01652 1.187 0.351 1231.693 0.01318
-0.00127 -0.01625 0.05674 0.05903 0.01762 1.083 0.340 1231.723 0.01321
-0.00127 -0.01628 0.05684 0.05914 0.01872 0.931 0.323 1231.753 0.01323
-0.00128 -0.01631 0.05695 0.05925 0.01982 1.135 0.345 1231.783 0.01325
-0.00128 -0.01634 0.05706 0.05936 0.02092 0.983 0.328 1231.813 0.01328
-0.00128 -0.01637 0.05716 0.05948 0.02202 0.850 0.312 1231.843 0.01330
-0.00128 -0.01640 0.05727 0.05959 0.02312 0.776 0.299 1231.873 0.01333
-0.00129 -0.01643 0.05738 0.05970 0.02423 0.809 0.304 1231.903 0.01335
-0.00129 -0.01646 0.05748 0.05981 0.02533 0.828 0.305 1231.932 0.01338
-0.00129 -0.01649 0.05759 0.05992 0.02643 1.495 0.376 1231.962 0.01340
-0.00129 -0.01653 0.05770 0.06003 0.02753 1.056 0.333 1231.992 0.01343
-0.00130 -0.01656 0.05780 0.06014 0.02863 1.017 0.333 1232.022 0.01345
-0.00130 -0.01659 0.05791 0.06025 0.02973 0.831 0.298 1232.052 0.01348
-0.00130 -0.01662 0.05802 0.06036 0.03084 0.805 0.298 1232.082 0.01350
-0.00130 -0.01665 0.05812 0.06047 0.03194 0.943 0.316 1232.112 0.01352
-0.00131 -0.01668 0.05823 0.06059 0.03304 0.899 0.315 1232.142 0.01355
-0.00131 -0.01671 0.05834 0.06070 0.03414 0.593 0.271 1232.171 0.01357
-0.00131 -0.01674 0.05844 0.06081 0.03524 0.953 0.320 1232.201 0.01360
-0.00131 -0.01677 0.05855 0.06092 0.03635 0.611 0.278 1232.231 0.01362
-0.00131 -0.01680 0.05866 0.06103 0.03745 0.607 0.276 1232.261 0.01365
-0.00132 -0.01683 0.05876 0.06114 0.03855 0.793 0.301 1232.291 0.01367
-0.00132 -0.01686 0.05887 0.06125 0.03965 1.211 0.346 1232.321 0.01370
-0.00132 -0.01689 0.05898 0.06136 0.04075 0.578 0.276 1232.351 0.01372
-0.00132 -0.01692 0.05908 0.06147 0.04186 0.674 0.289 1232.381 0.01375
-0.00133 -0.01695 0.05919 0.06159 0.04296 0.975 0.324 1232.411 0.01377
-0.00133 -0.01698 0.05930 0.06170 0.04406 0.672 0.287 1232.440 0.01380
-0.00133 -0.01701 0.05940 0.06181 0.04516 1.073 0.335 1232.470 0.01382
-0.00133 -0.01704 0.05951 0.06192 0.04627 1.073 0.335 1232.500 0.01384
-0.00134 -0.01708 0.05962 0.06203 0.04737 0.820 0.307 1232.530 0.01387
-0.00134 -0.01711 0.05972 0.06214 0.04847 1.323 0.357 1232.560 0.01389
-0.00134 -0.01714 0.05983 0.06225 0.04957 0.923 0.318 1232.590 0.01392
-0.00134 -0.01717 0.05994 0.06236 0.05068 1.774 0.397 1232.620 0.01394
-0.00135 -0.01720 0.06004 0.06247 0.05178 0.923 0.316 1232.650 0.01397
-0.00135 -0.01723 0.06015 0.06258 0.05288 0.723 0.294 1232.679 0.01399
-0.00135 -0.01726 0.06026 0.06270 0.05398 0.723 0.293 1232.709 0.01402
-0.00135 -0.01729 0.06037 0.06281 0.05509 0.971 0.322 1232.739 0.01404
-0.00136 -0.01732 0.06047 0.06292 0.05619 0.919 0.317 1232.769 0.01407
-0.00136 -0.01735 0.06058 0.06303 0.05729 1.466 0.370 1232.799 0.01409
-0.00136 -0.01738 0.06069 0.06314 0.05840 1.314 0.357 1232.829 0.01411
-0.00136 -0.01741 0.06079 0.06325 0.05950 1.262 0.349 1232.859 0.01414
-0.00136 -0.01744 0.06090 0.06336 0.06060 0.913 0.316 1232.889 0.01416
-0.00137 -0.01747 0.06101 0.06347 0.06170 0.665 0.285 1232.918 0.01419
-0.00137 -0.01750 0.06111 0.06358 0.06281 1.113 0.336 1232.948 0.01421
-0.00137 -0.01753 0.06122 0.06370 0.06391 1.311 0.356 1232.978 0.01424
-0.00137 -0.01756 0.06133 0.06381 0.06501 1.114 0.335 1233.008 0.01426
-0.00138 -0.01760 0.06143 0.06392 0.06612 1.065 0.330 1233.038 0.01429
-0.00138 -0.01763 0.06154 0.06403 0.06722 0.817 0.302 1233.068 0.01431
-0.00138 -0.01766 0.06165 0.06414 0.06832 0.864 0.308 1233.098 0.01434
-0.00138 -0.01769 0.06175 0.06425 0.06943 0.863 0.309 1233.128 0.01436
-0.00139 -0.01772 0.06186 0.06436 0.07053 1.011 0.323 1233.157 0.01439
-0.00139 -0.01775 0.06197 0.06447 0.07163 1.010 0.324 1233.187 0.01441
-0.00139 -0.01778 0.06207 0.06459 0.07274 1.258 0.349 1233.217 0.01443
-0.00139 -0.01781 0.06218 0.06470 0.07384 1.208 0.344 1233.247 0.01446
-0.00140 -0.01784 0.06229 0.06481 0.07494 1.257 0.345 1233.277 0.01448
-0.00140 -0.01787 0.06239 0.06492 0.07605 0.960 0.318 1233.307 0.01451
-0.00140 -0.01790 0.06250 0.06503 0.07715 1.157 0.339 1233.337 0.01453
-0.00140 -0.01793 0.06261 0.06514 0.07825 0.957 0.318 1233.367 0.01456
-0.00141 -0.01796 0.06272 0.06525 0.07936 0.908 0.312 1233.397 0.01458
-0.00141 -0.01799 0.06282 0.06536 0.08046 0.858 0.306 1233.426 0.01461
-0.00141 -0.01802 0.06293 0.06547 0.08156 0.807 0.301 1233.456 0.01463
-0.00141 -0.01805 0.06304 0.06559 0.08267 0.658 0.283 1233.486 0.01466
-0.00142 -0.01808 0.06314 0.06570 0.08377 0.707 0.286 1233.516 0.01468
-0.00142 -0.01812 0.06325 0.06581 0.08488 0.953 0.317 1233.546 0.01470
-0.00142 -0.01815 0.06336 0.06592 0.08598 1.049 0.326 1233.576 0.01473
-0.00142 -0.01818 0.06346 0.06603 0.08708 1.001 0.320 1233.606 0.01475
-0.00142 -0.01821 0.06357 0.06614 0.08819 0.560 0.265 1233.636 0.01478
-0.00143 -0.01824 0.06368 0.06625 0.08929 1.294 0.350 1233.665 0.01480
-0.00143 -0.01827 0.06378 0.06636 0.09040 1.146 0.335 1233.695 0.01483
-0.00143 -0.01830 0.06389 0.06648 0.09150 1.392 0.358 1233.725 0.01485
-0.00143 -0.01833 0.06400 0.06659 0.09260 1.098 0.330 1233.755 0.01488
-0.00144 -0.01836 0.06411 0.06670 0.09371 0.903 0.309 1233.785 0.01490
-0.00144 -0.01839 0.06421 0.06681 0.09481 1.294 0.349 1233.815 0.01493
-0.00144 -0.01842 0.06432 0.06692 0.09592 1.244 0.344 1233.845 0.01495
-0.00144 -0.01845 0.06443 0.06703 0.09702 0.901 0.309 1233.875 0.01497
-0.00145 -0.01848 0.06453 0.06714 0.09813 1.290 0.349 1233.904 0.01500
-0.00145 -0.01851 0.06464 0.06725 0.09923 1.190 0.339 1233.934 0.01502
-0.00145 -0.01854 0.06475 0.06737 0.10033 0.944 0.313 1233.964 0.01505
-0.00145 -0.01857 0.06485 0.06748 0.10144 1.429 0.361 1233.994 0.01507
-0.00146 -0.01861 0.06496 0.06759 0.10254 0.842 0.303 1234.024 0.01510
-0.00146 -0.01864 0.06507 0.06770 0.10365 1.084 0.329 1234.054 0.01512
-0.00146 -0.01867 0.06517 0.06781 0.10475 0.744 0.291 1234.084 0.01515
-0.00146 -0.01870 0.06528 0.06792 0.10586 1.231 0.342 1234.114 0.01517
-0.00147 -0.01873 0.06539 0.06803 0.10696 0.697 0.285 1234.143 0.01520
-0.00147 -0.01876 0.06550 0.06814 0.10807 0.891 0.307 1234.173 0.01522
-0.00147 -0.01879 0.06560 0.06826 0.10917 0.988 0.317 1234.203 0.01525
-0.00147 -0.01882 0.06571 0.06837 0.11028 1.278 0.345 1234.233 0.01527
-0.00148 -0.01885 0.06582 0.06848 0.11138 1.133 0.331 1234.263 0.01529
-0.00148 -0.01888 0.06592 0.06859 0.11248 1.278 0.345 1234.293 0.01532
-0.00148 -0.01891 0.06603 0.06870 0.11359 0.938 0.310 1234.323 0.01534
-0.00148 -0.01894 0.06614 0.06881 0.11469 1.324 0.350 1234.353 0.01537
-0.00148 -0.01897 0.06624 0.06892 0.11580 1.032 0.322 1234.383 0.01539
-0.00149 -0.01900 0.06635 0.06904 0.11690 0.886 0.306 1234.412 0.01542
-0.00149 -0.01903 0.06646 0.06915 0.11801 0.839 0.300 1234.442 0.01544
-0.00149 -0.01907 0.06657 0.06926 0.11911 1.179 0.335 1234.472 0.01547
-0.00149 -0.01910 0.06667 0.06937 0.12022 1.033 0.320 1234.502 0.01549
-0.00150 -0.01913 0.06678 0.06948 0.12132 0.888 0.305 1234.532 0.01552
-0.00150 -0.01916 0.06689 0.06959 0.12243 1.128 0.329 1234.562 0.01554
-0.00150 -0.01919 0.06699 0.06970 0.12354 0.887 0.305 1234.592 0.01556
-0.00150 -0.01922 0.06710 0.06981 0.12464 1.079 0.325 1234.622 0.01559
-0.00151 -0.01925 0.06721 0.06993 0.12575 0.935 0.310 1234.651 0.01561
-0.00151 -0.01928 0.06731 0.07004 0.12685 1.128 0.329 1234.681 0.01564
-0.00151 -0.01931 0.06742 0.07015 0.12796 0.934 0.309 1234.711 0.01566
-0.00151 -0.01934 0.06753 0.07026 0.12906 0.791 0.293 1234.741 0.01569
-0.00152 -0.01937 0.06764 0.07037 0.13017 0.741 0.286 1234.771 0.01571
-0.00152 -0.01940 0.06774 0.07048 0.13127 0.549 0.262 1234.801 0.01574
-0.00152 -0.01943 0.06785 0.07059 0.13238 0.790 0.293 1234.831 0.01576
-0.00152 -0.01946 0.06796 0.07071 0.13348 0.790 0.292 1234.861 0.01579
-0.00153 -0.01949 0.06806 0.07082 0.13459 0.741 0.287 1234.890 0.01581
-0.00153 -0.01952 0.06817 0.07093 0.13570 0.599 0.269 1234.920 0.01584
-0.00153 -0.01956 0.06828 0.07104 0.13680 1.126 0.328 1234.950 0.01586
-0.00153 -0.01959 0.06838 0.07115 0.13791 0.791 0.292 1234.980 0.01588
-0.00154 -0.01962 0.06849 0.07126 0.13901 0.553 0.262 1235.010 0.01591
-0.00154 -0.01965 0.06860 0.07137 0.14012 0.887 0.302 1235.040 0.01593
-0.00154 -0.01968 0.06871 0.07149 0.14122 0.600 0.267 1235.070 0.01596
-0.00154 -0.01971 0.06881 0.07160 0.14233 0.648 0.274 1235.100 0.01598
-0.00154 -0.01974 0.06892 0.07171 0.14344 0.838 0.294 1235.129 0.01601
-0.00155 -0.01977 0.06903 0.07182 0.14454 0.646 0.273 1235.159 0.01603
-0.00155 -0.01980 0.06913 0.07193 0.14565 0.978 0.310 1235.189 0.01606
-0.00155 -0.01983 0.06924 0.07204 0.14675 0.691 0.279 1235.219 0.01608
-0.00155 -0.01986 0.06935 0.07215 0.14786 0.596 0.267 1235.249 0.01611
-0.00156 -0.01989 0.06946 0.07227 0.14897 0.738 0.284 1235.279 0.01613
-0.00156 -0.01992 0.06956 0.07238 0.15007 0.832 0.295 1235.309 0.01615
-0.00156 -0.01995 0.06967 0.07249 0.15118 1.165 0.329 1235.339 0.01618
-0.00156 -0.01999 0.06978 0.07260 0.15228 1.215 0.334 1235.369 0.01620
-0.00157 -0.02002 0.06988 0.07271 0.15339 1.025 0.315 1235.398 0.01623
-0.00157 -0.02005 0.06999 0.07282 0.15450 1.024 0.315 1235.428 0.01625
-0.00157 -0.02008 0.07010 0.07293 0.15560 0.787 0.289 1235.458 0.01628
-0.00157 -0.02011 0.07021 0.07305 0.15671 0.833 0.294 1235.488 0.01630
-0.00158 -0.02014 0.07031 0.07316 0.15782 0.738 0.283 1235.518 0.01633
-0.00158 -0.02017 0.07042 0.07327 0.15892 1.022 0.314 1235.548 0.01635
-0.00158 -0.02020 0.07053 0.07338 0.16003 1.211 0.332 1235.578 0.01638
-0.00158 -0.02023 0.07063 0.07349 0.16114 0.833 0.294 1235.608 0.01640
-0.00159 -0.02026 0.07074 0.07360 0.16224 1.304 0.342 1235.637 0.01643
-0.00159 -0.02029 0.07085 0.07371 0.16335 1.019 0.313 1235.667 0.01645
-0.00159 -0.02032 0.07096 0.07383 0.16446 1.207 0.331 1235.697 0.01647
-0.00159 -0.02035 0.07106 0.07394 0.16556 1.018 0.313 1235.727 0.01650
-0.00160 -0.02038 0.07117 0.07405 0.16667 0.925 0.303 1235.757 0.01652
-0.00160 -0.02041 0.07128 0.07416 0.16778 1.160 0.327 1235.787 0.01655
-0.00160 -0.02045 0.07138 0.07427 0.16888 1.159 0.326 1235.817 0.01657
-0.00160 -0.02048 0.07149 0.07438 0.16999 0.734 0.282 1235.847 0.01660
-0.00160 -0.02051 0.07160 0.07450 0.17110 0.593 0.263 1235.876 0.01662
-0.00161 -0.02054 0.07171 0.07461 0.17220 0.639 0.269 1235.906 0.01665
-0.00161 -0.02057 0.07181 0.07472 0.17331 1.671 0.371 1235.936 0.01667
-0.00161 -0.02060 0.07192 0.07483 0.17442 1.202 0.331 1235.966 0.01670
-0.00161 -0.02063 0.07203 0.07494 0.17553 0.686 0.275 1235.996 0.01672
-0.00162 -0.02066 0.07213 0.07505 0.17663 1.155 0.326 1236.026 0.01674
-0.00162 -0.02069 0.07224 0.07516 0.17774 1.248 0.334 1236.056 0.01677
-0.00162 -0.02072 0.07235 0.07528 0.17885 1.012 0.311 1236.086 0.01679
-0.00162 -0.02075 0.07246 0.07539 0.17995 1.011 0.311 1236.115 0.01682
-0.00163 -0.02078 0.07256 0.07550 0.18106 1.056 0.316 1236.145 0.01684
-0.00163 -0.02081 0.07267 0.07561 0.18217 1.197 0.329 1236.175 0.01687
-0.00163 -0.02084 0.07278 0.07572 0.18328 1.011 0.310 1236.205 0.01689
-0.00163 -0.02088 0.07289 0.07583 0.18438 0.823 0.291 1236.235 0.01692
-0.00164 -0.02091 0.07299 0.07595 0.18549 0.869 0.296 1236.265 0.01694
-0.00164 -0.02094 0.07310 0.07606 0.18660 0.868 0.294 1236.295 0.01697
-0.00164 -0.02097 0.07321 0.07617 0.18771 1.054 0.315 1236.325 0.01699
-0.00164 -0.02100 0.07331 0.07628 0.18881 0.912 0.300 1236.355 0.01701
-0.00165 -0.02103 0.07342 0.07639 0.18992 1.098 0.318 1236.384 0.01704
-0.00165 -0.02106 0.07353 0.07650 0.19103 0.771 0.284 1236.414 0.01706
-0.00165 -0.02109 0.07364 0.07661 0.19214 0.863 0.295 1236.444 0.01709
-0.00165 -0.02112 0.07374 0.07673 0.19324 1.095 0.319 1236.474 0.01711
-0.00166 -0.02115 0.07385 0.07684 0.19435 1.001 0.309 1236.504 0.01714
-0.00166 -0.02118 0.07396 0.07695 0.19546 0.954 0.304 1236.534 0.01716
-0.00166 -0.02121 0.07407 0.07706 0.19657 1.232 0.330 1236.564 0.01719
-0.00166 -0.02124 0.07417 0.07717 0.19768 0.951 0.304 1236.594 0.01721
-0.00166 -0.02127 0.07428 0.07728 0.19878 0.812 0.289 1236.623 0.01724
-0.00167 -0.02131 0.07439 0.07740 0.19989 1.135 0.322 1236.653 0.01726
-0.00167 -0.02134 0.07449 0.07751 0.20100 1.088 0.317 1236.683 0.01729
-0.00167 -0.02137 0.07460 0.07762 0.20211 1.132 0.321 1236.713 0.01731
-0.00167 -0.02140 0.07471 0.07773 0.20322 1.039 0.312 1236.743 0.01733
-0.00168 -0.02143 0.07482 0.07784 0.20432 1.502 0.355 1236.773 0.01736
-0.00168 -0.02146 0.07492 0.07795 0.20543 0.853 0.292 1236.803 0.01738
-0.00168 -0.02149 0.07503 0.07807 0.20654 0.853 0.290 1236.833 0.01741
-0.00168 -0.02152 0.07514 0.07818 0.20765 0.852 0.293 1236.862 0.01743
-0.00169 -0.02155 0.07525 0.07829 0.20876 0.942 0.302 1236.892 0.01746
-0.00169 -0.02158 0.07535 0.07840 0.20987 1.036 0.312 1236.922 0.01748
-0.00169 -0.02161 0.07546 0.07851 0.21097 0.758 0.282 1236.952 0.01751
-0.00169 -0.02164 0.07557 0.07862 0.21208 0.942 0.301 1236.982 0.01753
-0.00170 -0.02167 0.07567 0.07874 0.21319 0.941 0.302 1237.012 0.01756
-0.00170 -0.02170 0.07578 0.07885 0.21430 1.263 0.333 1237.042 0.01758
-0.00170 -0.02174 0.07589 0.07896 0.21541 0.893 0.296 1237.072 0.01760
-0.00170 -0.02177 0.07600 0.07907 0.21652 1.169 0.323 1237.101 0.01763
-0.00171 -0.02180 0.07610 0.07918 0.21762 1.354 0.341 1237.131 0.01765
-0.00171 -0.02183 0.07621 0.07929 0.21873 1.215 0.328 1237.161 0.01768
-0.00171 -0.02186 0.07632 0.07941 0.21984 1.030 0.310 1237.191 0.01770
-0.00171 -0.02189 0.07643 0.07952 0.22095 1.120 0.318 1237.221 0.01773
-0.00172 -0.02192 0.07653 0.07963 0.22206 0.707 0.274 1237.251 0.01775
-0.00172 -0.02195 0.07664 0.07974 0.22317 0.615 0.264 1237.281 0.01778
-0.00172 -0.02198 0.07675 0.07985 0.22428 1.028 0.310 1237.311 0.01780
-0.00172 -0.02201 0.07686 0.07996 0.22539 0.937 0.300 1237.341 0.01783
-0.00172 -0.02204 0.07696 0.08008 0.22650 0.386 0.231 1237.370 0.01785
-0.00173 -0.02207 0.07707 0.08019 0.22760 1.441 0.346 1237.400 0.01788
-0.00173 -0.02210 0.07718 0.08030 0.22871 0.891 0.295 1237.430 0.01790
-0.00173 -0.02214 0.07729 0.08041 0.22982 1.074 0.313 1237.460 0.01792
-0.00173 -0.02217 0.07739 0.08052 0.23093 1.165 0.322 1237.490 0.01795
-0.00174 -0.02220 0.07750 0.08064 0.23204 0.751 0.279 1237.520 0.01797
-0.00174 -0.02223 0.07761 0.08075 0.23315 1.070 0.308 1237.550 0.01800
-0.00174 -0.02226 0.07772 0.08086 0.23426 0.939 0.291 1237.580 0.01802
-0.00174 -0.02229 0.07782 0.08097 0.23537 1.085 0.310 1237.609 0.01805
-0.00175 -0.02232 0.07793 0.08108 0.23648 1.112 0.317 1237.639 0.01807
-0.00175 -0.02235 0.07804 0.08119 0.23759 1.352 0.338 1237.669 0.01810
-0.00175 -0.02238 0.07814 0.08131 0.23870 1.130 0.315 1237.699 0.01812
-0.00175 -0.02241 0.07825 0.08142 0.23981 0.902 0.292 1237.729 0.01815
-0.00176 -0.02244 0.07836 0.08153 0.24092 0.830 0.288 1237.759 0.01817
-0.00176 -0.02247 0.07847 0.08164 0.24202 0.645 0.260 1237.789 0.01819
-0.00176 -0.02250 0.07857 0.08175 0.24313 0.545 0.249 1237.819 0.01822
-0.00176 -0.02254 0.07868 0.08186 0.24424 0.947 0.294 1237.848 0.01824
-0.00177 -0.02257 0.07879 0.08198 0.24535 0.632 0.255 1237.878 0.01827
-0.00177 -0.02260 0.07890 0.08209 0.24646 0.515 0.241 1237.908 0.01829
-0.00177 -0.02263 0.07900 0.08220 0.24757 0.962 0.297 1237.938 0.01832
-0.00177 -0.02266 0.07911 0.08231 0.24868 0.524 0.241 1237.968 0.01834
-0.00178 -0.02269 0.07922 0.08242 0.24979 0.323 0.215 1237.998 0.01837
-0.00178 -0.02272 0.07933 0.08254 0.25090 0.749 0.270 1238.028 0.01839
-0.00178 -0.02275 0.07943 0.08265 0.25201 0.696 0.265 1238.058 0.01842
-0.00178 -0.02278 0.07954 0.08276 0.25312 0.567 0.252 1238.087 0.01844
-0.00179 -0.02281 0.07965 0.08287 0.25423 0.565 0.254 1238.117 0.01847
-0.00179 -0.02284 0.07976 0.08298 0.25534 0.338 0.221 1238.147 0.01849
-0.00179 -0.02287 0.07986 0.08309 0.25645 0.520 0.248 1238.177 0.01851
-0.00179 -0.02290 0.07997 0.08321 0.25756 1.290 0.330 1238.207 0.01854
-0.00179 -0.02294 0.08008 0.08332 0.25867 1.154 0.317 1238.237 0.01856
-0.00180 -0.02297 0.08019 0.08343 0.25978 1.153 0.318 1238.267 0.01859
-0.00180 -0.02300 0.08029 0.08354 0.26089 0.744 0.275 1238.297 0.01861
-0.00180 -0.02303 0.08040 0.08365 0.26200 0.517 0.248 1238.327 0.01864
-0.00180 -0.02306 0.08051 0.08377 0.26311 0.877 0.290 1238.356 0.01866
-0.00181 -0.02309 0.08062 0.08388 0.26422 0.877 0.290 1238.386 0.01869
-0.00181 -0.02312 0.08072 0.08399 0.26533 1.147 0.317 1238.416 0.01871
-0.00181 -0.02315 0.08083 0.08410 0.26644 1.147 0.316 1238.446 0.01874
-0.00181 -0.02318 0.08094 0.08421 0.26755 0.741 0.275 1238.476 0.01876
-0.00182 -0.02321 0.08105 0.08432 0.26866 0.877 0.289 1238.506 0.01878
-0.00182 -0.02324 0.08115 0.08444 0.26978 1.013 0.303 1238.536 0.01881
-0.00182 -0.02327 0.08126 0.08455 0.27089 1.193 0.320 1238.566 0.01883
-0.00182 -0.02331 0.08137 0.08466 0.27200 0.968 0.298 1238.595 0.01886
-0.00183 -0.02334 0.08148 0.08477 0.27311 0.788 0.279 1238.625 0.01888
-0.00183 -0.02337 0.08158 0.08488 0.27422 0.787 0.279 1238.655 0.01891
-0.00183 -0.02340 0.08169 0.08500 0.27533 0.967 0.298 1238.685 0.01893
-0.00183 -0.02343 0.08180 0.08511 0.27644 0.966 0.298 1238.715 0.01896
-0.00184 -0.02346 0.08191 0.08522 0.27755 0.966 0.296 1238.745 0.01898
-0.00184 -0.02349 0.08201 0.08533 0.27866 0.786 0.277 1238.775 0.01901
-0.00184 -0.02352 0.08212 0.08544 0.27977 0.921 0.293 1238.805 0.01903
-0.00184 -0.02355 0.08223 0.08556 0.28088 1.010 0.302 1238.834 0.01905
-0.00185 -0.02358 0.08234 0.08567 0.28199 0.876 0.288 1238.864 0.01908
-0.00185 -0.02361 0.08244 0.08578 0.28310 0.562 0.250 1238.894 0.01910
-0.00185 -0.02364 0.08255 0.08589 0.28422 0.696 0.267 1238.924 0.01913
-0.00185 -0.02367 0.08266 0.08600 0.28533 0.874 0.287 1238.954 0.01915
-0.00185 -0.02371 0.08277 0.08612 0.28644 1.188 0.318 1238.984 0.01918
-0.00186 -0.02374 0.08288 0.08623 0.28755 0.919 0.291 1239.014 0.01920
-0.00186 -0.02377 0.08298 0.08634 0.28866 1.008 0.301 1239.044 0.01923
-0.00186 -0.02380 0.08309 0.08645 0.28977 0.918 0.291 1239.073 0.01925
-0.00186 -0.02383 0.08320 0.08656 0.29088 0.963 0.296 1239.103 0.01928
-0.00187 -0.02386 0.08331 0.08668 0.29199 0.919 0.291 1239.133 0.01930
-0.00187 -0.02389 0.08341 0.08679 0.29310 0.472 0.238 1239.163 0.01933
-0.00187 -0.02392 0.08352 0.08690 0.29422 1.229 0.322 1239.193 0.01935
-0.00187 -0.02395 0.08363 0.08701 0.29533 1.051 0.304 1239.223 0.01937
-0.00188 -0.02398 0.08374 0.08712 0.29644 1.274 0.326 1239.253 0.01940
-0.00188 -0.02401 0.08384 0.08724 0.29755 1.453 0.340 1239.283 0.01942
-0.00188 -0.02404 0.08395 0.08735 0.29866 0.651 0.257 1239.313 0.01945
-0.00188 -0.02408 0.08406 0.08746 0.29977 0.963 0.295 1239.342 0.01947
-0.00189 -0.02411 0.08417 0.08757 0.30089 1.230 0.321 1239.372 0.01950
-0.00189 -0.02414 0.08427 0.08768 0.30200 1.141 0.312 1239.402 0.01952
-0.00189 -0.02417 0.08438 0.08780 0.30311 0.873 0.285 1239.432 0.01955
-0.00189 -0.02420 0.08449 0.08791 0.30422 0.560 0.247 1239.462 0.01957
-0.00190 -0.02423 0.08460 0.08802 0.30533 0.959 0.294 1239.492 0.01960
-0.00190 -0.02426 0.08470 0.08813 0.30644 0.958 0.295 1239.522 0.01962
-0.00190 -0.02429 0.08481 0.08824 0.30756 0.867 0.285 1239.552 0.01964
-0.00190 -0.02432 0.08492 0.08836 0.30867 1.357 0.331 1239.581 0.01967
-0.00191 -0.02435 0.08503 0.08847 0.30978 0.777 0.273 1239.611 0.01969
-0.00191 -0.02438 0.08514 0.08858 0.31089 0.910 0.289 1239.641 0.01972
-0.00191 -0.02441 0.08524 0.08869 0.31200 1.217 0.402 1239.671 0.01974
-0.00191 -0.02445 0.08535 0.08880 0.31312 1.044 0.364 1239.701 0.01977
-0.00192 -0.02448 0.08546 0.08892 0.31423 0.774 0.275 1239.731 0.01979
-0.00192 -0.02451 0.08557 0.08903 0.31534 1.039 0.302 1239.761 0.01982
-0.00192 -0.02454 0.08567 0.08914 0.31645 0.595 0.253 1239.791 0.01984
-0.00192 -0.02457 0.08578 0.08925 0.31756 0.903 0.289 1239.820 0.01987
-0.00192 -0.02460 0.08589 0.08936 0.31868 1.079 0.305 1239.850 0.01989
-0.00193 -0.02463 0.08600 0.08948 0.31979 0.901 0.289 1239.880 0.01992
-0.00193 -0.02466 0.08610 0.08959 0.32090 0.812 0.279 1239.910 0.01994
-0.00193 -0.02469 0.08621 0.08970 0.32201 0.766 0.274 1239.940 0.01996
-0.00193 -0.02472 0.08632 0.08981 0.32313 1.163 0.314 1239.970 0.01999
-0.00194 -0.02475 0.08643 0.08992 0.32424 0.765 0.271 1240.000 0.02001
-0.00194 -0.02478 0.08654 0.09004 0.32535 0.545 0.246 1240.030 0.02004
-0.00194 -0.02482 0.08664 0.09015 0.32646 1.119 0.310 1240.059 0.02006
-0.00194 -0.02485 0.08675 0.09026 0.32758 1.206 0.318 1240.089 0.02009
-0.00195 -0.02488 0.08686 0.09037 0.32869 0.897 0.288 1240.119 0.02011
-0.00195 -0.02491 0.08697 0.09048 0.32980 0.808 0.275 1240.149 0.02014
-0.00195 -0.02494 0.08707 0.09060 0.33091 1.208 0.317 1240.179 0.02016
-0.00195 -0.02497 0.08718 0.09071 0.33203 1.135 0.308 1240.209 0.02019
-0.00196 -0.02500 0.08729 0.09082 0.33314 1.193 0.313 1240.239 0.02021
-0.00196 -0.02503 0.08740 0.09093 0.33425 0.912 0.282 1240.269 0.02023
-0.00196 -0.02506 0.08751 0.09105 0.33537 1.040 0.295 1240.299 0.02026
-0.00196 -0.02509 0.08761 0.09116 0.33648 0.735 0.262 1240.328 0.02028
-0.00197 -0.02512 0.08772 0.09127 0.33759 1.201 0.316 1240.358 0.02031
-0.00197 -0.02516 0.08783 0.09138 0.33870 0.748 0.267 1240.388 0.02033
-0.00197 -0.02519 0.08794 0.09149 0.33982 0.711 0.267 1240.418 0.02036
-0.00197 -0.02522 0.08804 0.09161 0.34093 0.952 0.287 1240.448 0.02038
-0.00198 -0.02525 0.08815 0.09172 0.34204 0.852 0.276 1240.478 0.02041
-0.00198 -0.02528 0.08826 0.09183 0.34316 1.212 0.315 1240.508 0.02043
-0.00198 -0.02531 0.08837 0.09194 0.34427 1.109 0.305 1240.538 0.02046
-0.00198 -0.02534 0.08848 0.09205 0.34538 0.916 0.285 1240.567 0.02048
-0.00199 -0.02537 0.08858 0.09217 0.34650 1.534 0.342 1240.597 0.02050
-0.00199 -0.02540 0.08869 0.09228 0.34761 1.173 0.311 1240.627 0.02053
-0.00199 -0.02543 0.08880 0.09239 0.34872 0.931 0.285 1240.657 0.02055
-0.00199 -0.02546 0.08891 0.09250 0.34984 0.922 0.281 1240.687 0.02058
-0.00199 -0.02549 0.08901 0.09262 0.35095 1.009 0.293 1240.717 0.02060
-0.00200 -0.02553 0.08912 0.09273 0.35206 1.112 0.304 1240.747 0.02063
-0.00200 -0.02556 0.08923 0.09284 0.35318 1.024 0.298 1240.777 0.02065
-0.00200 -0.02559 0.08934 0.09295 0.35429 0.938 0.289 1240.806 0.02068
-0.00200 -0.02562 0.08945 0.09306 0.35540 0.850 0.280 1240.836 0.02070
-0.00201 -0.02565 0.08955 0.09318 0.35652 1.112 0.306 1240.866 0.02073
-0.00201 -0.02568 0.08966 0.09329 0.35763 0.938 0.288 1240.896 0.02075
-0.00201 -0.02571 0.08977 0.09340 0.35874 1.199 0.314 1240.926 0.02078
-0.00201 -0.02574 0.08988 0.09351 0.35986 1.069 0.302 1240.956 0.02080
-0.00202 -0.02577 0.08999 0.09362 0.36097 1.374 0.329 1240.986 0.02082
-0.00202 -0.02580 0.09009 0.09374 0.36209 1.156 0.309 1241.016 0.02085
-0.00202 -0.02583 0.09020 0.09385 0.36320 0.937 0.288 1241.045 0.02087
-0.00202 -0.02587 0.09031 0.09396 0.36431 1.067 0.299 1241.075 0.02090
-0.00203 -0.02590 0.09042 0.09407 0.36543 0.587 0.249 1241.105 0.02092
-0.00203 -0.02593 0.09052 0.09419 0.36654 1.371 0.327 1241.135 0.02095
-0.00203 -0.02596 0.09063 0.09430 0.36766 1.152 0.309 1241.165 0.02097
-0.00203 -0.02599 0.09074 0.09441 0.36877 1.152 0.308 1241.195 0.02100
-0.00204 -0.02602 0.09085 0.09452 0.36988 1.109 0.305 1241.225 0.02102
-0.00204 -0.02605 0.09096 0.09463 0.37100 1.196 0.313 1241.255 0.02105
-0.00204 -0.02608 0.09106 0.09475 0.37211 1.240 0.316 1241.285 0.02107
-0.00204 -0.02611 0.09117 0.09486 0.37323 1.154 0.308 1241.314 0.02109
-0.00205 -0.02614 0.09128 0.09497 0.37434 1.068 0.299 1241.344 0.02112
-0.00205 -0.02617 0.09139 0.09508 0.37545 0.850 0.278 1241.374 0.02114
-0.00205 -0.02621 0.09150 0.09520 0.37657 1.457 0.335 1241.404 0.02117
-0.00205 -0.02624 0.09160 0.09531 0.37768 0.763 0.268 1241.434 0.02119
-0.00206 -0.02627 0.09171 0.09542 0.37880 0.718 0.263 1241.464 0.02122
-0.00206 -0.02630 0.09182 0.09553 0.37991 1.107 0.304 1241.494 0.02124
-0.00206 -0.02633 0.09193 0.09565 0.38103 0.890 0.282 1241.524 0.02127
-0.00206 -0.02636 0.09203 0.09576 0.38214 0.673 0.258 1241.553 0.02129
-0.00207 -0.02639 0.09214 0.09587 0.38326 0.845 0.277 1241.583 0.02132
-0.00207 -0.02642 0.09225 0.09598 0.38437 0.714 0.261 1241.613 0.02134
-0.00207 -0.02645 0.09236 0.09609 0.38549 0.366 0.214 1241.643 0.02137
-0.00207 -0.02648 0.09247 0.09621 0.38660 0.235 0.196 1241.673 0.02139
-0.00207 -0.02651 0.09257 0.09632 0.38771 0.191 0.186 1241.703 0.02141
-0.00208 -0.02655 0.09268 0.09643 0.38883 0.191 0.186 1241.733 0.02144
-0.00208 -0.02658 0.09279 0.09654 0.38994 0.061 0.160 1241.763 0.02146
-0.00208 -0.02661 0.09290 0.09666 0.39106 0.190 0.187 1241.792 0.02149
-0.00208 -0.02664 0.09301 0.09677 0.39217 0.450 0.230 1241.822 0.02151
-0.00209 -0.02667 0.09311 0.09688 0.39329 0.364 0.216 1241.852 0.02154
-0.00209 -0.02670 0.09322 0.09699 0.39440 0.494 0.235 1241.882 0.02156
-0.00209 -0.02673 0.09333 0.09711 0.39552 0.494 0.234 1241.912 0.02159
-0.00209 -0.02676 0.09344 0.09722 0.39663 0.537 0.241 1241.942 0.02161
-0.00210 -0.02679 0.09355 0.09733 0.39775 0.537 0.237 1241.972 0.02164
-0.00210 -0.02682 0.09365 0.09744 0.39886 0.537 0.240 1242.002 0.02166
-0.00210 -0.02685 0.09376 0.09755 0.39998 1.011 0.293 1242.031 0.02168
-0.00210 -0.02689 0.09387 0.09767 0.40109 0.494 0.233 1242.061 0.02171
-0.00211 -0.02692 0.09398 0.09778 0.40221 0.754 0.266 1242.091 0.02173
-0.00211 -0.02695 0.09409 0.09789 0.40332 0.795 0.270 1242.121 0.02176
-0.00211 -0.02698 0.09419 0.09800 0.40444 1.181 0.309 1242.151 0.02178
-0.00211 -0.02701 0.09430 0.09812 0.40556 0.493 0.235 1242.181 0.02181
-0.00212 -0.02704 0.09441 0.09823 0.40667 0.792 0.270 1242.211 0.02183
-0.00212 -0.02707 0.09452 0.09834 0.40779 0.835 0.273 1242.241 0.02186
-0.00212 -0.02710 0.09463 0.09845 0.40890 1.050 0.296 1242.271 0.02188
-0.00212 -0.02713 0.09473 0.09857 0.41002 0.619 0.249 1242.300 0.02191
-0.00213 -0.02716 0.09484 0.09868 0.41113 1.090 0.300 1242.330 0.02193
-0.00213 -0.02719 0.09495 0.09879 0.41225 0.703 0.260 1242.360 0.02196
-0.00213 -0.02723 0.09506 0.09890 0.41336 0.831 0.274 1242.390 0.02198
-0.00213 -0.02726 0.09517 0.09902 0.41448 0.788 0.270 1242.420 0.02200
-0.00214 -0.02729 0.09527 0.09913 0.41560 1.132 0.304 1242.450 0.02203
-0.00214 -0.02732 0.09538 0.09924 0.41671 0.704 0.260 1242.480 0.02205
-0.00214 -0.02735 0.09549 0.09935 0.41783 1.091 0.300 1242.510 0.02208
-0.00214 -0.02738 0.09560 0.09947 0.41894 1.220 0.311 1242.539 0.02210
-0.00214 -0.02741 0.09571 0.09958 0.42006 0.793 0.269 1242.569 0.02213
-0.00215 -0.02744 0.09581 0.09969 0.42117 0.836 0.274 1242.599 0.02215
-0.00215 -0.02747 0.09592 0.09980 0.42229 1.009 0.291 1242.629 0.02218
-0.00215 -0.02750 0.09603 0.09992 0.42341 1.008 0.290 1242.659 0.02220
-0.00215 -0.02754 0.09614 0.10003 0.42452 1.007 0.291 1242.689 0.02223
-0.00216 -0.02757 0.09625 0.10014 0.42564 0.752 0.263 1242.719 0.02225
-0.00216 -0.02760 0.09636 0.10025 0.42675 0.923 0.282 1242.749 0.02227
-0.00216 -0.02763 0.09646 0.10036 0.42787 1.007 0.291 1242.778 0.02230
-0.00216 -0.02766 0.09657 0.10048 0.42899 0.495 0.232 1242.808 0.02232
-0.00217 -0.02769 0.09668 0.10059 0.43010 0.495 0.232 1242.838 0.02235
-0.00217 -0.02772 0.09679 0.10070 0.43122 0.494 0.232 1242.868 0.02237
-0.00217 -0.02775 0.09690 0.10081 0.43234 0.963 0.286 1242.898 0.02240
-0.00217 -0.02778 0.09700 0.10093 0.43345 1.304 0.317 1242.928 0.02242
-0.00218 -0.02781 0.09711 0.10104 0.43457 1.730 0.352 1242.958 0.02245
-0.00218 -0.02784 0.09722 0.10115 0.43569 0.962 0.286 1242.988 0.02247
-0.00218 -0.02788 0.09733 0.10126 0.43680 0.707 0.258 1243.017 0.02250
-0.00218 -0.02791 0.09744 0.10138 0.43792 0.919 0.281 1243.047 0.02252
-0.00219 -0.02794 0.09754 0.10149 0.43903 0.621 0.247 1243.077 0.02254
-0.00219 -0.02797 0.09765 0.10160 0.44015 0.750 0.263 1243.107 0.02257
-0.00219 -0.02800 0.09776 0.10171 0.44127 1.006 0.289 1243.137 0.02259
-0.00219 -0.02803 0.09787 0.10183 0.44238 0.623 0.246 1243.167 0.02262
-0.00220 -0.02806 0.09798 0.10194 0.44350 0.708 0.257 1243.197 0.02264
-0.00220 -0.02809 0.09808 0.10205 0.44462 0.836 0.269 1243.227 0.02267
-0.00220 -0.02812 0.09819 0.10216 0.44574 0.623 0.247 1243.257 0.02269
-0.00220 -0.02815 0.09830 0.10228 0.44685 0.751 0.258 1243.286 0.02272
-0.00221 -0.02819 0.09841 0.10239 0.44797 0.582 0.242 1243.316 0.02274
-0.00221 -0.02822 0.09852 0.10250 0.44909 0.879 0.276 1243.346 0.02277
-0.00221 -0.02825 0.09863 0.10261 0.45020 1.175 0.304 1243.376 0.02279
-0.00221 -0.02828 0.09873 0.10273 0.45132 0.834 0.271 1243.406 0.02282
-0.00222 -0.02831 0.09884 0.10284 0.45244 1.003 0.288 1243.436 0.02284
-0.00222 -0.02834 0.09895 0.10295 0.45355 0.790 0.264 1243.466 0.02286
-0.00222 -0.02837 0.09906 0.10307 0.45467 1.468 0.329 1243.496 0.02289
-0.00222 -0.02840 0.09917 0.10318 0.45579 1.128 0.300 1243.525 0.02291
-0.00222 -0.02843 0.09927 0.10329 0.45691 0.576 0.241 1243.555 0.02294
-0.00223 -0.02846 0.09938 0.10340 0.45802 1.125 0.300 1243.585 0.02296
-0.00223 -0.02850 0.09949 0.10352 0.45914 0.913 0.279 1243.615 0.02299
-0.00223 -0.02853 0.09960 0.10363 0.46026 1.293 0.313 1243.645 0.02301
-0.00223 -0.02856 0.09971 0.10374 0.46137 0.912 0.279 1243.675 0.02304
-0.00224 -0.02859 0.09982 0.10385 0.46249 0.871 0.273 1243.705 0.02306
-0.00224 -0.02862 0.09992 0.10397 0.46361 0.998 0.287 1243.735 0.02309
-0.00224 -0.02865 0.10003 0.10408 0.46473 0.745 0.260 1243.764 0.02311
-0.00224 -0.02868 0.10014 0.10419 0.46584 1.209 0.307 1243.794 0.02313
-0.00225 -0.02871 0.10025 0.10430 0.46696 1.125 0.299 1243.824 0.02316
-0.00225 -0.02874 0.10036 0.10442 0.46808 0.701 0.256 1243.854 0.02318
-0.00225 -0.02877 0.10046 0.10453 0.46920 1.250 0.310 1243.884 0.02321
-0.00225 -0.02881 0.10057 0.10464 0.47031 0.955 0.282 1243.914 0.02323
-0.00226 -0.02884 0.10068 0.10475 0.47143 0.912 0.278 1243.944 0.02326
-0.00226 -0.02887 0.10079 0.10487 0.47255 0.996 0.284 1243.974 0.02328
-0.00226 -0.02890 0.10090 0.10498 0.47367 1.164 0.302 1244.003 0.02331
-0.00226 -0.02893 0.10101 0.10509 0.47479 1.038 0.290 1244.033 0.02333
-0.00227 -0.02896 0.10111 0.10520 0.47590 1.164 0.302 1244.063 0.02336
-0.00227 -0.02899 0.10122 0.10532 0.47702 1.206 0.306 1244.093 0.02338
-0.00227 -0.02902 0.10133 0.10543 0.47814 1.332 0.317 1244.123 0.02341
-0.00227 -0.02905 0.10144 0.10554 0.47926 1.163 0.302 1244.153 0.02343
-0.00228 -0.02908 0.10155 0.10565 0.48038 1.204 0.305 1244.183 0.02345
-0.00228 -0.02912 0.10166 0.10577 0.48149 1.329 0.316 1244.213 0.02348
-0.00228 -0.02915 0.10176 0.10588 0.48261 1.245 0.309 1244.243 0.02350
-0.00228 -0.02918 0.10187 0.10599 0.48373 1.160 0.301 1244.272 0.02353
-0.00229 -0.02921 0.10198 0.10611 0.48485 1.201 0.305 1244.302 0.02355
-0.00229 -0.02924 0.10209 0.10622 0.48597 1.201 0.305 1244.332 0.02358
-0.00229 -0.02927 0.10220 0.10633 0.48708 0.949 0.280 1244.362 0.02360
-0.00229 -0.02930 0.10231 0.10644 0.48820 0.992 0.283 1244.392 0.02363
-0.00230 -0.02933 0.10241 0.10656 0.48932 1.285 0.312 1244.422 0.02365
-0.00230 -0.02936 0.10252 0.10667 0.49044 1.284 0.312 1244.452 0.02368
-0.00230 -0.02939 0.10263 0.10678 0.49156 0.947 0.281 1244.482 0.02370
-0.00230 -0.02943 0.10274 0.10689 0.49268 0.947 0.281 1244.511 0.02372
-0.00230 -0.02946 0.10285 0.10701 0.49379 0.779 0.263 1244.541 0.02375
-0.00231 -0.02949 0.10296 0.10712 0.49491 1.115 0.297 1244.571 0.02377
-0.00231 -0.02952 0.10306 0.10723 0.49603 1.323 0.315 1244.601 0.02380
-0.00231 -0.02955 0.10317 0.10734 0.49715 1.072 0.292 1244.631 0.02382
-0.00231 -0.02958 0.10328 0.10746 0.49827 0.905 0.276 1244.661 0.02385
-0.00232 -0.02961 0.10339 0.10757 0.49939 1.197 0.304 1244.691 0.02387
-0.00232 -0.02964 0.10350 0.10768 0.50051 0.903 0.276 1244.721 0.02390
-0.00232 -0.02967 0.10360 0.10780 0.50163 1.446 0.325 1244.750 0.02392
-0.00232 -0.02970 0.10371 0.10791 0.50274 1.192 0.304 1244.780 0.02395
-0.00233 -0.02974 0.10382 0.10802 0.50386 1.484 0.328 1244.810 0.02397
-0.00233 -0.02977 0.10393 0.10813 0.50498 1.359 0.318 1244.840 0.02400
-0.00233 -0.02980 0.10404 0.10825 0.50610 1.065 0.292 1244.870 0.02402
-0.00233 -0.02983 0.10415 0.10836 0.50722 1.107 0.296 1244.900 0.02404
-0.00234 -0.02986 0.10426 0.10847 0.50834 0.897 0.276 1244.930 0.02407
-0.00234 -0.02989 0.10436 0.10858 0.50946 1.146 0.297 1244.960 0.02409
-0.00234 -0.02992 0.10447 0.10870 0.51058 0.812 0.266 1244.989 0.02412
-0.00234 -0.02995 0.10458 0.10881 0.51170 0.938 0.278 1245.019 0.02414
-0.00235 -0.02998 0.10469 0.10892 0.51282 0.979 0.283 1245.049 0.02417
-0.00235 -0.03002 0.10480 0.10904 0.51393 1.062 0.291 1245.079 0.02419
-0.00235 -0.03005 0.10491 0.10915 0.51505 1.020 0.287 1245.109 0.02422
-0.00235 -0.03008 0.10501 0.10926 0.51617 0.937 0.278 1245.139 0.02424
-0.00236 -0.03011 0.10512 0.10937 0.51729 1.104 0.295 1245.169 0.02427
-0.00236 -0.03014 0.10523 0.10949 0.51841 1.562 0.334 1245.199 0.02429
-0.00236 -0.03017 0.10534 0.10960 0.51953 0.812 0.265 1245.229 0.02431
-0.00236 -0.03020 0.10545 0.10971 0.52065 0.937 0.278 1245.258 0.02434
-0.00237 -0.03023 0.10556 0.10983 0.52177 1.145 0.298 1245.288 0.02436
-0.00237 -0.03026 0.10566 0.10994 0.52289 0.935 0.278 1245.318 0.02439
-0.00237 -0.03029 0.10577 0.11005 0.52401 1.435 0.323 1245.348 0.02441
-0.00237 -0.03033 0.10588 0.11016 0.52513 1.270 0.309 1245.378 0.02444
-0.00238 -0.03036 0.10599 0.11028 0.52625 1.436 0.323 1245.408 0.02446
-0.00238 -0.03039 0.10610 0.11039 0.52737 0.979 0.283 1245.438 0.02449
-0.00238 -0.03042 0.10621 0.11050 0.52849 0.771 0.260 1245.468 0.02451
-0.00238 -0.03045 0.10631 0.11061 0.52961 1.187 0.301 1245.497 0.02454
-0.00239 -0.03048 0.10642 0.11073 0.53073 0.855 0.269 1245.527 0.02456
-0.00239 -0.03051 0.10653 0.11084 0.53185 0.605 0.241 1245.557 0.02458
-0.00239 -0.03054 0.10664 0.11095 0.53297 0.605 0.241 1245.587 0.02461
-0.00239 -0.03057 0.10675 0.11107 0.53409 0.979 0.282 1245.617 0.02463
-0.00239 -0.03061 0.10686 0.11118 0.53521 1.268 0.306 1245.647 0.02466
-0.00240 -0.03064 0.10697 0.11129 0.53633 0.769 0.260 1245.677 0.02468
-0.00240 -0.03067 0.10707 0.11140 0.53745 0.684 0.250 1245.707 0.02471
-0.00240 -0.03070 0.10718 0.11152 0.53857 0.973 0.282 1245.736 0.02473
-0.00240 -0.03073 0.10729 0.11163 0.53969 0.601 0.241 1245.766 0.02476
-0.00241 -0.03076 0.10740 0.11174 0.54081 0.974 0.282 1245.796 0.02478
-0.00241 -0.03079 0.10751 0.11186 0.54193 1.017 0.285 1245.826 0.02481
-0.00241 -0.03082 0.10762 0.11197 0.54305 1.265 0.307 1245.856 0.02483
-0.00241 -0.03085 0.10772 0.11208 0.54417 1.224 0.304 1245.886 0.02486
-0.00242 -0.03088 0.10783 0.11219 0.54529 0.893 0.273 1245.916 0.02488
-0.00242 -0.03092 0.10794 0.11231 0.54641 0.562 0.236 1245.946 0.02490
-0.00242 -0.03095 0.10805 0.11242 0.54753 1.473 0.323 1245.975 0.02493
-0.00242 -0.03098 0.10816 0.11253 0.54865 1.058 0.289 1246.005 0.02495
-0.00243 -0.03101 0.10827 0.11265 0.54977 1.419 0.321 1246.035 0.02498
-0.00243 -0.03104 0.10838 0.11276 0.55089 1.033 0.289 1246.065 0.02500
-0.00243 -0.03107 0.10848 0.11287 0.55201 0.943 0.277 1246.095 0.02503
-0.00243 -0.03110 0.10859 0.11299 0.55313 0.922 0.272 1246.125 0.02505
-0.00244 -0.03113 0.10870 0.11310 0.55425 0.912 0.272 1246.155 0.02508
-0.00244 -0.03116 0.10881 0.11321 0.55537 0.777 0.254 1246.185 0.02510
-0.00244 -0.03120 0.10892 0.11332 0.55649 1.184 0.299 1246.215 0.02513
-0.00244 -0.03123 0.10903 0.11344 0.55762 1.022 0.288 1246.244 0.02515
-0.00245 -0.03126 0.10914 0.11355 0.55874 1.133 0.296 1246.274 0.02517
-0.00245 -0.03129 0.10924 0.11366 0.55986 1.057 0.282 1246.304 0.02520
-0.00245 -0.03132 0.10935 0.11378 0.56098 1.097 0.292 1246.334 0.02522
-0.00245 -0.03135 0.10946 0.11389 0.56210 1.452 0.323 1246.364 0.02525
-0.00246 -0.03138 0.10957 0.11400 0.56322 0.885 0.267 1246.394 0.02527
-0.00246 -0.03141 0.10968 0.11411 0.56434 1.384 0.320 1246.424 0.02530
-0.00246 -0.03144 0.10979 0.11423 0.56546 1.208 0.299 1246.454 0.02532
-0.00246 -0.03148 0.10990 0.11434 0.56658 0.887 0.271 1246.483 0.02535
-0.00247 -0.03151 0.11000 0.11445 0.56770 1.091 0.291 1246.513 0.02537
-0.00247 -0.03154 0.11011 0.11457 0.56883 1.172 0.298 1246.543 0.02540
-0.00247 -0.03157 0.11022 0.11468 0.56995 1.377 0.316 1246.573 0.02542
-0.00247 -0.03160 0.11033 0.11479 0.57107 0.965 0.279 1246.603 0.02545
-0.00248 -0.03163 0.11044 0.11490 0.57219 0.758 0.258 1246.633 0.02547
-0.00248 -0.03166 0.11055 0.11502 0.57331 0.882 0.270 1246.663 0.02549
-0.00248 -0.03169 0.11066 0.11513 0.57443 0.884 0.268 1246.693 0.02552
-0.00248 -0.03172 0.11076 0.11524 0.57555 0.967 0.279 1246.722 0.02554
-0.00248 -0.03176 0.11087 0.11536 0.57667 0.926 0.275 1246.752 0.02557
-0.00249 -0.03179 0.11098 0.11547 0.57780 1.379 0.315 1246.782 0.02559
-0.00249 -0.03182 0.11109 0.11558 0.57892 1.296 0.308 1246.812 0.02562
-0.00249 -0.03185 0.11120 0.11570 0.58004 1.008 0.282 1246.842 0.02564
-0.00249 -0.03188 0.11131 0.11581 0.58116 1.459 0.322 1246.872 0.02567
-0.00250 -0.03191 0.11142 0.11592 0.58228 0.840 0.266 1246.902 0.02569
-0.00250 -0.03194 0.11152 0.11603 0.58340 1.413 0.319 1246.932 0.02572
-0.00250 -0.03197 0.11163 0.11615 0.58453 0.755 0.257 1246.961 0.02574
-0.00250 -0.03200 0.11174 0.11626 0.58565 0.878 0.270 1246.991 0.02576
-0.00251 -0.03204 0.11185 0.11637 0.58677 0.918 0.274 1247.021 0.02579
-0.00251 -0.03207 0.11196 0.11649 0.58789 0.836 0.266 1247.051 0.02581
-0.00251 -0.03210 0.11207 0.11660 0.58901 1.370 0.315 1247.081 0.02584
-0.00251 -0.03213 0.11218 0.11671 0.59013 0.795 0.261 1247.111 0.02586
-0.00252 -0.03216 0.11228 0.11683 0.59126 0.959 0.277 1247.141 0.02589
-0.00252 -0.03219 0.11239 0.11694 0.59238 1.412 0.318 1247.171 0.02591
-0.00252 -0.03222 0.11250 0.11705 0.59350 0.919 0.273 1247.201 0.02594
-0.00252 -0.03225 0.11261 0.11717 0.59462 1.042 0.285 1247.230 0.02596
-0.00253 -0.03228 0.11272 0.11728 0.59575 1.042 0.285 1247.260 0.02599
-0.00253 -0.03232 0.11283 0.11739 0.59687 0.551 0.233 1247.290 0.02601
-0.00253 -0.03235 0.11294 0.11750 0.59799 0.961 0.278 1247.320 0.02604
-0.00253 -0.03238 0.11304 0.11762 0.59911 0.716 0.252 1247.350 0.02606
-0.00254 -0.03241 0.11315 0.11773 0.60023 0.512 0.227 1247.380 0.02608
-0.00254 -0.03244 0.11326 0.11784 0.60136 0.184 0.178 1247.410 0.02611
-0.00254 -0.03247 0.11337 0.11796 0.60248 0.061 0.150 1247.440 0.02613
-0.00254 -0.03250 0.11348 0.11807 0.60360 0.020 0.141 1247.469 0.02616
-0.00255 -0.03253 0.11359 0.11818 0.60472 0.101 0.162 1247.499 0.02618
-0.00255 -0.03256 0.11370 0.11830 0.60585 0.101 0.160 1247.529 0.02621
-0.00255 -0.03260 0.11381 0.11841 0.60697 0.020 0.141 1247.559 0.02623
-0.00255 -0.03263 0.11391 0.11852 0.60809 0.021 0.141 1247.589 0.02626
-0.00256 -0.03266 0.11402 0.11864 0.60921 0.143 0.168 1247.619 0.02628
-0.00256 -0.03269 0.11413 0.11875 0.61034 -0.019 0.129 1247.649 0.02631
-0.00256 -0.03272 0.11424 0.11886 0.61146 0.143 0.170 1247.679 0.02633
-0.00256 -0.03275 0.11435 0.11897 0.61258 0.104 0.160 1247.708 0.02635
-0.00257 -0.03278 0.11446 0.11909 0.61370 0.268 0.191 1247.738 0.02638
-0.00257 -0.03281 0.11457 0.11920 0.61483 0.431 0.214 1247.768 0.02640
-0.00257 -0.03284 0.11468 0.11931 0.61595 0.512 0.225 1247.798 0.02643
-0.00257 -0.03288 0.11478 0.11943 0.61707 0.471 0.219 1247.828 0.02645
-0.00257 -0.03291 0.11489 0.11954 0.61820 0.470 0.219 1247.858 0.02648
-0.00258 -0.03294 0.11500 0.11965 0.61932 1.001 0.280 1247.888 0.02650
-0.00258 -0.03297 0.11511 0.11977 0.62044 0.798 0.259 1247.918 0.02653
-0.00258 -0.03300 0.11522 0.11988 0.62156 1.125 0.291 1247.947 0.02655
-0.00258 -0.03303 0.11533 0.11999 0.62269 0.757 0.255 1247.977 0.02658
-0.00259 -0.03306 0.11544 0.12011 0.62381 0.961 0.276 1248.007 0.02660
-0.00259 -0.03309 0.11555 0.12022 0.62493 1.612 0.332 1248.037 0.02662
-0.00259 -0.03312 0.11565 0.12033 0.62606 1.245 0.302 1248.067 0.02665
-0.00259 -0.03316 0.11576 0.12045 0.62718 0.917 0.271 1248.097 0.02667
-0.00260 -0.03319 0.11587 0.12056 0.62830 0.837 0.263 1248.127 0.02670
-0.00260 -0.03322 0.11598 0.12067 0.62943 1.285 0.305 1248.157 0.02672
-0.00260 -0.03325 0.11609 0.12078 0.63055 0.960 0.275 1248.187 0.02675
-0.00260 -0.03328 0.11620 0.12090 0.63167 1.041 0.282 1248.216 0.02677
-0.00261 -0.03331 0.11631 0.12101 0.63280 1.081 0.286 1248.246 0.02680
-0.00261 -0.03334 0.11642 0.12112 0.63392 1.122 0.291 1248.276 0.02682
-0.00261 -0.03337 0.11652 0.12124 0.63504 1.568 0.327 1248.306 0.02685
-0.00261 -0.03341 0.11663 0.12135 0.63617 1.282 0.305 1248.336 0.02687
-0.00262 -0.03344 0.11674 0.12146 0.63729 1.240 0.301 1248.366 0.02690
-0.00262 -0.03347 0.11685 0.12158 0.63841 1.322 0.308 1248.396 0.02692
-0.00262 -0.03350 0.11696 0.12169 0.63954 0.996 0.279 1248.426 0.02694
-0.00262 -0.03353 0.11707 0.12180 0.64066 1.280 0.304 1248.455 0.02697
-0.00263 -0.03356 0.11718 0.12192 0.64179 0.914 0.271 1248.485 0.02699
-0.00263 -0.03359 0.11729 0.12203 0.64291 0.996 0.278 1248.515 0.02702
-0.00263 -0.03362 0.11739 0.12214 0.64403 1.118 0.290 1248.545 0.02704
-0.00263 -0.03365 0.11750 0.12226 0.64516 1.037 0.283 1248.575 0.02707
-0.00264 -0.03369 0.11761 0.12237 0.64628 0.914 0.270 1248.605 0.02709
-0.00264 -0.03372 0.11772 0.12248 0.64741 1.076 0.286 1248.635 0.02712
-0.00264 -0.03375 0.11783 0.12260 0.64853 0.792 0.258 1248.665 0.02714
-0.00264 -0.03378 0.11794 0.12271 0.64965 1.163 0.293 1248.694 0.02717
-0.00265 -0.03381 0.11805 0.12282 0.65078 1.324 0.307 1248.724 0.02719
-0.00265 -0.03384 0.11816 0.12294 0.65190 1.374 0.314 1248.754 0.02721
-0.00265 -0.03387 0.11827 0.12305 0.65303 0.862 0.267 1248.784 0.02724
-0.00265 -0.03390 0.11837 0.12316 0.65415 1.155 0.293 1248.814 0.02726
-0.00266 -0.03394 0.11848 0.12328 0.65527 1.164 0.293 1248.844 0.02729
-0.00266 -0.03397 0.11859 0.12339 0.65640 1.345 0.310 1248.874 0.02731
-0.00266 -0.03400 0.11870 0.12350 0.65752 1.124 0.289 1248.904 0.02734
-0.00266 -0.03403 0.11881 0.12362 0.65865 0.955 0.272 1248.933 0.02736
-0.00267 -0.03406 0.11892 0.12373 0.65977 1.264 0.303 1248.963 0.02739
-0.00267 -0.03409 0.11903 0.12384 0.66090 1.017 0.278 1248.993 0.02741
-0.00267 -0.03412 0.11914 0.12396 0.66202 0.695 0.248 1249.023 0.02744
-0.00267 -0.03415 0.11925 0.12407 0.66314 0.883 0.266 1249.053 0.02746
-0.00267 -0.03418 0.11935 0.12418 0.66427 1.037 0.278 1249.083 0.02749
-0.00268 -0.03422 0.11946 0.12430 0.66539 1.293 0.303 1249.113 0.02751
-0.00268 -0.03425 0.11957 0.12441 0.66652 1.114 0.288 1249.143 0.02753
-0.00268 -0.03428 0.11968 0.12452 0.66764 1.356 0.310 1249.173 0.02756
-0.00268 -0.03431 0.11979 0.12464 0.66877 0.950 0.273 1249.202 0.02758
-0.00269 -0.03434 0.11990 0.12475 0.66989 1.274 0.302 1249.232 0.02761
-0.00269 -0.03437 0.12001 0.12486 0.67102 1.071 0.285 1249.262 0.02763
-0.00269 -0.03440 0.12012 0.12498 0.67214 0.911 0.269 1249.292 0.02766
-0.00269 -0.03443 0.12023 0.12509 0.67327 0.749 0.252 1249.322 0.02768
-0.00270 -0.03447 0.12033 0.12520 0.67439 0.750 0.252 1249.352 0.02771
-0.00270 -0.03450 0.12044 0.12532 0.67552 0.992 0.277 1249.382 0.02773
-0.00270 -0.03453 0.12055 0.12543 0.67664 1.193 0.295 1249.412 0.02776
-0.00270 -0.03456 0.12066 0.12554 0.67777 1.314 0.305 1249.441 0.02778
-0.00271 -0.03459 0.12077 0.12566 0.67889 0.830 0.261 1249.471 0.02780
-0.00271 -0.03462 0.12088 0.12577 0.68002 0.911 0.269 1249.501 0.02783
-0.00271 -0.03465 0.12099 0.12588 0.68114 0.789 0.256 1249.531 0.02785
-0.00271 -0.03468 0.12110 0.12600 0.68227 1.273 0.302 1249.561 0.02788
-0.00272 -0.03471 0.12121 0.12611 0.68339 0.990 0.275 1249.591 0.02790
-0.00272 -0.03475 0.12131 0.12622 0.68452 1.231 0.298 1249.621 0.02793
-0.00272 -0.03478 0.12142 0.12634 0.68564 0.990 0.275 1249.651 0.02795
-0.00272 -0.03481 0.12153 0.12645 0.68677 0.626 0.238 1249.680 0.02798
-0.00273 -0.03484 0.12164 0.12656 0.68789 0.988 0.276 1249.710 0.02800
-0.00273 -0.03487 0.12175 0.12668 0.68902 0.906 0.268 1249.740 0.02803
-0.00273 -0.03490 0.12186 0.12679 0.69014 1.067 0.284 1249.770 0.02805
-0.00273 -0.03493 0.12197 0.12690 0.69127 1.228 0.298 1249.800 0.02808
-0.00274 -0.03496 0.12208 0.12702 0.69240 1.187 0.295 1249.830 0.02810
-0.00274 -0.03500 0.12219 0.12713 0.69352 0.784 0.256 1249.860 0.02812
-0.00274 -0.03503 0.12230 0.12724 0.69465 0.985 0.275 1249.890 0.02815
-0.00274 -0.03506 0.12240 0.12736 0.69577 0.945 0.269 1249.919 0.02817
-0.00275 -0.03509 0.12251 0.12747 0.69690 0.864 0.264 1249.949 0.02820
-0.00275 -0.03512 0.12262 0.12758 0.69802 0.904 0.268 1249.979 0.02822
-0.00275 -0.03515 0.12273 0.12770 0.69915 1.026 0.278 1250.009 0.02825
-0.00275 -0.03518 0.12284 0.12781 0.70027 0.826 0.260 1250.039 0.02827
-0.00276 -0.03521 0.12295 0.12792 0.70140 0.907 0.268 1250.069 0.02830
-0.00276 -0.03525 0.12306 0.12804 0.70253 0.505 0.222 1250.099 0.02832
-0.00276 -0.03528 0.12317 0.12815 0.70365 0.988 0.275 1250.129 0.02835
-0.00276 -0.03531 0.12328 0.12826 0.70478 0.786 0.255 1250.158 0.02837
-0.00277 -0.03534 0.12339 0.12838 0.70590 0.788 0.255 1250.188 0.02839
-0.00277 -0.03537 0.12349 0.12849 0.70703 1.029 0.276 1250.218 0.02842
-0.00277 -0.03540 0.12360 0.12860 0.70816 1.188 0.294 1250.248 0.02844
-0.00277 -0.03543 0.12371 0.12872 0.70928 1.107 0.286 1250.278 0.02847
-0.00278 -0.03546 0.12382 0.12883 0.71041 1.348 0.307 1250.308 0.02849
-0.00278 -0.03550 0.12393 0.12894 0.71153 0.785 0.255 1250.338 0.02852
-0.00278 -0.03553 0.12404 0.12906 0.71266 0.986 0.275 1250.368 0.02854
-0.00278 -0.03556 0.12415 0.12917 0.71379 0.544 0.227 1250.398 0.02857
-0.00278 -0.03559 0.12426 0.12928 0.71491 0.826 0.259 1250.427 0.02859
-0.00279 -0.03562 0.12437 0.12940 0.71604 0.625 0.235 1250.457 0.02862
-0.00279 -0.03565 0.12448 0.12951 0.71717 0.583 0.232 1250.487 0.02864
-0.00279 -0.03568 0.12459 0.12962 0.71829 0.543 0.227 1250.517 0.02866
-0.00279 -0.03571 0.12469 0.12974 0.71942 0.422 0.210 1250.547 0.02869
-0.00280 -0.03575 0.12480 0.12985 0.72055 0.503 0.221 1250.577 0.02871
-0.00280 -0.03578 0.12491 0.12997 0.72167 0.864 0.262 1250.607 0.02874
-0.00280 -0.03581 0.12502 0.13008 0.72280 0.663 0.241 1250.637 0.02876
-0.00280 -0.03584 0.12513 0.13019 0.72393 0.624 0.237 1250.666 0.02879
-0.00281 -0.03587 0.12524 0.13031 0.72505 0.584 0.232 1250.696 0.02881
-0.00281 -0.03590 0.12535 0.13042 0.72618 1.346 0.306 1250.726 0.02884
-0.00281 -0.03593 0.12546 0.13053 0.72731 0.745 0.250 1250.756 0.02886
-0.00281 -0.03596 0.12557 0.13065 0.72843 0.906 0.266 1250.786 0.02889
-0.00282 -0.03600 0.12568 0.13076 0.72956 1.185 0.292 1250.816 0.02891
-0.00282 -0.03603 0.12579 0.13087 0.73069 1.065 0.281 1250.846 0.02894
-0.00282 -0.03606 0.12589 0.13099 0.73181 0.904 0.266 1250.876 0.02896
-0.00282 -0.03609 0.12600 0.13110 0.73294 1.263 0.298 1250.905 0.02898
-0.00283 -0.03612 0.12611 0.13121 0.73407 0.863 0.263 1250.935 0.02901
-0.00283 -0.03615 0.12622 0.13133 0.73519 1.503 0.319 1250.965 0.02903
-0.00283 -0.03618 0.12633 0.13144 0.73632 1.183 0.293 1250.995 0.02906
-0.00283 -0.03621 0.12644 0.13155 0.73745 1.023 0.278 1251.025 0.02908
-0.00284 -0.03625 0.12655 0.13167 0.73858 0.902 0.266 1251.055 0.02911
-0.00284 -0.03628 0.12666 0.13178 0.73970 1.102 0.285 1251.085 0.02913
-0.00284 -0.03631 0.12677 0.13190 0.74083 0.701 0.245 1251.115 0.02916
-0.00284 -0.03634 0.12688 0.13201 0.74196 0.822 0.258 1251.144 0.02918
-0.00285 -0.03637 0.12699 0.13212 0.74308 1.181 0.292 1251.174 0.02921
-0.00285 -0.03640 0.12710 0.13224 0.74421 0.742 0.249 1251.204 0.02923
-0.00285 -0.03643 0.12720 0.13235 0.74534 1.182 0.292 1251.234 0.02925
-0.00285 -0.03646 0.12731 0.13246 0.74647 0.863 0.262 1251.264 0.02928
-0.00286 -0.03650 0.12742 0.13258 0.74759 0.782 0.254 1251.294 0.02930
-0.00286 -0.03653 0.12753 0.13269 0.74872 0.900 0.266 1251.324 0.02933
-0.00286 -0.03656 0.12764 0.13280 0.74985 1.219 0.295 1251.354 0.02935
-0.00286 -0.03659 0.12775 0.13292 0.75098 0.740 0.249 1251.384 0.02938
-0.00287 -0.03662 0.12786 0.13303 0.75210 1.019 0.277 1251.413 0.02940
-0.00287 -0.03665 0.12797 0.13315 0.75323 1.179 0.291 1251.443 0.02943
-0.00287 -0.03668 0.12808 0.13326 0.75436 0.819 0.257 1251.473 0.02945
-0.00287 -0.03671 0.12819 0.13337 0.75549 0.779 0.253 1251.503 0.02948
-0.00288 -0.03675 0.12830 0.13349 0.75661 0.700 0.244 1251.533 0.02950
-0.00288 -0.03678 0.12841 0.13360 0.75774 1.219 0.295 1251.563 0.02953
-0.00288 -0.03681 0.12851 0.13371 0.75887 1.059 0.280 1251.593 0.02955
-0.00288 -0.03684 0.12862 0.13383 0.76000 0.460 0.215 1251.623 0.02957
-0.00289 -0.03687 0.12873 0.13394 0.76113 1.378 0.308 1251.652 0.02960
-0.00289 -0.03690 0.12884 0.13405 0.76225 0.859 0.261 1251.682 0.02962
-0.00289 -0.03693 0.12895 0.13417 0.76338 1.218 0.295 1251.712 0.02965
-0.00289 -0.03696 0.12906 0.13428 0.76451 0.859 0.261 1251.742 0.02967
-0.00289 -0.03700 0.12917 0.13439 0.76564 1.258 0.298 1251.772 0.02970
-0.00290 -0.03703 0.12928 0.13451 0.76677 1.338 0.304 1251.802 0.02972
-0.00290 -0.03706 0.12939 0.13462 0.76789 1.299 0.301 1251.832 0.02975
-0.00290 -0.03709 0.12950 0.13474 0.76902 0.821 0.257 1251.862 0.02977
-0.00290 -0.03712 0.12961 0.13485 0.77015 0.902 0.265 1251.891 0.02980
-0.00291 -0.03715 0.12972 0.13496 0.77128 0.942 0.269 1251.921 0.02982
-0.00291 -0.03718 0.12983 0.13508 0.77241 1.181 0.290 1251.951 0.02984
-0.00291 -0.03721 0.12993 0.13519 0.77354 1.220 0.294 1251.981 0.02987
-0.00291 -0.03725 0.13004 0.13530 0.77466 1.180 0.291 1252.011 0.02989
-0.00292 -0.03728 0.13015 0.13542 0.77579 1.061 0.280 1252.041 0.02992
-0.00292 -0.03731 0.13026 0.13553 0.77692 0.941 0.269 1252.071 0.02994
-0.00292 -0.03734 0.13037 0.13565 0.77805 0.901 0.264 1252.101 0.02997
-0.00292 -0.03737 0.13048 0.13576 0.77918 0.902 0.264 1252.130 0.02999
-0.00293 -0.03740 0.13059 0.13587 0.78031 1.140 0.287 1252.160 0.03002
-0.00293 -0.03743 0.13070 0.13599 0.78144 1.060 0.279 1252.190 0.03004
-0.00293 -0.03747 0.13081 0.13610 0.78256 1.260 0.297 1252.220 0.03007
-0.00293 -0.03750 0.13092 0.13621 0.78369 1.059 0.279 1252.250 0.03009
-0.00294 -0.03753 0.13103 0.13633 0.78482 0.860 0.261 1252.280 0.03011
-0.00294 -0.03756 0.13114 0.13644 0.78595 0.821 0.256 1252.310 0.03014
-0.00294 -0.03759 0.13125 0.13656 0.78708 0.901 0.265 1252.340 0.03016
-0.00294 -0.03762 0.13136 0.13667 0.78821 0.582 0.230 1252.370 0.03019
-0.00295 -0.03765 0.13147 0.13678 0.78934 0.939 0.268 1252.399 0.03021
-0.00295 -0.03768 0.13157 0.13690 0.79047 0.820 0.255 1252.429 0.03024
-0.00295 -0.03772 0.13168 0.13701 0.79160 1.019 0.275 1252.459 0.03026
-0.00295 -0.03775 0.13179 0.13712 0.79272 0.821 0.256 1252.489 0.03029
-0.00296 -0.03778 0.13190 0.13724 0.79385 0.898 0.264 1252.519 0.03031
-0.00296 -0.03781 0.13201 0.13735 0.79498 0.620 0.235 1252.549 0.03034
-0.00296 -0.03784 0.13212 0.13747 0.79611 1.018 0.276 1252.579 0.03036
-0.00296 -0.03787 0.13223 0.13758 0.79724 0.780 0.252 1252.609 0.03039
-0.00297 -0.03790 0.13234 0.13769 0.79837 0.780 0.252 1252.638 0.03041
-0.00297 -0.03794 0.13245 0.13781 0.79950 0.939 0.268 1252.668 0.03043
-0.00297 -0.03797 0.13256 0.13792 0.80063 1.216 0.293 1252.698 0.03046
-0.00297 -0.03800 0.13267 0.13803 0.80176 0.698 0.243 1252.728 0.03048
-0.00298 -0.03803 0.13278 0.13815 0.80289 0.737 0.247 1252.758 0.03051
-0.00298 -0.03806 0.13289 0.13826 0.80402 0.935 0.268 1252.788 0.03053
-0.00298 -0.03809 0.13300 0.13838 0.80515 0.935 0.268 1252.818 0.03056
-0.00298 -0.03812 0.13311 0.13849 0.80628 1.292 0.300 1252.848 0.03058
-0.00299 -0.03815 0.13321 0.13860 0.80741 0.894 0.264 1252.877 0.03061
-0.00299 -0.03819 0.13332 0.13872 0.80853 0.813 0.255 1252.907 0.03063
-0.00299 -0.03822 0.13343 0.13883 0.80966 0.971 0.272 1252.937 0.03066
-0.00299 -0.03825 0.13354 0.13894 0.81079 1.250 0.297 1252.967 0.03068
-0.00300 -0.03828 0.13365 0.13906 0.81192 1.170 0.290 1252.997 0.03070
-0.00300 -0.03831 0.13376 0.13917 0.81305 0.612 0.234 1253.027 0.03073
-0.00300 -0.03834 0.13387 0.13929 0.81418 0.851 0.260 1253.057 0.03075
-0.00300 -0.03837 0.13398 0.13940 0.81531 1.089 0.282 1253.087 0.03078
-0.00301 -0.03840 0.13409 0.13951 0.81644 0.891 0.264 1253.116 0.03080
-0.00301 -0.03844 0.13420 0.13963 0.81757 1.209 0.292 1253.146 0.03083
-0.00301 -0.03847 0.13431 0.13974 0.81870 1.010 0.275 1253.176 0.03085
-0.00301 -0.03850 0.13442 0.13986 0.81983 0.573 0.228 1253.206 0.03088
-0.00302 -0.03853 0.13453 0.13997 0.82096 0.970 0.271 1253.236 0.03090
-0.00302 -0.03856 0.13464 0.14008 0.82209 1.011 0.273 1253.266 0.03093
-0.00302 -0.03859 0.13475 0.14020 0.82322 0.891 0.264 1253.296 0.03095
-0.00302 -0.03862 0.13486 0.14031 0.82435 0.891 0.264 1253.326 0.03098
-0.00302 -0.03866 0.13497 0.14042 0.82548 0.692 0.243 1253.356 0.03100
-0.00303 -0.03869 0.13507 0.14054 0.82661 0.891 0.264 1253.385 0.03102
-0.00303 -0.03872 0.13518 0.14065 0.82774 1.248 0.296 1253.415 0.03105
-0.00303 -0.03875 0.13529 0.14077 0.82887 0.890 0.263 1253.445 0.03107
-0.00303 -0.03878 0.13540 0.14088 0.83000 1.128 0.286 1253.475 0.03110
-0.00304 -0.03881 0.13551 0.14099 0.83113 0.812 0.255 1253.505 0.03112
-0.00304 -0.03884 0.13562 0.14111 0.83227 0.535 0.224 1253.535 0.03115
-0.00304 -0.03888 0.13573 0.14122 0.83340 0.812 0.255 1253.565 0.03117
-0.00304 -0.03891 0.13584 0.14134 0.83453 0.929 0.267 1253.595 0.03120
-0.00305 -0.03894 0.13595 0.14145 0.83566 0.731 0.247 1253.624 0.03122
-0.00305 -0.03897 0.13606 0.14156 0.83679 0.771 0.251 1253.654 0.03125
-0.00305 -0.03900 0.13617 0.14168 0.83792 0.571 0.229 1253.684 0.03127
-0.00305 -0.03903 0.13628 0.14179 0.83905 0.294 0.191 1253.714 0.03129
-0.00306 -0.03906 0.13639 0.14190 0.84018 0.294 0.190 1253.744 0.03132
-0.00306 -0.03909 0.13650 0.14202 0.84131 0.375 0.201 1253.774 0.03134
-0.00306 -0.03913 0.13661 0.14213 0.84244 0.534 0.224 1253.804 0.03137
-0.00306 -0.03916 0.13672 0.14225 0.84357 0.495 0.219 1253.834 0.03139
-0.00307 -0.03919 0.13683 0.14236 0.84470 0.693 0.242 1253.863 0.03142
-0.00307 -0.03922 0.13694 0.14247 0.84583 0.892 0.263 1253.893 0.03144
-0.00307 -0.03925 0.13705 0.14259 0.84696 1.130 0.285 1253.923 0.03147
-0.00307 -0.03928 0.13715 0.14270 0.84810 1.012 0.275 1253.953 0.03149
-0.00308 -0.03931 0.13726 0.14282 0.84923 1.012 0.274 1253.983 0.03152
-0.00308 -0.03935 0.13737 0.14293 0.85036 1.171 0.288 1254.013 0.03154
-0.00308 -0.03938 0.13748 0.14304 0.85149 0.695 0.241 1254.043 0.03157
-0.00308 -0.03941 0.13759 0.14316 0.85262 1.052 0.278 1254.073 0.03159
-0.00309 -0.03944 0.13770 0.14327 0.85375 0.774 0.251 1254.102 0.03161
-0.00309 -0.03947 0.13781 0.14339 0.85488 0.693 0.242 1254.132 0.03164
-0.00309 -0.03950 0.13792 0.14350 0.85601 0.851 0.259 1254.162 0.03166
-0.00309 -0.03953 0.13803 0.14361 0.85714 1.166 0.289 1254.192 0.03169
-0.00310 -0.03957 0.13814 0.14373 0.85828 1.006 0.274 1254.222 0.03171
-0.00310 -0.03960 0.13825 0.14384 0.85941 0.966 0.269 1254.252 0.03174
-0.00310 -0.03963 0.13836 0.14396 0.86054 0.968 0.271 1254.282 0.03176
-0.00310 -0.03966 0.13847 0.14407 0.86167 0.771 0.249 1254.312 0.03179
-0.00311 -0.03969 0.13858 0.14418 0.86280 0.573 0.227 1254.342 0.03181
-0.00311 -0.03972 0.13869 0.14430 0.86393 0.620 0.232 1254.371 0.03184
-0.00311 -0.03975 0.13880 0.14441 0.86506 0.936 0.263 1254.401 0.03186
-0.00311 -0.03978 0.13891 0.14453 0.86620 0.979 0.270 1254.431 0.03188
-0.00312 -0.03982 0.13902 0.14464 0.86733 0.819 0.253 1254.461 0.03191
-0.00312 -0.03985 0.13913 0.14475 0.86846 0.705 0.242 1254.491 0.03193
-0.00312 -0.03988 0.13924 0.14487 0.86959 0.945 0.266 1254.521 0.03196
-0.00312 -0.03991 0.13935 0.14498 0.87072 0.929 0.267 1254.551 0.03198
-0.00313 -0.03994 0.13946 0.14510 0.87185 1.059 0.278 1254.581 0.03201
-0.00313 -0.03997 0.13957 0.14521 0.87299 0.975 0.266 1254.610 0.03203
-0.00313 -0.04000 0.13967 0.14532 0.87412 1.094 0.280 1254.640 0.03206
-0.00313 -0.04004 0.13978 0.14544 0.87525 0.921 0.265 1254.670 0.03208
-0.00314 -0.04007 0.13989 0.14555 0.87638 0.946 0.269 1254.700 0.03211
-0.00314 -0.04010 0.14000 0.14567 0.87751 0.767 0.249 1254.730 0.03213
-0.00314 -0.04013 0.14011 0.14578 0.87865 0.890 0.259 1254.760 0.03215
-0.00314 -0.04016 0.14022 0.14589 0.87978 0.710 0.237 1254.790 0.03218
-0.00315 -0.04019 0.14033 0.14601 0.88091 1.082 0.285 1254.820 0.03220
-0.00315 -0.04022 0.14044 0.14612 0.88204 1.292 0.298 1254.849 0.03223
-0.00315 -0.04026 0.14055 0.14624 0.88317 1.050 0.277 1254.879 0.03225
-0.00315 -0.04029 0.14066 0.14635 0.88431 0.971 0.270 1254.909 0.03228
-0.00315 -0.04032 0.14077 0.14646 0.88544 0.773 0.250 1254.939 0.03230
-0.00316 -0.04035 0.14088 0.14658 0.88657 0.655 0.236 1254.969 0.03233
-0.00316 -0.04038 0.14099 0.14669 0.88770 1.051 0.276 1254.999 0.03235
-0.00316 -0.04041 0.14110 0.14681 0.88884 1.012 0.273 1255.029 0.03238
-0.00316 -0.04044 0.14121 0.14692 0.88997 0.971 0.270 1255.059 0.03240
-0.00317 -0.04048 0.14132 0.14704 0.89110 0.931 0.266 1255.088 0.03243
-0.00317 -0.04051 0.14143 0.14715 0.89223 1.288 0.298 1255.118 0.03245
-0.00317 -0.04054 0.14154 0.14726 0.89337 0.933 0.266 1255.148 0.03247
-0.00317 -0.04057 0.14165 0.14738 0.89450 0.657 0.237 1255.178 0.03250
-0.00318 -0.04060 0.14176 0.14749 0.89563 0.777 0.250 1255.208 0.03252
-0.00318 -0.04063 0.14187 0.14761 0.89676 0.817 0.254 1255.238 0.03255
-0.00318 -0.04066 0.14198 0.14772 0.89790 0.854 0.258 1255.268 0.03257
-0.00318 -0.04070 0.14209 0.14783 0.89903 0.933 0.266 1255.298 0.03260
-0.00319 -0.04073 0.14220 0.14795 0.90016 0.855 0.258 1255.328 0.03262
-0.00319 -0.04076 0.14231 0.14806 0.90129 0.815 0.254 1255.357 0.03265
-0.00319 -0.04079 0.14242 0.14818 0.90243 1.211 0.290 1255.387 0.03267
-0.00319 -0.04082 0.14253 0.14829 0.90356 0.736 0.245 1255.417 0.03270
-0.00320 -0.04085 0.14264 0.14840 0.90469 1.525 0.317 1255.447 0.03272
-0.00320 -0.04088 0.14275 0.14852 0.90583 0.616 0.233 1255.477 0.03274
-0.00320 -0.04092 0.14285 0.14863 0.90696 0.814 0.254 1255.507 0.03277
-0.00320 -0.04095 0.14296 0.14875 0.90809 1.051 0.277 1255.537 0.03279
-0.00321 -0.04098 0.14307 0.14886 0.90923 1.050 0.277 1255.567 0.03282
-0.00321 -0.04101 0.14318 0.14898 0.91036 0.969 0.270 1255.596 0.03284
-0.00321 -0.04104 0.14329 0.14909 0.91149 1.126 0.284 1255.626 0.03287
-0.00321 -0.04107 0.14340 0.14920 0.91263 0.969 0.269 1255.656 0.03289
-0.00322 -0.04110 0.14351 0.14932 0.91376 0.849 0.258 1255.686 0.03292
-0.00322 -0.04114 0.14362 0.14943 0.91489 0.691 0.241 1255.716 0.03294
-0.00322 -0.04117 0.14373 0.14955 0.91603 1.283 0.297 1255.746 0.03297
-0.00322 -0.04120 0.14384 0.14966 0.91716 0.771 0.250 1255.776 0.03299
-0.00323 -0.04123 0.14395 0.14977 0.91829 0.771 0.250 1255.806 0.03302
-0.00323 -0.04126 0.14406 0.14989 0.91943 0.929 0.265 1255.835 0.03304
-0.00323 -0.04129 0.14417 0.15000 0.92056 0.691 0.241 1255.865 0.03306
-0.00323 -0.04132 0.14428 0.15012 0.92169 1.125 0.284 1255.895 0.03309
-0.00324 -0.04136 0.14439 0.15023 0.92283 1.007 0.273 1255.925 0.03311
-0.00324 -0.04139 0.14450 0.15035 0.92396 1.283 0.297 1255.955 0.03314
-0.00324 -0.04142 0.14461 0.15046 0.92509 0.808 0.254 1255.985 0.03316
-0.00324 -0.04145 0.14472 0.15057 0.92623 0.807 0.253 1256.015 0.03319
-0.00325 -0.04148 0.14483 0.15069 0.92736 0.965 0.270 1256.045 0.03321
-0.00325 -0.04151 0.14494 0.15080 0.92849 1.162 0.287 1256.074 0.03324
-0.00325 -0.04154 0.14505 0.15092 0.92963 1.004 0.273 1256.104 0.03326
-0.00325 -0.04158 0.14516 0.15103 0.93076 0.845 0.258 1256.134 0.03329
-0.00326 -0.04161 0.14527 0.15115 0.93190 0.767 0.249 1256.164 0.03331
-0.00326 -0.04164 0.14538 0.15126 0.93303 0.885 0.261 1256.194 0.03333
-0.00326 -0.04167 0.14549 0.15137 0.93416 1.043 0.276 1256.224 0.03336
-0.00326 -0.04170 0.14560 0.15149 0.93530 1.124 0.284 1256.254 0.03338
-0.00327 -0.04173 0.14571 0.15160 0.93643 0.927 0.265 1256.284 0.03341
-0.00327 -0.04176 0.14582 0.15172 0.93757 0.847 0.258 1256.314 0.03343
-0.00327 -0.04180 0.14593 0.15183 0.93870 0.807 0.253 1256.343 0.03346
-0.00327 -0.04183 0.14604 0.15195 0.93983 1.201 0.291 1256.373 0.03348
-0.00328 -0.04186 0.14615 0.15206 0.94097 1.162 0.287 1256.403 0.03351
-0.00328 -0.04189 0.14626 0.15217 0.94210 1.162 0.287 1256.433 0.03353
-0.00328 -0.04192 0.14637 0.15229 0.94324 1.361 0.304 1256.463 0.03356
-0.00328 -0.04195 0.14648 0.15240 0.94437 1.005 0.271 1256.493 0.03358
-0.00329 -0.04198 0.14659 0.15252 0.94551 1.202 0.290 1256.523 0.03361
-0.00329 -0.04202 0.14670 0.15263 0.94664 1.044 0.277 1256.553 0.03363
-0.00329 -0.04205 0.14681 0.15275 0.94777 1.520 0.316 1256.582 0.03365
-0.00329 -0.04208 0.14692 0.15286 0.94891 0.850 0.257 1256.612 0.03368
-0.00330 -0.04211 0.14703 0.15297 0.95004 0.849 0.258 1256.642 0.03370
-0.00330 -0.04214 0.14714 0.15309 0.95118 0.769 0.250 1256.672 0.03373
-0.00330 -0.04217 0.14725 0.15320 0.95231 0.968 0.269 1256.702 0.03375
-0.00330 -0.04220 0.14736 0.15332 0.95345 1.008 0.273 1256.732 0.03378
-0.00330 -0.04224 0.14747 0.15343 0.95458 0.927 0.265 1256.762 0.03380
-0.00331 -0.04227 0.14758 0.15355 0.95572 0.809 0.252 1256.792 0.03383
-0.00331 -0.04230 0.14769 0.15366 0.95685 0.848 0.256 1256.821 0.03385
-0.00331 -0.04233 0.14780 0.15377 0.95799 1.244 0.293 1256.851 0.03388
-0.00331 -0.04236 0.14791 0.15389 0.95912 1.124 0.283 1256.881 0.03390
-0.00332 -0.04239 0.14802 0.15400 0.96026 1.045 0.277 1256.911 0.03392
-0.00332 -0.04242 0.14813 0.15412 0.96139 1.085 0.280 1256.941 0.03395
-0.00332 -0.04246 0.14824 0.15423 0.96253 0.849 0.257 1256.971 0.03397
-0.00332 -0.04249 0.14835 0.15435 0.96366 0.771 0.249 1257.001 0.03400
-0.00333 -0.04252 0.14846 0.15446 0.96480 1.227 0.290 1257.031 0.03402
-0.00333 -0.04255 0.14857 0.15457 0.96593 0.762 0.248 1257.060 0.03405
-0.00333 -0.04258 0.14867 0.15469 0.96707 1.031 0.276 1257.090 0.03407
-0.00333 -0.04261 0.14878 0.15480 0.96820 1.107 0.283 1257.120 0.03410
-0.00334 -0.04265 0.14889 0.15492 0.96934 0.880 0.256 1257.150 0.03412
-0.00334 -0.04268 0.14900 0.15503 0.97047 1.230 0.293 1257.180 0.03415
-0.00334 -0.04271 0.14911 0.15515 0.97161 0.931 0.265 1257.210 0.03417
-0.00334 -0.04274 0.14922 0.15526 0.97274 1.315 0.300 1257.240 0.03419
-0.00335 -0.04277 0.14933 0.15537 0.97388 0.896 0.261 1257.270 0.03422
-0.00335 -0.04280 0.14944 0.15549 0.97501 0.936 0.265 1257.300 0.03424
-0.00335 -0.04283 0.14955 0.15560 0.97615 1.329 0.300 1257.329 0.03427
-0.00335 -0.04287 0.14966 0.15572 0.97728 1.334 0.300 1257.359 0.03429
-0.00336 -0.04290 0.14977 0.15583 0.97842 0.736 0.245 1257.389 0.03432
-0.00336 -0.04293 0.14988 0.15595 0.97955 1.207 0.290 1257.419 0.03434
-0.00336 -0.04296 0.14999 0.15606 0.98069 0.948 0.269 1257.449 0.03437
-0.00336 -0.04299 0.15010 0.15618 0.98183 1.276 0.297 1257.479 0.03439
-0.00337 -0.04302 0.15021 0.15629 0.98296 1.408 0.306 1257.509 0.03442
-0.00337 -0.04305 0.15032 0.15640 0.98410 1.329 0.300 1257.539 0.03444
-0.00337 -0.04309 0.15043 0.15652 0.98523 1.131 0.283 1257.568 0.03447
-0.00337 -0.04312 0.15054 0.15663 0.98637 1.051 0.276 1257.598 0.03449
-0.00338 -0.04315 0.15065 0.15675 0.98750 1.051 0.276 1257.628 0.03451
-0.00338 -0.04318 0.15076 0.15686 0.98864 0.658 0.236 1257.658 0.03454
-0.00338 -0.04321 0.15087 0.15698 0.98978 0.855 0.257 1257.688 0.03456
-0.00338 -0.04324 0.15098 0.15709 0.99091 0.973 0.269 1257.718 0.03459
-0.00339 -0.04328 0.15109 0.15721 0.99205 0.974 0.268 1257.748 0.03461
-0.00339 -0.04331 0.15120 0.15732 0.99318 0.738 0.244 1257.778 0.03464
-0.00339 -0.04334 0.15131 0.15743 0.99432 1.053 0.276 1257.807 0.03466
-0.00339 -0.04337 0.15142 0.15755 0.99546 0.974 0.269 1257.837 0.03469
-0.00340 -0.04340 0.15153 0.15766 0.99659 0.935 0.265 1257.867 0.03471
-0.00340 -0.04343 0.15164 0.15778 0.99773 1.528 0.315 1257.897 0.03474
-0.00340 -0.04346 0.15175 0.15789 0.99886 1.211 0.290 1257.927 0.03476
-0.00340 -0.04350 0.15186 0.15801 1.00000 1.329 0.300 1257.957 0.03478
