x y z dist_scaled dist_frac flux_norm sig_norm wavelength redshift
-0.01956 -0.00546 0.05353 0.05726 0.00000 1.135 0.186 1231.245 0.01281
-0.01960 -0.00547 0.05364 0.05737 0.00110 1.076 0.182 1231.275 0.01284
-0.01964 -0.00549 0.05374 0.05748 0.00220 0.861 0.167 1231.305 0.01286
-0.01967 -0.00550 0.05385 0.05759 0.00330 0.976 0.176 1231.335 0.01289
-0.01971 -0.00551 0.05395 0.05770 0.00440 1.131 0.186 1231.365 0.01291
-0.01975 -0.00552 0.05405 0.05781 0.00550 0.937 0.173 1231.395 0.01293
-0.01979 -0.00553 0.05416 0.05792 0.00661 1.170 0.188 1231.425 0.01296
-0.01983 -0.00554 0.05426 0.05803 0.00771 0.685 0.154 1231.454 0.01298
-0.01986 -0.00555 0.05436 0.05814 0.00881 1.150 0.187 1231.484 0.01301
-0.01990 -0.00556 0.05447 0.05826 0.00991 1.207 0.191 1231.514 0.01303
-0.01994 -0.00557 0.05457 0.05837 0.01101 1.072 0.182 1231.544 0.01306
-0.01998 -0.00558 0.05467 0.05848 0.01211 1.033 0.179 1231.574 0.01308
-0.02002 -0.00559 0.05478 0.05859 0.01321 1.072 0.182 1231.604 0.01311
-0.02005 -0.00560 0.05488 0.05870 0.01431 0.783 0.161 1231.634 0.01313
-0.02009 -0.00561 0.05499 0.05881 0.01541 1.091 0.183 1231.664 0.01316
-0.02013 -0.00562 0.05509 0.05892 0.01652 0.858 0.167 1231.693 0.01318
-0.02017 -0.00563 0.05519 0.05903 0.01762 1.301 0.196 1231.723 0.01321
-0.02020 -0.00564 0.05530 0.05914 0.01872 0.973 0.175 1231.753 0.01323
-0.02024 -0.00565 0.05540 0.05925 0.01982 1.032 0.179 1231.783 0.01325
-0.02028 -0.00567 0.05550 0.05936 0.02092 0.955 0.173 1231.813 0.01328
-0.02032 -0.00568 0.05561 0.05948 0.02202 1.069 0.181 1231.843 0.01330
-0.02036 -0.00569 0.05571 0.05959 0.02312 0.972 0.175 1231.873 0.01333
-0.02039 -0.00570 0.05582 0.05970 0.02423 1.030 0.178 1231.903 0.01335
-0.02043 -0.00571 0.05592 0.05981 0.02533 0.799 0.162 1231.932 0.01338
-0.02047 -0.00572 0.05602 0.05992 0.02643 1.222 0.191 1231.962 0.01340
-0.02051 -0.00573 0.05613 0.06003 0.02753 1.086 0.182 1231.992 0.01343
-0.02055 -0.00574 0.05623 0.06014 0.02863 0.875 0.168 1232.022 0.01345
-0.02058 -0.00575 0.05634 0.06025 0.02973 1.166 0.187 1232.052 0.01348
-0.02062 -0.00576 0.05644 0.06036 0.03084 1.085 0.182 1232.082 0.01350
-0.02066 -0.00577 0.05654 0.06047 0.03194 0.910 0.170 1232.112 0.01352
-0.02070 -0.00578 0.05665 0.06059 0.03304 0.834 0.164 1232.142 0.01355
-0.02074 -0.00579 0.05675 0.06070 0.03414 0.875 0.167 1232.171 0.01357
-0.02077 -0.00580 0.05685 0.06081 0.03524 1.027 0.178 1232.201 0.01360
-0.02081 -0.00581 0.05696 0.06092 0.03635 1.027 0.178 1232.231 0.01362
-0.02085 -0.00582 0.05706 0.06103 0.03745 1.104 0.183 1232.261 0.01365
-0.02089 -0.00583 0.05717 0.06114 0.03855 1.028 0.178 1232.291 0.01367
-0.02093 -0.00585 0.05727 0.06125 0.03965 1.025 0.178 1232.321 0.01370
-0.02096 -0.00586 0.05737 0.06136 0.04075 1.142 0.185 1232.351 0.01372
-0.02100 -0.00587 0.05748 0.06147 0.04186 0.970 0.174 1232.381 0.01375
-0.02104 -0.00588 0.05758 0.06159 0.04296 0.930 0.171 1232.411 0.01377
-0.02108 -0.00589 0.05768 0.06170 0.04406 0.835 0.164 1232.440 0.01380
-0.02111 -0.00590 0.05779 0.06181 0.04516 1.238 0.191 1232.470 0.01382
-0.02115 -0.00591 0.05789 0.06192 0.04627 0.835 0.164 1232.500 0.01384
-0.02119 -0.00592 0.05800 0.06203 0.04737 0.681 0.152 1232.530 0.01387
-0.02123 -0.00593 0.05810 0.06214 0.04847 0.853 0.165 1232.560 0.01389
-0.02127 -0.00594 0.05820 0.06225 0.04957 0.910 0.169 1232.590 0.01392
-0.02130 -0.00595 0.05831 0.06236 0.05068 0.795 0.161 1232.620 0.01394
-0.02134 -0.00596 0.05841 0.06247 0.05178 1.006 0.176 1232.650 0.01397
-0.02138 -0.00597 0.05852 0.06258 0.05288 0.814 0.162 1232.679 0.01399
-0.02142 -0.00598 0.05862 0.06270 0.05398 1.121 0.183 1232.709 0.01402
-0.02146 -0.00599 0.05872 0.06281 0.05509 0.889 0.168 1232.739 0.01404
-0.02149 -0.00600 0.05883 0.06292 0.05619 1.006 0.176 1232.769 0.01407
-0.02153 -0.00602 0.05893 0.06303 0.05729 0.775 0.159 1232.799 0.01409
-0.02157 -0.00603 0.05903 0.06314 0.05840 1.023 0.177 1232.829 0.01411
-0.02161 -0.00604 0.05914 0.06325 0.05950 0.908 0.169 1232.859 0.01414
-0.02165 -0.00605 0.05924 0.06336 0.06060 1.120 0.183 1232.889 0.01416
-0.02168 -0.00606 0.05935 0.06347 0.06170 0.716 0.155 1232.918 0.01419
-0.02172 -0.00607 0.05945 0.06358 0.06281 1.004 0.175 1232.948 0.01421
-0.02176 -0.00608 0.05955 0.06370 0.06391 0.794 0.160 1232.978 0.01424
-0.02180 -0.00609 0.05966 0.06381 0.06501 1.022 0.177 1233.008 0.01426
-0.02184 -0.00610 0.05976 0.06392 0.06612 1.194 0.188 1233.038 0.01429
-0.02187 -0.00611 0.05987 0.06403 0.06722 0.945 0.171 1233.068 0.01431
-0.02191 -0.00612 0.05997 0.06414 0.06832 0.734 0.156 1233.098 0.01434
-0.02195 -0.00613 0.06007 0.06425 0.06943 1.155 0.185 1233.128 0.01436
-0.02199 -0.00614 0.06018 0.06436 0.07053 0.868 0.166 1233.157 0.01439
-0.02203 -0.00615 0.06028 0.06447 0.07163 0.918 0.169 1233.187 0.01441
-0.02206 -0.00616 0.06039 0.06459 0.07274 0.885 0.166 1233.217 0.01443
-0.02210 -0.00617 0.06049 0.06470 0.07384 0.979 0.172 1233.247 0.01446
-0.02214 -0.00618 0.06059 0.06481 0.07494 0.906 0.167 1233.277 0.01448
-0.02218 -0.00620 0.06070 0.06492 0.07605 0.835 0.161 1233.307 0.01451
-0.02222 -0.00621 0.06080 0.06503 0.07715 0.868 0.164 1233.337 0.01453
-0.02225 -0.00622 0.06091 0.06514 0.07825 1.082 0.180 1233.367 0.01456
-0.02229 -0.00623 0.06101 0.06525 0.07936 1.167 0.185 1233.397 0.01458
-0.02233 -0.00624 0.06111 0.06536 0.08046 0.780 0.160 1233.426 0.01461
-0.02237 -0.00625 0.06122 0.06547 0.08156 1.044 0.176 1233.456 0.01463
-0.02241 -0.00626 0.06132 0.06559 0.08267 1.048 0.177 1233.486 0.01466
-0.02244 -0.00627 0.06143 0.06570 0.08377 1.308 0.193 1233.516 0.01468
-0.02248 -0.00628 0.06153 0.06581 0.08488 0.932 0.168 1233.546 0.01470
-0.02252 -0.00629 0.06163 0.06592 0.08598 0.715 0.154 1233.576 0.01473
-0.02256 -0.00630 0.06174 0.06603 0.08708 0.754 0.157 1233.606 0.01475
-0.02260 -0.00631 0.06184 0.06614 0.08819 0.948 0.171 1233.636 0.01478
-0.02263 -0.00632 0.06195 0.06625 0.08929 0.565 0.139 1233.665 0.01480
-0.02267 -0.00633 0.06205 0.06636 0.09040 0.834 0.162 1233.695 0.01483
-0.02271 -0.00634 0.06215 0.06648 0.09150 1.007 0.174 1233.725 0.01485
-0.02275 -0.00635 0.06226 0.06659 0.09260 1.034 0.177 1233.755 0.01488
-0.02279 -0.00637 0.06236 0.06670 0.09371 1.205 0.188 1233.785 0.01490
-0.02282 -0.00638 0.06247 0.06681 0.09481 0.994 0.174 1233.815 0.01493
-0.02286 -0.00639 0.06257 0.06692 0.09592 0.898 0.168 1233.845 0.01495
-0.02290 -0.00640 0.06267 0.06703 0.09702 0.823 0.162 1233.875 0.01497
-0.02294 -0.00641 0.06278 0.06714 0.09813 0.824 0.162 1233.904 0.01500
-0.02298 -0.00642 0.06288 0.06725 0.09923 0.957 0.172 1233.934 0.01502
-0.02301 -0.00643 0.06299 0.06737 0.10033 1.111 0.181 1233.964 0.01505
-0.02305 -0.00644 0.06309 0.06748 0.10144 1.033 0.177 1233.994 0.01507
-0.02309 -0.00645 0.06319 0.06759 0.10254 1.223 0.189 1234.024 0.01510
-0.02313 -0.00646 0.06330 0.06770 0.10365 0.880 0.166 1234.054 0.01512
-0.02317 -0.00647 0.06340 0.06781 0.10475 0.728 0.155 1234.084 0.01515
-0.02320 -0.00648 0.06351 0.06792 0.10586 0.823 0.162 1234.114 0.01517
-0.02324 -0.00649 0.06361 0.06803 0.10696 1.110 0.182 1234.143 0.01520
-0.02328 -0.00650 0.06371 0.06814 0.10807 1.014 0.175 1234.173 0.01522
-0.02332 -0.00651 0.06382 0.06826 0.10917 0.862 0.165 1234.203 0.01525
-0.02336 -0.00652 0.06392 0.06837 0.11028 1.297 0.193 1234.233 0.01527
-0.02339 -0.00654 0.06403 0.06848 0.11138 1.070 0.179 1234.263 0.01529
-0.02343 -0.00655 0.06413 0.06859 0.11248 0.995 0.174 1234.293 0.01532
-0.02347 -0.00656 0.06423 0.06870 0.11359 1.088 0.180 1234.323 0.01534
-0.02351 -0.00657 0.06434 0.06881 0.11469 0.900 0.167 1234.353 0.01537
-0.02355 -0.00658 0.06444 0.06892 0.11580 0.956 0.171 1234.383 0.01539
-0.02358 -0.00659 0.06455 0.06904 0.11690 0.825 0.161 1234.412 0.01542
-0.02362 -0.00660 0.06465 0.06915 0.11801 0.899 0.167 1234.442 0.01544
-0.02366 -0.00661 0.06475 0.06926 0.11911 1.241 0.189 1234.472 0.01547
-0.02370 -0.00662 0.06486 0.06937 0.12022 0.956 0.171 1234.502 0.01549
-0.02374 -0.00663 0.06496 0.06948 0.12132 1.050 0.177 1234.532 0.01552
-0.02377 -0.00664 0.06507 0.06959 0.12243 0.918 0.168 1234.562 0.01554
-0.02381 -0.00665 0.06517 0.06970 0.12354 0.878 0.166 1234.592 0.01556
-0.02385 -0.00666 0.06528 0.06981 0.12464 0.857 0.164 1234.622 0.01559
-0.02389 -0.00667 0.06538 0.06993 0.12575 0.935 0.169 1234.651 0.01561
-0.02393 -0.00668 0.06548 0.07004 0.12685 0.860 0.164 1234.681 0.01564
-0.02396 -0.00669 0.06559 0.07015 0.12796 1.101 0.215 1234.711 0.01566
-0.02400 -0.00671 0.06569 0.07026 0.12906 1.052 0.211 1234.741 0.01569
-0.02404 -0.00672 0.06580 0.07037 0.13017 0.873 0.221 1234.771 0.01571
-0.02408 -0.00673 0.06590 0.07048 0.13127 0.897 0.256 1234.801 0.01574
-0.02412 -0.00674 0.06600 0.07059 0.13238 0.897 0.256 1234.831 0.01576
-0.02415 -0.00675 0.06611 0.07071 0.13348 0.897 0.256 1234.861 0.01579
-0.02419 -0.00676 0.06621 0.07082 0.13459 0.973 0.263 1234.890 0.01581
-0.02423 -0.00677 0.06632 0.07093 0.13570 1.123 0.277 1234.920 0.01584
-0.02427 -0.00678 0.06642 0.07104 0.13680 0.897 0.256 1234.950 0.01586
-0.02431 -0.00679 0.06652 0.07115 0.13791 1.047 0.270 1234.980 0.01588
-0.02435 -0.00680 0.06663 0.07126 0.13901 1.273 0.290 1235.010 0.01591
-0.02438 -0.00681 0.06673 0.07137 0.14012 1.047 0.269 1235.040 0.01593
-0.02442 -0.00682 0.06684 0.07149 0.14122 1.160 0.280 1235.070 0.01596
-0.02446 -0.00683 0.06694 0.07160 0.14233 1.574 0.313 1235.100 0.01598
-0.02450 -0.00684 0.06705 0.07171 0.14344 0.707 0.236 1235.129 0.01601
-0.02454 -0.00685 0.06715 0.07182 0.14454 1.423 0.302 1235.159 0.01603
-0.02457 -0.00686 0.06725 0.07193 0.14565 1.348 0.296 1235.189 0.01606
-0.02461 -0.00688 0.06736 0.07204 0.14675 0.869 0.195 1235.219 0.01608
-0.02465 -0.00689 0.06746 0.07215 0.14786 0.919 0.200 1235.249 0.01611
-0.02469 -0.00690 0.06757 0.07227 0.14897 1.379 0.211 1235.279 0.01613
-0.02473 -0.00691 0.06767 0.07238 0.15007 1.030 0.175 1235.309 0.01615
-0.02476 -0.00692 0.06777 0.07249 0.15118 0.954 0.170 1235.339 0.01618
-0.02480 -0.00693 0.06788 0.07260 0.15228 0.839 0.162 1235.369 0.01620
-0.02484 -0.00694 0.06798 0.07271 0.15339 0.896 0.166 1235.398 0.01623
-0.02488 -0.00695 0.06809 0.07282 0.15450 0.971 0.171 1235.428 0.01625
-0.02492 -0.00696 0.06819 0.07293 0.15560 0.896 0.166 1235.458 0.01628
-0.02495 -0.00697 0.06830 0.07305 0.15671 1.143 0.183 1235.488 0.01630
-0.02499 -0.00698 0.06840 0.07316 0.15782 0.954 0.170 1235.518 0.01633
-0.02503 -0.00699 0.06850 0.07327 0.15892 0.914 0.167 1235.548 0.01635
-0.02507 -0.00700 0.06861 0.07338 0.16003 0.725 0.154 1235.578 0.01638
-0.02511 -0.00701 0.06871 0.07349 0.16114 0.858 0.163 1235.608 0.01640
-0.02514 -0.00702 0.06882 0.07360 0.16224 1.102 0.180 1235.637 0.01643
-0.02518 -0.00703 0.06892 0.07371 0.16335 1.046 0.176 1235.667 0.01645
-0.02522 -0.00705 0.06903 0.07383 0.16446 1.065 0.177 1235.697 0.01647
-0.02526 -0.00706 0.06913 0.07394 0.16556 1.046 0.176 1235.727 0.01650
-0.02530 -0.00707 0.06923 0.07405 0.16667 0.877 0.165 1235.757 0.01652
-0.02534 -0.00708 0.06934 0.07416 0.16778 1.047 0.176 1235.787 0.01655
-0.02537 -0.00709 0.06944 0.07427 0.16888 1.044 0.176 1235.817 0.01657
-0.02541 -0.00710 0.06955 0.07438 0.16999 1.291 0.191 1235.847 0.01660
-0.02545 -0.00711 0.06965 0.07450 0.17110 0.967 0.171 1235.876 0.01662
-0.02549 -0.00712 0.06976 0.07461 0.17220 1.082 0.179 1235.906 0.01665
-0.02553 -0.00713 0.06986 0.07472 0.17331 1.081 0.179 1235.936 0.01667
-0.02556 -0.00714 0.06996 0.07483 0.17442 0.949 0.170 1235.966 0.01670
-0.02560 -0.00715 0.07007 0.07494 0.17553 0.837 0.161 1235.996 0.01672
-0.02564 -0.00716 0.07017 0.07505 0.17663 0.892 0.166 1236.026 0.01674
-0.02568 -0.00717 0.07028 0.07516 0.17774 1.063 0.177 1236.056 0.01677
-0.02572 -0.00718 0.07038 0.07528 0.17885 1.155 0.183 1236.086 0.01679
-0.02575 -0.00719 0.07049 0.07539 0.17995 1.025 0.175 1236.115 0.01682
-0.02579 -0.00721 0.07059 0.07550 0.18106 1.007 0.174 1236.145 0.01684
-0.02583 -0.00722 0.07069 0.07561 0.18217 0.781 0.157 1236.175 0.01687
-0.02587 -0.00723 0.07080 0.07572 0.18328 1.065 0.177 1236.205 0.01689
-0.02591 -0.00724 0.07090 0.07583 0.18438 1.026 0.175 1236.235 0.01692
-0.02594 -0.00725 0.07101 0.07595 0.18549 1.082 0.178 1236.265 0.01694
-0.02598 -0.00726 0.07111 0.07606 0.18660 0.969 0.171 1236.295 0.01697
-0.02602 -0.00727 0.07122 0.07617 0.18771 1.063 0.177 1236.325 0.01699
-0.02606 -0.00728 0.07132 0.07628 0.18881 1.082 0.178 1236.355 0.01701
-0.02610 -0.00729 0.07142 0.07639 0.18992 0.989 0.172 1236.384 0.01704
-0.02614 -0.00730 0.07153 0.07650 0.19103 0.933 0.168 1236.414 0.01706
-0.02617 -0.00731 0.07163 0.07661 0.19214 1.026 0.175 1236.444 0.01709
-0.02621 -0.00732 0.07174 0.07673 0.19324 0.989 0.172 1236.474 0.01711
-0.02625 -0.00733 0.07184 0.07684 0.19435 1.289 0.191 1236.504 0.01714
-0.02629 -0.00734 0.07195 0.07695 0.19546 1.270 0.190 1236.534 0.01716
-0.02633 -0.00735 0.07205 0.07706 0.19657 1.064 0.177 1236.564 0.01719
-0.02636 -0.00736 0.07215 0.07717 0.19768 0.743 0.154 1236.594 0.01721
-0.02640 -0.00738 0.07226 0.07728 0.19878 1.100 0.179 1236.623 0.01724
-0.02644 -0.00739 0.07236 0.07740 0.19989 0.988 0.172 1236.653 0.01726
-0.02648 -0.00740 0.07247 0.07751 0.20100 0.744 0.154 1236.683 0.01729
-0.02652 -0.00741 0.07257 0.07762 0.20211 0.763 0.155 1236.713 0.01731
-0.02655 -0.00742 0.07268 0.07773 0.20322 0.819 0.160 1236.743 0.01733
-0.02659 -0.00743 0.07278 0.07784 0.20432 1.099 0.179 1236.773 0.01736
-0.02663 -0.00744 0.07289 0.07795 0.20543 1.026 0.174 1236.803 0.01738
-0.02667 -0.00745 0.07299 0.07807 0.20654 1.082 0.178 1236.833 0.01741
-0.02671 -0.00746 0.07309 0.07818 0.20765 1.140 0.181 1236.862 0.01743
-0.02675 -0.00747 0.07320 0.07829 0.20876 1.064 0.176 1236.892 0.01746
-0.02678 -0.00748 0.07330 0.07840 0.20987 0.854 0.163 1236.922 0.01748
-0.02682 -0.00749 0.07341 0.07851 0.21097 1.270 0.190 1236.952 0.01751
-0.02686 -0.00750 0.07351 0.07862 0.21208 0.951 0.169 1236.982 0.01753
-0.02690 -0.00751 0.07362 0.07874 0.21319 1.042 0.175 1237.012 0.01756
-0.02694 -0.00752 0.07372 0.07885 0.21430 1.026 0.174 1237.042 0.01758
-0.02697 -0.00754 0.07383 0.07896 0.21541 0.800 0.158 1237.072 0.01760
-0.02701 -0.00755 0.07393 0.07907 0.21652 1.005 0.173 1237.101 0.01763
-0.02705 -0.00756 0.07403 0.07918 0.21762 0.781 0.157 1237.131 0.01765
-0.02709 -0.00757 0.07414 0.07929 0.21873 0.967 0.170 1237.161 0.01768
-0.02713 -0.00758 0.07424 0.07941 0.21984 0.912 0.166 1237.191 0.01770
-0.02717 -0.00759 0.07435 0.07952 0.22095 1.099 0.179 1237.221 0.01773
-0.02720 -0.00760 0.07445 0.07963 0.22206 0.911 0.166 1237.251 0.01775
-0.02724 -0.00761 0.07456 0.07974 0.22317 0.836 0.161 1237.281 0.01778
-0.02728 -0.00762 0.07466 0.07985 0.22428 1.024 0.174 1237.311 0.01780
-0.02732 -0.00763 0.07477 0.07996 0.22539 1.097 0.179 1237.341 0.01783
-0.02736 -0.00764 0.07487 0.08008 0.22650 1.021 0.174 1237.370 0.01785
-0.02739 -0.00765 0.07497 0.08019 0.22760 0.910 0.166 1237.400 0.01788
-0.02743 -0.00766 0.07508 0.08030 0.22871 0.929 0.167 1237.430 0.01790
-0.02747 -0.00767 0.07518 0.08041 0.22982 1.024 0.174 1237.460 0.01792
-0.02751 -0.00768 0.07529 0.08052 0.23093 0.741 0.154 1237.490 0.01795
-0.02755 -0.00770 0.07539 0.08064 0.23204 1.154 0.182 1237.520 0.01797
-0.02759 -0.00771 0.07550 0.08075 0.23315 0.874 0.163 1237.550 0.01800
-0.02762 -0.00772 0.07560 0.08086 0.23426 0.836 0.160 1237.580 0.01802
-0.02766 -0.00773 0.07571 0.08097 0.23537 1.151 0.182 1237.609 0.01805
-0.02770 -0.00774 0.07581 0.08108 0.23648 0.784 0.167 1237.639 0.01807
-0.02774 -0.00775 0.07591 0.08119 0.23759 1.077 0.190 1237.669 0.01810
-0.02778 -0.00776 0.07602 0.08131 0.23870 0.945 0.169 1237.699 0.01812
-0.02781 -0.00777 0.07612 0.08142 0.23981 1.060 0.176 1237.729 0.01815
-0.02785 -0.00778 0.07623 0.08153 0.24092 0.833 0.161 1237.759 0.01817
-0.02789 -0.00779 0.07633 0.08164 0.24202 1.000 0.172 1237.789 0.01819
-0.02793 -0.00780 0.07644 0.08175 0.24313 1.038 0.175 1237.819 0.01822
-0.02797 -0.00781 0.07654 0.08186 0.24424 1.171 0.183 1237.848 0.01824
-0.02801 -0.00782 0.07665 0.08198 0.24535 1.076 0.177 1237.878 0.01827
-0.02804 -0.00783 0.07675 0.08209 0.24646 0.929 0.167 1237.908 0.01829
-0.02808 -0.00784 0.07686 0.08220 0.24757 1.169 0.183 1237.938 0.01832
-0.02812 -0.00786 0.07696 0.08231 0.24868 1.059 0.176 1237.968 0.01834
-0.02816 -0.00787 0.07706 0.08242 0.24979 1.019 0.174 1237.998 0.01837
-0.02820 -0.00788 0.07717 0.08254 0.25090 0.926 0.167 1238.028 0.01839
-0.02823 -0.00789 0.07727 0.08265 0.25201 1.245 0.188 1238.058 0.01842
-0.02827 -0.00790 0.07738 0.08276 0.25312 1.171 0.183 1238.087 0.01844
-0.02831 -0.00791 0.07748 0.08287 0.25423 1.001 0.172 1238.117 0.01847
-0.02835 -0.00792 0.07759 0.08298 0.25534 1.057 0.176 1238.147 0.01849
-0.02839 -0.00793 0.07769 0.08309 0.25645 0.814 0.159 1238.177 0.01851
-0.02843 -0.00794 0.07780 0.08321 0.25756 0.869 0.163 1238.207 0.01854
-0.02846 -0.00795 0.07790 0.08332 0.25867 0.981 0.171 1238.237 0.01856
-0.02850 -0.00796 0.07801 0.08343 0.25978 1.094 0.178 1238.267 0.01859
-0.02854 -0.00797 0.07811 0.08354 0.26089 0.813 0.159 1238.297 0.01861
-0.02858 -0.00798 0.07821 0.08365 0.26200 0.980 0.171 1238.327 0.01864
-0.02862 -0.00799 0.07832 0.08377 0.26311 0.777 0.156 1238.356 0.01866
-0.02865 -0.00800 0.07842 0.08388 0.26422 0.833 0.160 1238.386 0.01869
-0.02869 -0.00802 0.07853 0.08399 0.26533 0.797 0.158 1238.416 0.01871
-0.02873 -0.00803 0.07863 0.08410 0.26644 0.906 0.165 1238.446 0.01874
-0.02877 -0.00804 0.07874 0.08421 0.26755 0.794 0.158 1238.476 0.01876
-0.02881 -0.00805 0.07884 0.08432 0.26866 0.778 0.156 1238.506 0.01878
-0.02885 -0.00806 0.07895 0.08444 0.26978 0.797 0.158 1238.536 0.01881
-0.02888 -0.00807 0.07905 0.08455 0.27089 0.796 0.157 1238.566 0.01883
-0.02892 -0.00808 0.07916 0.08466 0.27200 0.778 0.156 1238.595 0.01886
-0.02896 -0.00809 0.07926 0.08477 0.27311 0.945 0.168 1238.625 0.01888
-0.02900 -0.00810 0.07937 0.08488 0.27422 0.833 0.160 1238.655 0.01891
-0.02904 -0.00811 0.07947 0.08500 0.27533 0.796 0.157 1238.685 0.01893
-0.02908 -0.00812 0.07957 0.08511 0.27644 0.721 0.152 1238.715 0.01896
-0.02911 -0.00813 0.07968 0.08522 0.27755 0.836 0.160 1238.745 0.01898
-0.02915 -0.00814 0.07978 0.08533 0.27866 1.115 0.179 1238.775 0.01901
-0.02919 -0.00815 0.07989 0.08544 0.27977 1.076 0.177 1238.805 0.01903
-0.02923 -0.00816 0.07999 0.08556 0.28088 0.947 0.168 1238.834 0.01905
-0.02927 -0.00818 0.08010 0.08567 0.28199 1.170 0.183 1238.864 0.01908
-0.02930 -0.00819 0.08020 0.08578 0.28310 0.833 0.160 1238.894 0.01910
-0.02934 -0.00820 0.08031 0.08589 0.28422 0.871 0.163 1238.924 0.01913
-0.02938 -0.00821 0.08041 0.08600 0.28533 0.890 0.164 1238.954 0.01915
-0.02942 -0.00822 0.08052 0.08612 0.28644 0.983 0.170 1238.984 0.01918
-0.02946 -0.00823 0.08062 0.08623 0.28755 0.928 0.167 1239.014 0.01920
-0.02950 -0.00824 0.08073 0.08634 0.28866 0.889 0.164 1239.044 0.01923
-0.02953 -0.00825 0.08083 0.08645 0.28977 0.944 0.168 1239.073 0.01925
-0.02957 -0.00826 0.08093 0.08656 0.29088 0.845 0.161 1239.103 0.01928
-0.02961 -0.00827 0.08104 0.08668 0.29199 1.006 0.172 1239.133 0.01930
-0.02965 -0.00828 0.08114 0.08679 0.29310 1.129 0.180 1239.163 0.01933
-0.02969 -0.00829 0.08125 0.08690 0.29422 1.124 0.179 1239.193 0.01935
-0.02973 -0.00830 0.08135 0.08701 0.29533 0.944 0.166 1239.223 0.01937
-0.02976 -0.00831 0.08146 0.08712 0.29644 0.856 0.161 1239.253 0.01940
-0.02980 -0.00833 0.08156 0.08724 0.29755 1.045 0.174 1239.283 0.01942
-0.02984 -0.00834 0.08167 0.08735 0.29866 0.937 0.166 1239.313 0.01945
-0.02988 -0.00835 0.08177 0.08746 0.29977 0.811 0.158 1239.342 0.01947
-0.02992 -0.00836 0.08188 0.08757 0.30089 0.732 0.153 1239.372 0.01950
-0.02995 -0.00837 0.08198 0.08768 0.30200 0.665 0.147 1239.402 0.01952
-0.02999 -0.00838 0.08209 0.08780 0.30311 0.965 0.168 1239.432 0.01955
-0.03003 -0.00839 0.08219 0.08791 0.30422 0.893 0.164 1239.462 0.01957
-0.03007 -0.00840 0.08230 0.08802 0.30533 0.873 0.162 1239.492 0.01960
-0.03011 -0.00841 0.08240 0.08813 0.30644 0.831 0.158 1239.522 0.01962
-0.03015 -0.00842 0.08251 0.08824 0.30756 1.075 0.176 1239.552 0.01964
-0.03018 -0.00843 0.08261 0.08836 0.30867 1.017 0.173 1239.581 0.01967
-0.03022 -0.00844 0.08271 0.08847 0.30978 1.183 0.183 1239.611 0.01969
-0.03026 -0.00845 0.08282 0.08858 0.31089 0.812 0.158 1239.641 0.01972
-0.03030 -0.00846 0.08292 0.08869 0.31200 1.017 0.173 1239.671 0.01974
-0.03034 -0.00847 0.08303 0.08880 0.31312 1.203 0.185 1239.701 0.01977
-0.03038 -0.00849 0.08313 0.08892 0.31423 0.999 0.171 1239.731 0.01979
-0.03041 -0.00850 0.08324 0.08903 0.31534 0.979 0.169 1239.761 0.01982
-0.03045 -0.00851 0.08334 0.08914 0.31645 0.997 0.171 1239.791 0.01984
-0.03049 -0.00852 0.08345 0.08925 0.31756 0.921 0.166 1239.820 0.01987
-0.03053 -0.00853 0.08355 0.08936 0.31868 0.808 0.158 1239.850 0.01989
-0.03057 -0.00854 0.08366 0.08948 0.31979 0.941 0.168 1239.880 0.01992
-0.03061 -0.00855 0.08376 0.08959 0.32090 1.013 0.173 1239.910 0.01994
-0.03064 -0.00856 0.08387 0.08970 0.32201 1.055 0.175 1239.940 0.01996
-0.03068 -0.00857 0.08397 0.08981 0.32313 1.146 0.181 1239.970 0.01999
-0.03072 -0.00858 0.08408 0.08992 0.32424 1.051 0.175 1240.000 0.02001
-0.03076 -0.00859 0.08418 0.09004 0.32535 0.902 0.165 1240.030 0.02004
-0.03080 -0.00860 0.08429 0.09015 0.32646 0.980 0.170 1240.059 0.02006
-0.03084 -0.00861 0.08439 0.09026 0.32758 1.069 0.176 1240.089 0.02009
-0.03087 -0.00862 0.08450 0.09037 0.32869 1.034 0.174 1240.119 0.02011
-0.03091 -0.00864 0.08460 0.09048 0.32980 1.164 0.182 1240.149 0.02014
-0.03095 -0.00865 0.08471 0.09060 0.33091 0.959 0.169 1240.179 0.02016
-0.03099 -0.00866 0.08481 0.09071 0.33203 0.978 0.170 1240.209 0.02019
-0.03103 -0.00867 0.08492 0.09082 0.33314 0.792 0.157 1240.239 0.02021
-0.03107 -0.00868 0.08502 0.09093 0.33425 0.587 0.141 1240.269 0.02023
-0.03110 -0.00869 0.08513 0.09105 0.33537 0.587 0.140 1240.299 0.02026
-0.03114 -0.00870 0.08523 0.09116 0.33648 0.588 0.141 1240.328 0.02028
-0.03118 -0.00871 0.08533 0.09127 0.33759 0.625 0.144 1240.358 0.02031
-0.03122 -0.00872 0.08544 0.09138 0.33870 0.867 0.162 1240.388 0.02033
-0.03126 -0.00873 0.08554 0.09149 0.33982 0.923 0.166 1240.418 0.02036
-0.03129 -0.00874 0.08565 0.09161 0.34093 0.774 0.155 1240.448 0.02038
-0.03133 -0.00875 0.08575 0.09172 0.34204 0.757 0.154 1240.478 0.02041
-0.03137 -0.00876 0.08586 0.09183 0.34316 0.886 0.163 1240.508 0.02043
-0.03141 -0.00877 0.08596 0.09194 0.34427 0.961 0.168 1240.538 0.02046
-0.03145 -0.00879 0.08607 0.09205 0.34538 0.978 0.170 1240.567 0.02048
-0.03149 -0.00880 0.08617 0.09217 0.34650 0.885 0.163 1240.597 0.02050
-0.03152 -0.00881 0.08628 0.09228 0.34761 0.865 0.162 1240.627 0.02053
-0.03156 -0.00882 0.08638 0.09239 0.34872 0.845 0.161 1240.657 0.02055
-0.03160 -0.00883 0.08649 0.09250 0.34984 1.014 0.172 1240.687 0.02058
-0.03164 -0.00884 0.08659 0.09262 0.35095 0.696 0.150 1240.717 0.02060
-0.03168 -0.00885 0.08670 0.09273 0.35206 1.089 0.177 1240.747 0.02063
-0.03172 -0.00886 0.08680 0.09284 0.35318 0.920 0.166 1240.777 0.02065
-0.03175 -0.00887 0.08691 0.09295 0.35429 0.977 0.170 1240.806 0.02068
-0.03179 -0.00888 0.08701 0.09306 0.35540 1.090 0.177 1240.836 0.02070
-0.03183 -0.00889 0.08712 0.09318 0.35652 0.901 0.165 1240.866 0.02073
-0.03187 -0.00890 0.08722 0.09329 0.35763 1.258 0.175 1240.896 0.02075
-0.03191 -0.00891 0.08733 0.09340 0.35874 1.015 0.172 1240.926 0.02078
-0.03195 -0.00892 0.08743 0.09351 0.35986 0.847 0.161 1240.956 0.02080
-0.03198 -0.00893 0.08754 0.09362 0.36097 0.940 0.167 1240.986 0.02082
-0.03202 -0.00895 0.08764 0.09374 0.36209 0.866 0.162 1241.016 0.02085
-0.03206 -0.00896 0.08775 0.09385 0.36320 1.108 0.178 1241.045 0.02087
-0.03210 -0.00897 0.08785 0.09396 0.36431 1.124 0.179 1241.075 0.02090
-0.03214 -0.00898 0.08796 0.09407 0.36543 0.995 0.171 1241.105 0.02092
-0.03218 -0.00899 0.08806 0.09419 0.36654 0.901 0.165 1241.135 0.02095
-0.03221 -0.00900 0.08817 0.09430 0.36766 1.089 0.177 1241.165 0.02097
-0.03225 -0.00901 0.08827 0.09441 0.36877 0.902 0.165 1241.195 0.02100
-0.03229 -0.00902 0.08838 0.09452 0.36988 1.347 0.193 1241.225 0.02102
-0.03233 -0.00903 0.08848 0.09463 0.37100 0.829 0.159 1241.255 0.02105
-0.03237 -0.00904 0.08859 0.09475 0.37211 0.773 0.155 1241.285 0.02107
-0.03241 -0.00905 0.08869 0.09486 0.37323 1.031 0.173 1241.314 0.02109
-0.03244 -0.00906 0.08880 0.09497 0.37434 0.977 0.170 1241.344 0.02112
-0.03248 -0.00907 0.08890 0.09508 0.37545 0.884 0.163 1241.374 0.02114
-0.03252 -0.00908 0.08901 0.09520 0.37657 0.903 0.164 1241.404 0.02117
-0.03256 -0.00910 0.08911 0.09531 0.37768 0.810 0.158 1241.434 0.02119
-0.03260 -0.00911 0.08922 0.09542 0.37880 0.975 0.170 1241.464 0.02122
-0.03264 -0.00912 0.08932 0.09553 0.37991 0.978 0.170 1241.494 0.02124
-0.03267 -0.00913 0.08943 0.09565 0.38103 1.036 0.173 1241.524 0.02127
-0.03271 -0.00914 0.08953 0.09576 0.38214 0.978 0.170 1241.553 0.02129
-0.03275 -0.00915 0.08964 0.09587 0.38326 1.108 0.178 1241.583 0.02132
-0.03279 -0.00916 0.08974 0.09598 0.38437 0.942 0.166 1241.613 0.02134
-0.03283 -0.00917 0.08985 0.09609 0.38549 0.926 0.167 1241.643 0.02137
-0.03287 -0.00918 0.08995 0.09621 0.38660 0.998 0.171 1241.673 0.02139
-0.03291 -0.00919 0.09006 0.09632 0.38771 1.119 0.178 1241.703 0.02141
-0.03294 -0.00920 0.09016 0.09643 0.38883 0.879 0.162 1241.733 0.02144
-0.03298 -0.00921 0.09027 0.09654 0.38994 1.015 0.171 1241.763 0.02146
-0.03302 -0.00922 0.09037 0.09666 0.39106 1.225 0.173 1241.792 0.02149
-0.03306 -0.00923 0.09048 0.09677 0.39217 0.985 0.170 1241.822 0.02151
-0.03310 -0.00925 0.09058 0.09688 0.39329 0.904 0.164 1241.852 0.02154
-0.03314 -0.00926 0.09069 0.09699 0.39440 1.066 0.174 1241.882 0.02156
-0.03317 -0.00927 0.09079 0.09711 0.39552 0.989 0.171 1241.912 0.02159
-0.03321 -0.00928 0.09090 0.09722 0.39663 0.955 0.168 1241.942 0.02161
-0.03325 -0.00929 0.09100 0.09733 0.39775 0.814 0.158 1241.972 0.02164
-0.03329 -0.00930 0.09111 0.09744 0.39886 1.273 0.188 1242.002 0.02166
-0.03333 -0.00931 0.09121 0.09755 0.39998 0.925 0.166 1242.031 0.02168
-0.03337 -0.00932 0.09132 0.09767 0.40109 1.086 0.177 1242.061 0.02171
-0.03340 -0.00933 0.09142 0.09778 0.40221 1.308 0.189 1242.091 0.02173
-0.03344 -0.00934 0.09153 0.09789 0.40332 0.903 0.163 1242.121 0.02176
-0.03348 -0.00935 0.09163 0.09800 0.40444 0.793 0.156 1242.151 0.02178
-0.03352 -0.00936 0.09174 0.09812 0.40556 0.925 0.166 1242.181 0.02181
-0.03356 -0.00937 0.09184 0.09823 0.40667 0.867 0.162 1242.211 0.02183
-0.03360 -0.00939 0.09195 0.09834 0.40779 0.941 0.167 1242.241 0.02186
-0.03363 -0.00940 0.09205 0.09845 0.40890 1.014 0.172 1242.271 0.02188
-0.03367 -0.00941 0.09216 0.09857 0.41002 1.013 0.172 1242.300 0.02191
-0.03371 -0.00942 0.09226 0.09868 0.41113 1.221 0.172 1242.330 0.02193
-0.03375 -0.00943 0.09237 0.09879 0.41225 1.147 0.180 1242.360 0.02196
-0.03379 -0.00944 0.09247 0.09890 0.41336 0.922 0.166 1242.390 0.02198
-0.03383 -0.00945 0.09258 0.09902 0.41448 0.829 0.159 1242.420 0.02200
-0.03386 -0.00946 0.09268 0.09913 0.41560 1.052 0.174 1242.450 0.02203
-0.03390 -0.00947 0.09279 0.09924 0.41671 0.753 0.153 1242.480 0.02205
-0.03394 -0.00948 0.09289 0.09935 0.41783 0.883 0.163 1242.510 0.02208
-0.03398 -0.00949 0.09300 0.09947 0.41894 0.978 0.169 1242.539 0.02210
-0.03402 -0.00950 0.09310 0.09958 0.42006 1.143 0.180 1242.569 0.02213
-0.03406 -0.00951 0.09321 0.09969 0.42117 0.941 0.167 1242.599 0.02215
-0.03410 -0.00952 0.09331 0.09980 0.42229 0.793 0.156 1242.629 0.02218
-0.03413 -0.00954 0.09342 0.09992 0.42341 1.050 0.174 1242.659 0.02220
-0.03417 -0.00955 0.09352 0.10003 0.42452 0.772 0.155 1242.689 0.02223
-0.03421 -0.00956 0.09363 0.10014 0.42564 1.162 0.181 1242.719 0.02225
-0.03425 -0.00957 0.09373 0.10025 0.42675 0.827 0.159 1242.749 0.02227
-0.03429 -0.00958 0.09384 0.10036 0.42787 1.145 0.180 1242.778 0.02230
-0.03433 -0.00959 0.09394 0.10048 0.42899 1.162 0.181 1242.808 0.02232
-0.03436 -0.00960 0.09405 0.10059 0.43010 0.867 0.161 1242.838 0.02235
-0.03440 -0.00961 0.09415 0.10070 0.43122 1.203 0.184 1242.868 0.02237
-0.03444 -0.00962 0.09426 0.10081 0.43234 1.087 0.176 1242.898 0.02240
-0.03448 -0.00963 0.09436 0.10093 0.43345 1.107 0.178 1242.928 0.02242
-0.03452 -0.00964 0.09447 0.10104 0.43457 1.197 0.183 1242.958 0.02245
-0.03456 -0.00965 0.09458 0.10115 0.43569 1.313 0.178 1242.988 0.02247
-0.03459 -0.00966 0.09468 0.10126 0.43680 1.143 0.180 1243.017 0.02250
-0.03463 -0.00967 0.09479 0.10138 0.43792 0.957 0.168 1243.047 0.02252
-0.03467 -0.00969 0.09489 0.10149 0.43903 1.161 0.181 1243.077 0.02254
-0.03471 -0.00970 0.09500 0.10160 0.44015 0.938 0.167 1243.107 0.02257
-0.03475 -0.00971 0.09510 0.10171 0.44127 0.771 0.154 1243.137 0.02259
-0.03479 -0.00972 0.09521 0.10183 0.44238 1.069 0.175 1243.167 0.02262
-0.03483 -0.00973 0.09531 0.10194 0.44350 1.087 0.176 1243.197 0.02264
-0.03486 -0.00974 0.09542 0.10205 0.44462 0.936 0.166 1243.227 0.02267
-0.03490 -0.00975 0.09552 0.10216 0.44574 0.902 0.164 1243.257 0.02269
-0.03494 -0.00976 0.09563 0.10228 0.44685 0.995 0.170 1243.286 0.02272
-0.03498 -0.00977 0.09573 0.10239 0.44797 1.087 0.176 1243.316 0.02274
-0.03502 -0.00978 0.09584 0.10250 0.44909 1.049 0.174 1243.346 0.02277
-0.03506 -0.00979 0.09594 0.10261 0.45020 1.069 0.175 1243.376 0.02279
-0.03509 -0.00980 0.09605 0.10273 0.45132 0.770 0.155 1243.406 0.02282
-0.03513 -0.00981 0.09615 0.10284 0.45244 1.066 0.175 1243.436 0.02284
-0.03517 -0.00983 0.09626 0.10295 0.45355 0.807 0.157 1243.466 0.02286
-0.03521 -0.00984 0.09636 0.10307 0.45467 1.105 0.177 1243.496 0.02289
-0.03525 -0.00985 0.09647 0.10318 0.45579 1.105 0.177 1243.525 0.02291
-0.03529 -0.00986 0.09657 0.10329 0.45691 0.880 0.162 1243.555 0.02294
-0.03533 -0.00987 0.09668 0.10340 0.45802 0.862 0.161 1243.585 0.02296
-0.03536 -0.00988 0.09678 0.10352 0.45914 0.843 0.160 1243.615 0.02299
-0.03540 -0.00989 0.09689 0.10363 0.46026 1.179 0.182 1243.645 0.02301
-0.03544 -0.00990 0.09700 0.10374 0.46137 1.012 0.171 1243.675 0.02304
-0.03548 -0.00991 0.09710 0.10385 0.46249 1.233 0.185 1243.705 0.02306
-0.03552 -0.00992 0.09721 0.10397 0.46361 0.771 0.154 1243.735 0.02309
-0.03556 -0.00993 0.09731 0.10408 0.46473 0.974 0.169 1243.764 0.02311
-0.03559 -0.00994 0.09742 0.10419 0.46584 0.807 0.157 1243.794 0.02313
-0.03563 -0.00995 0.09752 0.10430 0.46696 0.939 0.166 1243.824 0.02316
-0.03567 -0.00996 0.09763 0.10442 0.46808 1.253 0.187 1243.854 0.02318
-0.03571 -0.00998 0.09773 0.10453 0.46920 0.959 0.168 1243.884 0.02321
-0.03575 -0.00999 0.09784 0.10464 0.47031 1.273 0.175 1243.914 0.02323
-0.03579 -0.01000 0.09794 0.10475 0.47143 1.200 0.171 1243.944 0.02326
-0.03583 -0.01001 0.09805 0.10487 0.47255 1.028 0.173 1243.974 0.02328
-0.03586 -0.01002 0.09815 0.10498 0.47367 1.050 0.174 1244.003 0.02331
-0.03590 -0.01003 0.09826 0.10509 0.47479 1.031 0.173 1244.033 0.02333
-0.03594 -0.01004 0.09836 0.10520 0.47590 0.937 0.166 1244.063 0.02336
-0.03598 -0.01005 0.09847 0.10532 0.47702 0.788 0.156 1244.093 0.02338
-0.03602 -0.01006 0.09857 0.10543 0.47814 1.235 0.185 1244.123 0.02341
-0.03606 -0.01007 0.09868 0.10554 0.47926 1.121 0.179 1244.153 0.02343
-0.03609 -0.01008 0.09878 0.10565 0.48038 0.936 0.166 1244.183 0.02345
-0.03613 -0.01009 0.09889 0.10577 0.48149 0.898 0.164 1244.213 0.02348
-0.03617 -0.01010 0.09900 0.10588 0.48261 0.917 0.165 1244.243 0.02350
-0.03621 -0.01012 0.09910 0.10599 0.48373 1.383 0.194 1244.272 0.02353
-0.03625 -0.01013 0.09921 0.10611 0.48485 1.048 0.173 1244.302 0.02355
-0.03629 -0.01014 0.09931 0.10622 0.48597 1.029 0.172 1244.332 0.02358
-0.03633 -0.01015 0.09942 0.10633 0.48708 1.401 0.195 1244.362 0.02360
-0.03636 -0.01016 0.09952 0.10644 0.48820 1.069 0.175 1244.392 0.02363
-0.03640 -0.01017 0.09963 0.10656 0.48932 1.124 0.178 1244.422 0.02365
-0.03644 -0.01018 0.09973 0.10667 0.49044 0.993 0.170 1244.452 0.02368
-0.03648 -0.01019 0.09984 0.10678 0.49156 0.976 0.169 1244.482 0.02370
-0.03652 -0.01020 0.09994 0.10689 0.49268 0.807 0.157 1244.511 0.02372
-0.03656 -0.01021 0.10005 0.10701 0.49379 0.824 0.158 1244.541 0.02375
-0.03659 -0.01022 0.10015 0.10712 0.49491 1.177 0.182 1244.571 0.02377
-0.03663 -0.01023 0.10026 0.10723 0.49603 0.939 0.166 1244.601 0.02380
-0.03667 -0.01024 0.10037 0.10734 0.49715 0.772 0.154 1244.631 0.02382
-0.03671 -0.01025 0.10047 0.10746 0.49827 1.180 0.169 1244.661 0.02385
-0.03675 -0.01027 0.10058 0.10757 0.49939 0.882 0.162 1244.691 0.02387
-0.03679 -0.01028 0.10068 0.10768 0.50051 0.733 0.151 1244.721 0.02390
-0.03683 -0.01029 0.10079 0.10780 0.50163 1.048 0.173 1244.750 0.02392
-0.03686 -0.01030 0.10089 0.10791 0.50274 0.937 0.166 1244.780 0.02395
-0.03690 -0.01031 0.10100 0.10802 0.50386 1.105 0.177 1244.810 0.02397
-0.03694 -0.01032 0.10110 0.10813 0.50498 1.048 0.173 1244.840 0.02400
-0.03698 -0.01033 0.10121 0.10825 0.50610 0.917 0.165 1244.870 0.02402
-0.03702 -0.01034 0.10131 0.10836 0.50722 1.214 0.184 1244.900 0.02404
-0.03706 -0.01035 0.10142 0.10847 0.50834 1.082 0.176 1244.930 0.02407
-0.03710 -0.01036 0.10152 0.10858 0.50946 0.843 0.159 1244.960 0.02409
-0.03713 -0.01037 0.10163 0.10870 0.51058 1.101 0.177 1244.989 0.02412
-0.03717 -0.01038 0.10174 0.10881 0.51170 1.027 0.172 1245.019 0.02414
-0.03721 -0.01039 0.10184 0.10892 0.51282 0.990 0.170 1245.049 0.02417
-0.03725 -0.01041 0.10195 0.10904 0.51393 1.008 0.171 1245.079 0.02419
-0.03729 -0.01042 0.10205 0.10915 0.51505 1.194 0.183 1245.109 0.02422
-0.03733 -0.01043 0.10216 0.10926 0.51617 1.178 0.169 1245.139 0.02424
-0.03737 -0.01044 0.10226 0.10937 0.51729 1.083 0.175 1245.169 0.02427
-0.03740 -0.01045 0.10237 0.10949 0.51841 1.046 0.173 1245.199 0.02429
-0.03744 -0.01046 0.10247 0.10960 0.51953 0.841 0.159 1245.229 0.02431
-0.03748 -0.01047 0.10258 0.10971 0.52065 1.121 0.178 1245.258 0.02434
-0.03752 -0.01048 0.10268 0.10983 0.52177 1.192 0.183 1245.288 0.02436
-0.03756 -0.01049 0.10279 0.10994 0.52289 1.472 0.199 1245.318 0.02439
-0.03760 -0.01050 0.10290 0.11005 0.52401 1.340 0.191 1245.348 0.02441
-0.03763 -0.01051 0.10300 0.11016 0.52513 0.989 0.170 1245.378 0.02444
-0.03767 -0.01052 0.10311 0.11028 0.52625 0.970 0.168 1245.408 0.02446
-0.03771 -0.01053 0.10321 0.11039 0.52737 1.045 0.173 1245.438 0.02449
-0.03775 -0.01055 0.10332 0.11050 0.52849 0.804 0.157 1245.468 0.02451
-0.03779 -0.01056 0.10342 0.11061 0.52961 0.859 0.161 1245.497 0.02454
-0.03783 -0.01057 0.10353 0.11073 0.53073 1.009 0.171 1245.527 0.02456
-0.03787 -0.01058 0.10363 0.11084 0.53185 1.083 0.176 1245.557 0.02458
-0.03790 -0.01059 0.10374 0.11095 0.53297 1.026 0.172 1245.587 0.02461
-0.03794 -0.01060 0.10384 0.11107 0.53409 1.098 0.177 1245.617 0.02463
-0.03798 -0.01061 0.10395 0.11118 0.53521 0.970 0.168 1245.647 0.02466
-0.03802 -0.01062 0.10406 0.11129 0.53633 1.046 0.173 1245.677 0.02468
-0.03806 -0.01063 0.10416 0.11140 0.53745 1.042 0.173 1245.707 0.02471
-0.03810 -0.01064 0.10427 0.11152 0.53857 0.969 0.168 1245.736 0.02473
-0.03814 -0.01065 0.10437 0.11163 0.53969 1.134 0.179 1245.766 0.02476
-0.03817 -0.01066 0.10448 0.11174 0.54081 0.968 0.168 1245.796 0.02478
-0.03821 -0.01067 0.10458 0.11186 0.54193 0.914 0.164 1245.826 0.02481
-0.03825 -0.01069 0.10469 0.11197 0.54305 1.063 0.174 1245.856 0.02483
-0.03829 -0.01070 0.10479 0.11208 0.54417 1.046 0.173 1245.886 0.02486
-0.03833 -0.01071 0.10490 0.11219 0.54529 0.858 0.160 1245.916 0.02488
-0.03837 -0.01072 0.10501 0.11231 0.54641 0.748 0.152 1245.946 0.02490
-0.03841 -0.01073 0.10511 0.11242 0.54753 1.118 0.178 1245.975 0.02493
-0.03844 -0.01074 0.10522 0.11253 0.54865 0.971 0.168 1246.005 0.02495
-0.03848 -0.01075 0.10532 0.11265 0.54977 0.971 0.168 1246.035 0.02498
-0.03852 -0.01076 0.10543 0.11276 0.55089 0.988 0.169 1246.065 0.02500
-0.03856 -0.01077 0.10553 0.11287 0.55201 0.989 0.169 1246.095 0.02503
-0.03860 -0.01078 0.10564 0.11299 0.55313 1.027 0.172 1246.125 0.02505
-0.03864 -0.01079 0.10574 0.11310 0.55425 0.990 0.169 1246.155 0.02508
-0.03868 -0.01080 0.10585 0.11321 0.55537 1.080 0.175 1246.185 0.02510
-0.03871 -0.01081 0.10596 0.11332 0.55649 0.934 0.165 1246.215 0.02513
-0.03875 -0.01083 0.10606 0.11344 0.55762 1.117 0.165 1246.244 0.02515
-0.03879 -0.01084 0.10617 0.11355 0.55874 1.044 0.173 1246.274 0.02517
-0.03883 -0.01085 0.10627 0.11366 0.55986 0.839 0.159 1246.304 0.02520
-0.03887 -0.01086 0.10638 0.11378 0.56098 0.709 0.149 1246.334 0.02522
-0.03891 -0.01087 0.10648 0.11389 0.56210 0.933 0.166 1246.364 0.02525
-0.03895 -0.01088 0.10659 0.11400 0.56322 1.022 0.172 1246.394 0.02527
-0.03898 -0.01089 0.10669 0.11411 0.56434 1.301 0.189 1246.424 0.02530
-0.03902 -0.01090 0.10680 0.11423 0.56546 1.060 0.174 1246.454 0.02532
-0.03906 -0.01091 0.10691 0.11434 0.56658 1.171 0.181 1246.483 0.02535
-0.03910 -0.01092 0.10701 0.11445 0.56770 1.060 0.174 1246.513 0.02537
-0.03914 -0.01093 0.10712 0.11457 0.56883 0.840 0.159 1246.543 0.02540
-0.03918 -0.01094 0.10722 0.11468 0.56995 1.024 0.172 1246.573 0.02542
-0.03922 -0.01095 0.10733 0.11479 0.57107 1.229 0.184 1246.603 0.02545
-0.03925 -0.01097 0.10743 0.11490 0.57219 1.321 0.190 1246.633 0.02547
-0.03929 -0.01098 0.10754 0.11502 0.57331 1.175 0.181 1246.663 0.02549
-0.03933 -0.01099 0.10764 0.11513 0.57443 1.007 0.170 1246.693 0.02552
-0.03937 -0.01100 0.10775 0.11524 0.57555 1.155 0.180 1246.722 0.02554
-0.03941 -0.01101 0.10786 0.11536 0.57667 1.025 0.171 1246.752 0.02557
-0.03945 -0.01102 0.10796 0.11547 0.57780 1.211 0.183 1246.782 0.02559
-0.03949 -0.01103 0.10807 0.11558 0.57892 1.005 0.170 1246.812 0.02562
-0.03952 -0.01104 0.10817 0.11570 0.58004 0.860 0.160 1246.842 0.02564
-0.03956 -0.01105 0.10828 0.11581 0.58116 1.265 0.186 1246.872 0.02567
-0.03960 -0.01106 0.10838 0.11592 0.58228 1.115 0.177 1246.902 0.02569
-0.03964 -0.01107 0.10849 0.11603 0.58340 0.819 0.157 1246.932 0.02572
-0.03968 -0.01108 0.10860 0.11615 0.58453 0.988 0.169 1246.961 0.02574
-0.03972 -0.01110 0.10870 0.11626 0.58565 1.061 0.174 1246.991 0.02576
-0.03976 -0.01111 0.10881 0.11637 0.58677 1.211 0.183 1247.021 0.02579
-0.03979 -0.01112 0.10891 0.11649 0.58789 1.007 0.170 1247.051 0.02581
-0.03983 -0.01113 0.10902 0.11660 0.58901 1.080 0.175 1247.081 0.02584
-0.03987 -0.01114 0.10912 0.11671 0.59013 1.060 0.174 1247.111 0.02586
-0.03991 -0.01115 0.10923 0.11683 0.59126 0.803 0.156 1247.141 0.02589
-0.03995 -0.01116 0.10934 0.11694 0.59238 0.971 0.168 1247.171 0.02591
-0.03999 -0.01117 0.10944 0.11705 0.59350 1.209 0.183 1247.201 0.02594
-0.04003 -0.01118 0.10955 0.11717 0.59462 0.932 0.165 1247.230 0.02596
-0.04007 -0.01119 0.10965 0.11728 0.59575 1.542 0.190 1247.260 0.02599
-0.04010 -0.01120 0.10976 0.11739 0.59687 0.876 0.161 1247.290 0.02601
-0.04014 -0.01121 0.10986 0.11750 0.59799 0.895 0.163 1247.320 0.02604
-0.04018 -0.01122 0.10997 0.11762 0.59911 0.619 0.141 1247.350 0.02606
-0.04022 -0.01124 0.11008 0.11773 0.60023 1.063 0.173 1247.380 0.02608
-0.04026 -0.01125 0.11018 0.11784 0.60136 0.912 0.164 1247.410 0.02611
-0.04030 -0.01126 0.11029 0.11796 0.60248 0.997 0.169 1247.440 0.02613
-0.04034 -0.01127 0.11039 0.11807 0.60360 1.158 0.179 1247.469 0.02616
-0.04037 -0.01128 0.11050 0.11818 0.60472 1.119 0.178 1247.499 0.02618
-0.04041 -0.01129 0.11060 0.11830 0.60585 0.852 0.158 1247.529 0.02621
-0.04045 -0.01130 0.11071 0.11841 0.60697 1.200 0.168 1247.559 0.02623
-0.04049 -0.01131 0.11082 0.11852 0.60809 1.172 0.180 1247.589 0.02626
-0.04053 -0.01132 0.11092 0.11864 0.60921 0.894 0.162 1247.619 0.02628
-0.04057 -0.01133 0.11103 0.11875 0.61034 0.980 0.167 1247.649 0.02631
-0.04061 -0.01134 0.11113 0.11886 0.61146 1.182 0.182 1247.679 0.02633
-0.04064 -0.01135 0.11124 0.11897 0.61258 1.041 0.172 1247.708 0.02635
-0.04068 -0.01136 0.11134 0.11909 0.61370 1.067 0.173 1247.738 0.02638
-0.04072 -0.01138 0.11145 0.11920 0.61483 1.116 0.164 1247.768 0.02640
-0.04076 -0.01139 0.11156 0.11931 0.61595 0.989 0.168 1247.798 0.02643
-0.04080 -0.01140 0.11166 0.11943 0.61707 0.924 0.164 1247.828 0.02645
-0.04084 -0.01141 0.11177 0.11954 0.61820 0.945 0.166 1247.858 0.02648
-0.04088 -0.01142 0.11187 0.11965 0.61932 0.951 0.166 1247.888 0.02650
-0.04092 -0.01143 0.11198 0.11977 0.62044 0.952 0.166 1247.918 0.02653
-0.04095 -0.01144 0.11208 0.11988 0.62156 0.946 0.166 1247.947 0.02655
-0.04099 -0.01145 0.11219 0.11999 0.62269 0.985 0.168 1247.977 0.02658
-0.04103 -0.01146 0.11230 0.12011 0.62381 1.131 0.178 1248.007 0.02660
-0.04107 -0.01147 0.11240 0.12022 0.62493 1.243 0.184 1248.037 0.02662
-0.04111 -0.01148 0.11251 0.12033 0.62606 0.983 0.168 1248.067 0.02665
-0.04115 -0.01149 0.11261 0.12045 0.62718 0.799 0.155 1248.097 0.02667
-0.04119 -0.01151 0.11272 0.12056 0.62830 1.058 0.173 1248.127 0.02670
-0.04122 -0.01152 0.11283 0.12067 0.62943 0.911 0.163 1248.157 0.02672
-0.04126 -0.01153 0.11293 0.12078 0.63055 1.022 0.171 1248.187 0.02675
-0.04130 -0.01154 0.11304 0.12090 0.63167 0.908 0.163 1248.216 0.02677
-0.04134 -0.01155 0.11314 0.12101 0.63280 0.873 0.161 1248.246 0.02680
-0.04138 -0.01156 0.11325 0.12112 0.63392 0.946 0.166 1248.276 0.02682
-0.04142 -0.01157 0.11335 0.12124 0.63504 0.891 0.162 1248.306 0.02685
-0.04146 -0.01158 0.11346 0.12135 0.63617 1.054 0.173 1248.336 0.02687
-0.04150 -0.01159 0.11357 0.12146 0.63729 1.146 0.178 1248.366 0.02690
-0.04153 -0.01160 0.11367 0.12158 0.63841 1.071 0.174 1248.396 0.02692
-0.04157 -0.01161 0.11378 0.12169 0.63954 0.831 0.158 1248.426 0.02694
-0.04161 -0.01162 0.11388 0.12180 0.64066 0.628 0.142 1248.455 0.02697
-0.04165 -0.01163 0.11399 0.12192 0.64179 0.884 0.162 1248.485 0.02699
-0.04169 -0.01165 0.11410 0.12203 0.64291 0.666 0.146 1248.515 0.02702
-0.04173 -0.01166 0.11420 0.12214 0.64403 0.574 0.138 1248.545 0.02704
-0.04177 -0.01167 0.11431 0.12226 0.64516 0.684 0.147 1248.575 0.02707
-0.04180 -0.01168 0.11441 0.12237 0.64628 0.481 0.130 1248.605 0.02709
-0.04184 -0.01169 0.11452 0.12248 0.64741 0.316 0.113 1248.635 0.02712
-0.04188 -0.01170 0.11462 0.12260 0.64853 0.187 0.097 1248.665 0.02714
-0.04192 -0.01171 0.11473 0.12271 0.64965 0.132 0.089 1248.694 0.02717
-0.04196 -0.01172 0.11484 0.12282 0.65078 0.094 0.083 1248.724 0.02719
-0.04200 -0.01173 0.11494 0.12294 0.65190 0.022 0.068 1248.754 0.02721
-0.04204 -0.01174 0.11505 0.12305 0.65303 0.058 0.076 1248.784 0.02724
-0.04208 -0.01175 0.11515 0.12316 0.65415 0.021 0.068 1248.814 0.02726
-0.04211 -0.01176 0.11526 0.12328 0.65527 0.096 0.083 1248.844 0.02729
-0.04215 -0.01178 0.11537 0.12339 0.65640 0.058 0.076 1248.874 0.02731
-0.04219 -0.01179 0.11547 0.12350 0.65752 0.021 0.067 1248.904 0.02734
-0.04223 -0.01180 0.11558 0.12362 0.65865 0.040 0.073 1248.933 0.02736
-0.04227 -0.01181 0.11568 0.12373 0.65977 0.041 0.071 1248.963 0.02739
-0.04231 -0.01182 0.11579 0.12384 0.66090 0.262 0.107 1248.993 0.02741
-0.04235 -0.01183 0.11590 0.12396 0.66202 0.280 0.109 1249.023 0.02744
-0.04239 -0.01184 0.11600 0.12407 0.66314 0.353 0.117 1249.053 0.02746
-0.04242 -0.01185 0.11611 0.12418 0.66427 0.591 0.139 1249.083 0.02749
-0.04246 -0.01186 0.11621 0.12430 0.66539 0.647 0.143 1249.113 0.02751
-0.04250 -0.01187 0.11632 0.12441 0.66652 0.865 0.160 1249.143 0.02753
-0.04254 -0.01188 0.11643 0.12452 0.66764 0.811 0.156 1249.173 0.02756
-0.04258 -0.01189 0.11653 0.12464 0.66877 0.848 0.159 1249.202 0.02758
-0.04262 -0.01191 0.11664 0.12475 0.66989 1.015 0.170 1249.232 0.02761
-0.04266 -0.01192 0.11674 0.12486 0.67102 0.555 0.136 1249.262 0.02763
-0.04269 -0.01193 0.11685 0.12498 0.67214 0.995 0.169 1249.292 0.02766
-0.04273 -0.01194 0.11696 0.12509 0.67327 0.959 0.166 1249.322 0.02768
-0.04277 -0.01195 0.11706 0.12520 0.67439 0.888 0.161 1249.352 0.02771
-0.04281 -0.01196 0.11717 0.12532 0.67552 1.108 0.175 1249.382 0.02773
-0.04285 -0.01197 0.11727 0.12543 0.67664 1.218 0.182 1249.412 0.02776
-0.04289 -0.01198 0.11738 0.12554 0.67777 1.198 0.181 1249.441 0.02778
-0.04293 -0.01199 0.11748 0.12566 0.67889 0.908 0.162 1249.471 0.02780
-0.04297 -0.01200 0.11759 0.12577 0.68002 0.927 0.164 1249.501 0.02783
-0.04300 -0.01201 0.11770 0.12588 0.68114 0.905 0.162 1249.531 0.02785
-0.04304 -0.01202 0.11780 0.12600 0.68227 1.145 0.178 1249.561 0.02788
-0.04308 -0.01203 0.11791 0.12611 0.68339 0.778 0.153 1249.591 0.02790
-0.04312 -0.01205 0.11801 0.12622 0.68452 0.687 0.146 1249.621 0.02793
-0.04316 -0.01206 0.11812 0.12634 0.68564 0.815 0.156 1249.651 0.02795
-0.04320 -0.01207 0.11823 0.12645 0.68677 0.997 0.168 1249.680 0.02798
-0.04324 -0.01208 0.11833 0.12656 0.68789 1.142 0.178 1249.710 0.02800
-0.04328 -0.01209 0.11844 0.12668 0.68902 1.033 0.171 1249.740 0.02803
-0.04331 -0.01210 0.11854 0.12679 0.69014 1.161 0.179 1249.770 0.02805
-0.04335 -0.01211 0.11865 0.12690 0.69127 0.868 0.160 1249.800 0.02808
-0.04339 -0.01212 0.11876 0.12702 0.69240 0.995 0.168 1249.830 0.02810
-0.04343 -0.01213 0.11886 0.12713 0.69352 1.090 0.174 1249.860 0.02812
-0.04347 -0.01214 0.11897 0.12724 0.69465 0.905 0.162 1249.890 0.02815
-0.04351 -0.01215 0.11908 0.12736 0.69577 1.257 0.185 1249.919 0.02817
-0.04355 -0.01216 0.11918 0.12747 0.69690 1.082 0.174 1249.949 0.02820
-0.04359 -0.01218 0.11929 0.12758 0.69802 1.291 0.173 1249.979 0.02822
-0.04362 -0.01219 0.11939 0.12770 0.69915 0.896 0.162 1250.009 0.02825
-0.04366 -0.01220 0.11950 0.12781 0.70027 1.074 0.173 1250.039 0.02827
-0.04370 -0.01221 0.11961 0.12792 0.70140 1.338 0.189 1250.069 0.02830
-0.04374 -0.01222 0.11971 0.12804 0.70253 1.169 0.180 1250.099 0.02832
-0.04378 -0.01223 0.11982 0.12815 0.70365 0.937 0.163 1250.129 0.02835
-0.04382 -0.01224 0.11992 0.12826 0.70478 0.799 0.154 1250.158 0.02837
-0.04386 -0.01225 0.12003 0.12838 0.70590 0.958 0.165 1250.188 0.02839
-0.04390 -0.01226 0.12014 0.12849 0.70703 0.950 0.165 1250.218 0.02842
-0.04393 -0.01227 0.12024 0.12860 0.70816 1.151 0.178 1250.248 0.02844
-0.04397 -0.01228 0.12035 0.12872 0.70928 0.977 0.167 1250.278 0.02847
-0.04401 -0.01229 0.12045 0.12883 0.71041 0.793 0.154 1250.308 0.02849
-0.04405 -0.01231 0.12056 0.12894 0.71153 0.824 0.155 1250.338 0.02852
-0.04409 -0.01232 0.12067 0.12906 0.71266 0.894 0.162 1250.368 0.02854
-0.04413 -0.01233 0.12077 0.12917 0.71379 0.790 0.154 1250.398 0.02857
-0.04417 -0.01234 0.12088 0.12928 0.71491 0.911 0.163 1250.427 0.02859
-0.04421 -0.01235 0.12098 0.12940 0.71604 0.619 0.140 1250.457 0.02862
-0.04424 -0.01236 0.12109 0.12951 0.71717 0.574 0.136 1250.487 0.02864
-0.04428 -0.01237 0.12120 0.12962 0.71829 0.542 0.133 1250.517 0.02866
-0.04432 -0.01238 0.12130 0.12974 0.71942 0.391 0.120 1250.547 0.02869
-0.04436 -0.01239 0.12141 0.12985 0.72055 0.810 0.155 1250.577 0.02871
-0.04440 -0.01240 0.12151 0.12997 0.72167 0.754 0.151 1250.607 0.02874
-0.04444 -0.01241 0.12162 0.13008 0.72280 0.701 0.147 1250.637 0.02876
-0.04448 -0.01242 0.12173 0.13019 0.72393 0.899 0.161 1250.666 0.02879
-0.04452 -0.01244 0.12183 0.13031 0.72505 0.681 0.145 1250.696 0.02881
-0.04455 -0.01245 0.12194 0.13042 0.72618 1.084 0.173 1250.726 0.02884
-0.04459 -0.01246 0.12205 0.13053 0.72731 0.811 0.155 1250.756 0.02886
-0.04463 -0.01247 0.12215 0.13065 0.72843 1.064 0.172 1250.786 0.02889
-0.04467 -0.01248 0.12226 0.13076 0.72956 1.248 0.183 1250.816 0.02891
-0.04471 -0.01249 0.12236 0.13087 0.73069 1.192 0.180 1250.846 0.02894
-0.04475 -0.01250 0.12247 0.13099 0.73181 0.956 0.165 1250.876 0.02896
-0.04479 -0.01251 0.12258 0.13110 0.73294 1.026 0.170 1250.905 0.02898
-0.04483 -0.01252 0.12268 0.13121 0.73407 0.937 0.163 1250.935 0.02901
-0.04486 -0.01253 0.12279 0.13133 0.73519 0.883 0.160 1250.965 0.02903
-0.04490 -0.01254 0.12289 0.13144 0.73632 0.902 0.161 1250.995 0.02906
-0.04494 -0.01255 0.12300 0.13155 0.73745 1.028 0.169 1251.025 0.02908
-0.04498 -0.01257 0.12311 0.13167 0.73858 0.845 0.157 1251.055 0.02911
-0.04502 -0.01258 0.12321 0.13178 0.73970 1.283 0.185 1251.085 0.02913
-0.04506 -0.01259 0.12332 0.13190 0.74083 1.082 0.173 1251.115 0.02916
-0.04510 -0.01260 0.12343 0.13201 0.74196 0.881 0.160 1251.144 0.02918
-0.04514 -0.01261 0.12353 0.13212 0.74308 1.245 0.183 1251.174 0.02921
-0.04518 -0.01262 0.12364 0.13224 0.74421 0.807 0.154 1251.204 0.02923
-0.04521 -0.01263 0.12374 0.13235 0.74534 1.189 0.180 1251.234 0.02925
-0.04525 -0.01264 0.12385 0.13246 0.74647 0.917 0.162 1251.264 0.02928
-0.04529 -0.01265 0.12396 0.13258 0.74759 0.870 0.168 1251.294 0.02930
-0.04533 -0.01266 0.12406 0.13269 0.74872 1.029 0.179 1251.324 0.02933
-0.04537 -0.01267 0.12417 0.13280 0.74985 1.063 0.171 1251.354 0.02935
-0.04541 -0.01268 0.12428 0.13292 0.75098 0.862 0.158 1251.384 0.02938
-0.04545 -0.01270 0.12438 0.13303 0.75210 0.917 0.162 1251.413 0.02940
-0.04549 -0.01271 0.12449 0.13315 0.75323 0.990 0.167 1251.443 0.02943
-0.04552 -0.01272 0.12459 0.13326 0.75436 1.064 0.171 1251.473 0.02945
-0.04556 -0.01273 0.12470 0.13337 0.75549 0.791 0.153 1251.503 0.02948
-0.04560 -0.01274 0.12481 0.13349 0.75661 0.881 0.159 1251.533 0.02950
-0.04564 -0.01275 0.12491 0.13360 0.75774 1.025 0.169 1251.563 0.02953
-0.04568 -0.01276 0.12502 0.13371 0.75887 1.154 0.177 1251.593 0.02955
-0.04572 -0.01277 0.12513 0.13383 0.76000 0.901 0.160 1251.623 0.02957
-0.04576 -0.01278 0.12523 0.13394 0.76113 1.244 0.182 1251.652 0.02960
-0.04580 -0.01279 0.12534 0.13405 0.76225 1.373 0.178 1251.682 0.02962
-0.04584 -0.01280 0.12544 0.13417 0.76338 1.316 0.175 1251.712 0.02965
-0.04587 -0.01281 0.12555 0.13428 0.76451 1.062 0.171 1251.742 0.02967
-0.04591 -0.01283 0.12566 0.13439 0.76564 1.117 0.175 1251.772 0.02970
-0.04595 -0.01284 0.12576 0.13451 0.76677 1.115 0.174 1251.802 0.02972
-0.04599 -0.01285 0.12587 0.13462 0.76789 1.063 0.171 1251.832 0.02975
-0.04603 -0.01286 0.12598 0.13474 0.76902 1.045 0.170 1251.862 0.02977
-0.04607 -0.01287 0.12608 0.13485 0.77015 0.919 0.161 1251.891 0.02980
-0.04611 -0.01288 0.12619 0.13496 0.77128 0.918 0.161 1251.921 0.02982
-0.04615 -0.01289 0.12629 0.13508 0.77241 1.043 0.170 1251.951 0.02984
-0.04618 -0.01290 0.12640 0.13519 0.77354 1.079 0.172 1251.981 0.02987
-0.04622 -0.01291 0.12651 0.13530 0.77466 0.952 0.164 1252.011 0.02989
-0.04626 -0.01292 0.12661 0.13542 0.77579 1.062 0.171 1252.041 0.02992
-0.04630 -0.01293 0.12672 0.13553 0.77692 1.150 0.176 1252.071 0.02994
-0.04634 -0.01295 0.12683 0.13565 0.77805 1.276 0.184 1252.101 0.02997
-0.04638 -0.01296 0.12693 0.13576 0.77918 1.224 0.180 1252.130 0.02999
-0.04642 -0.01297 0.12704 0.13587 0.78031 1.059 0.170 1252.160 0.03002
-0.04646 -0.01298 0.12714 0.13599 0.78144 1.093 0.173 1252.190 0.03004
-0.04650 -0.01299 0.12725 0.13610 0.78256 0.878 0.159 1252.220 0.03007
-0.04653 -0.01300 0.12736 0.13621 0.78369 1.131 0.175 1252.250 0.03009
-0.04657 -0.01301 0.12746 0.13633 0.78482 1.220 0.180 1252.280 0.03011
-0.04661 -0.01302 0.12757 0.13644 0.78595 0.894 0.160 1252.310 0.03014
-0.04665 -0.01303 0.12768 0.13656 0.78708 1.311 0.186 1252.340 0.03016
-0.04669 -0.01304 0.12778 0.13667 0.78821 0.984 0.166 1252.370 0.03019
-0.04673 -0.01305 0.12789 0.13678 0.78934 0.949 0.197 1252.399 0.03021
-0.04677 -0.01306 0.12800 0.13690 0.79047 0.930 0.162 1252.429 0.03024
-0.04681 -0.01308 0.12810 0.13701 0.79160 1.055 0.170 1252.459 0.03026
-0.04685 -0.01309 0.12821 0.13712 0.79272 0.785 0.152 1252.489 0.03029
-0.04688 -0.01310 0.12831 0.13724 0.79385 1.201 0.179 1252.519 0.03031
-0.04692 -0.01311 0.12842 0.13735 0.79498 1.056 0.170 1252.549 0.03034
-0.04696 -0.01312 0.12853 0.13747 0.79611 0.859 0.157 1252.579 0.03036
-0.04700 -0.01313 0.12863 0.13758 0.79724 0.730 0.148 1252.609 0.03039
-0.04704 -0.01314 0.12874 0.13769 0.79837 1.200 0.179 1252.638 0.03041
-0.04708 -0.01315 0.12885 0.13781 0.79950 1.289 0.184 1252.668 0.03043
-0.04712 -0.01316 0.12895 0.13792 0.80063 1.038 0.169 1252.698 0.03046
-0.04716 -0.01317 0.12906 0.13803 0.80176 1.181 0.178 1252.728 0.03048
-0.04719 -0.01318 0.12917 0.13815 0.80289 0.930 0.162 1252.758 0.03051
-0.04723 -0.01319 0.12927 0.13826 0.80402 0.929 0.162 1252.788 0.03053
-0.04727 -0.01321 0.12938 0.13838 0.80515 0.875 0.158 1252.818 0.03056
-0.04731 -0.01322 0.12948 0.13849 0.80628 1.163 0.176 1252.848 0.03058
-0.04735 -0.01323 0.12959 0.13860 0.80741 0.927 0.161 1252.877 0.03061
-0.04739 -0.01324 0.12970 0.13872 0.80853 1.144 0.175 1252.907 0.03063
-0.04743 -0.01325 0.12980 0.13883 0.80966 0.818 0.154 1252.937 0.03066
-0.04747 -0.01326 0.12991 0.13894 0.81079 0.745 0.149 1252.967 0.03068
-0.04751 -0.01327 0.13002 0.13906 0.81192 1.125 0.174 1252.997 0.03070
-0.04754 -0.01328 0.13012 0.13917 0.81305 0.944 0.163 1253.027 0.03073
-0.04758 -0.01329 0.13023 0.13929 0.81418 0.944 0.163 1253.057 0.03075
-0.04762 -0.01330 0.13034 0.13940 0.81531 1.105 0.173 1253.087 0.03078
-0.04766 -0.01331 0.13044 0.13951 0.81644 0.946 0.162 1253.116 0.03080
-0.04770 -0.01333 0.13055 0.13963 0.81757 1.033 0.168 1253.146 0.03083
-0.04774 -0.01334 0.13066 0.13974 0.81870 1.034 0.168 1253.176 0.03085
-0.04778 -0.01335 0.13076 0.13986 0.81983 1.016 0.167 1253.206 0.03088
-0.04782 -0.01336 0.13087 0.13997 0.82096 1.177 0.177 1253.236 0.03090
-0.04786 -0.01337 0.13097 0.14008 0.82209 1.194 0.178 1253.266 0.03093
-0.04789 -0.01338 0.13108 0.14020 0.82322 0.873 0.157 1253.296 0.03095
-0.04793 -0.01339 0.13119 0.14031 0.82435 0.728 0.147 1253.326 0.03098
-0.04797 -0.01340 0.13129 0.14042 0.82548 0.908 0.160 1253.356 0.03100
-0.04801 -0.01341 0.13140 0.14054 0.82661 0.979 0.164 1253.385 0.03102
-0.04805 -0.01342 0.13151 0.14065 0.82774 1.068 0.170 1253.415 0.03105
-0.04809 -0.01343 0.13161 0.14077 0.82887 0.906 0.160 1253.445 0.03107
-0.04813 -0.01344 0.13172 0.14088 0.83000 0.763 0.149 1253.475 0.03110
-0.04817 -0.01346 0.13183 0.14099 0.83113 0.995 0.165 1253.505 0.03112
-0.04821 -0.01347 0.13193 0.14111 0.83227 0.905 0.159 1253.535 0.03115
-0.04824 -0.01348 0.13204 0.14122 0.83340 0.744 0.148 1253.565 0.03117
-0.04828 -0.01349 0.13215 0.14134 0.83453 1.066 0.170 1253.595 0.03120
-0.04832 -0.01350 0.13225 0.14145 0.83566 1.050 0.168 1253.624 0.03122
-0.04836 -0.01351 0.13236 0.14156 0.83679 0.654 0.141 1253.654 0.03125
-0.04840 -0.01352 0.13247 0.14168 0.83792 0.492 0.127 1253.684 0.03127
-0.04844 -0.01353 0.13257 0.14179 0.83905 0.331 0.111 1253.714 0.03129
-0.04848 -0.01354 0.13268 0.14190 0.84018 0.403 0.119 1253.744 0.03132
-0.04852 -0.01355 0.13278 0.14202 0.84131 0.422 0.120 1253.774 0.03134
-0.04856 -0.01356 0.13289 0.14213 0.84244 0.689 0.144 1253.804 0.03137
-0.04860 -0.01358 0.13300 0.14225 0.84357 0.867 0.157 1253.834 0.03139
-0.04863 -0.01359 0.13310 0.14236 0.84470 0.671 0.142 1253.863 0.03142
-0.04867 -0.01360 0.13321 0.14247 0.84583 1.012 0.166 1253.893 0.03144
-0.04871 -0.01361 0.13332 0.14259 0.84696 1.191 0.177 1253.923 0.03147
-0.04875 -0.01362 0.13342 0.14270 0.84810 0.921 0.160 1253.953 0.03149
-0.04879 -0.01363 0.13353 0.14282 0.84923 0.955 0.162 1253.983 0.03152
-0.04883 -0.01364 0.13364 0.14293 0.85036 0.813 0.153 1254.013 0.03154
-0.04887 -0.01365 0.13374 0.14304 0.85149 1.096 0.171 1254.043 0.03157
-0.04891 -0.01366 0.13385 0.14316 0.85262 1.007 0.166 1254.073 0.03159
-0.04895 -0.01367 0.13396 0.14327 0.85375 0.899 0.158 1254.102 0.03161
-0.04898 -0.01368 0.13406 0.14339 0.85488 0.881 0.157 1254.132 0.03164
-0.04902 -0.01369 0.13417 0.14350 0.85601 1.149 0.175 1254.162 0.03166
-0.04906 -0.01371 0.13428 0.14361 0.85714 0.793 0.151 1254.192 0.03169
-0.04910 -0.01372 0.13438 0.14373 0.85828 1.150 0.174 1254.222 0.03171
-0.04914 -0.01373 0.13449 0.14384 0.85941 0.899 0.158 1254.252 0.03174
-0.04918 -0.01374 0.13460 0.14396 0.86054 1.077 0.170 1254.282 0.03176
-0.04922 -0.01375 0.13470 0.14407 0.86167 1.042 0.168 1254.312 0.03179
-0.04926 -0.01376 0.13481 0.14418 0.86280 1.128 0.160 1254.342 0.03181
-0.04930 -0.01377 0.13492 0.14430 0.86393 0.862 0.156 1254.371 0.03184
-0.04933 -0.01378 0.13502 0.14441 0.86506 0.825 0.153 1254.401 0.03186
-0.04937 -0.01379 0.13513 0.14453 0.86620 1.021 0.166 1254.431 0.03188
-0.04941 -0.01380 0.13524 0.14464 0.86733 0.914 0.159 1254.461 0.03191
-0.04945 -0.01381 0.13534 0.14475 0.86846 0.860 0.155 1254.491 0.03193
-0.04949 -0.01383 0.13545 0.14487 0.86959 0.931 0.160 1254.521 0.03196
-0.04953 -0.01384 0.13556 0.14498 0.87072 1.233 0.179 1254.551 0.03198
-0.04957 -0.01385 0.13566 0.14510 0.87185 0.948 0.162 1254.581 0.03201
-0.04961 -0.01386 0.13577 0.14521 0.87299 1.038 0.167 1254.610 0.03203
-0.04965 -0.01387 0.13588 0.14532 0.87412 0.785 0.150 1254.640 0.03206
-0.04969 -0.01388 0.13598 0.14544 0.87525 0.893 0.157 1254.670 0.03208
-0.04972 -0.01389 0.13609 0.14555 0.87638 1.072 0.169 1254.700 0.03211
-0.04976 -0.01390 0.13619 0.14567 0.87751 1.160 0.175 1254.730 0.03213
-0.04980 -0.01391 0.13630 0.14578 0.87865 0.699 0.144 1254.760 0.03215
-0.04984 -0.01392 0.13641 0.14589 0.87978 0.981 0.163 1254.790 0.03218
-0.04988 -0.01393 0.13651 0.14601 0.88091 1.106 0.171 1254.820 0.03220
-0.04992 -0.01394 0.13662 0.14612 0.88204 0.875 0.156 1254.849 0.03223
-0.04996 -0.01396 0.13673 0.14624 0.88317 1.264 0.181 1254.879 0.03225
-0.05000 -0.01397 0.13683 0.14635 0.88431 0.821 0.152 1254.909 0.03228
-0.05004 -0.01398 0.13694 0.14646 0.88544 1.211 0.177 1254.939 0.03230
-0.05008 -0.01399 0.13705 0.14658 0.88657 0.946 0.161 1254.969 0.03233
-0.05011 -0.01400 0.13715 0.14669 0.88770 0.963 0.162 1254.999 0.03235
-0.05015 -0.01401 0.13726 0.14681 0.88884 1.123 0.172 1255.029 0.03238
-0.05019 -0.01402 0.13737 0.14692 0.88997 1.049 0.168 1255.059 0.03240
-0.05023 -0.01403 0.13747 0.14704 0.89110 1.051 0.168 1255.088 0.03243
-0.05027 -0.01404 0.13758 0.14715 0.89223 1.141 0.173 1255.118 0.03245
-0.05031 -0.01405 0.13769 0.14726 0.89337 0.944 0.161 1255.148 0.03247
-0.05035 -0.01406 0.13779 0.14738 0.89450 1.069 0.168 1255.178 0.03250
-0.05039 -0.01408 0.13790 0.14749 0.89563 0.911 0.158 1255.208 0.03252
-0.05043 -0.01409 0.13801 0.14761 0.89676 1.104 0.170 1255.238 0.03255
-0.05046 -0.01410 0.13811 0.14772 0.89790 0.734 0.146 1255.268 0.03257
-0.05050 -0.01411 0.13822 0.14783 0.89903 0.768 0.148 1255.298 0.03260
-0.05054 -0.01412 0.13833 0.14795 0.90016 1.016 0.165 1255.328 0.03262
-0.05058 -0.01413 0.13844 0.14806 0.90129 1.139 0.172 1255.357 0.03265
-0.05062 -0.01414 0.13854 0.14818 0.90243 0.947 0.160 1255.387 0.03267
-0.05066 -0.01415 0.13865 0.14829 0.90356 0.996 0.163 1255.417 0.03270
-0.05070 -0.01416 0.13876 0.14840 0.90469 0.855 0.154 1255.447 0.03272
-0.05074 -0.01417 0.13886 0.14852 0.90583 1.225 0.177 1255.477 0.03274
-0.05078 -0.01418 0.13897 0.14863 0.90696 1.118 0.171 1255.507 0.03277
-0.05082 -0.01420 0.13908 0.14875 0.90809 1.029 0.165 1255.537 0.03279
-0.05085 -0.01421 0.13918 0.14886 0.90923 0.923 0.159 1255.567 0.03282
-0.05089 -0.01422 0.13929 0.14898 0.91036 0.855 0.154 1255.596 0.03284
-0.05093 -0.01423 0.13940 0.14909 0.91149 1.028 0.165 1255.626 0.03287
-0.05097 -0.01424 0.13950 0.14920 0.91263 1.100 0.170 1255.656 0.03289
-0.05101 -0.01425 0.13961 0.14932 0.91376 1.114 0.171 1255.686 0.03292
-0.05105 -0.01426 0.13972 0.14943 0.91489 0.921 0.158 1255.716 0.03294
-0.05109 -0.01427 0.13982 0.14955 0.91603 0.781 0.149 1255.746 0.03297
-0.05113 -0.01428 0.13993 0.14966 0.91716 1.080 0.168 1255.776 0.03299
-0.05117 -0.01429 0.14004 0.14977 0.91829 1.184 0.175 1255.806 0.03302
-0.05121 -0.01430 0.14014 0.14989 0.91943 0.736 0.144 1255.835 0.03304
-0.05124 -0.01432 0.14025 0.15000 0.92056 0.970 0.162 1255.865 0.03306
-0.05128 -0.01433 0.14036 0.15012 0.92169 1.049 0.166 1255.895 0.03309
-0.05132 -0.01434 0.14046 0.15023 0.92283 0.937 0.159 1255.925 0.03311
-0.05136 -0.01435 0.14057 0.15035 0.92396 1.048 0.167 1255.955 0.03314
-0.05140 -0.01436 0.14068 0.15046 0.92509 1.191 0.175 1255.985 0.03316
-0.05144 -0.01437 0.14078 0.15057 0.92623 1.058 0.168 1256.015 0.03319
-0.05148 -0.01438 0.14089 0.15069 0.92736 0.997 0.164 1256.045 0.03321
-0.05152 -0.01439 0.14100 0.15080 0.92849 0.912 0.157 1256.074 0.03324
-0.05156 -0.01440 0.14110 0.15092 0.92963 0.958 0.160 1256.104 0.03326
-0.05160 -0.01441 0.14121 0.15103 0.93076 1.055 0.155 1256.134 0.03329
-0.05164 -0.01442 0.14132 0.15115 0.93190 0.816 0.150 1256.164 0.03331
-0.05167 -0.01444 0.14142 0.15126 0.93303 1.087 0.169 1256.194 0.03333
-0.05171 -0.01445 0.14153 0.15137 0.93416 1.129 0.172 1256.224 0.03336
-0.05175 -0.01446 0.14164 0.15149 0.93530 0.921 0.157 1256.254 0.03338
-0.05179 -0.01447 0.14174 0.15160 0.93643 0.768 0.146 1256.284 0.03341
-0.05183 -0.01448 0.14185 0.15172 0.93757 0.993 0.163 1256.314 0.03343
-0.05187 -0.01449 0.14196 0.15183 0.93870 0.900 0.156 1256.343 0.03346
-0.05191 -0.01450 0.14207 0.15195 0.93983 1.191 0.175 1256.373 0.03348
-0.05195 -0.01451 0.14217 0.15206 0.94097 0.914 0.157 1256.403 0.03351
-0.05199 -0.01452 0.14228 0.15217 0.94210 1.190 0.174 1256.433 0.03353
-0.05203 -0.01453 0.14239 0.15229 0.94324 0.982 0.149 1256.463 0.03356
-0.05206 -0.01454 0.14249 0.15240 0.94437 1.016 0.164 1256.493 0.03358
-0.05210 -0.01456 0.14260 0.15252 0.94551 0.845 0.152 1256.523 0.03361
-0.05214 -0.01457 0.14271 0.15263 0.94664 0.861 0.153 1256.553 0.03363
-0.05218 -0.01458 0.14281 0.15275 0.94777 1.155 0.172 1256.582 0.03365
-0.05222 -0.01459 0.14292 0.15286 0.94891 1.275 0.179 1256.612 0.03368
-0.05226 -0.01460 0.14303 0.15297 0.95004 0.666 0.139 1256.642 0.03370
-0.05230 -0.01461 0.14313 0.15309 0.95118 1.153 0.172 1256.672 0.03373
-0.05234 -0.01462 0.14324 0.15320 0.95231 0.999 0.162 1256.702 0.03375
-0.05238 -0.01463 0.14335 0.15332 0.95345 1.014 0.163 1256.732 0.03378
-0.05242 -0.01464 0.14345 0.15343 0.95458 0.964 0.160 1256.762 0.03380
-0.05246 -0.01465 0.14356 0.15355 0.95572 1.137 0.171 1256.792 0.03383
-0.05249 -0.01466 0.14367 0.15366 0.95685 0.789 0.148 1256.821 0.03385
-0.05253 -0.01468 0.14378 0.15377 0.95799 0.943 0.158 1256.851 0.03388
-0.05257 -0.01469 0.14388 0.15389 0.95912 0.857 0.153 1256.881 0.03390
-0.05261 -0.01470 0.14399 0.15400 0.96026 0.978 0.161 1256.911 0.03392
-0.05265 -0.01471 0.14410 0.15412 0.96139 1.030 0.164 1256.941 0.03395
-0.05269 -0.01472 0.14420 0.15423 0.96253 0.959 0.159 1256.971 0.03397
-0.05273 -0.01473 0.14431 0.15435 0.96366 0.822 0.150 1257.001 0.03400
-0.05277 -0.01474 0.14442 0.15446 0.96480 0.960 0.159 1257.031 0.03402
-0.05281 -0.01475 0.14452 0.15457 0.96593 0.803 0.149 1257.060 0.03405
-0.05285 -0.01476 0.14463 0.15469 0.96707 1.079 0.167 1257.090 0.03407
-0.05288 -0.01477 0.14474 0.15480 0.96820 0.837 0.151 1257.120 0.03410
-0.05292 -0.01478 0.14484 0.15492 0.96934 1.043 0.164 1257.150 0.03412
-0.05296 -0.01480 0.14495 0.15503 0.97047 1.026 0.163 1257.180 0.03415
-0.05300 -0.01481 0.14506 0.15515 0.97161 1.043 0.164 1257.210 0.03417
-0.05304 -0.01482 0.14517 0.15526 0.97274 1.097 0.167 1257.240 0.03419
-0.05308 -0.01483 0.14527 0.15537 0.97388 1.182 0.172 1257.270 0.03422
-0.05312 -0.01484 0.14538 0.15549 0.97501 1.009 0.162 1257.300 0.03424
-0.05316 -0.01485 0.14549 0.15560 0.97615 1.198 0.162 1257.329 0.03427
-0.05320 -0.01486 0.14559 0.15572 0.97728 0.957 0.158 1257.359 0.03429
-0.05324 -0.01487 0.14570 0.15583 0.97842 0.941 0.157 1257.389 0.03432
-0.05328 -0.01488 0.14581 0.15595 0.97955 1.199 0.173 1257.419 0.03434
-0.05331 -0.01489 0.14591 0.15606 0.98069 0.906 0.155 1257.449 0.03437
-0.05335 -0.01490 0.14602 0.15618 0.98183 0.817 0.149 1257.479 0.03439
-0.05339 -0.01492 0.14613 0.15629 0.98296 0.971 0.159 1257.509 0.03442
-0.05343 -0.01493 0.14623 0.15640 0.98410 0.784 0.146 1257.539 0.03444
-0.05347 -0.01494 0.14634 0.15652 0.98523 0.884 0.154 1257.568 0.03447
-0.05351 -0.01495 0.14645 0.15663 0.98637 1.041 0.163 1257.598 0.03449
-0.05355 -0.01496 0.14656 0.15675 0.98750 0.867 0.152 1257.628 0.03451
-0.05359 -0.01497 0.14666 0.15686 0.98864 1.072 0.166 1257.658 0.03454
-0.05363 -0.01498 0.14677 0.15698 0.98978 1.089 0.166 1257.688 0.03456
-0.05367 -0.01499 0.14688 0.15709 0.99091 1.107 0.156 1257.718 0.03459
-0.05371 -0.01500 0.14698 0.15721 0.99205 0.969 0.159 1257.748 0.03461
-0.05374 -0.01501 0.14709 0.15732 0.99318 0.985 0.159 1257.778 0.03464
-0.05378 -0.01502 0.14720 0.15743 0.99432 1.106 0.167 1257.807 0.03466
-0.05382 -0.01504 0.14730 0.15755 0.99546 0.985 0.160 1257.837 0.03469
-0.05386 -0.01505 0.14741 0.15766 0.99659 1.225 0.174 1257.867 0.03471
-0.05390 -0.01506 0.14752 0.15778 0.99773 1.003 0.160 1257.897 0.03474
-0.05394 -0.01507 0.14763 0.15789 0.99886 1.138 0.169 1257.927 0.03476
-0.05398 -0.01508 0.14773 0.15801 1.00000 1.137 0.169 1257.957 0.03478
