x y z dist_scaled dist_frac flux_norm sig_norm wavelength redshift
-0.00823 -0.01925 0.05329 0.05726 0.00000 1.114 0.249 1231.245 0.01281
-0.00824 -0.01928 0.05340 0.05737 0.00110 1.201 0.259 1231.275 0.01284
-0.00826 -0.01932 0.05350 0.05748 0.00220 1.176 0.253 1231.305 0.01286
-0.00827 -0.01936 0.05360 0.05759 0.00330 1.365 0.271 1231.335 0.01289
-0.00829 -0.01939 0.05371 0.05770 0.00440 1.040 0.239 1231.365 0.01291
-0.00831 -0.01943 0.05381 0.05781 0.00550 0.911 0.231 1231.395 0.01293
-0.00832 -0.01947 0.05391 0.05792 0.00661 0.814 0.218 1231.425 0.01296
-0.00834 -0.01951 0.05402 0.05803 0.00771 0.622 0.198 1231.454 0.01298
-0.00835 -0.01954 0.05412 0.05814 0.00881 1.132 0.247 1231.484 0.01301
-0.00837 -0.01958 0.05422 0.05826 0.00991 0.812 0.221 1231.514 0.01303
-0.00839 -0.01962 0.05433 0.05837 0.01101 1.094 0.243 1231.544 0.01306
-0.00840 -0.01966 0.05443 0.05848 0.01211 0.904 0.226 1231.574 0.01308
-0.00842 -0.01969 0.05453 0.05859 0.01321 1.091 0.243 1231.604 0.01311
-0.00843 -0.01973 0.05464 0.05870 0.01431 1.155 0.248 1231.634 0.01313
-0.00845 -0.01977 0.05474 0.05881 0.01541 1.185 0.250 1231.664 0.01316
-0.00847 -0.01980 0.05484 0.05892 0.01652 1.244 0.255 1231.693 0.01318
-0.00848 -0.01984 0.05495 0.05903 0.01762 0.958 0.231 1231.723 0.01321
-0.00850 -0.01988 0.05505 0.05914 0.01872 0.989 0.234 1231.753 0.01323
-0.00851 -0.01992 0.05515 0.05925 0.01982 0.861 0.222 1231.783 0.01325
-0.00853 -0.01995 0.05526 0.05936 0.02092 1.175 0.249 1231.813 0.01328
-0.00854 -0.01999 0.05536 0.05948 0.02202 0.860 0.221 1231.843 0.01330
-0.00856 -0.02003 0.05546 0.05959 0.02312 0.705 0.206 1231.873 0.01333
-0.00858 -0.02007 0.05557 0.05970 0.02423 0.890 0.224 1231.903 0.01335
-0.00859 -0.02010 0.05567 0.05981 0.02533 1.111 0.243 1231.932 0.01338
-0.00861 -0.02014 0.05577 0.05992 0.02643 1.454 0.270 1231.962 0.01340
-0.00862 -0.02018 0.05588 0.06003 0.02753 0.951 0.229 1231.992 0.01343
-0.00864 -0.02021 0.05598 0.06014 0.02863 1.042 0.237 1232.022 0.01345
-0.00866 -0.02025 0.05608 0.06025 0.02973 1.116 0.245 1232.052 0.01348
-0.00867 -0.02029 0.05619 0.06036 0.03084 0.913 0.231 1232.082 0.01350
-0.00869 -0.02033 0.05629 0.06047 0.03194 1.125 0.250 1232.112 0.01352
-0.00870 -0.02036 0.05639 0.06059 0.03304 1.075 0.244 1232.142 0.01355
-0.00872 -0.02040 0.05650 0.06070 0.03414 1.201 0.254 1232.171 0.01357
-0.00874 -0.02044 0.05660 0.06081 0.03524 1.205 0.253 1232.201 0.01360
-0.00875 -0.02048 0.05670 0.06092 0.03635 0.971 0.233 1232.231 0.01362
-0.00877 -0.02051 0.05681 0.06103 0.03745 1.022 0.235 1232.261 0.01365
-0.00878 -0.02055 0.05691 0.06114 0.03855 0.721 0.278 1232.291 0.01367
-0.00880 -0.02059 0.05701 0.06125 0.03965 1.142 0.248 1232.321 0.01370
-0.00882 -0.02063 0.05712 0.06136 0.04075 0.721 0.212 1232.351 0.01372
-0.00883 -0.02066 0.05722 0.06147 0.04186 0.849 0.220 1232.381 0.01375
-0.00885 -0.02070 0.05732 0.06159 0.04296 0.882 0.223 1232.411 0.01377
-0.00886 -0.02074 0.05743 0.06170 0.04406 0.927 0.231 1232.440 0.01380
-0.00888 -0.02077 0.05753 0.06181 0.04516 0.954 0.231 1232.470 0.01382
-0.00890 -0.02081 0.05763 0.06192 0.04627 1.148 0.249 1232.500 0.01384
-0.00891 -0.02085 0.05774 0.06203 0.04737 1.272 0.258 1232.530 0.01387
-0.00893 -0.02089 0.05784 0.06214 0.04847 1.042 0.241 1232.560 0.01389
-0.00894 -0.02092 0.05794 0.06225 0.04957 1.219 0.253 1232.590 0.01392
-0.00896 -0.02096 0.05805 0.06236 0.05068 0.816 0.216 1232.620 0.01394
-0.00898 -0.02100 0.05815 0.06247 0.05178 0.818 0.221 1232.650 0.01397
-0.00899 -0.02104 0.05825 0.06258 0.05288 1.035 0.240 1232.679 0.01399
-0.00901 -0.02107 0.05836 0.06270 0.05398 0.973 0.235 1232.709 0.01402
-0.00902 -0.02111 0.05846 0.06281 0.05509 1.035 0.240 1232.739 0.01404
-0.00904 -0.02115 0.05856 0.06292 0.05619 1.218 0.254 1232.769 0.01407
-0.00906 -0.02119 0.05867 0.06303 0.05729 0.943 0.231 1232.799 0.01409
-0.00907 -0.02122 0.05877 0.06314 0.05840 1.399 0.267 1232.829 0.01411
-0.00909 -0.02126 0.05887 0.06325 0.05950 1.152 0.249 1232.859 0.01414
-0.00910 -0.02130 0.05898 0.06336 0.06060 1.118 0.244 1232.889 0.01416
-0.00912 -0.02133 0.05908 0.06347 0.06170 0.874 0.225 1232.918 0.01419
-0.00914 -0.02137 0.05918 0.06358 0.06281 0.964 0.233 1232.948 0.01421
-0.00915 -0.02141 0.05929 0.06370 0.06391 0.964 0.233 1232.978 0.01424
-0.00917 -0.02145 0.05939 0.06381 0.06501 0.994 0.235 1233.008 0.01426
-0.00918 -0.02148 0.05949 0.06392 0.06612 0.871 0.225 1233.038 0.01429
-0.00920 -0.02152 0.05960 0.06403 0.06722 1.083 0.243 1233.068 0.01431
-0.00922 -0.02156 0.05970 0.06414 0.06832 0.931 0.230 1233.098 0.01434
-0.00923 -0.02160 0.05981 0.06425 0.06943 0.960 0.232 1233.128 0.01436
-0.00925 -0.02163 0.05991 0.06436 0.07053 1.080 0.242 1233.157 0.01439
-0.00926 -0.02167 0.06001 0.06447 0.07163 0.684 0.204 1233.187 0.01441
-0.00928 -0.02171 0.06012 0.06459 0.07274 1.049 0.240 1233.217 0.01443
-0.00930 -0.02175 0.06022 0.06470 0.07384 0.896 0.227 1233.247 0.01446
-0.00931 -0.02178 0.06032 0.06481 0.07494 0.683 0.207 1233.277 0.01448
-0.00933 -0.02182 0.06043 0.06492 0.07605 0.865 0.224 1233.307 0.01451
-0.00934 -0.02186 0.06053 0.06503 0.07715 0.894 0.225 1233.337 0.01453
-0.00936 -0.02190 0.06063 0.06514 0.07825 1.224 0.250 1233.367 0.01456
-0.00937 -0.02193 0.06074 0.06525 0.07936 1.160 0.243 1233.397 0.01458
-0.00939 -0.02197 0.06084 0.06536 0.08046 0.948 0.223 1233.426 0.01461
-0.00941 -0.02201 0.06094 0.06547 0.08156 0.919 0.219 1233.456 0.01463
-0.00942 -0.02204 0.06105 0.06559 0.08267 0.676 0.197 1233.486 0.01466
-0.00944 -0.02208 0.06115 0.06570 0.08377 1.004 0.227 1233.516 0.01468
-0.00945 -0.02212 0.06125 0.06581 0.08488 0.974 0.225 1233.546 0.01470
-0.00947 -0.02216 0.06136 0.06592 0.08598 0.764 0.204 1233.576 0.01473
-0.00949 -0.02219 0.06146 0.06603 0.08708 1.302 0.251 1233.606 0.01475
-0.00950 -0.02223 0.06156 0.06614 0.08819 0.671 0.196 1233.636 0.01478
-0.00952 -0.02227 0.06167 0.06625 0.08929 0.791 0.207 1233.665 0.01480
-0.00953 -0.02231 0.06177 0.06636 0.09040 0.879 0.216 1233.695 0.01483
-0.00955 -0.02234 0.06188 0.06648 0.09150 0.551 0.182 1233.725 0.01485
-0.00957 -0.02238 0.06198 0.06659 0.09260 0.879 0.216 1233.755 0.01488
-0.00958 -0.02242 0.06208 0.06670 0.09371 0.610 0.189 1233.785 0.01490
-0.00960 -0.02246 0.06219 0.06681 0.09481 0.850 0.213 1233.815 0.01493
-0.00961 -0.02249 0.06229 0.06692 0.09592 0.937 0.220 1233.845 0.01495
-0.00963 -0.02253 0.06239 0.06703 0.09702 1.116 0.236 1233.875 0.01497
-0.00965 -0.02257 0.06250 0.06714 0.09813 0.758 0.203 1233.904 0.01500
-0.00966 -0.02261 0.06260 0.06725 0.09923 1.146 0.240 1233.934 0.01502
-0.00968 -0.02264 0.06270 0.06737 0.10033 1.146 0.238 1233.964 0.01505
-0.00969 -0.02268 0.06281 0.06748 0.10144 1.116 0.238 1233.994 0.01507
-0.00971 -0.02272 0.06291 0.06759 0.10254 0.935 0.220 1234.024 0.01510
-0.00973 -0.02276 0.06301 0.06770 0.10365 1.171 0.240 1234.054 0.01512
-0.00974 -0.02279 0.06312 0.06781 0.10475 1.023 0.227 1234.084 0.01515
-0.00976 -0.02283 0.06322 0.06792 0.10586 0.843 0.211 1234.114 0.01517
-0.00977 -0.02287 0.06333 0.06803 0.10696 1.020 0.227 1234.143 0.01520
-0.00979 -0.02290 0.06343 0.06814 0.10807 1.168 0.239 1234.173 0.01522
-0.00981 -0.02294 0.06353 0.06826 0.10917 0.929 0.219 1234.203 0.01525
-0.00982 -0.02298 0.06364 0.06837 0.11028 0.929 0.219 1234.233 0.01527
-0.00984 -0.02302 0.06374 0.06848 0.11138 1.077 0.231 1234.263 0.01529
-0.00985 -0.02305 0.06384 0.06859 0.11248 0.987 0.224 1234.293 0.01532
-0.00987 -0.02309 0.06395 0.06870 0.11359 0.867 0.212 1234.323 0.01534
-0.00989 -0.02313 0.06405 0.06881 0.11469 1.280 0.247 1234.353 0.01537
-0.00990 -0.02317 0.06415 0.06892 0.11580 1.015 0.226 1234.383 0.01539
-0.00992 -0.02320 0.06426 0.06904 0.11690 0.750 0.202 1234.412 0.01542
-0.00993 -0.02324 0.06436 0.06915 0.11801 1.105 0.233 1234.442 0.01544
-0.00995 -0.02328 0.06446 0.06926 0.11911 1.016 0.226 1234.472 0.01547
-0.00997 -0.02332 0.06457 0.06937 0.12022 1.046 0.227 1234.502 0.01549
-0.00998 -0.02335 0.06467 0.06948 0.12132 1.043 0.228 1234.532 0.01552
-0.01000 -0.02339 0.06478 0.06959 0.12243 1.041 0.228 1234.562 0.01554
-0.01001 -0.02343 0.06488 0.06970 0.12354 0.778 0.204 1234.592 0.01556
-0.01003 -0.02347 0.06498 0.06981 0.12464 0.923 0.217 1234.622 0.01559
-0.01005 -0.02350 0.06509 0.06993 0.12575 0.865 0.212 1234.651 0.01561
-0.01006 -0.02354 0.06519 0.07004 0.12685 0.864 0.211 1234.681 0.01564
-0.01008 -0.02358 0.06529 0.07015 0.12796 1.125 0.234 1234.711 0.01566
-0.01009 -0.02362 0.06540 0.07026 0.12906 1.124 0.234 1234.741 0.01569
-0.01011 -0.02365 0.06550 0.07037 0.13017 0.919 0.216 1234.771 0.01571
-0.01013 -0.02369 0.06561 0.07048 0.13127 0.919 0.216 1234.801 0.01574
-0.01014 -0.02373 0.06571 0.07059 0.13238 0.860 0.211 1234.831 0.01576
-0.01016 -0.02377 0.06581 0.07071 0.13348 0.656 0.191 1234.861 0.01579
-0.01017 -0.02380 0.06592 0.07082 0.13459 0.773 0.203 1234.890 0.01581
-0.01019 -0.02384 0.06602 0.07093 0.13570 0.684 0.194 1234.920 0.01584
-0.01021 -0.02388 0.06612 0.07104 0.13680 0.713 0.197 1234.950 0.01586
-0.01022 -0.02392 0.06623 0.07115 0.13791 0.888 0.213 1234.980 0.01588
-0.01024 -0.02395 0.06633 0.07126 0.13901 0.860 0.211 1235.010 0.01591
-0.01025 -0.02399 0.06643 0.07137 0.14012 1.063 0.230 1235.040 0.01593
-0.01027 -0.02403 0.06654 0.07149 0.14122 1.093 0.230 1235.070 0.01596
-0.01029 -0.02407 0.06664 0.07160 0.14233 1.091 0.230 1235.100 0.01598
-0.01030 -0.02410 0.06675 0.07171 0.14344 0.769 0.201 1235.129 0.01601
-0.01032 -0.02414 0.06685 0.07182 0.14454 0.943 0.220 1235.159 0.01603
-0.01033 -0.02418 0.06695 0.07193 0.14565 0.972 0.220 1235.189 0.01606
-0.01035 -0.02421 0.06706 0.07204 0.14675 1.436 0.256 1235.219 0.01608
-0.01037 -0.02425 0.06716 0.07215 0.14786 1.029 0.225 1235.249 0.01611
-0.01038 -0.02429 0.06726 0.07227 0.14897 0.827 0.207 1235.279 0.01613
-0.01040 -0.02433 0.06737 0.07238 0.15007 0.972 0.222 1235.309 0.01615
-0.01041 -0.02436 0.06747 0.07249 0.15118 1.059 0.232 1235.339 0.01618
-0.01043 -0.02440 0.06758 0.07260 0.15228 1.173 0.236 1235.369 0.01620
-0.01045 -0.02444 0.06768 0.07271 0.15339 1.402 0.253 1235.398 0.01623
-0.01046 -0.02448 0.06778 0.07282 0.15450 0.792 0.203 1235.428 0.01625
-0.01048 -0.02451 0.06789 0.07293 0.15560 1.282 0.244 1235.458 0.01628
-0.01049 -0.02455 0.06799 0.07305 0.15671 1.251 0.242 1235.488 0.01630
-0.01051 -0.02459 0.06809 0.07316 0.15782 1.310 0.246 1235.518 0.01633
-0.01053 -0.02463 0.06820 0.07327 0.15892 0.851 0.208 1235.548 0.01635
-0.01054 -0.02466 0.06830 0.07338 0.16003 0.969 0.221 1235.578 0.01638
-0.01056 -0.02470 0.06841 0.07349 0.16114 0.944 0.218 1235.608 0.01640
-0.01057 -0.02474 0.06851 0.07360 0.16224 1.115 0.235 1235.637 0.01643
-0.01059 -0.02478 0.06861 0.07371 0.16335 0.991 0.220 1235.667 0.01645
-0.01061 -0.02481 0.06872 0.07383 0.16446 0.902 0.218 1235.697 0.01647
-0.01062 -0.02485 0.06882 0.07394 0.16556 1.063 0.230 1235.727 0.01650
-0.01064 -0.02489 0.06892 0.07405 0.16667 1.140 0.237 1235.757 0.01652
-0.01065 -0.02493 0.06903 0.07416 0.16778 0.934 0.215 1235.787 0.01655
-0.01067 -0.02496 0.06913 0.07427 0.16888 1.341 0.249 1235.817 0.01657
-0.01069 -0.02500 0.06924 0.07438 0.16999 1.067 0.230 1235.847 0.01660
-0.01070 -0.02504 0.06934 0.07450 0.17110 1.433 0.257 1235.876 0.01662
-0.01072 -0.02508 0.06944 0.07461 0.17220 1.015 0.227 1235.906 0.01665
-0.01073 -0.02511 0.06955 0.07472 0.17331 0.859 0.210 1235.936 0.01667
-0.01075 -0.02515 0.06965 0.07483 0.17442 1.464 0.259 1235.966 0.01670
-0.01077 -0.02519 0.06975 0.07494 0.17553 0.827 0.209 1235.996 0.01672
-0.01078 -0.02523 0.06986 0.07505 0.17663 1.084 0.234 1236.026 0.01674
-0.01080 -0.02526 0.06996 0.07516 0.17774 1.046 0.227 1236.056 0.01677
-0.01081 -0.02530 0.07007 0.07528 0.17885 0.989 0.222 1236.086 0.01679
-0.01083 -0.02534 0.07017 0.07539 0.17995 0.989 0.222 1236.115 0.01682
-0.01085 -0.02538 0.07027 0.07550 0.18106 0.677 0.199 1236.145 0.01684
-0.01086 -0.02541 0.07038 0.07561 0.18217 1.018 0.224 1236.175 0.01687
-0.01088 -0.02545 0.07048 0.07572 0.18328 0.989 0.224 1236.205 0.01689
-0.01090 -0.02549 0.07059 0.07583 0.18438 1.104 0.231 1236.235 0.01692
-0.01091 -0.02553 0.07069 0.07595 0.18549 0.902 0.214 1236.265 0.01694
-0.01093 -0.02556 0.07079 0.07606 0.18660 0.673 0.196 1236.295 0.01697
-0.01094 -0.02560 0.07090 0.07617 0.18771 0.900 0.212 1236.325 0.01699
-0.01096 -0.02564 0.07100 0.07628 0.18881 1.042 0.223 1236.355 0.01701
-0.01098 -0.02568 0.07110 0.07639 0.18992 0.699 0.193 1236.384 0.01704
-0.01099 -0.02571 0.07121 0.07650 0.19103 0.642 0.189 1236.414 0.01706
-0.01101 -0.02575 0.07131 0.07661 0.19214 0.900 0.216 1236.444 0.01709
-0.01102 -0.02579 0.07142 0.07673 0.19324 0.275 0.152 1236.474 0.01711
-0.01104 -0.02583 0.07152 0.07684 0.19435 0.502 0.176 1236.504 0.01714
-0.01106 -0.02586 0.07162 0.07695 0.19546 0.245 0.148 1236.534 0.01716
-0.01107 -0.02590 0.07173 0.07706 0.19657 0.471 0.174 1236.564 0.01719
-0.01109 -0.02594 0.07183 0.07717 0.19768 0.384 0.156 1236.594 0.01721
-0.01110 -0.02598 0.07194 0.07728 0.19878 0.725 0.195 1236.623 0.01724
-0.01112 -0.02601 0.07204 0.07740 0.19989 0.527 0.177 1236.653 0.01726
-0.01114 -0.02605 0.07214 0.07751 0.20100 1.179 0.234 1236.683 0.01729
-0.01115 -0.02609 0.07225 0.07762 0.20211 0.951 0.215 1236.713 0.01731
-0.01117 -0.02613 0.07235 0.07773 0.20322 0.980 0.218 1236.743 0.01733
-0.01118 -0.02616 0.07246 0.07784 0.20432 0.980 0.217 1236.773 0.01736
-0.01120 -0.02620 0.07256 0.07795 0.20543 1.007 0.220 1236.803 0.01738
-0.01122 -0.02624 0.07266 0.07807 0.20654 0.949 0.215 1236.833 0.01741
-0.01123 -0.02628 0.07277 0.07818 0.20765 0.809 0.205 1236.862 0.01743
-0.01125 -0.02631 0.07287 0.07829 0.20876 1.344 0.246 1236.892 0.01746
-0.01126 -0.02635 0.07298 0.07840 0.20987 0.891 0.210 1236.922 0.01748
-0.01128 -0.02639 0.07308 0.07851 0.21097 0.691 0.191 1236.952 0.01751
-0.01130 -0.02643 0.07318 0.07862 0.21208 1.145 0.231 1236.982 0.01753
-0.01131 -0.02646 0.07329 0.07874 0.21319 0.776 0.199 1237.012 0.01756
-0.01133 -0.02650 0.07339 0.07885 0.21430 0.945 0.214 1237.042 0.01758
-0.01134 -0.02654 0.07350 0.07896 0.21541 1.000 0.219 1237.072 0.01760
-0.01136 -0.02658 0.07360 0.07907 0.21652 1.057 0.224 1237.101 0.01763
-0.01138 -0.02661 0.07370 0.07918 0.21762 1.508 0.258 1237.131 0.01765
-0.01139 -0.02665 0.07381 0.07929 0.21873 0.804 0.202 1237.161 0.01768
-0.01141 -0.02669 0.07391 0.07941 0.21984 0.804 0.202 1237.191 0.01770
-0.01142 -0.02673 0.07401 0.07952 0.22095 0.832 0.204 1237.221 0.01773
-0.01144 -0.02677 0.07412 0.07963 0.22206 1.029 0.221 1237.251 0.01775
-0.01146 -0.02680 0.07422 0.07974 0.22317 1.141 0.230 1237.281 0.01778
-0.01147 -0.02684 0.07433 0.07985 0.22428 1.057 0.224 1237.311 0.01780
-0.01149 -0.02688 0.07443 0.07996 0.22539 1.143 0.232 1237.341 0.01783
-0.01150 -0.02692 0.07453 0.08008 0.22650 1.116 0.228 1237.370 0.01785
-0.01152 -0.02695 0.07464 0.08019 0.22760 0.751 0.204 1237.400 0.01788
-0.01154 -0.02699 0.07474 0.08030 0.22871 0.975 0.221 1237.430 0.01790
-0.01155 -0.02703 0.07485 0.08041 0.22982 0.635 0.184 1237.460 0.01792
-0.01157 -0.02707 0.07495 0.08052 0.23093 0.550 0.175 1237.490 0.01795
-0.01158 -0.02710 0.07505 0.08064 0.23204 0.521 0.172 1237.520 0.01797
-0.01160 -0.02714 0.07516 0.08075 0.23315 0.577 0.177 1237.550 0.01800
-0.01162 -0.02718 0.07526 0.08086 0.23426 0.410 0.164 1237.580 0.01802
-0.01163 -0.02722 0.07537 0.08097 0.23537 0.662 0.190 1237.609 0.01805
-0.01165 -0.02725 0.07547 0.08108 0.23648 0.997 0.218 1237.639 0.01807
-0.01167 -0.02729 0.07557 0.08119 0.23759 0.886 0.209 1237.669 0.01810
-0.01168 -0.02733 0.07568 0.08131 0.23870 1.146 0.231 1237.699 0.01812
-0.01170 -0.02737 0.07578 0.08142 0.23981 0.702 0.198 1237.729 0.01815
-0.01171 -0.02740 0.07589 0.08153 0.24092 0.597 0.187 1237.759 0.01817
-0.01173 -0.02744 0.07599 0.08164 0.24202 0.917 0.213 1237.789 0.01819
-0.01175 -0.02748 0.07610 0.08175 0.24313 0.850 0.208 1237.819 0.01822
-0.01176 -0.02752 0.07620 0.08186 0.24424 0.807 0.205 1237.848 0.01824
-0.01178 -0.02755 0.07630 0.08198 0.24535 0.976 0.220 1237.878 0.01827
-0.01179 -0.02759 0.07641 0.08209 0.24646 0.980 0.222 1237.908 0.01829
-0.01181 -0.02763 0.07651 0.08220 0.24757 0.678 0.192 1237.938 0.01832
-0.01183 -0.02767 0.07662 0.08231 0.24868 0.880 0.210 1237.968 0.01834
-0.01184 -0.02770 0.07672 0.08242 0.24979 1.075 0.226 1237.998 0.01837
-0.01186 -0.02774 0.07682 0.08254 0.25090 0.791 0.205 1238.028 0.01839
-0.01187 -0.02778 0.07693 0.08265 0.25201 0.952 0.217 1238.058 0.01842
-0.01189 -0.02782 0.07703 0.08276 0.25312 1.268 0.243 1238.087 0.01844
-0.01191 -0.02785 0.07714 0.08287 0.25423 0.985 0.219 1238.117 0.01847
-0.01192 -0.02789 0.07724 0.08298 0.25534 0.805 0.205 1238.147 0.01849
-0.01194 -0.02793 0.07734 0.08309 0.25645 1.022 0.222 1238.177 0.01851
-0.01195 -0.02797 0.07745 0.08321 0.25756 1.055 0.226 1238.207 0.01854
-0.01197 -0.02800 0.07755 0.08332 0.25867 0.905 0.212 1238.237 0.01856
-0.01199 -0.02804 0.07766 0.08343 0.25978 1.317 0.245 1238.267 0.01859
-0.01200 -0.02808 0.07776 0.08354 0.26089 1.003 0.221 1238.297 0.01861
-0.01202 -0.02812 0.07786 0.08365 0.26200 1.034 0.226 1238.327 0.01864
-0.01203 -0.02816 0.07797 0.08377 0.26311 0.754 0.199 1238.356 0.01866
-0.01205 -0.02819 0.07807 0.08388 0.26422 1.053 0.226 1238.386 0.01869
-0.01207 -0.02823 0.07818 0.08399 0.26533 1.227 0.237 1238.416 0.01871
-0.01208 -0.02827 0.07828 0.08410 0.26644 0.830 0.207 1238.446 0.01874
-0.01210 -0.02831 0.07839 0.08421 0.26755 0.771 0.199 1238.476 0.01876
-0.01212 -0.02834 0.07849 0.08432 0.26866 1.000 0.221 1238.506 0.01878
-0.01213 -0.02838 0.07859 0.08444 0.26978 0.574 0.182 1238.536 0.01881
-0.01215 -0.02842 0.07870 0.08455 0.27089 0.691 0.194 1238.566 0.01883
-0.01216 -0.02846 0.07880 0.08466 0.27200 0.603 0.185 1238.595 0.01886
-0.01218 -0.02849 0.07891 0.08477 0.27311 0.855 0.209 1238.625 0.01888
-0.01220 -0.02853 0.07901 0.08488 0.27422 0.938 0.217 1238.655 0.01891
-0.01221 -0.02857 0.07911 0.08500 0.27533 0.743 0.199 1238.685 0.01893
-0.01223 -0.02861 0.07922 0.08511 0.27644 0.576 0.185 1238.715 0.01896
-0.01224 -0.02864 0.07932 0.08522 0.27755 0.882 0.212 1238.745 0.01898
-0.01226 -0.02868 0.07943 0.08533 0.27866 0.631 0.190 1238.775 0.01901
-0.01228 -0.02872 0.07953 0.08544 0.27977 1.130 0.227 1238.805 0.01903
-0.01229 -0.02876 0.07964 0.08556 0.28088 0.711 0.191 1238.834 0.01905
-0.01231 -0.02879 0.07974 0.08567 0.28199 0.877 0.206 1238.864 0.01908
-0.01232 -0.02883 0.07984 0.08578 0.28310 1.023 0.697 1238.894 0.01910
-0.01234 -0.02887 0.07995 0.08589 0.28422 1.219 0.242 1238.924 0.01913
-0.01236 -0.02891 0.08005 0.08600 0.28533 0.988 0.216 1238.954 0.01915
-0.01237 -0.02895 0.08016 0.08612 0.28644 1.043 0.221 1238.984 0.01918
-0.01239 -0.02898 0.08026 0.08623 0.28755 1.154 0.229 1239.014 0.01920
-0.01240 -0.02902 0.08036 0.08634 0.28866 1.017 0.218 1239.044 0.01923
-0.01242 -0.02906 0.08047 0.08645 0.28977 1.265 0.238 1239.073 0.01925
-0.01244 -0.02910 0.08057 0.08656 0.29088 0.654 0.185 1239.103 0.01928
-0.01245 -0.02913 0.08068 0.08668 0.29199 0.570 0.176 1239.133 0.01930
-0.01247 -0.02917 0.08078 0.08679 0.29310 0.931 0.211 1239.163 0.01933
-0.01248 -0.02921 0.08089 0.08690 0.29422 0.654 0.185 1239.193 0.01935
-0.01250 -0.02925 0.08099 0.08701 0.29533 0.905 0.209 1239.223 0.01937
-0.01252 -0.02928 0.08109 0.08712 0.29644 1.238 0.235 1239.253 0.01940
-0.01253 -0.02932 0.08120 0.08724 0.29755 0.969 0.218 1239.283 0.01942
-0.01255 -0.02936 0.08130 0.08735 0.29866 0.985 0.220 1239.313 0.01945
-0.01257 -0.02940 0.08141 0.08746 0.29977 0.932 0.211 1239.342 0.01947
-0.01258 -0.02943 0.08151 0.08757 0.30089 1.048 0.224 1239.372 0.01950
-0.01260 -0.02947 0.08162 0.08768 0.30200 1.006 0.220 1239.402 0.01952
-0.01261 -0.02951 0.08172 0.08780 0.30311 1.001 0.218 1239.432 0.01955
-0.01263 -0.02955 0.08182 0.08791 0.30422 1.109 0.226 1239.462 0.01957
-0.01265 -0.02959 0.08193 0.08802 0.30533 1.178 0.235 1239.492 0.01960
-0.01266 -0.02962 0.08203 0.08813 0.30644 0.930 0.215 1239.522 0.01962
-0.01268 -0.02966 0.08214 0.08824 0.30756 1.051 0.227 1239.552 0.01964
-0.01269 -0.02970 0.08224 0.08836 0.30867 1.153 0.233 1239.581 0.01967
-0.01271 -0.02974 0.08235 0.08847 0.30978 0.871 0.211 1239.611 0.01969
-0.01273 -0.02977 0.08245 0.08858 0.31089 1.315 0.245 1239.641 0.01972
-0.01274 -0.02981 0.08255 0.08869 0.31200 1.010 0.222 1239.671 0.01974
-0.01276 -0.02985 0.08266 0.08880 0.31312 0.804 0.205 1239.701 0.01977
-0.01277 -0.02989 0.08276 0.08892 0.31423 1.252 0.241 1239.731 0.01979
-0.01279 -0.02992 0.08287 0.08903 0.31534 0.605 0.188 1239.761 0.01982
-0.01281 -0.02996 0.08297 0.08914 0.31645 0.769 0.203 1239.791 0.01984
-0.01282 -0.03000 0.08308 0.08925 0.31756 0.938 0.217 1239.820 0.01987
-0.01284 -0.03004 0.08318 0.08936 0.31868 0.827 0.208 1239.850 0.01989
-0.01286 -0.03007 0.08328 0.08948 0.31979 0.827 0.208 1239.880 0.01992
-0.01287 -0.03011 0.08339 0.08959 0.32090 0.606 0.187 1239.910 0.01994
-0.01289 -0.03015 0.08349 0.08970 0.32201 1.105 0.230 1239.940 0.01996
-0.01290 -0.03019 0.08360 0.08981 0.32313 0.743 0.200 1239.970 0.01999
-0.01292 -0.03023 0.08370 0.08992 0.32424 0.743 0.200 1240.000 0.02001
-0.01294 -0.03026 0.08381 0.09004 0.32535 0.797 0.205 1240.030 0.02004
-0.01295 -0.03030 0.08391 0.09015 0.32646 0.961 0.220 1240.059 0.02006
-0.01297 -0.03034 0.08401 0.09026 0.32758 0.904 0.212 1240.089 0.02009
-0.01298 -0.03038 0.08412 0.09037 0.32869 0.987 0.217 1240.119 0.02011
-0.01300 -0.03041 0.08422 0.09048 0.32980 0.794 0.205 1240.149 0.02014
-0.01302 -0.03045 0.08433 0.09060 0.33091 1.014 0.222 1240.179 0.02016
-0.01303 -0.03049 0.08443 0.09071 0.33203 1.096 0.224 1240.209 0.02019
-0.01305 -0.03053 0.08454 0.09082 0.33314 1.124 0.228 1240.239 0.02021
-0.01306 -0.03056 0.08464 0.09093 0.33425 1.205 0.232 1240.269 0.02023
-0.01308 -0.03060 0.08474 0.09105 0.33537 1.039 0.219 1240.299 0.02026
-0.01310 -0.03064 0.08485 0.09116 0.33648 0.707 0.190 1240.328 0.02028
-0.01311 -0.03068 0.08495 0.09127 0.33759 1.286 0.238 1240.358 0.02031
-0.01313 -0.03072 0.08506 0.09138 0.33870 1.535 0.256 1240.388 0.02033
-0.01315 -0.03075 0.08516 0.09149 0.33982 0.932 0.212 1240.418 0.02036
-0.01316 -0.03079 0.08527 0.09161 0.34093 0.839 0.205 1240.448 0.02038
-0.01318 -0.03083 0.08537 0.09172 0.34204 1.207 0.235 1240.478 0.02041
-0.01319 -0.03087 0.08547 0.09183 0.34316 1.146 0.230 1240.508 0.02043
-0.01321 -0.03090 0.08558 0.09194 0.34427 0.656 0.190 1240.538 0.02046
-0.01323 -0.03094 0.08568 0.09205 0.34538 1.573 0.259 1240.567 0.02048
-0.01324 -0.03098 0.08579 0.09217 0.34650 1.039 0.221 1240.597 0.02050
-0.01326 -0.03102 0.08589 0.09228 0.34761 1.062 0.223 1240.627 0.02053
-0.01327 -0.03105 0.08600 0.09239 0.34872 1.002 0.219 1240.657 0.02055
-0.01329 -0.03109 0.08610 0.09250 0.34984 0.999 0.219 1240.687 0.02058
-0.01331 -0.03113 0.08621 0.09262 0.35095 1.134 0.230 1240.717 0.02060
-0.01332 -0.03117 0.08631 0.09273 0.35206 1.272 0.240 1240.747 0.02063
-0.01334 -0.03121 0.08641 0.09284 0.35318 0.721 0.195 1240.777 0.02065
-0.01335 -0.03124 0.08652 0.09295 0.35429 0.963 0.214 1240.806 0.02068
-0.01337 -0.03128 0.08662 0.09306 0.35540 1.217 0.236 1240.836 0.02070
-0.01339 -0.03132 0.08673 0.09318 0.35652 0.983 0.216 1240.866 0.02073
-0.01340 -0.03136 0.08683 0.09329 0.35763 1.082 0.223 1240.896 0.02075
-0.01342 -0.03139 0.08694 0.09340 0.35874 1.163 0.232 1240.926 0.02078
-0.01344 -0.03143 0.08704 0.09351 0.35986 1.045 0.221 1240.956 0.02080
-0.01345 -0.03147 0.08715 0.09362 0.36097 1.036 0.219 1240.986 0.02082
-0.01347 -0.03151 0.08725 0.09374 0.36209 1.037 0.219 1241.016 0.02085
-0.01348 -0.03154 0.08735 0.09385 0.36320 1.148 0.228 1241.045 0.02087
-0.01350 -0.03158 0.08746 0.09396 0.36431 1.175 0.229 1241.075 0.02090
-0.01352 -0.03162 0.08756 0.09407 0.36543 0.790 0.202 1241.105 0.02092
-0.01353 -0.03166 0.08767 0.09419 0.36654 1.093 0.223 1241.135 0.02095
-0.01355 -0.03170 0.08777 0.09430 0.36766 0.844 0.204 1241.165 0.02097
-0.01356 -0.03173 0.08788 0.09441 0.36877 1.066 0.221 1241.195 0.02100
-0.01358 -0.03177 0.08798 0.09452 0.36988 1.093 0.223 1241.225 0.02102
-0.01360 -0.03181 0.08809 0.09463 0.37100 1.066 0.221 1241.255 0.02105
-0.01361 -0.03185 0.08819 0.09475 0.37211 0.954 0.214 1241.285 0.02107
-0.01363 -0.03188 0.08829 0.09486 0.37323 1.065 0.223 1241.314 0.02109
-0.01364 -0.03192 0.08840 0.09497 0.37434 0.873 0.209 1241.344 0.02112
-0.01366 -0.03196 0.08850 0.09508 0.37545 1.037 0.221 1241.374 0.02114
-0.01368 -0.03200 0.08861 0.09520 0.37657 1.008 0.217 1241.404 0.02117
-0.01369 -0.03204 0.08871 0.09531 0.37768 1.091 0.223 1241.434 0.02119
-0.01371 -0.03207 0.08882 0.09542 0.37880 1.035 0.219 1241.464 0.02122
-0.01373 -0.03211 0.08892 0.09553 0.37991 1.393 0.246 1241.494 0.02124
-0.01374 -0.03215 0.08903 0.09565 0.38103 0.896 0.207 1241.524 0.02127
-0.01376 -0.03219 0.08913 0.09576 0.38214 0.787 0.197 1241.553 0.02129
-0.01377 -0.03222 0.08924 0.09587 0.38326 0.953 0.212 1241.583 0.02132
-0.01379 -0.03226 0.08934 0.09598 0.38437 1.312 0.240 1241.613 0.02134
-0.01381 -0.03230 0.08944 0.09609 0.38549 0.842 0.202 1241.643 0.02137
-0.01382 -0.03234 0.08955 0.09621 0.38660 1.174 0.230 1241.673 0.02139
-0.01384 -0.03237 0.08965 0.09632 0.38771 0.786 0.197 1241.703 0.02141
-0.01385 -0.03241 0.08976 0.09643 0.38883 0.896 0.206 1241.733 0.02144
-0.01387 -0.03245 0.08986 0.09654 0.38994 1.199 0.232 1241.763 0.02146
-0.01389 -0.03249 0.08997 0.09666 0.39106 1.032 0.219 1241.792 0.02149
-0.01390 -0.03253 0.09007 0.09677 0.39217 0.812 0.200 1241.822 0.02151
-0.01392 -0.03256 0.09018 0.09688 0.39329 0.838 0.202 1241.852 0.02154
-0.01394 -0.03260 0.09028 0.09699 0.39440 0.699 0.189 1241.882 0.02156
-0.01395 -0.03264 0.09039 0.09711 0.39552 0.920 0.209 1241.912 0.02159
-0.01397 -0.03268 0.09049 0.09722 0.39663 0.837 0.202 1241.942 0.02161
-0.01398 -0.03271 0.09059 0.09733 0.39775 0.754 0.194 1241.972 0.02164
-0.01400 -0.03275 0.09070 0.09744 0.39886 0.589 0.177 1242.002 0.02166
-0.01402 -0.03279 0.09080 0.09755 0.39998 1.221 0.234 1242.031 0.02168
-0.01403 -0.03283 0.09091 0.09767 0.40109 1.085 0.223 1242.061 0.02171
-0.01405 -0.03287 0.09101 0.09778 0.40221 1.142 0.227 1242.091 0.02173
-0.01406 -0.03290 0.09112 0.09789 0.40332 1.143 0.227 1242.121 0.02176
-0.01408 -0.03294 0.09122 0.09800 0.40444 0.975 0.214 1242.151 0.02178
-0.01410 -0.03298 0.09133 0.09812 0.40556 1.195 0.231 1242.181 0.02181
-0.01411 -0.03302 0.09143 0.09823 0.40667 1.004 0.216 1242.211 0.02183
-0.01413 -0.03305 0.09154 0.09834 0.40779 0.920 0.209 1242.241 0.02186
-0.01415 -0.03309 0.09164 0.09845 0.40890 1.034 0.218 1242.271 0.02188
-0.01416 -0.03313 0.09175 0.09857 0.41002 1.005 0.216 1242.300 0.02191
-0.01418 -0.03317 0.09185 0.09868 0.41113 1.088 0.223 1242.330 0.02193
-0.01419 -0.03321 0.09195 0.09879 0.41225 0.977 0.214 1242.360 0.02196
-0.01421 -0.03324 0.09206 0.09890 0.41336 1.280 0.237 1242.390 0.02198
-0.01423 -0.03328 0.09216 0.09902 0.41448 0.976 0.214 1242.420 0.02200
-0.01424 -0.03332 0.09227 0.09913 0.41560 0.976 0.214 1242.450 0.02203
-0.01426 -0.03336 0.09237 0.09924 0.41671 1.086 0.223 1242.480 0.02205
-0.01427 -0.03339 0.09248 0.09935 0.41783 0.728 0.192 1242.510 0.02208
-0.01429 -0.03343 0.09258 0.09947 0.41894 1.088 0.223 1242.539 0.02210
-0.01431 -0.03347 0.09269 0.09958 0.42006 0.729 0.192 1242.569 0.02213
-0.01432 -0.03351 0.09279 0.09969 0.42117 0.893 0.207 1242.599 0.02215
-0.01434 -0.03355 0.09290 0.09980 0.42229 1.058 0.221 1242.629 0.02218
-0.01435 -0.03358 0.09300 0.09992 0.42341 0.946 0.212 1242.659 0.02220
-0.01437 -0.03362 0.09311 0.10003 0.42452 1.027 0.218 1242.689 0.02223
-0.01439 -0.03366 0.09321 0.10014 0.42564 1.083 0.223 1242.719 0.02225
-0.01440 -0.03370 0.09331 0.10025 0.42675 0.917 0.210 1242.749 0.02227
-0.01442 -0.03373 0.09342 0.10036 0.42787 1.164 0.229 1242.778 0.02230
-0.01444 -0.03377 0.09352 0.10048 0.42899 0.834 0.202 1242.808 0.02232
-0.01445 -0.03381 0.09363 0.10059 0.43010 0.833 0.202 1242.838 0.02235
-0.01447 -0.03385 0.09373 0.10070 0.43122 1.440 0.249 1242.868 0.02237
-0.01448 -0.03389 0.09384 0.10081 0.43234 0.834 0.202 1242.898 0.02240
-0.01450 -0.03392 0.09394 0.10093 0.43345 0.779 0.197 1242.928 0.02242
-0.01452 -0.03396 0.09405 0.10104 0.43457 0.890 0.207 1242.958 0.02245
-0.01453 -0.03400 0.09415 0.10115 0.43569 1.053 0.221 1242.988 0.02247
-0.01455 -0.03404 0.09426 0.10126 0.43680 0.917 0.209 1243.017 0.02250
-0.01457 -0.03407 0.09436 0.10138 0.43792 0.860 0.204 1243.047 0.02252
-0.01458 -0.03411 0.09447 0.10149 0.43903 1.189 0.232 1243.077 0.02254
-0.01460 -0.03415 0.09457 0.10160 0.44015 0.829 0.202 1243.107 0.02257
-0.01461 -0.03419 0.09468 0.10171 0.44127 1.382 0.246 1243.137 0.02259
-0.01463 -0.03423 0.09478 0.10183 0.44238 1.382 0.246 1243.167 0.02262
-0.01465 -0.03426 0.09489 0.10194 0.44350 1.105 0.225 1243.197 0.02264
-0.01466 -0.03430 0.09499 0.10205 0.44462 1.273 0.238 1243.227 0.02267
-0.01468 -0.03434 0.09509 0.10216 0.44574 0.914 0.209 1243.257 0.02269
-0.01469 -0.03438 0.09520 0.10228 0.44685 1.244 0.236 1243.286 0.02272
-0.01471 -0.03442 0.09530 0.10239 0.44797 1.079 0.223 1243.316 0.02274
-0.01473 -0.03445 0.09541 0.10250 0.44909 1.052 0.221 1243.346 0.02277
-0.01474 -0.03449 0.09551 0.10261 0.45020 1.079 0.223 1243.376 0.02279
-0.01476 -0.03453 0.09562 0.10273 0.45132 0.857 0.205 1243.406 0.02282
-0.01478 -0.03457 0.09572 0.10284 0.45244 0.997 0.216 1243.436 0.02284
-0.01479 -0.03460 0.09583 0.10295 0.45355 1.024 0.219 1243.466 0.02286
-0.01481 -0.03464 0.09593 0.10307 0.45467 0.858 0.204 1243.496 0.02289
-0.01482 -0.03468 0.09604 0.10318 0.45579 0.940 0.211 1243.525 0.02291
-0.01484 -0.03472 0.09614 0.10329 0.45691 1.078 0.223 1243.555 0.02294
-0.01486 -0.03476 0.09625 0.10340 0.45802 0.969 0.214 1243.585 0.02296
-0.01487 -0.03479 0.09635 0.10352 0.45914 1.081 0.223 1243.615 0.02299
-0.01489 -0.03483 0.09646 0.10363 0.46026 0.890 0.206 1243.645 0.02301
-0.01490 -0.03487 0.09656 0.10374 0.46137 1.113 0.225 1243.675 0.02304
-0.01492 -0.03491 0.09667 0.10385 0.46249 0.921 0.208 1243.705 0.02306
-0.01494 -0.03494 0.09677 0.10397 0.46361 0.728 0.192 1243.735 0.02309
-0.01495 -0.03498 0.09688 0.10408 0.46473 1.255 0.236 1243.764 0.02311
-0.01497 -0.03502 0.09698 0.10419 0.46584 1.035 0.219 1243.794 0.02313
-0.01499 -0.03506 0.09709 0.10430 0.46696 0.871 0.204 1243.824 0.02316
-0.01500 -0.03510 0.09719 0.10442 0.46808 1.010 0.219 1243.854 0.02318
-0.01502 -0.03513 0.09729 0.10453 0.46920 1.120 0.225 1243.884 0.02321
-0.01503 -0.03517 0.09740 0.10464 0.47031 1.094 0.225 1243.914 0.02323
-0.01505 -0.03521 0.09750 0.10475 0.47143 1.096 0.226 1243.944 0.02326
-0.01507 -0.03525 0.09761 0.10487 0.47255 1.477 0.256 1243.974 0.02328
-0.01508 -0.03529 0.09771 0.10498 0.47367 1.254 0.240 1244.003 0.02331
-0.01510 -0.03532 0.09782 0.10509 0.47479 0.722 0.197 1244.033 0.02333
-0.01511 -0.03536 0.09792 0.10520 0.47590 0.867 0.210 1244.063 0.02336
-0.01513 -0.03540 0.09803 0.10532 0.47702 0.921 0.214 1244.093 0.02338
-0.01515 -0.03544 0.09813 0.10543 0.47814 1.069 0.226 1244.123 0.02341
-0.01516 -0.03547 0.09824 0.10554 0.47926 0.946 0.217 1244.153 0.02343
-0.01518 -0.03551 0.09834 0.10565 0.48038 0.669 0.192 1244.183 0.02345
-0.01520 -0.03555 0.09845 0.10577 0.48149 0.697 0.195 1244.213 0.02348
-0.01521 -0.03559 0.09855 0.10588 0.48261 0.981 0.219 1244.243 0.02350
-0.01523 -0.03563 0.09866 0.10599 0.48373 1.093 0.228 1244.272 0.02353
-0.01524 -0.03566 0.09876 0.10611 0.48485 0.639 0.189 1244.302 0.02355
-0.01526 -0.03570 0.09887 0.10622 0.48597 1.134 0.230 1244.332 0.02358
-0.01528 -0.03574 0.09897 0.10633 0.48708 1.017 0.221 1244.362 0.02360
-0.01529 -0.03578 0.09908 0.10644 0.48820 0.977 0.219 1244.392 0.02363
-0.01531 -0.03582 0.09918 0.10656 0.48932 1.115 0.230 1244.422 0.02365
-0.01533 -0.03585 0.09929 0.10667 0.49044 1.134 0.232 1244.452 0.02368
-0.01534 -0.03589 0.09939 0.10678 0.49156 0.829 0.208 1244.482 0.02370
-0.01536 -0.03593 0.09950 0.10689 0.49268 0.664 0.192 1244.511 0.02372
-0.01537 -0.03597 0.09960 0.10701 0.49379 0.470 0.172 1244.541 0.02375
-0.01539 -0.03601 0.09971 0.10712 0.49491 0.692 0.195 1244.571 0.02377
-0.01541 -0.03604 0.09981 0.10723 0.49603 0.499 0.175 1244.601 0.02380
-0.01542 -0.03608 0.09992 0.10734 0.49715 0.360 0.159 1244.631 0.02382
-0.01544 -0.03612 0.10002 0.10746 0.49827 0.332 0.155 1244.661 0.02385
-0.01545 -0.03616 0.10013 0.10757 0.49939 0.386 0.162 1244.691 0.02387
-0.01547 -0.03619 0.10023 0.10768 0.50051 0.246 0.144 1244.721 0.02390
-0.01549 -0.03623 0.10034 0.10780 0.50163 0.577 0.184 1244.750 0.02392
-0.01550 -0.03627 0.10044 0.10791 0.50274 0.467 0.172 1244.780 0.02395
-0.01552 -0.03631 0.10055 0.10802 0.50386 0.465 0.172 1244.810 0.02397
-0.01554 -0.03635 0.10065 0.10813 0.50498 0.381 0.162 1244.840 0.02400
-0.01555 -0.03638 0.10076 0.10825 0.50610 0.546 0.180 1244.870 0.02402
-0.01557 -0.03642 0.10086 0.10836 0.50722 0.076 0.115 1244.900 0.02404
-0.01558 -0.03646 0.10097 0.10847 0.50834 0.159 0.131 1244.930 0.02407
-0.01560 -0.03650 0.10107 0.10858 0.50946 0.075 0.116 1244.960 0.02409
-0.01562 -0.03654 0.10118 0.10870 0.51058 0.075 0.116 1244.989 0.02412
-0.01563 -0.03657 0.10128 0.10881 0.51170 0.269 0.147 1245.019 0.02414
-0.01565 -0.03661 0.10139 0.10892 0.51282 0.405 0.166 1245.049 0.02417
-0.01567 -0.03665 0.10149 0.10904 0.51393 0.516 0.178 1245.079 0.02419
-0.01568 -0.03669 0.10160 0.10915 0.51505 0.378 0.163 1245.109 0.02422
-0.01570 -0.03672 0.10170 0.10926 0.51617 0.737 0.198 1245.139 0.02424
-0.01571 -0.03676 0.10181 0.10937 0.51729 0.764 0.198 1245.169 0.02427
-0.01573 -0.03680 0.10191 0.10949 0.51841 0.653 0.186 1245.199 0.02429
-0.01575 -0.03684 0.10202 0.10960 0.51953 0.598 0.184 1245.229 0.02431
-0.01576 -0.03688 0.10212 0.10971 0.52065 0.597 0.181 1245.258 0.02434
-0.01578 -0.03691 0.10222 0.10983 0.52177 0.680 0.187 1245.288 0.02436
-0.01579 -0.03695 0.10233 0.10994 0.52289 0.929 0.210 1245.318 0.02439
-0.01581 -0.03699 0.10243 0.11005 0.52401 0.763 0.196 1245.348 0.02441
-0.01583 -0.03703 0.10254 0.11016 0.52513 0.653 0.187 1245.378 0.02444
-0.01584 -0.03707 0.10264 0.11028 0.52625 0.790 0.198 1245.408 0.02446
-0.01586 -0.03710 0.10275 0.11039 0.52737 0.708 0.190 1245.438 0.02449
-0.01588 -0.03714 0.10285 0.11050 0.52849 0.735 0.193 1245.468 0.02451
-0.01589 -0.03718 0.10296 0.11061 0.52961 0.872 0.206 1245.497 0.02454
-0.01591 -0.03722 0.10306 0.11073 0.53073 0.742 0.242 1245.527 0.02456
-0.01592 -0.03726 0.10317 0.11084 0.53185 0.623 0.181 1245.557 0.02458
-0.01594 -0.03729 0.10328 0.11095 0.53297 0.843 0.203 1245.587 0.02461
-0.01596 -0.03733 0.10338 0.11107 0.53409 1.010 0.217 1245.617 0.02463
-0.01597 -0.03737 0.10349 0.11118 0.53521 0.956 0.213 1245.647 0.02466
-0.01599 -0.03741 0.10359 0.11129 0.53633 0.595 0.179 1245.677 0.02468
-0.01601 -0.03745 0.10370 0.11140 0.53745 0.653 0.184 1245.707 0.02471
-0.01602 -0.03748 0.10380 0.11152 0.53857 0.929 0.210 1245.736 0.02473
-0.01604 -0.03752 0.10391 0.11163 0.53969 0.762 0.196 1245.766 0.02476
-0.01605 -0.03756 0.10401 0.11174 0.54081 0.430 0.159 1245.796 0.02478
-0.01607 -0.03760 0.10412 0.11186 0.54193 0.542 0.172 1245.826 0.02481
-0.01609 -0.03764 0.10422 0.11197 0.54305 0.320 0.151 1245.856 0.02483
-0.01610 -0.03767 0.10433 0.11208 0.54417 0.376 0.156 1245.886 0.02486
-0.01612 -0.03771 0.10443 0.11219 0.54529 0.154 0.132 1245.916 0.02488
-0.01614 -0.03775 0.10454 0.11231 0.54641 0.349 0.160 1245.946 0.02490
-0.01615 -0.03779 0.10464 0.11242 0.54753 0.155 0.131 1245.975 0.02493
-0.01617 -0.03782 0.10475 0.11253 0.54865 0.182 0.136 1246.005 0.02495
-0.01618 -0.03786 0.10485 0.11265 0.54977 0.182 0.136 1246.035 0.02498
-0.01620 -0.03790 0.10496 0.11276 0.55089 0.350 0.160 1246.065 0.02500
-0.01622 -0.03794 0.10506 0.11287 0.55201 0.099 0.122 1246.095 0.02503
-0.01623 -0.03798 0.10517 0.11299 0.55313 0.459 0.167 1246.125 0.02505
-0.01625 -0.03801 0.10527 0.11310 0.55425 0.350 0.159 1246.155 0.02508
-0.01627 -0.03805 0.10538 0.11321 0.55537 0.364 0.160 1246.185 0.02510
-0.01628 -0.03809 0.10548 0.11332 0.55649 0.459 0.169 1246.215 0.02513
-0.01630 -0.03813 0.10559 0.11344 0.55762 0.753 0.198 1246.244 0.02515
-0.01631 -0.03817 0.10569 0.11355 0.55874 0.789 0.203 1246.274 0.02517
-0.01633 -0.03820 0.10580 0.11366 0.55986 0.696 0.195 1246.304 0.02520
-0.01635 -0.03824 0.10590 0.11378 0.56098 0.851 0.206 1246.334 0.02522
-0.01636 -0.03828 0.10601 0.11389 0.56210 0.880 0.211 1246.364 0.02525
-0.01638 -0.03832 0.10611 0.11400 0.56322 0.803 0.204 1246.394 0.02527
-0.01639 -0.03836 0.10622 0.11411 0.56434 0.722 0.196 1246.424 0.02530
-0.01641 -0.03839 0.10632 0.11423 0.56546 1.205 0.237 1246.454 0.02532
-0.01643 -0.03843 0.10643 0.11434 0.56658 0.980 0.217 1246.483 0.02535
-0.01644 -0.03847 0.10653 0.11445 0.56770 0.718 0.196 1246.513 0.02537
-0.01646 -0.03851 0.10664 0.11457 0.56883 0.783 0.200 1246.543 0.02540
-0.01648 -0.03855 0.10674 0.11468 0.56995 0.689 0.190 1246.573 0.02542
-0.01649 -0.03858 0.10685 0.11479 0.57107 0.880 0.211 1246.603 0.02545
-0.01651 -0.03862 0.10695 0.11490 0.57219 0.705 0.193 1246.633 0.02547
-0.01652 -0.03866 0.10706 0.11502 0.57331 0.672 0.191 1246.663 0.02549
-0.01654 -0.03870 0.10716 0.11513 0.57443 0.628 0.187 1246.693 0.02552
-0.01656 -0.03874 0.10727 0.11524 0.57555 0.787 0.201 1246.722 0.02554
-0.01657 -0.03877 0.10737 0.11536 0.57667 0.857 0.208 1246.752 0.02557
-0.01659 -0.03881 0.10748 0.11547 0.57780 1.198 0.233 1246.782 0.02559
-0.01661 -0.03885 0.10758 0.11558 0.57892 0.827 0.206 1246.812 0.02562
-0.01662 -0.03889 0.10769 0.11570 0.58004 1.122 0.229 1246.842 0.02564
-0.01664 -0.03893 0.10779 0.11581 0.58116 1.127 0.231 1246.872 0.02567
-0.01665 -0.03896 0.10790 0.11592 0.58228 1.027 0.220 1246.902 0.02569
-0.01667 -0.03900 0.10800 0.11603 0.58340 1.030 0.225 1246.932 0.02572
-0.01669 -0.03904 0.10811 0.11615 0.58453 0.832 0.209 1246.961 0.02574
-0.01670 -0.03908 0.10822 0.11626 0.58565 0.855 0.211 1246.991 0.02576
-0.01672 -0.03912 0.10832 0.11637 0.58677 0.739 0.193 1247.021 0.02579
-0.01674 -0.03915 0.10843 0.11649 0.58789 0.850 0.204 1247.051 0.02581
-0.01675 -0.03919 0.10853 0.11660 0.58901 1.240 0.236 1247.081 0.02584
-0.01677 -0.03923 0.10864 0.11671 0.59013 0.739 0.196 1247.111 0.02586
-0.01678 -0.03927 0.10874 0.11683 0.59126 0.933 0.211 1247.141 0.02589
-0.01680 -0.03931 0.10885 0.11694 0.59238 1.435 0.250 1247.171 0.02591
-0.01682 -0.03934 0.10895 0.11705 0.59350 1.129 0.227 1247.201 0.02594
-0.01683 -0.03938 0.10906 0.11717 0.59462 1.100 0.225 1247.230 0.02596
-0.01685 -0.03942 0.10916 0.11728 0.59575 1.101 0.225 1247.260 0.02599
-0.01687 -0.03946 0.10927 0.11739 0.59687 1.044 0.221 1247.290 0.02601
-0.01688 -0.03950 0.10937 0.11750 0.59799 1.075 0.223 1247.320 0.02604
-0.01690 -0.03953 0.10948 0.11762 0.59911 1.103 0.227 1247.350 0.02606
-0.01691 -0.03957 0.10958 0.11773 0.60023 0.907 0.211 1247.380 0.02608
-0.01693 -0.03961 0.10969 0.11784 0.60136 1.048 0.225 1247.410 0.02611
-0.01695 -0.03965 0.10979 0.11796 0.60248 1.187 0.232 1247.440 0.02613
-0.01696 -0.03969 0.10990 0.11807 0.60360 1.134 0.231 1247.469 0.02616
-0.01698 -0.03972 0.11000 0.11818 0.60472 1.189 0.236 1247.499 0.02618
-0.01700 -0.03976 0.11011 0.11830 0.60585 0.966 0.221 1247.529 0.02621
-0.01701 -0.03980 0.11021 0.11841 0.60697 0.827 0.209 1247.559 0.02623
-0.01703 -0.03984 0.11032 0.11852 0.60809 1.021 0.223 1247.589 0.02626
-0.01704 -0.03988 0.11043 0.11864 0.60921 1.182 0.236 1247.619 0.02628
-0.01706 -0.03991 0.11053 0.11875 0.61034 1.039 0.225 1247.649 0.02631
-0.01708 -0.03995 0.11064 0.11886 0.61146 0.824 0.207 1247.679 0.02633
-0.01709 -0.03999 0.11074 0.11897 0.61258 1.052 0.224 1247.708 0.02635
-0.01711 -0.04003 0.11085 0.11909 0.61370 1.039 0.225 1247.738 0.02638
-0.01713 -0.04007 0.11095 0.11920 0.61483 0.921 0.213 1247.768 0.02640
-0.01714 -0.04010 0.11106 0.11931 0.61595 0.921 0.216 1247.798 0.02643
-0.01716 -0.04014 0.11116 0.11943 0.61707 1.069 0.225 1247.828 0.02645
-0.01717 -0.04018 0.11127 0.11954 0.61820 1.066 0.225 1247.858 0.02648
-0.01719 -0.04022 0.11137 0.11965 0.61932 0.867 0.209 1247.888 0.02650
-0.01721 -0.04026 0.11148 0.11977 0.62044 1.356 0.248 1247.918 0.02653
-0.01722 -0.04029 0.11158 0.11988 0.62156 0.748 0.202 1247.947 0.02655
-0.01724 -0.04033 0.11169 0.11999 0.62269 0.705 0.197 1247.977 0.02658
-0.01726 -0.04037 0.11179 0.12011 0.62381 0.693 0.196 1248.007 0.02660
-0.01727 -0.04041 0.11190 0.12022 0.62493 0.680 0.194 1248.037 0.02662
-0.01729 -0.04045 0.11200 0.12033 0.62606 1.127 0.231 1248.067 0.02665
-0.01730 -0.04048 0.11211 0.12045 0.62718 1.141 0.234 1248.097 0.02667
-0.01732 -0.04052 0.11222 0.12056 0.62830 0.975 0.221 1248.127 0.02670
-0.01734 -0.04056 0.11232 0.12067 0.62943 1.113 0.232 1248.157 0.02672
-0.01735 -0.04060 0.11243 0.12078 0.63055 0.945 0.219 1248.187 0.02675
-0.01737 -0.04064 0.11253 0.12090 0.63167 0.918 0.216 1248.216 0.02677
-0.01739 -0.04067 0.11264 0.12101 0.63280 0.720 0.199 1248.246 0.02680
-0.01740 -0.04071 0.11274 0.12112 0.63392 0.862 0.212 1248.276 0.02682
-0.01742 -0.04075 0.11285 0.12124 0.63504 0.888 0.214 1248.306 0.02685
-0.01743 -0.04079 0.11295 0.12135 0.63617 1.165 0.236 1248.336 0.02687
-0.01745 -0.04083 0.11306 0.12146 0.63729 0.885 0.214 1248.366 0.02690
-0.01747 -0.04086 0.11316 0.12158 0.63841 1.192 0.236 1248.396 0.02692
-0.01748 -0.04090 0.11327 0.12169 0.63954 1.138 0.234 1248.426 0.02694
-0.01750 -0.04094 0.11337 0.12180 0.64066 1.304 0.243 1248.455 0.02697
-0.01752 -0.04098 0.11348 0.12192 0.64179 1.080 0.230 1248.485 0.02699
-0.01753 -0.04102 0.11359 0.12203 0.64291 1.217 0.234 1248.515 0.02702
-0.01755 -0.04105 0.11369 0.12214 0.64403 1.024 0.224 1248.545 0.02704
-0.01756 -0.04109 0.11380 0.12226 0.64516 1.164 0.234 1248.575 0.02707
-0.01758 -0.04113 0.11390 0.12237 0.64628 1.192 0.234 1248.605 0.02709
-0.01760 -0.04117 0.11401 0.12248 0.64741 1.358 0.247 1248.635 0.02712
-0.01761 -0.04121 0.11411 0.12260 0.64853 0.773 0.204 1248.665 0.02714
-0.01763 -0.04125 0.11422 0.12271 0.64965 1.107 0.230 1248.694 0.02717
-0.01765 -0.04128 0.11432 0.12282 0.65078 1.078 0.224 1248.724 0.02719
-0.01766 -0.04132 0.11443 0.12294 0.65190 1.266 0.275 1248.754 0.02721
-0.01768 -0.04136 0.11453 0.12305 0.65303 0.827 0.207 1248.784 0.02724
-0.01769 -0.04140 0.11464 0.12316 0.65415 0.940 0.219 1248.814 0.02726
-0.01771 -0.04144 0.11474 0.12328 0.65527 0.913 0.214 1248.844 0.02729
-0.01773 -0.04147 0.11485 0.12339 0.65640 1.179 0.236 1248.874 0.02731
-0.01774 -0.04151 0.11496 0.12350 0.65752 1.297 0.241 1248.904 0.02734
-0.01776 -0.04155 0.11506 0.12362 0.65865 0.968 0.219 1248.933 0.02736
-0.01778 -0.04159 0.11517 0.12373 0.65977 1.021 0.223 1248.963 0.02739
-0.01779 -0.04163 0.11527 0.12384 0.66090 1.077 0.226 1248.993 0.02741
-0.01781 -0.04166 0.11538 0.12396 0.66202 1.112 0.230 1249.023 0.02744
-0.01783 -0.04170 0.11548 0.12407 0.66314 1.276 0.243 1249.053 0.02746
-0.01784 -0.04174 0.11559 0.12418 0.66427 1.382 0.251 1249.083 0.02749
-0.01786 -0.04178 0.11569 0.12430 0.66539 1.027 0.224 1249.113 0.02751
-0.01787 -0.04182 0.11580 0.12441 0.66652 1.366 0.249 1249.143 0.02753
-0.01789 -0.04185 0.11590 0.12452 0.66764 1.072 0.228 1249.173 0.02756
-0.01791 -0.04189 0.11601 0.12464 0.66877 0.945 0.214 1249.202 0.02758
-0.01792 -0.04193 0.11612 0.12475 0.66989 1.040 0.223 1249.232 0.02761
-0.01794 -0.04197 0.11622 0.12486 0.67102 0.944 0.216 1249.262 0.02763
-0.01796 -0.04201 0.11633 0.12498 0.67214 1.040 0.223 1249.292 0.02766
-0.01797 -0.04204 0.11643 0.12509 0.67327 0.969 0.218 1249.322 0.02768
-0.01799 -0.04208 0.11654 0.12520 0.67439 1.328 0.247 1249.352 0.02771
-0.01800 -0.04212 0.11664 0.12532 0.67552 1.158 0.235 1249.382 0.02773
-0.01802 -0.04216 0.11675 0.12543 0.67664 1.068 0.228 1249.412 0.02776
-0.01804 -0.04220 0.11685 0.12554 0.67777 1.163 0.232 1249.441 0.02778
-0.01805 -0.04224 0.11696 0.12566 0.67889 0.993 0.217 1249.471 0.02780
-0.01807 -0.04227 0.11706 0.12577 0.68002 1.160 0.230 1249.501 0.02783
-0.01809 -0.04231 0.11717 0.12588 0.68114 0.826 0.202 1249.531 0.02785
-0.01810 -0.04235 0.11728 0.12600 0.68227 0.744 0.200 1249.561 0.02788
-0.01812 -0.04239 0.11738 0.12611 0.68339 0.435 0.171 1249.591 0.02790
-0.01813 -0.04243 0.11749 0.12622 0.68452 0.437 0.171 1249.621 0.02793
-0.01815 -0.04246 0.11759 0.12634 0.68564 0.575 0.183 1249.651 0.02795
-0.01817 -0.04250 0.11770 0.12645 0.68677 0.604 0.186 1249.680 0.02798
-0.01818 -0.04254 0.11780 0.12656 0.68789 0.687 0.192 1249.710 0.02800
-0.01820 -0.04258 0.11791 0.12668 0.68902 0.688 0.192 1249.740 0.02803
-0.01822 -0.04262 0.11801 0.12679 0.69014 0.798 0.200 1249.770 0.02805
-0.01823 -0.04265 0.11812 0.12690 0.69127 0.799 0.202 1249.800 0.02808
-0.01825 -0.04269 0.11823 0.12702 0.69240 0.882 0.207 1249.830 0.02810
-0.01826 -0.04273 0.11833 0.12713 0.69352 1.107 0.226 1249.860 0.02812
-0.01828 -0.04277 0.11844 0.12724 0.69465 0.854 0.205 1249.890 0.02815
-0.01830 -0.04281 0.11854 0.12736 0.69577 0.939 0.214 1249.919 0.02817
-0.01831 -0.04285 0.11865 0.12747 0.69690 1.358 0.247 1249.949 0.02820
-0.01833 -0.04288 0.11875 0.12758 0.69802 1.165 0.235 1249.979 0.02822
-0.01835 -0.04292 0.11886 0.12770 0.69915 0.913 0.215 1250.009 0.02825
-0.01836 -0.04296 0.11896 0.12781 0.70027 1.080 0.224 1250.039 0.02827
-0.01838 -0.04300 0.11907 0.12792 0.70140 1.194 0.237 1250.069 0.02830
-0.01840 -0.04304 0.11918 0.12804 0.70253 0.969 0.219 1250.099 0.02832
-0.01841 -0.04307 0.11928 0.12815 0.70365 0.941 0.217 1250.129 0.02835
-0.01843 -0.04311 0.11939 0.12826 0.70478 0.997 0.219 1250.158 0.02837
-0.01844 -0.04315 0.11949 0.12838 0.70590 1.053 0.224 1250.188 0.02839
-0.01846 -0.04319 0.11960 0.12849 0.70703 0.859 0.212 1250.218 0.02842
-0.01848 -0.04323 0.11970 0.12860 0.70816 0.939 0.215 1250.248 0.02844
-0.01849 -0.04326 0.11981 0.12872 0.70928 0.971 0.221 1250.278 0.02847
-0.01851 -0.04330 0.11992 0.12883 0.71041 1.084 0.230 1250.308 0.02849
-0.01853 -0.04334 0.12002 0.12894 0.71153 0.718 0.200 1250.338 0.02852
-0.01854 -0.04338 0.12013 0.12906 0.71266 0.832 0.210 1250.368 0.02854
-0.01856 -0.04342 0.12023 0.12917 0.71379 1.056 0.228 1250.398 0.02857
-0.01857 -0.04346 0.12034 0.12928 0.71491 0.944 0.219 1250.427 0.02859
-0.01859 -0.04349 0.12044 0.12940 0.71604 0.609 0.189 1250.457 0.02862
-0.01861 -0.04353 0.12055 0.12951 0.71717 0.274 0.150 1250.487 0.02864
-0.01862 -0.04357 0.12065 0.12962 0.71829 0.301 0.153 1250.517 0.02866
-0.01864 -0.04361 0.12076 0.12974 0.71942 0.467 0.174 1250.547 0.02869
-0.01866 -0.04365 0.12087 0.12985 0.72055 0.467 0.174 1250.577 0.02871
-0.01867 -0.04368 0.12097 0.12997 0.72167 0.859 0.210 1250.607 0.02874
-0.01869 -0.04372 0.12108 0.13008 0.72280 0.803 0.207 1250.637 0.02876
-0.01870 -0.04376 0.12118 0.13019 0.72393 0.833 0.210 1250.666 0.02879
-0.01872 -0.04380 0.12129 0.13031 0.72505 1.057 0.226 1250.696 0.02881
-0.01874 -0.04384 0.12139 0.13042 0.72618 1.307 0.247 1250.726 0.02884
-0.01875 -0.04387 0.12150 0.13053 0.72731 0.860 0.212 1250.756 0.02886
-0.01877 -0.04391 0.12161 0.13065 0.72843 0.804 0.207 1250.786 0.02889
-0.01879 -0.04395 0.12171 0.13076 0.72956 0.973 0.219 1250.816 0.02891
-0.01880 -0.04399 0.12182 0.13087 0.73069 1.001 0.224 1250.846 0.02894
-0.01882 -0.04403 0.12192 0.13099 0.73181 1.057 0.228 1250.876 0.02896
-0.01884 -0.04407 0.12203 0.13110 0.73294 1.112 0.233 1250.905 0.02898
-0.01885 -0.04410 0.12213 0.13121 0.73407 0.830 0.209 1250.935 0.02901
-0.01887 -0.04414 0.12224 0.13133 0.73519 1.224 0.241 1250.965 0.02903
-0.01888 -0.04418 0.12235 0.13144 0.73632 0.917 0.217 1250.995 0.02906
-0.01890 -0.04422 0.12245 0.13155 0.73745 1.029 0.226 1251.025 0.02908
-0.01892 -0.04426 0.12256 0.13167 0.73858 1.082 0.228 1251.055 0.02911
-0.01893 -0.04429 0.12266 0.13178 0.73970 1.390 0.251 1251.085 0.02913
-0.01895 -0.04433 0.12277 0.13190 0.74083 1.082 0.228 1251.115 0.02916
-0.01897 -0.04437 0.12287 0.13201 0.74196 1.140 0.235 1251.144 0.02918
-0.01898 -0.04441 0.12298 0.13212 0.74308 1.192 0.235 1251.174 0.02921
-0.01900 -0.04445 0.12308 0.13224 0.74421 1.136 0.233 1251.204 0.02923
-0.01901 -0.04449 0.12319 0.13235 0.74534 0.940 0.214 1251.234 0.02925
-0.01903 -0.04452 0.12330 0.13246 0.74647 1.139 0.235 1251.264 0.02928
-0.01905 -0.04456 0.12340 0.13258 0.74759 0.885 0.215 1251.294 0.02930
-0.01906 -0.04460 0.12351 0.13269 0.74872 1.054 0.226 1251.324 0.02933
-0.01908 -0.04464 0.12361 0.13280 0.74985 0.941 0.215 1251.354 0.02935
-0.01910 -0.04468 0.12372 0.13292 0.75098 1.165 0.235 1251.384 0.02938
-0.01911 -0.04471 0.12383 0.13303 0.75210 1.024 0.222 1251.413 0.02940
-0.01913 -0.04475 0.12393 0.13315 0.75323 1.052 0.224 1251.443 0.02943
-0.01915 -0.04479 0.12404 0.13326 0.75436 0.969 0.219 1251.473 0.02945
-0.01916 -0.04483 0.12414 0.13337 0.75549 0.995 0.217 1251.503 0.02948
-0.01918 -0.04487 0.12425 0.13349 0.75661 0.602 0.183 1251.533 0.02950
-0.01919 -0.04491 0.12435 0.13360 0.75774 1.193 0.235 1251.563 0.02953
-0.01921 -0.04494 0.12446 0.13371 0.75887 0.855 0.205 1251.593 0.02955
-0.01923 -0.04498 0.12457 0.13383 0.76000 1.052 0.224 1251.623 0.02957
-0.01924 -0.04502 0.12467 0.13394 0.76113 1.106 0.226 1251.652 0.02960
-0.01926 -0.04506 0.12478 0.13405 0.76225 1.022 0.219 1251.682 0.02962
-0.01928 -0.04510 0.12488 0.13417 0.76338 1.158 0.230 1251.712 0.02965
-0.01929 -0.04513 0.12499 0.13428 0.76451 1.215 0.235 1251.742 0.02967
-0.01931 -0.04517 0.12509 0.13439 0.76564 0.994 0.217 1251.772 0.02970
-0.01933 -0.04521 0.12520 0.13451 0.76677 0.795 0.199 1251.802 0.02972
-0.01934 -0.04525 0.12531 0.13462 0.76789 1.103 0.226 1251.832 0.02975
-0.01936 -0.04529 0.12541 0.13474 0.76902 0.877 0.207 1251.862 0.02977
-0.01937 -0.04533 0.12552 0.13485 0.77015 1.016 0.219 1251.891 0.02980
-0.01939 -0.04536 0.12562 0.13496 0.77128 1.214 0.234 1251.921 0.02982
-0.01941 -0.04540 0.12573 0.13508 0.77241 0.656 0.186 1251.951 0.02984
-0.01942 -0.04544 0.12583 0.13519 0.77354 1.018 0.219 1251.981 0.02987
-0.01944 -0.04548 0.12594 0.13530 0.77466 1.048 0.221 1252.011 0.02989
-0.01946 -0.04552 0.12605 0.13542 0.77579 0.991 0.216 1252.041 0.02992
-0.01947 -0.04555 0.12615 0.13553 0.77692 0.905 0.209 1252.071 0.02994
-0.01949 -0.04559 0.12626 0.13565 0.77805 0.933 0.212 1252.101 0.02997
-0.01950 -0.04563 0.12636 0.13576 0.77918 0.849 0.204 1252.130 0.02999
-0.01952 -0.04567 0.12647 0.13587 0.78031 0.800 0.242 1252.160 0.03002
-0.01954 -0.04571 0.12658 0.13599 0.78144 0.904 0.209 1252.190 0.03004
-0.01955 -0.04575 0.12668 0.13610 0.78256 1.020 0.219 1252.220 0.03007
-0.01957 -0.04578 0.12679 0.13621 0.78369 1.380 0.247 1252.250 0.03009
-0.01959 -0.04582 0.12689 0.13633 0.78482 0.931 0.211 1252.280 0.03011
-0.01960 -0.04586 0.12700 0.13644 0.78595 1.233 0.240 1252.310 0.03014
-0.01962 -0.04590 0.12711 0.13656 0.78708 0.660 0.191 1252.340 0.03016
-0.01964 -0.04594 0.12721 0.13667 0.78821 0.987 0.217 1252.370 0.03019
-0.01965 -0.04598 0.12732 0.13678 0.78934 0.783 0.202 1252.399 0.03021
-0.01967 -0.04601 0.12742 0.13690 0.79047 0.830 0.206 1252.429 0.03024
-0.01968 -0.04605 0.12753 0.13701 0.79160 1.207 0.236 1252.459 0.03026
-0.01970 -0.04609 0.12763 0.13712 0.79272 1.106 0.230 1252.489 0.03029
-0.01972 -0.04613 0.12774 0.13724 0.79385 1.266 0.240 1252.519 0.03031
-0.01973 -0.04617 0.12785 0.13735 0.79498 1.338 0.244 1252.549 0.03034
-0.01975 -0.04620 0.12795 0.13747 0.79611 0.898 0.209 1252.579 0.03036
-0.01977 -0.04624 0.12806 0.13758 0.79724 1.173 0.234 1252.609 0.03039
-0.01978 -0.04628 0.12816 0.13769 0.79837 1.024 0.220 1252.638 0.03041
-0.01980 -0.04632 0.12827 0.13781 0.79950 0.990 0.221 1252.668 0.03043
-0.01982 -0.04636 0.12838 0.13792 0.80063 0.892 0.214 1252.698 0.03046
-0.01983 -0.04640 0.12848 0.13803 0.80176 0.812 0.206 1252.728 0.03048
-0.01985 -0.04643 0.12859 0.13815 0.80289 0.921 0.216 1252.758 0.03051
-0.01986 -0.04647 0.12869 0.13826 0.80402 1.316 0.244 1252.788 0.03053
-0.01988 -0.04651 0.12880 0.13838 0.80515 0.973 0.219 1252.818 0.03056
-0.01990 -0.04655 0.12891 0.13849 0.80628 0.995 0.223 1252.848 0.03058
-0.01991 -0.04659 0.12901 0.13860 0.80741 1.133 0.232 1252.877 0.03061
-0.01993 -0.04663 0.12912 0.13872 0.80853 0.883 0.214 1252.907 0.03063
-0.01995 -0.04666 0.12922 0.13883 0.80966 1.300 0.242 1252.937 0.03066
-0.01996 -0.04670 0.12933 0.13894 0.81079 1.104 0.229 1252.967 0.03068
-0.01998 -0.04674 0.12943 0.13906 0.81192 1.157 0.229 1252.997 0.03070
-0.02000 -0.04678 0.12954 0.13917 0.81305 1.214 0.233 1253.027 0.03073
-0.02001 -0.04682 0.12965 0.13929 0.81418 1.101 0.225 1253.057 0.03075
-0.02003 -0.04686 0.12975 0.13940 0.81531 0.770 0.204 1253.087 0.03078
-0.02004 -0.04689 0.12986 0.13951 0.81644 0.908 0.213 1253.116 0.03080
-0.02006 -0.04693 0.12996 0.13963 0.81757 1.523 0.259 1253.146 0.03083
-0.02008 -0.04697 0.13007 0.13974 0.81870 1.217 0.238 1253.176 0.03085
-0.02009 -0.04701 0.13018 0.13986 0.81983 0.886 0.213 1253.206 0.03088
-0.02011 -0.04705 0.13028 0.13997 0.82096 1.137 0.233 1253.236 0.03090
-0.02013 -0.04708 0.13039 0.14008 0.82209 0.859 0.211 1253.266 0.03093
-0.02014 -0.04712 0.13049 0.14020 0.82322 1.139 0.234 1253.296 0.03095
-0.02016 -0.04716 0.13060 0.14031 0.82435 0.858 0.211 1253.326 0.03098
-0.02017 -0.04720 0.13071 0.14042 0.82548 0.776 0.204 1253.356 0.03100
-0.02019 -0.04724 0.13081 0.14054 0.82661 1.054 0.227 1253.385 0.03102
-0.02021 -0.04728 0.13092 0.14065 0.82774 1.052 0.227 1253.415 0.03105
-0.02022 -0.04731 0.13102 0.14077 0.82887 0.801 0.206 1253.445 0.03107
-0.02024 -0.04735 0.13113 0.14088 0.83000 1.301 0.245 1253.475 0.03110
-0.02026 -0.04739 0.13124 0.14099 0.83113 0.688 0.195 1253.505 0.03112
-0.02027 -0.04743 0.13134 0.14111 0.83227 0.742 0.201 1253.535 0.03115
-0.02029 -0.04747 0.13145 0.14122 0.83340 0.939 0.218 1253.565 0.03117
-0.02031 -0.04751 0.13155 0.14134 0.83453 0.800 0.206 1253.595 0.03120
-0.02032 -0.04754 0.13166 0.14145 0.83566 0.825 0.208 1253.624 0.03122
-0.02034 -0.04758 0.13177 0.14156 0.83679 0.603 0.187 1253.654 0.03125
-0.02035 -0.04762 0.13187 0.14168 0.83792 0.242 0.144 1253.684 0.03127
-0.02037 -0.04766 0.13198 0.14179 0.83905 0.324 0.156 1253.714 0.03129
-0.02039 -0.04770 0.13208 0.14190 0.84018 0.326 0.156 1253.744 0.03132
-0.02040 -0.04774 0.13219 0.14202 0.84131 0.633 0.190 1253.774 0.03134
-0.02042 -0.04777 0.13230 0.14213 0.84244 0.662 0.193 1253.804 0.03137
-0.02044 -0.04781 0.13240 0.14225 0.84357 0.578 0.184 1253.834 0.03139
-0.02045 -0.04785 0.13251 0.14236 0.84470 0.966 0.219 1253.863 0.03142
-0.02047 -0.04789 0.13261 0.14247 0.84583 0.688 0.195 1253.893 0.03144
-0.02049 -0.04793 0.13272 0.14259 0.84696 0.882 0.213 1253.923 0.03147
-0.02050 -0.04797 0.13283 0.14270 0.84810 0.995 0.222 1253.953 0.03149
-0.02052 -0.04800 0.13293 0.14282 0.84923 0.773 0.203 1253.983 0.03152
-0.02054 -0.04804 0.13304 0.14293 0.85036 1.216 0.239 1254.013 0.03154
-0.02055 -0.04808 0.13315 0.14304 0.85149 1.133 0.232 1254.043 0.03157
-0.02057 -0.04812 0.13325 0.14316 0.85262 0.884 0.212 1254.073 0.03159
-0.02058 -0.04816 0.13336 0.14327 0.85375 1.023 0.224 1254.102 0.03161
-0.02060 -0.04820 0.13346 0.14339 0.85488 1.022 0.224 1254.132 0.03164
-0.02062 -0.04823 0.13357 0.14350 0.85601 0.745 0.200 1254.162 0.03166
-0.02063 -0.04827 0.13368 0.14361 0.85714 0.966 0.219 1254.192 0.03169
-0.02065 -0.04831 0.13378 0.14373 0.85828 1.213 0.238 1254.222 0.03171
-0.02067 -0.04835 0.13389 0.14384 0.85941 1.046 0.226 1254.252 0.03174
-0.02068 -0.04839 0.13399 0.14396 0.86054 1.020 0.223 1254.282 0.03176
-0.02070 -0.04842 0.13410 0.14407 0.86167 1.268 0.242 1254.312 0.03179
-0.02072 -0.04846 0.13421 0.14418 0.86280 1.099 0.230 1254.342 0.03181
-0.02073 -0.04850 0.13431 0.14430 0.86393 1.016 0.223 1254.371 0.03184
-0.02075 -0.04854 0.13442 0.14441 0.86506 0.932 0.217 1254.401 0.03186
-0.02076 -0.04858 0.13452 0.14453 0.86620 0.793 0.205 1254.431 0.03188
-0.02078 -0.04862 0.13463 0.14464 0.86733 1.097 0.230 1254.461 0.03191
-0.02080 -0.04865 0.13474 0.14475 0.86846 1.099 0.230 1254.491 0.03193
-0.02081 -0.04869 0.13484 0.14487 0.86959 1.155 0.234 1254.521 0.03196
-0.02083 -0.04873 0.13495 0.14498 0.87072 0.934 0.216 1254.551 0.03198
-0.02085 -0.04877 0.13506 0.14510 0.87185 0.911 0.214 1254.581 0.03201
-0.02086 -0.04881 0.13516 0.14521 0.87299 0.931 0.214 1254.610 0.03203
-0.02088 -0.04885 0.13527 0.14532 0.87412 0.860 0.207 1254.640 0.03206
-0.02090 -0.04888 0.13537 0.14544 0.87525 1.246 0.240 1254.670 0.03208
-0.02091 -0.04892 0.13548 0.14555 0.87638 0.955 0.216 1254.700 0.03211
-0.02093 -0.04896 0.13559 0.14567 0.87751 0.949 0.216 1254.730 0.03213
-0.02094 -0.04900 0.13569 0.14578 0.87865 0.818 0.204 1254.760 0.03215
-0.02096 -0.04904 0.13580 0.14589 0.87978 1.173 0.233 1254.790 0.03218
-0.02098 -0.04908 0.13590 0.14601 0.88091 0.967 0.216 1254.820 0.03220
-0.02099 -0.04911 0.13601 0.14612 0.88204 1.059 0.223 1254.849 0.03223
-0.02101 -0.04915 0.13612 0.14624 0.88317 1.090 0.225 1254.879 0.03225
-0.02103 -0.04919 0.13622 0.14635 0.88431 1.215 0.235 1254.909 0.03228
-0.02104 -0.04923 0.13633 0.14646 0.88544 1.089 0.224 1254.939 0.03230
-0.02106 -0.04927 0.13644 0.14658 0.88657 1.049 0.222 1254.969 0.03233
-0.02108 -0.04931 0.13654 0.14669 0.88770 0.885 0.209 1254.999 0.03235
-0.02109 -0.04934 0.13665 0.14681 0.88884 1.037 0.220 1255.029 0.03238
-0.02111 -0.04938 0.13675 0.14692 0.88997 1.114 0.226 1255.059 0.03240
-0.02112 -0.04942 0.13686 0.14704 0.89110 1.163 0.231 1255.088 0.03243
-0.02114 -0.04946 0.13697 0.14715 0.89223 1.142 0.231 1255.118 0.03245
-0.02116 -0.04950 0.13707 0.14726 0.89337 1.236 0.236 1255.148 0.03247
-0.02117 -0.04954 0.13718 0.14738 0.89450 0.758 0.198 1255.178 0.03250
-0.02119 -0.04957 0.13728 0.14749 0.89563 0.941 0.213 1255.208 0.03252
-0.02121 -0.04961 0.13739 0.14761 0.89676 1.225 0.234 1255.238 0.03255
-0.02122 -0.04965 0.13750 0.14772 0.89790 1.380 0.246 1255.268 0.03257
-0.02124 -0.04969 0.13760 0.14783 0.89903 0.959 0.213 1255.298 0.03260
-0.02126 -0.04973 0.13771 0.14795 0.90016 1.315 0.242 1255.328 0.03262
-0.02127 -0.04977 0.13782 0.14806 0.90129 0.990 0.219 1255.357 0.03265
-0.02129 -0.04981 0.13792 0.14818 0.90243 1.172 0.234 1255.387 0.03267
-0.02131 -0.04984 0.13803 0.14829 0.90356 0.924 0.212 1255.417 0.03270
-0.02132 -0.04988 0.13813 0.14840 0.90469 0.896 0.212 1255.447 0.03272
-0.02134 -0.04992 0.13824 0.14852 0.90583 1.306 0.242 1255.477 0.03274
-0.02135 -0.04996 0.13835 0.14863 0.90696 0.976 0.215 1255.507 0.03277
-0.02137 -0.05000 0.13845 0.14875 0.90809 1.169 0.232 1255.537 0.03279
-0.02139 -0.05004 0.13856 0.14886 0.90923 0.809 0.198 1255.567 0.03282
-0.02140 -0.05007 0.13867 0.14898 0.91036 0.999 0.214 1255.596 0.03284
-0.02142 -0.05011 0.13877 0.14909 0.91149 0.865 0.207 1255.626 0.03287
-0.02144 -0.05015 0.13888 0.14920 0.91263 1.137 0.226 1255.656 0.03289
-0.02145 -0.05019 0.13898 0.14932 0.91376 0.943 0.209 1255.686 0.03292
-0.02147 -0.05023 0.13909 0.14943 0.91489 0.997 0.214 1255.716 0.03294
-0.02149 -0.05027 0.13920 0.14955 0.91603 0.779 0.197 1255.746 0.03297
-0.02150 -0.05030 0.13930 0.14966 0.91716 0.888 0.204 1255.776 0.03299
-0.02152 -0.05034 0.13941 0.14977 0.91829 0.942 0.212 1255.806 0.03302
-0.02153 -0.05038 0.13952 0.14989 0.91943 0.860 0.205 1255.835 0.03304
-0.02155 -0.05042 0.13962 0.15000 0.92056 1.351 0.241 1255.865 0.03306
-0.02157 -0.05046 0.13973 0.15012 0.92169 1.082 0.225 1255.895 0.03309
-0.02158 -0.05050 0.13984 0.15023 0.92283 0.970 0.214 1255.925 0.03311
-0.02160 -0.05053 0.13994 0.15035 0.92396 1.079 0.222 1255.955 0.03314
-0.02162 -0.05057 0.14005 0.15046 0.92509 0.969 0.211 1255.985 0.03316
-0.02163 -0.05061 0.14015 0.15057 0.92623 1.077 0.220 1256.015 0.03319
-0.02165 -0.05065 0.14026 0.15069 0.92736 0.888 0.209 1256.045 0.03321
-0.02167 -0.05069 0.14037 0.15080 0.92849 0.941 0.211 1256.074 0.03324
-0.02168 -0.05073 0.14047 0.15092 0.92963 0.891 0.206 1256.104 0.03326
-0.02170 -0.05076 0.14058 0.15103 0.93076 1.307 0.240 1256.134 0.03329
-0.02172 -0.05080 0.14069 0.15115 0.93190 1.052 0.219 1256.164 0.03331
-0.02173 -0.05084 0.14079 0.15126 0.93303 0.755 0.194 1256.194 0.03333
-0.02175 -0.05088 0.14090 0.15137 0.93416 1.028 0.217 1256.224 0.03336
-0.02176 -0.05092 0.14100 0.15149 0.93530 0.979 0.215 1256.254 0.03338
-0.02178 -0.05096 0.14111 0.15160 0.93643 1.140 0.228 1256.284 0.03341
-0.02180 -0.05100 0.14122 0.15172 0.93757 1.223 0.234 1256.314 0.03343
-0.02181 -0.05103 0.14132 0.15183 0.93870 1.262 0.237 1256.343 0.03346
-0.02183 -0.05107 0.14143 0.15195 0.93983 1.143 0.226 1256.373 0.03348
-0.02185 -0.05111 0.14154 0.15206 0.94097 1.097 0.225 1256.403 0.03351
-0.02186 -0.05115 0.14164 0.15217 0.94210 0.666 0.188 1256.433 0.03353
-0.02188 -0.05119 0.14175 0.15229 0.94324 1.009 0.217 1256.463 0.03356
-0.02190 -0.05123 0.14186 0.15240 0.94437 1.250 0.237 1256.493 0.03358
-0.02191 -0.05126 0.14196 0.15252 0.94551 1.103 0.227 1256.523 0.03361
-0.02193 -0.05130 0.14207 0.15263 0.94664 0.859 0.207 1256.553 0.03363
-0.02195 -0.05134 0.14217 0.15275 0.94777 0.936 0.212 1256.582 0.03365
-0.02196 -0.05138 0.14228 0.15286 0.94891 1.021 0.221 1256.612 0.03368
-0.02198 -0.05142 0.14239 0.15297 0.95004 0.831 0.205 1256.642 0.03370
-0.02199 -0.05146 0.14249 0.15309 0.95118 1.073 0.224 1256.672 0.03373
-0.02201 -0.05149 0.14260 0.15320 0.95231 1.210 0.234 1256.702 0.03375
-0.02203 -0.05153 0.14271 0.15332 0.95345 1.186 0.232 1256.732 0.03378
-0.02204 -0.05157 0.14281 0.15343 0.95458 0.939 0.214 1256.762 0.03380
-0.02206 -0.05161 0.14292 0.15355 0.95572 0.969 0.216 1256.792 0.03383
-0.02208 -0.05165 0.14303 0.15366 0.95685 0.698 0.192 1256.821 0.03385
-0.02209 -0.05169 0.14313 0.15377 0.95799 0.968 0.215 1256.851 0.03388
-0.02211 -0.05172 0.14324 0.15389 0.95912 1.047 0.222 1256.881 0.03390
-0.02213 -0.05176 0.14335 0.15400 0.96026 0.694 0.192 1256.911 0.03392
-0.02214 -0.05180 0.14345 0.15412 0.96139 0.777 0.199 1256.941 0.03395
-0.02216 -0.05184 0.14356 0.15423 0.96253 0.910 0.210 1256.971 0.03397
-0.02218 -0.05188 0.14366 0.15435 0.96366 0.880 0.208 1257.001 0.03400
-0.02219 -0.05192 0.14377 0.15446 0.96480 1.209 0.233 1257.031 0.03402
-0.02221 -0.05196 0.14388 0.15457 0.96593 0.881 0.208 1257.060 0.03405
-0.02222 -0.05199 0.14398 0.15469 0.96707 0.961 0.215 1257.090 0.03407
-0.02224 -0.05203 0.14409 0.15480 0.96820 0.853 0.206 1257.120 0.03410
-0.02226 -0.05207 0.14420 0.15492 0.96934 1.098 0.225 1257.150 0.03412
-0.02227 -0.05211 0.14430 0.15503 0.97047 1.283 0.239 1257.180 0.03415
-0.02229 -0.05215 0.14441 0.15515 0.97161 1.175 0.231 1257.210 0.03417
-0.02231 -0.05219 0.14452 0.15526 0.97274 0.639 0.186 1257.240 0.03419
-0.02232 -0.05222 0.14462 0.15537 0.97388 0.798 0.201 1257.270 0.03422
-0.02234 -0.05226 0.14473 0.15549 0.97501 0.912 0.210 1257.300 0.03424
-0.02236 -0.05230 0.14484 0.15560 0.97615 0.733 0.194 1257.329 0.03427
-0.02237 -0.05234 0.14494 0.15572 0.97728 1.115 0.224 1257.359 0.03429
-0.02239 -0.05238 0.14505 0.15583 0.97842 0.951 0.212 1257.389 0.03432
-0.02241 -0.05242 0.14515 0.15595 0.97955 0.850 0.202 1257.419 0.03434
-0.02242 -0.05246 0.14526 0.15606 0.98069 1.229 0.232 1257.449 0.03437
-0.02244 -0.05249 0.14537 0.15618 0.98183 0.988 0.213 1257.479 0.03439
-0.02245 -0.05253 0.14547 0.15629 0.98296 0.714 0.190 1257.509 0.03442
-0.02247 -0.05257 0.14558 0.15640 0.98410 0.765 0.193 1257.539 0.03444
-0.02249 -0.05261 0.14569 0.15652 0.98523 1.131 0.226 1257.568 0.03447
-0.02250 -0.05265 0.14579 0.15663 0.98637 0.674 0.187 1257.598 0.03449
-0.02252 -0.05269 0.14590 0.15675 0.98750 0.989 0.213 1257.628 0.03451
-0.02254 -0.05272 0.14601 0.15686 0.98864 0.824 0.200 1257.658 0.03454
-0.02255 -0.05276 0.14611 0.15698 0.98978 1.170 0.227 1257.688 0.03456
-0.02257 -0.05280 0.14622 0.15709 0.99091 1.202 0.229 1257.718 0.03459
-0.02259 -0.05284 0.14633 0.15721 0.99205 1.030 0.217 1257.748 0.03461
-0.02260 -0.05288 0.14643 0.15732 0.99318 0.842 0.201 1257.778 0.03464
-0.02262 -0.05292 0.14654 0.15743 0.99432 1.000 0.214 1257.807 0.03466
-0.02264 -0.05296 0.14665 0.15755 0.99546 1.027 0.218 1257.837 0.03469
-0.02265 -0.05299 0.14675 0.15766 0.99659 0.892 0.206 1257.867 0.03471
-0.02267 -0.05303 0.14686 0.15778 0.99773 0.894 0.208 1257.897 0.03474
-0.02268 -0.05307 0.14697 0.15789 0.99886 1.210 0.230 1257.927 0.03476
-0.02270 -0.05311 0.14707 0.15801 1.00000 0.943 0.209 1257.957 0.03478
