x y z dist_scaled dist_frac flux_norm wavelength redshift
0.18567 0.01872 0.46665 0.50258 0.00000 1.657 1236.115 0.01682
0.18594 0.01875 0.46735 0.50333 0.00188 1.067 1236.145 0.01684
0.18622 0.01878 0.46804 0.50407 0.00375 1.200 1236.175 0.01687
0.18649 0.01880 0.46873 0.50481 0.00563 1.017 1236.205 0.01689
0.18677 0.01883 0.46942 0.50556 0.00751 1.233 1236.235 0.01692
0.18704 0.01886 0.47011 0.50630 0.00938 0.626 1236.265 0.01694
0.18732 0.01889 0.47080 0.50705 0.01126 1.181 1236.295 0.01697
0.18759 0.01891 0.47149 0.50779 0.01313 1.164 1236.325 0.01699
0.18787 0.01894 0.47218 0.50853 0.01501 1.562 1236.355 0.01701
0.18814 0.01897 0.47287 0.50928 0.01689 1.299 1236.384 0.01704
0.18841 0.01900 0.47356 0.51002 0.01876 1.769 1236.414 0.01706
0.18869 0.01903 0.47425 0.51077 0.02064 1.279 1236.444 0.01709
0.18896 0.01905 0.47494 0.51151 0.02252 0.949 1236.474 0.01711
0.18924 0.01908 0.47563 0.51225 0.02440 1.028 1236.504 0.01714
0.18951 0.01911 0.47632 0.51300 0.02627 1.099 1236.534 0.01716
0.18979 0.01914 0.47702 0.51374 0.02815 1.012 1236.564 0.01719
0.19006 0.01916 0.47771 0.51449 0.03003 1.085 1236.594 0.01721
0.19034 0.01919 0.47840 0.51523 0.03190 1.554 1236.623 0.01724
0.19061 0.01922 0.47909 0.51597 0.03378 0.768 1236.653 0.01726
0.19089 0.01925 0.47978 0.51672 0.03566 1.236 1236.683 0.01729
0.19116 0.01927 0.48047 0.51746 0.03754 0.685 1236.713 0.01731
0.19144 0.01930 0.48116 0.51821 0.03941 1.294 1236.743 0.01733
0.19171 0.01933 0.48185 0.51895 0.04129 0.987 1236.773 0.01736
0.19199 0.01936 0.48254 0.51970 0.04317 1.059 1236.803 0.01738
0.19226 0.01939 0.48324 0.52044 0.04505 0.749 1236.833 0.01741
0.19254 0.01941 0.48393 0.52118 0.04692 1.126 1236.862 0.01743
0.19281 0.01944 0.48462 0.52193 0.04880 0.978 1236.892 0.01746
0.19309 0.01947 0.48531 0.52267 0.05068 0.816 1236.922 0.01748
0.19336 0.01950 0.48600 0.52342 0.05256 0.586 1236.952 0.01751
0.19364 0.01952 0.48669 0.52416 0.05444 0.960 1236.982 0.01753
0.19391 0.01955 0.48738 0.52491 0.05631 0.285 1237.012 0.01756
0.19419 0.01958 0.48807 0.52565 0.05819 0.659 1237.042 0.01758
0.19446 0.01961 0.48877 0.52640 0.06007 0.284 1237.072 0.01760
0.19474 0.01964 0.48946 0.52714 0.06195 0.355 1237.101 0.01763
0.19501 0.01966 0.49015 0.52788 0.06383 0.654 1237.131 0.01765
0.19529 0.01969 0.49084 0.52863 0.06571 0.134 1237.161 0.01768
0.19556 0.01972 0.49153 0.52937 0.06758 0.277 1237.191 0.01770
0.19584 0.01975 0.49222 0.53012 0.06946 0.281 1237.221 0.01773
0.19611 0.01977 0.49291 0.53086 0.07134 0.285 1237.251 0.01775
0.19639 0.01980 0.49361 0.53161 0.07322 0.136 1237.281 0.01778
0.19666 0.01983 0.49430 0.53235 0.07510 0.502 1237.311 0.01780
0.19694 0.01986 0.49499 0.53310 0.07698 0.648 1237.341 0.01783
0.19722 0.01988 0.49568 0.53384 0.07886 0.140 1237.370 0.01785
0.19749 0.01991 0.49637 0.53459 0.08074 -0.080 1237.400 0.01788
0.19777 0.01994 0.49706 0.53533 0.08261 -0.082 1237.430 0.01790
0.19804 0.01997 0.49775 0.53608 0.08449 0.059 1237.460 0.01792
0.19832 0.02000 0.49845 0.53682 0.08637 -0.013 1237.490 0.01795
0.19859 0.02002 0.49914 0.53757 0.08825 0.272 1237.520 0.01797
0.19887 0.02005 0.49983 0.53831 0.09013 -0.013 1237.550 0.01800
0.19914 0.02008 0.50052 0.53906 0.09201 0.201 1237.580 0.01802
0.19942 0.02011 0.50121 0.53980 0.09389 0.339 1237.609 0.01805
0.19969 0.02013 0.50191 0.54055 0.09577 0.339 1237.639 0.01807
0.19997 0.02016 0.50260 0.54129 0.09765 0.623 1237.669 0.01810
0.20024 0.02019 0.50329 0.54204 0.09953 0.481 1237.699 0.01812
0.20052 0.02022 0.50398 0.54278 0.10141 0.128 1237.729 0.01815
0.20079 0.02025 0.50467 0.54353 0.10329 0.408 1237.759 0.01817
0.20107 0.02027 0.50536 0.54427 0.10517 0.546 1237.789 0.01819
0.20134 0.02030 0.50606 0.54502 0.10705 0.407 1237.819 0.01822
0.20162 0.02033 0.50675 0.54576 0.10893 0.543 1237.848 0.01824
0.20189 0.02036 0.50744 0.54651 0.11081 0.470 1237.878 0.01827
0.20217 0.02038 0.50813 0.54725 0.11269 0.541 1237.908 0.01829
0.20245 0.02041 0.50882 0.54800 0.11457 0.474 1237.938 0.01832
0.20272 0.02044 0.50952 0.54874 0.11645 0.680 1237.968 0.01834
0.20300 0.02047 0.51021 0.54949 0.11833 0.681 1237.998 0.01837
0.20327 0.02050 0.51090 0.55024 0.12021 0.961 1238.028 0.01839
0.20355 0.02052 0.51159 0.55098 0.12209 0.335 1238.058 0.01842
0.20382 0.02055 0.51229 0.55173 0.12397 0.683 1238.087 0.01844
0.20410 0.02058 0.51298 0.55247 0.12585 1.164 1238.117 0.01847
0.20437 0.02061 0.51367 0.55322 0.12773 0.129 1238.147 0.01849
0.20465 0.02063 0.51436 0.55396 0.12961 0.614 1238.177 0.01851
0.20492 0.02066 0.51505 0.55471 0.13149 1.163 1238.207 0.01854
0.20520 0.02069 0.51575 0.55545 0.13338 0.749 1238.237 0.01856
0.20547 0.02072 0.51644 0.55620 0.13526 0.607 1238.267 0.01859
0.20575 0.02075 0.51713 0.55695 0.13714 0.333 1238.297 0.01861
0.20603 0.02077 0.51782 0.55769 0.13902 0.881 1238.327 0.01864
0.20630 0.02080 0.51852 0.55844 0.14090 1.564 1238.356 0.01866
0.20658 0.02083 0.51921 0.55918 0.14278 0.606 1238.386 0.01869
0.20685 0.02086 0.51990 0.55993 0.14466 1.086 1238.416 0.01871
0.20713 0.02088 0.52059 0.56067 0.14654 0.742 1238.446 0.01874
0.20740 0.02091 0.52129 0.56142 0.14843 0.605 1238.476 0.01876
0.20768 0.02094 0.52198 0.56217 0.15031 1.016 1238.506 0.01878
0.20795 0.02097 0.52267 0.56291 0.15219 1.351 1238.536 0.01881
0.20823 0.02100 0.52336 0.56366 0.15407 0.948 1238.566 0.01883
0.20851 0.02102 0.52406 0.56440 0.15595 1.085 1238.595 0.01886
0.20878 0.02105 0.52475 0.56515 0.15783 1.220 1238.625 0.01888
0.20906 0.02108 0.52544 0.56590 0.15972 1.624 1238.655 0.01891
0.20933 0.02111 0.52613 0.56664 0.16160 1.081 1238.685 0.01893
0.20961 0.02113 0.52683 0.56739 0.16348 1.285 1238.715 0.01896
0.20988 0.02116 0.52752 0.56813 0.16536 0.742 1238.745 0.01898
0.21016 0.02119 0.52821 0.56888 0.16724 0.740 1238.775 0.01901
0.21043 0.02122 0.52891 0.56963 0.16913 1.076 1238.805 0.01903
0.21071 0.02125 0.52960 0.57037 0.17101 0.675 1238.834 0.01905
0.21099 0.02127 0.53029 0.57112 0.17289 1.347 1238.864 0.01908
0.21126 0.02130 0.53098 0.57186 0.17477 1.478 1238.894 0.01910
0.21154 0.02133 0.53168 0.57261 0.17665 1.136 1238.924 0.01913
0.21181 0.02136 0.53237 0.57336 0.17854 0.663 1238.954 0.01915
0.21209 0.02138 0.53306 0.57410 0.18042 1.189 1238.984 0.01918
0.21236 0.02141 0.53376 0.57485 0.18230 0.772 1239.014 0.01920
0.21264 0.02144 0.53445 0.57560 0.18419 1.083 1239.044 0.01923
0.21292 0.02147 0.53514 0.57634 0.18607 0.585 1239.073 0.01925
0.21319 0.02150 0.53583 0.57709 0.18795 0.811 1239.103 0.01928
0.21347 0.02152 0.53653 0.57784 0.18983 0.991 1239.133 0.01930
0.21374 0.02155 0.53722 0.57858 0.19172 1.312 1239.163 0.01933
0.21402 0.02158 0.53791 0.57933 0.19360 0.672 1239.193 0.01935
0.21429 0.02161 0.53861 0.58007 0.19548 1.625 1239.223 0.01937
0.21457 0.02163 0.53930 0.58082 0.19737 1.404 1239.253 0.01940
0.21485 0.02166 0.53999 0.58157 0.19925 1.103 1239.283 0.01942
0.21512 0.02169 0.54069 0.58231 0.20113 1.138 1239.313 0.01945
0.21540 0.02172 0.54138 0.58306 0.20302 1.561 1239.342 0.01947
0.21567 0.02175 0.54207 0.58381 0.20490 1.536 1239.372 0.01950
0.21595 0.02177 0.54277 0.58455 0.20678 1.403 1239.402 0.01952
0.21623 0.02180 0.54346 0.58530 0.20867 0.724 1239.432 0.01955
0.21650 0.02183 0.54415 0.58605 0.21055 1.668 1239.462 0.01957
0.21678 0.02186 0.54485 0.58679 0.21243 1.196 1239.492 0.01960
0.21705 0.02188 0.54554 0.58754 0.21432 0.590 1239.522 0.01962
0.21733 0.02191 0.54623 0.58829 0.21620 1.327 1239.552 0.01964
0.21760 0.02194 0.54693 0.58904 0.21809 1.054 1239.581 0.01967
0.21788 0.02197 0.54762 0.58978 0.21997 1.461 1239.611 0.01969
0.21816 0.02200 0.54831 0.59053 0.22185 1.798 1239.641 0.01972
0.21843 0.02202 0.54901 0.59128 0.22374 1.266 1239.671 0.01974
0.21871 0.02205 0.54970 0.59202 0.22562 0.861 1239.701 0.01977
0.21898 0.02208 0.55039 0.59277 0.22751 1.132 1239.731 0.01979
0.21926 0.02211 0.55109 0.59352 0.22939 0.997 1239.761 0.01982
0.21954 0.02214 0.55178 0.59426 0.23128 1.003 1239.791 0.01984
0.21981 0.02216 0.55248 0.59501 0.23316 1.069 1239.820 0.01987
0.22009 0.02219 0.55317 0.59576 0.23504 0.795 1239.850 0.01989
0.22036 0.02222 0.55386 0.59650 0.23693 0.936 1239.880 0.01992
0.22064 0.02225 0.55456 0.59725 0.23881 1.410 1239.910 0.01994
0.22092 0.02227 0.55525 0.59800 0.24070 0.939 1239.940 0.01996
0.22119 0.02230 0.55594 0.59875 0.24258 1.343 1239.970 0.01999
0.22147 0.02233 0.55664 0.59949 0.24447 1.073 1240.000 0.02001
0.22174 0.02236 0.55733 0.60024 0.24635 1.414 1240.030 0.02004
0.22202 0.02239 0.55803 0.60099 0.24824 1.142 1240.059 0.02006
0.22230 0.02241 0.55872 0.60174 0.25012 1.148 1240.089 0.02009
0.22257 0.02244 0.55941 0.60248 0.25201 1.085 1240.119 0.02011
0.22285 0.02247 0.56011 0.60323 0.25389 1.222 1240.149 0.02014
0.22312 0.02250 0.56080 0.60398 0.25578 1.016 1240.179 0.02016
0.22340 0.02252 0.56149 0.60472 0.25766 0.879 1240.209 0.02019
0.22368 0.02255 0.56219 0.60547 0.25955 0.811 1240.239 0.02021
0.22395 0.02258 0.56288 0.60622 0.26144 0.675 1240.269 0.02023
0.22423 0.02261 0.56358 0.60697 0.26332 1.292 1240.299 0.02026
0.22451 0.02264 0.56427 0.60771 0.26521 1.423 1240.328 0.02028
0.22478 0.02266 0.56497 0.60846 0.26709 1.769 1240.358 0.02031
0.22506 0.02269 0.56566 0.60921 0.26898 0.809 1240.388 0.02033
0.22533 0.02272 0.56635 0.60996 0.27086 0.879 1240.418 0.02036
0.22561 0.02275 0.56705 0.61070 0.27275 1.084 1240.448 0.02038
0.22589 0.02278 0.56774 0.61145 0.27464 1.151 1240.478 0.02041
0.22616 0.02280 0.56844 0.61220 0.27652 1.710 1240.508 0.02043
0.22644 0.02283 0.56913 0.61295 0.27841 0.678 1240.538 0.02046
0.22671 0.02286 0.56982 0.61370 0.28029 1.236 1240.567 0.02048
0.22699 0.02289 0.57052 0.61444 0.28218 0.825 1240.597 0.02050
0.22727 0.02291 0.57121 0.61519 0.28407 0.687 1240.627 0.02053
0.22754 0.02294 0.57191 0.61594 0.28595 1.800 1240.657 0.02055
0.22782 0.02297 0.57260 0.61669 0.28784 1.033 1240.687 0.02058
0.22810 0.02300 0.57330 0.61743 0.28973 1.243 1240.717 0.02060
0.22837 0.02303 0.57399 0.61818 0.29161 1.030 1240.747 0.02063
0.22865 0.02305 0.57468 0.61893 0.29350 1.094 1240.777 0.02065
0.22892 0.02308 0.57538 0.61968 0.29539 1.168 1240.806 0.02068
0.22920 0.02311 0.57607 0.62043 0.29727 0.888 1240.836 0.02070
0.22948 0.02314 0.57677 0.62117 0.29916 0.542 1240.866 0.02073
0.22975 0.02317 0.57746 0.62192 0.30105 0.613 1240.896 0.02075
0.23003 0.02319 0.57816 0.62267 0.30293 0.968 1240.926 0.02078
0.23031 0.02322 0.57885 0.62342 0.30482 0.545 1240.956 0.02080
0.23058 0.02325 0.57955 0.62417 0.30671 0.197 1240.986 0.02082
0.23086 0.02328 0.58024 0.62491 0.30859 0.072 1241.016 0.02085
0.23114 0.02330 0.58094 0.62566 0.31048 -0.019 1241.045 0.02087
0.23141 0.02333 0.58163 0.62641 0.31237 -0.004 1241.075 0.02090
0.23169 0.02336 0.58233 0.62716 0.31426 0.074 1241.105 0.02092
0.23196 0.02339 0.58302 0.62791 0.31614 0.125 1241.135 0.02095
0.23224 0.02342 0.58371 0.62866 0.31803 0.683 1241.165 0.02097
0.23252 0.02344 0.58441 0.62940 0.31992 1.022 1241.195 0.02100
0.23279 0.02347 0.58510 0.63015 0.32181 0.718 1241.225 0.02102
0.23307 0.02350 0.58580 0.63090 0.32369 0.790 1241.255 0.02105
0.23335 0.02353 0.58649 0.63165 0.32558 1.123 1241.285 0.02107
0.23362 0.02356 0.58719 0.63240 0.32747 1.251 1241.314 0.02109
0.23390 0.02358 0.58788 0.63315 0.32936 1.245 1241.344 0.02112
0.23418 0.02361 0.58858 0.63389 0.33125 0.953 1241.374 0.02114
0.23445 0.02364 0.58927 0.63464 0.33313 1.262 1241.404 0.02117
0.23473 0.02367 0.58997 0.63539 0.33502 1.004 1241.434 0.02119
0.23501 0.02370 0.59066 0.63614 0.33691 0.921 1241.464 0.02122
0.23528 0.02372 0.59136 0.63689 0.33880 1.432 1241.494 0.02124
0.23556 0.02375 0.59205 0.63764 0.34069 1.069 1241.524 0.02127
0.23584 0.02378 0.59275 0.63838 0.34258 0.925 1241.553 0.02129
0.23611 0.02381 0.59344 0.63913 0.34446 0.924 1241.583 0.02132
0.23639 0.02383 0.59414 0.63988 0.34635 0.851 1241.613 0.02134
0.23667 0.02386 0.59483 0.64063 0.34824 1.218 1241.643 0.02137
0.23694 0.02389 0.59553 0.64138 0.35013 1.072 1241.673 0.02139
0.23722 0.02392 0.59622 0.64213 0.35202 0.930 1241.703 0.02141
0.23750 0.02395 0.59692 0.64288 0.35391 0.932 1241.733 0.02144
0.23777 0.02397 0.59761 0.64363 0.35580 1.230 1241.763 0.02146
0.23805 0.02400 0.59831 0.64437 0.35769 1.008 1241.792 0.02149
0.23833 0.02403 0.59901 0.64512 0.35957 1.230 1241.822 0.02151
0.23860 0.02406 0.59970 0.64587 0.36146 0.862 1241.852 0.02154
0.23888 0.02409 0.60040 0.64662 0.36335 1.160 1241.882 0.02156
0.23916 0.02411 0.60109 0.64737 0.36524 1.311 1241.912 0.02159
0.23943 0.02414 0.60179 0.64812 0.36713 1.386 1241.942 0.02161
0.23971 0.02417 0.60248 0.64887 0.36902 1.231 1241.972 0.02164
0.23999 0.02420 0.60318 0.64962 0.37091 1.011 1242.002 0.02166
0.24026 0.02422 0.60387 0.65037 0.37280 0.639 1242.031 0.02168
0.24054 0.02425 0.60457 0.65111 0.37469 1.389 1242.061 0.02171
0.24082 0.02428 0.60526 0.65186 0.37658 1.168 1242.091 0.02173
0.24109 0.02431 0.60596 0.65261 0.37847 0.869 1242.121 0.02176
0.24137 0.02434 0.60666 0.65336 0.38036 1.246 1242.151 0.02178
0.24165 0.02436 0.60735 0.65411 0.38225 0.948 1242.181 0.02181
0.24192 0.02439 0.60805 0.65486 0.38414 1.257 1242.211 0.02183
0.24220 0.02442 0.60874 0.65561 0.38603 0.655 1242.241 0.02186
0.24248 0.02445 0.60944 0.65636 0.38792 0.665 1242.271 0.02188
0.24275 0.02448 0.61013 0.65711 0.38981 0.895 1242.300 0.02191
0.24303 0.02450 0.61083 0.65786 0.39170 0.744 1242.330 0.02193
0.24331 0.02453 0.61153 0.65861 0.39359 0.901 1242.360 0.02196
0.24358 0.02456 0.61222 0.65936 0.39548 1.058 1242.390 0.02198
0.24386 0.02459 0.61292 0.66011 0.39737 0.985 1242.420 0.02200
0.24414 0.02462 0.61361 0.66085 0.39926 0.987 1242.450 0.02203
0.24441 0.02464 0.61431 0.66160 0.40115 0.910 1242.480 0.02205
0.24469 0.02467 0.61500 0.66235 0.40304 0.757 1242.510 0.02208
0.24497 0.02470 0.61570 0.66310 0.40493 1.072 1242.539 0.02210
0.24524 0.02473 0.61640 0.66385 0.40682 0.612 1242.569 0.02213
0.24552 0.02476 0.61709 0.66460 0.40871 1.080 1242.599 0.02215
0.24580 0.02478 0.61779 0.66535 0.41060 0.776 1242.629 0.02218
0.24607 0.02481 0.61848 0.66610 0.41249 0.623 1242.659 0.02220
0.24635 0.02484 0.61918 0.66685 0.41438 0.855 1242.689 0.02223
0.24663 0.02487 0.61988 0.66760 0.41628 1.173 1242.719 0.02225
0.24691 0.02489 0.62057 0.66835 0.41817 1.569 1242.749 0.02227
0.24718 0.02492 0.62127 0.66910 0.42006 1.021 1242.778 0.02230
0.24746 0.02495 0.62196 0.66985 0.42195 1.341 1242.808 0.02232
0.24774 0.02498 0.62266 0.67060 0.42384 0.713 1242.838 0.02235
0.24801 0.02501 0.62336 0.67135 0.42573 1.508 1242.868 0.02237
0.24829 0.02503 0.62405 0.67210 0.42762 0.881 1242.898 0.02240
0.24857 0.02506 0.62475 0.67285 0.42951 0.480 1242.928 0.02242
0.24884 0.02509 0.62545 0.67360 0.43141 0.881 1242.958 0.02245
0.24912 0.02512 0.62614 0.67435 0.43330 0.646 1242.988 0.02247
0.24940 0.02515 0.62684 0.67510 0.43519 0.487 1243.017 0.02250
0.24968 0.02517 0.62753 0.67585 0.43708 0.728 1243.047 0.02252
0.24995 0.02520 0.62823 0.67660 0.43897 0.406 1243.077 0.02254
0.25023 0.02523 0.62893 0.67735 0.44087 0.401 1243.107 0.02257
0.25051 0.02526 0.62962 0.67810 0.44276 0.239 1243.137 0.02259
0.25078 0.02529 0.63032 0.67885 0.44465 0.484 1243.167 0.02262
0.25106 0.02531 0.63102 0.67960 0.44654 0.399 1243.197 0.02264
0.25134 0.02534 0.63171 0.68035 0.44843 0.486 1243.227 0.02267
0.25162 0.02537 0.63241 0.68110 0.45033 -0.002 1243.257 0.02269
0.25189 0.02540 0.63311 0.68185 0.45222 0.486 1243.286 0.02272
0.25217 0.02543 0.63380 0.68260 0.45411 0.484 1243.316 0.02274
0.25245 0.02545 0.63450 0.68335 0.45600 -0.011 1243.346 0.02277
0.25272 0.02548 0.63520 0.68410 0.45790 0.480 1243.376 0.02279
0.25300 0.02551 0.63589 0.68485 0.45979 0.401 1243.406 0.02282
0.25328 0.02554 0.63659 0.68560 0.46168 0.320 1243.436 0.02284
0.25356 0.02557 0.63729 0.68635 0.46357 -0.090 1243.466 0.02286
0.25383 0.02559 0.63798 0.68710 0.46547 0.324 1243.496 0.02289
0.25411 0.02562 0.63868 0.68785 0.46736 0.577 1243.525 0.02291
0.25439 0.02565 0.63938 0.68860 0.46925 0.243 1243.555 0.02294
0.25466 0.02568 0.64007 0.68935 0.47114 -0.009 1243.585 0.02296
0.25494 0.02571 0.64077 0.69010 0.47304 0.321 1243.615 0.02299
0.25522 0.02573 0.64147 0.69085 0.47493 0.238 1243.645 0.02301
0.25550 0.02576 0.64216 0.69160 0.47682 0.490 1243.675 0.02304
0.25577 0.02579 0.64286 0.69235 0.47872 0.406 1243.705 0.02306
0.25605 0.02582 0.64356 0.69310 0.48061 0.236 1243.735 0.02309
0.25633 0.02584 0.64425 0.69385 0.48250 0.238 1243.764 0.02311
0.25661 0.02587 0.64495 0.69461 0.48440 0.494 1243.794 0.02313
0.25688 0.02590 0.64565 0.69536 0.48629 0.325 1243.824 0.02316
0.25716 0.02593 0.64634 0.69611 0.48818 0.241 1243.854 0.02318
0.25744 0.02596 0.64704 0.69686 0.49008 0.492 1243.884 0.02321
0.25771 0.02598 0.64774 0.69761 0.49197 0.578 1243.914 0.02323
0.25799 0.02601 0.64844 0.69836 0.49387 0.835 1243.944 0.02326
0.25827 0.02604 0.64913 0.69911 0.49576 0.154 1243.974 0.02328
0.25855 0.02607 0.64983 0.69986 0.49765 0.408 1244.003 0.02331
0.25882 0.02610 0.65053 0.70061 0.49955 0.667 1244.033 0.02333
0.25910 0.02612 0.65122 0.70136 0.50144 0.302 1244.063 0.02336
0.25938 0.02615 0.65192 0.70211 0.50334 0.536 1244.093 0.02338
0.25966 0.02618 0.65262 0.70286 0.50523 0.827 1244.123 0.02341
0.25993 0.02621 0.65332 0.70361 0.50712 0.523 1244.153 0.02343
0.26021 0.02624 0.65401 0.70437 0.50902 1.303 1244.183 0.02345
0.26049 0.02626 0.65471 0.70512 0.51091 1.066 1244.213 0.02348
0.26077 0.02629 0.65541 0.70587 0.51281 0.627 1244.243 0.02350
0.26104 0.02632 0.65610 0.70662 0.51470 0.722 1244.272 0.02353
0.26132 0.02635 0.65680 0.70737 0.51660 0.652 1244.302 0.02355
0.26160 0.02638 0.65750 0.70812 0.51849 0.943 1244.332 0.02358
0.26188 0.02640 0.65820 0.70887 0.52039 1.498 1244.362 0.02360
0.26215 0.02643 0.65889 0.70962 0.52228 1.093 1244.392 0.02363
0.26243 0.02646 0.65959 0.71037 0.52418 1.295 1244.422 0.02365
0.26271 0.02649 0.66029 0.71112 0.52607 1.470 1244.452 0.02368
0.26299 0.02652 0.66099 0.71188 0.52797 0.900 1244.482 0.02370
0.26326 0.02654 0.66168 0.71263 0.52986 1.560 1244.511 0.02372
0.26354 0.02657 0.66238 0.71338 0.53176 1.051 1244.541 0.02375
0.26382 0.02660 0.66308 0.71413 0.53365 1.622 1244.571 0.02377
0.26410 0.02663 0.66378 0.71488 0.53555 1.063 1244.601 0.02380
0.26437 0.02666 0.66447 0.71563 0.53744 1.441 1244.631 0.02382
0.26465 0.02668 0.66517 0.71638 0.53934 0.546 1244.661 0.02385
0.26493 0.02671 0.66587 0.71714 0.54123 1.309 1244.691 0.02387
0.26521 0.02674 0.66657 0.71789 0.54313 1.564 1244.721 0.02390
0.26548 0.02677 0.66727 0.71864 0.54502 1.094 1244.750 0.02392
0.26576 0.02680 0.66796 0.71939 0.54692 1.687 1244.780 0.02395
0.26604 0.02682 0.66866 0.72014 0.54882 1.149 1244.810 0.02397
0.26632 0.02685 0.66936 0.72089 0.55071 1.697 1244.840 0.02400
0.26659 0.02688 0.67006 0.72164 0.55261 0.708 1244.870 0.02402
0.26687 0.02691 0.67075 0.72240 0.55450 0.889 1244.900 0.02404
0.26715 0.02694 0.67145 0.72315 0.55640 0.979 1244.930 0.02407
0.26743 0.02696 0.67215 0.72390 0.55829 1.974 1244.960 0.02409
0.26770 0.02699 0.67285 0.72465 0.56019 0.344 1244.989 0.02412
0.26798 0.02702 0.67355 0.72540 0.56209 1.531 1245.019 0.02414
0.26826 0.02705 0.67424 0.72615 0.56398 1.075 1245.049 0.02417
0.26854 0.02708 0.67494 0.72691 0.56588 1.811 1245.079 0.02419
0.26882 0.02710 0.67564 0.72766 0.56778 1.909 1245.109 0.02422
0.26909 0.02713 0.67634 0.72841 0.56967 1.270 1245.139 0.02424
0.26937 0.02716 0.67704 0.72916 0.57157 1.181 1245.169 0.02427
0.26965 0.02719 0.67773 0.72991 0.57347 1.549 1245.199 0.02429
0.26993 0.02722 0.67843 0.73066 0.57536 1.922 1245.229 0.02431
0.27020 0.02724 0.67913 0.73142 0.57726 1.188 1245.258 0.02434
0.27048 0.02727 0.67983 0.73217 0.57916 1.187 1245.288 0.02436
0.27076 0.02730 0.68053 0.73292 0.58105 1.653 1245.318 0.02439
0.27104 0.02733 0.68122 0.73367 0.58295 0.914 1245.348 0.02441
0.27132 0.02736 0.68192 0.73442 0.58485 0.914 1245.378 0.02444
0.27159 0.02738 0.68262 0.73518 0.58674 1.379 1245.408 0.02446
0.27187 0.02741 0.68332 0.73593 0.58864 1.197 1245.438 0.02449
0.27215 0.02744 0.68402 0.73668 0.59054 1.481 1245.468 0.02451
0.27243 0.02747 0.68472 0.73743 0.59244 1.487 1245.497 0.02454
0.27270 0.02750 0.68541 0.73819 0.59433 2.971 1245.527 0.02456
0.27298 0.02752 0.68611 0.73894 0.59623 0.920 1245.557 0.02458
0.27326 0.02755 0.68681 0.73969 0.59813 0.543 1245.587 0.02461
0.27354 0.02758 0.68751 0.74044 0.60003 1.569 1245.617 0.02463
0.27382 0.02761 0.68821 0.74119 0.60192 0.823 1245.647 0.02466
0.27409 0.02764 0.68891 0.74195 0.60382 0.546 1245.677 0.02468
0.27437 0.02766 0.68961 0.74270 0.60572 0.829 1245.707 0.02471
0.27465 0.02769 0.69030 0.74345 0.60762 0.826 1245.736 0.02473
0.27493 0.02772 0.69100 0.74420 0.60951 1.474 1245.766 0.02476
0.27521 0.02775 0.69170 0.74496 0.61141 0.725 1245.796 0.02478
0.27548 0.02778 0.69240 0.74571 0.61331 0.628 1245.826 0.02481
0.27576 0.02780 0.69310 0.74646 0.61521 0.348 1245.856 0.02483
0.27604 0.02783 0.69380 0.74721 0.61711 0.160 1245.886 0.02486
0.27632 0.02786 0.69450 0.74797 0.61900 0.348 1245.916 0.02488
0.27660 0.02789 0.69519 0.74872 0.62090 0.068 1245.946 0.02490
0.27687 0.02792 0.69589 0.74947 0.62280 0.161 1245.975 0.02493
0.27715 0.02794 0.69659 0.75022 0.62470 0.726 1246.005 0.02495
0.27743 0.02797 0.69729 0.75098 0.62660 0.635 1246.035 0.02498
0.27771 0.02800 0.69799 0.75173 0.62850 0.354 1246.065 0.02500
0.27799 0.02803 0.69869 0.75248 0.63040 1.101 1246.095 0.02503
0.27826 0.02806 0.69939 0.75323 0.63229 0.725 1246.125 0.02505
0.27854 0.02808 0.70009 0.75399 0.63419 1.006 1246.155 0.02508
0.27882 0.02811 0.70079 0.75474 0.63609 0.534 1246.185 0.02510
0.27910 0.02814 0.70148 0.75549 0.63799 1.568 1246.215 0.02513
0.27938 0.02817 0.70218 0.75624 0.63989 0.816 1246.244 0.02515
0.27965 0.02820 0.70288 0.75700 0.64179 0.632 1246.274 0.02517
0.27993 0.02822 0.70358 0.75775 0.64369 0.912 1246.304 0.02520
0.28021 0.02825 0.70428 0.75850 0.64559 0.723 1246.334 0.02522
0.28049 0.02828 0.70498 0.75926 0.64749 0.437 1246.364 0.02525
0.28077 0.02831 0.70568 0.76001 0.64939 0.808 1246.394 0.02527
0.28105 0.02834 0.70638 0.76076 0.65129 1.370 1246.424 0.02530
0.28132 0.02837 0.70708 0.76151 0.65318 1.082 1246.454 0.02532
0.28160 0.02839 0.70778 0.76227 0.65508 0.703 1246.483 0.02535
0.28188 0.02842 0.70848 0.76302 0.65698 0.513 1246.513 0.02537
0.28216 0.02845 0.70917 0.76377 0.65888 0.794 1246.543 0.02540
0.28244 0.02848 0.70987 0.76453 0.66078 0.232 1246.573 0.02542
0.28271 0.02851 0.71057 0.76528 0.66268 0.045 1246.603 0.02545
0.28299 0.02853 0.71127 0.76603 0.66458 0.140 1246.633 0.02547
0.28327 0.02856 0.71197 0.76679 0.66648 0.700 1246.663 0.02549
0.28355 0.02859 0.71267 0.76754 0.66838 0.229 1246.693 0.02552
0.28383 0.02862 0.71337 0.76829 0.67028 0.419 1246.722 0.02554
0.28411 0.02865 0.71407 0.76905 0.67218 0.702 1246.752 0.02557
0.28438 0.02867 0.71477 0.76980 0.67408 0.330 1246.782 0.02559
0.28466 0.02870 0.71547 0.77055 0.67598 0.332 1246.812 0.02562
0.28494 0.02873 0.71617 0.77131 0.67788 0.427 1246.842 0.02564
0.28522 0.02876 0.71687 0.77206 0.67978 0.520 1246.872 0.02567
0.28550 0.02879 0.71757 0.77281 0.68168 0.518 1246.902 0.02569
0.28578 0.02881 0.71827 0.77357 0.68358 0.055 1246.932 0.02572
0.28605 0.02884 0.71897 0.77432 0.68549 0.612 1246.961 0.02574
0.28633 0.02887 0.71967 0.77507 0.68739 0.239 1246.991 0.02576
0.28661 0.02890 0.72037 0.77583 0.68929 -0.042 1247.021 0.02579
0.28689 0.02893 0.72106 0.77658 0.69119 0.236 1247.051 0.02581
0.28717 0.02895 0.72176 0.77733 0.69309 -0.039 1247.081 0.02584
0.28745 0.02898 0.72246 0.77809 0.69499 -0.039 1247.111 0.02586
0.28772 0.02901 0.72316 0.77884 0.69689 0.151 1247.141 0.02589
0.28800 0.02904 0.72386 0.77959 0.69879 0.526 1247.171 0.02591
0.28828 0.02907 0.72456 0.78035 0.70069 0.436 1247.201 0.02594
0.28856 0.02909 0.72526 0.78110 0.70259 0.249 1247.230 0.02596
0.28884 0.02912 0.72596 0.78186 0.70449 -0.026 1247.260 0.02599
0.28912 0.02915 0.72666 0.78261 0.70640 0.429 1247.290 0.02601
0.28939 0.02918 0.72736 0.78336 0.70830 -0.007 1247.320 0.02604
0.28967 0.02921 0.72806 0.78412 0.71020 0.158 1247.350 0.02606
0.28995 0.02924 0.72876 0.78487 0.71210 0.368 1247.380 0.02608
0.29023 0.02926 0.72946 0.78562 0.71400 0.250 1247.410 0.02611
0.29051 0.02929 0.73016 0.78638 0.71590 0.161 1247.440 0.02613
0.29079 0.02932 0.73086 0.78713 0.71781 0.278 1247.469 0.02616
0.29107 0.02935 0.73156 0.78789 0.71971 0.531 1247.499 0.02618
0.29134 0.02938 0.73226 0.78864 0.72161 0.621 1247.529 0.02621
0.29162 0.02940 0.73296 0.78939 0.72351 0.591 1247.559 0.02623
0.29190 0.02943 0.73366 0.79015 0.72541 0.779 1247.589 0.02626
0.29218 0.02946 0.73436 0.79090 0.72732 0.750 1247.619 0.02628
0.29246 0.02949 0.73506 0.79166 0.72922 0.750 1247.649 0.02631
0.29274 0.02952 0.73576 0.79241 0.73112 0.851 1247.679 0.02633
0.29302 0.02954 0.73646 0.79316 0.73302 0.560 1247.708 0.02635
0.29329 0.02957 0.73716 0.79392 0.73492 0.808 1247.738 0.02638
0.29357 0.02960 0.73786 0.79467 0.73683 0.879 1247.768 0.02640
0.29385 0.02963 0.73856 0.79543 0.73873 1.046 1247.798 0.02643
0.29413 0.02966 0.73926 0.79618 0.74063 1.309 1247.828 0.02645
0.29441 0.02968 0.73996 0.79693 0.74253 0.343 1247.858 0.02648
0.29469 0.02971 0.74066 0.79769 0.74444 1.216 1247.888 0.02650
0.29497 0.02974 0.74136 0.79844 0.74634 0.950 1247.918 0.02653
0.29524 0.02977 0.74207 0.79920 0.74824 0.601 1247.947 0.02655
0.29552 0.02980 0.74277 0.79995 0.75015 1.118 1247.977 0.02658
0.29580 0.02982 0.74347 0.80071 0.75205 1.460 1248.007 0.02660
0.29608 0.02985 0.74417 0.80146 0.75395 0.682 1248.037 0.02662
0.29636 0.02988 0.74487 0.80221 0.75585 1.025 1248.067 0.02665
0.29664 0.02991 0.74557 0.80297 0.75776 0.769 1248.097 0.02667
0.29692 0.02994 0.74627 0.80372 0.75966 1.196 1248.127 0.02670
0.29719 0.02997 0.74697 0.80448 0.76156 0.590 1248.157 0.02672
0.29747 0.02999 0.74767 0.80523 0.76347 1.265 1248.187 0.02675
0.29775 0.03002 0.74837 0.80599 0.76537 1.604 1248.216 0.02677
0.29803 0.03005 0.74907 0.80674 0.76727 1.170 1248.246 0.02680
0.29831 0.03008 0.74977 0.80750 0.76918 0.999 1248.276 0.02682
0.29859 0.03011 0.75047 0.80825 0.77108 1.997 1248.306 0.02685
0.29887 0.03013 0.75117 0.80901 0.77298 1.739 1248.336 0.02687
0.29915 0.03016 0.75187 0.80976 0.77489 1.231 1248.366 0.02690
0.29943 0.03019 0.75257 0.81051 0.77679 1.225 1248.396 0.02692
0.29970 0.03022 0.75327 0.81127 0.77870 1.716 1248.426 0.02694
0.29998 0.03025 0.75398 0.81202 0.78060 1.542 1248.455 0.02697
0.30026 0.03027 0.75468 0.81278 0.78250 0.962 1248.485 0.02699
0.30054 0.03030 0.75538 0.81353 0.78441 1.363 1248.515 0.02702
0.30082 0.03033 0.75608 0.81429 0.78631 2.166 1248.545 0.02704
0.30110 0.03036 0.75678 0.81504 0.78822 1.356 1248.575 0.02707
0.30138 0.03039 0.75748 0.81580 0.79012 1.354 1248.605 0.02709
0.30166 0.03042 0.75818 0.81655 0.79203 1.031 1248.635 0.02712
0.30193 0.03044 0.75888 0.81731 0.79393 1.589 1248.665 0.02714
0.30221 0.03047 0.75958 0.81806 0.79583 1.421 1248.694 0.02717
0.30249 0.03050 0.76028 0.81882 0.79774 1.494 1248.724 0.02719
0.30277 0.03053 0.76098 0.81957 0.79964 1.171 1248.754 0.02721
0.30305 0.03056 0.76169 0.82033 0.80155 1.010 1248.784 0.02724
0.30333 0.03058 0.76239 0.82108 0.80345 1.634 1248.814 0.02726
0.30361 0.03061 0.76309 0.82184 0.80536 1.161 1248.844 0.02729
0.30389 0.03064 0.76379 0.82259 0.80726 1.156 1248.874 0.02731
0.30417 0.03067 0.76449 0.82335 0.80917 1.853 1248.904 0.02734
0.30445 0.03070 0.76519 0.82410 0.81107 1.308 1248.933 0.02736
0.30472 0.03072 0.76589 0.82486 0.81298 1.992 1248.963 0.02739
0.30500 0.03075 0.76659 0.82561 0.81488 2.059 1248.993 0.02741
0.30528 0.03078 0.76730 0.82637 0.81679 1.056 1249.023 0.02744
0.30556 0.03081 0.76800 0.82712 0.81869 1.650 1249.053 0.02746
0.30584 0.03084 0.76870 0.82788 0.82060 1.414 1249.083 0.02749
0.30612 0.03087 0.76940 0.82864 0.82250 1.035 1249.113 0.02751
0.30640 0.03089 0.77010 0.82939 0.82441 1.254 1249.143 0.02753
0.30668 0.03092 0.77080 0.83015 0.82631 1.397 1249.173 0.02756
0.30696 0.03095 0.77150 0.83090 0.82822 1.021 1249.202 0.02758
0.30724 0.03098 0.77220 0.83166 0.83013 1.237 1249.232 0.02761
0.30751 0.03101 0.77291 0.83241 0.83203 1.883 1249.262 0.02763
0.30779 0.03103 0.77361 0.83317 0.83394 1.723 1249.292 0.02766
0.30807 0.03106 0.77431 0.83392 0.83584 1.143 1249.322 0.02768
0.30835 0.03109 0.77501 0.83468 0.83775 1.803 1249.352 0.02771
0.30863 0.03112 0.77571 0.83543 0.83966 0.944 1249.382 0.02773
0.30891 0.03115 0.77641 0.83619 0.84156 1.521 1249.412 0.02776
0.30919 0.03117 0.77712 0.83695 0.84347 0.842 1249.441 0.02778
0.30947 0.03120 0.77782 0.83770 0.84537 1.556 1249.471 0.02780
0.30975 0.03123 0.77852 0.83846 0.84728 2.110 1249.501 0.02783
0.31003 0.03126 0.77922 0.83921 0.84919 0.744 1249.531 0.02785
0.31031 0.03129 0.77992 0.83997 0.85109 0.777 1249.561 0.02788
0.31059 0.03132 0.78062 0.84072 0.85300 0.887 1249.591 0.02790
0.31086 0.03134 0.78133 0.84148 0.85491 1.173 1249.621 0.02793
0.31114 0.03137 0.78203 0.84224 0.85681 1.018 1249.651 0.02795
0.31142 0.03140 0.78273 0.84299 0.85872 1.556 1249.680 0.02798
0.31170 0.03143 0.78343 0.84375 0.86063 0.704 1249.710 0.02800
0.31198 0.03146 0.78413 0.84450 0.86253 1.610 1249.740 0.02803
0.31226 0.03148 0.78483 0.84526 0.86444 0.976 1249.770 0.02805
0.31254 0.03151 0.78554 0.84602 0.86635 1.221 1249.800 0.02808
0.31282 0.03154 0.78624 0.84677 0.86825 0.719 1249.830 0.02810
0.31310 0.03157 0.78694 0.84753 0.87016 1.169 1249.860 0.02812
0.31338 0.03160 0.78764 0.84828 0.87207 1.032 1249.890 0.02815
0.31366 0.03163 0.78834 0.84904 0.87398 1.024 1249.919 0.02817
0.31394 0.03165 0.78905 0.84980 0.87588 1.795 1249.949 0.02820
0.31422 0.03168 0.78975 0.85055 0.87779 1.079 1249.979 0.02822
0.31450 0.03171 0.79045 0.85131 0.87970 0.949 1250.009 0.02825
0.31477 0.03174 0.79115 0.85206 0.88160 1.008 1250.039 0.02827
0.31505 0.03177 0.79186 0.85282 0.88351 1.190 1250.069 0.02830
0.31533 0.03179 0.79256 0.85358 0.88542 0.801 1250.099 0.02832
0.31561 0.03182 0.79326 0.85433 0.88733 0.792 1250.129 0.02835
0.31589 0.03185 0.79396 0.85509 0.88924 0.911 1250.158 0.02837
0.31617 0.03188 0.79466 0.85585 0.89114 0.658 1250.188 0.02839
0.31645 0.03191 0.79537 0.85660 0.89305 0.901 1250.218 0.02842
0.31673 0.03194 0.79607 0.85736 0.89496 1.322 1250.248 0.02844
0.31701 0.03196 0.79677 0.85811 0.89687 1.376 1250.278 0.02847
0.31729 0.03199 0.79747 0.85887 0.89878 0.888 1250.308 0.02849
0.31757 0.03202 0.79818 0.85963 0.90068 0.998 1250.338 0.02852
0.31785 0.03205 0.79888 0.86038 0.90259 0.874 1250.368 0.02854
0.31813 0.03208 0.79958 0.86114 0.90450 0.811 1250.398 0.02857
0.31841 0.03210 0.80028 0.86190 0.90641 0.571 1250.427 0.02859
0.31869 0.03213 0.80098 0.86265 0.90832 0.509 1250.457 0.02862
0.31897 0.03216 0.80169 0.86341 0.91023 0.739 1250.487 0.02864
0.31925 0.03219 0.80239 0.86417 0.91213 0.269 1250.517 0.02866
0.31952 0.03222 0.80309 0.86492 0.91404 0.667 1250.547 0.02869
0.31980 0.03225 0.80380 0.86568 0.91595 0.947 1250.577 0.02871
0.32008 0.03227 0.80450 0.86644 0.91786 0.431 1250.607 0.02874
0.32036 0.03230 0.80520 0.86719 0.91977 0.772 1250.637 0.02876
0.32064 0.03233 0.80590 0.86795 0.92168 1.102 1250.666 0.02879
0.32092 0.03236 0.80661 0.86871 0.92359 1.149 1250.696 0.02881
0.32120 0.03239 0.80731 0.86946 0.92550 0.921 1250.726 0.02884
0.32148 0.03241 0.80801 0.87022 0.92740 1.301 1250.756 0.02886
0.32176 0.03244 0.80871 0.87098 0.92931 0.749 1250.786 0.02889
0.32204 0.03247 0.80942 0.87173 0.93122 1.123 1250.816 0.02891
0.32232 0.03250 0.81012 0.87249 0.93313 1.437 1250.846 0.02894
0.32260 0.03253 0.81082 0.87325 0.93504 1.218 1250.876 0.02896
0.32288 0.03256 0.81152 0.87400 0.93695 0.733 1250.905 0.02898
0.32316 0.03258 0.81223 0.87476 0.93886 0.833 1250.935 0.02901
0.32344 0.03261 0.81293 0.87552 0.94077 1.179 1250.965 0.02903
0.32372 0.03264 0.81363 0.87628 0.94268 1.027 1250.995 0.02906
0.32400 0.03267 0.81434 0.87703 0.94459 1.177 1251.025 0.02908
0.32428 0.03270 0.81504 0.87779 0.94650 1.118 1251.055 0.02911
0.32456 0.03272 0.81574 0.87855 0.94841 1.270 1251.085 0.02913
0.32484 0.03275 0.81645 0.87930 0.95032 0.702 1251.115 0.02916
0.32512 0.03278 0.81715 0.88006 0.95223 1.000 1251.144 0.02918
0.32540 0.03281 0.81785 0.88082 0.95414 0.524 1251.174 0.02921
0.32568 0.03284 0.81855 0.88157 0.95605 0.834 1251.204 0.02923
0.32596 0.03287 0.81926 0.88233 0.95796 0.929 1251.234 0.02925
0.32624 0.03289 0.81996 0.88309 0.95987 1.120 1251.264 0.02928
0.32652 0.03292 0.82066 0.88385 0.96178 1.157 1251.294 0.02930
0.32680 0.03295 0.82137 0.88460 0.96369 1.055 1251.324 0.02933
0.32708 0.03298 0.82207 0.88536 0.96560 0.518 1251.354 0.02935
0.32736 0.03301 0.82277 0.88612 0.96751 0.515 1251.384 0.02938
0.32763 0.03303 0.82348 0.88688 0.96942 0.606 1251.413 0.02940
0.32791 0.03306 0.82418 0.88763 0.97133 1.172 1251.443 0.02943
0.32819 0.03309 0.82488 0.88839 0.97324 0.835 1251.473 0.02945
0.32847 0.03312 0.82559 0.88915 0.97515 0.503 1251.503 0.02948
0.32875 0.03315 0.82629 0.88991 0.97706 0.410 1251.533 0.02950
0.32903 0.03318 0.82699 0.89066 0.97898 0.912 1251.563 0.02953
0.32931 0.03320 0.82770 0.89142 0.98089 0.497 1251.593 0.02955
0.32959 0.03323 0.82840 0.89218 0.98280 0.353 1251.623 0.02957
0.32987 0.03326 0.82910 0.89294 0.98471 0.935 1251.652 0.02960
0.33015 0.03329 0.82981 0.89369 0.98662 0.662 1251.682 0.02962
0.33043 0.03332 0.83051 0.89445 0.98853 0.655 1251.712 0.02965
0.33071 0.03334 0.83121 0.89521 0.99044 0.340 1251.742 0.02967
0.33099 0.03337 0.83192 0.89597 0.99235 0.647 1251.772 0.02970
0.33127 0.03340 0.83262 0.89672 0.99427 0.337 1251.802 0.02972
0.33155 0.03343 0.83332 0.89748 0.99618 0.552 1251.832 0.02975
0.33183 0.03346 0.83403 0.89824 0.99809 0.461 1251.862 0.02977
0.33211 0.03349 0.83473 0.89900 1.00000 0.544 1251.891 0.02980
